y_pred;y_true;id;photo_path;error
292;260;102;MANDRILLS BKB_102_20140704_id102_feminf_(1)_ORIGINAL.jpg;32
295;260;102;MANDRILLS BKB_102_20140704_id102_feminf_(2)_ORIGINAL.jpg;35
277;260;102;MANDRILLS BKB_102_20140704_id102_feminf_(3)_ORIGINAL.jpg;17
364;313;102;MANDRILLS BKB_102_20140826_id102_feminf_(1)_ORIGINAL.jpg;51
404;313;102;MANDRILLS BKB_102_20140826_id102_feminf_(2)_ORIGINAL.jpg;91
367;313;102;MANDRILLS BKB_102_20140826_id102_feminf_(3)_ORIGINAL.jpg;54
408;313;102;MANDRILLS BKB_102_20140826_id102_feminf_(4)_ORIGINAL.jpg;95
425;313;102;MANDRILLS BKB_102_20140826_id102_feminf_(5)_ORIGINAL.jpg;112
349;313;102;MANDRILLS BKB_102_20140826_id102_feminf_(6)_ORIGINAL.jpg;36
1502;1001;102;MANDRILLS BKB_102_20160714_id102_femjuv_ORIGINAL.jpg;501
1327;1124;102;MANDRILLS BKB_102_20161114_id102_femjuv_ORIGINAL.jpg;203
1923;1622;102;MANDRILLS BKB_102_20180327_id102_femadu_(1)_ORIGINAL.jpg;301
1991;1622;102;MANDRILLS BKB_102_20180327_id102_femadu_(2)_ORIGINAL.jpg;369
2050;1622;102;MANDRILLS BKB_102_20180327_id102_femadu_(3)_ORIGINAL.jpg;428
1937;1635;102;MANDRILLS BKB_102_20180409_id102_femadu_(1)_ORIGINAL.jpg;302
1980;1635;102;MANDRILLS BKB_102_20180409_id102_femadu_(2)_ORIGINAL.jpg;345
1966;1635;102;MANDRILLS BKB_102_20180409_id102_femadu_(3)_ORIGINAL.jpg;331
1745;1698;102;MANDRILLS BKB_102_20180611_id102_femadu_(1)_ORIGINAL.jpg;47
1822;1698;102;MANDRILLS BKB_102_20180611_id102_femadu_(2)_ORIGINAL.jpg;124
2215;1698;102;MANDRILLS BKB_102_20180611_id102_femadu_(3)_ORIGINAL.jpg;517
2002;1698;102;MANDRILLS BKB_102_20180611_id102_femadu_(4)_ORIGINAL.jpg;304
1842;1698;102;MANDRILLS BKB_102_20180611_id102_femadu_(5)_ORIGINAL.jpg;144
1887;1698;102;MANDRILLS BKB_102_20180611_id102_femadu_(6)_ORIGINAL.jpg;189
2030;1707;102;MANDRILLS BKB_102_20180620_id102_femadu_(1)_ORIGINAL.jpg;323
2058;1707;102;MANDRILLS BKB_102_20180620_id102_femadu_(2)_ORIGINAL.jpg;351
2115;1707;102;MANDRILLS BKB_102_20180620_id102_femadu_(3)_ORIGINAL.jpg;408
2150;1707;102;MANDRILLS BKB_102_20180620_id102_femadu_(4)_ORIGINAL.jpg;443
2045;1707;102;MANDRILLS BKB_102_20180620_id102_femadu_(5)_ORIGINAL.jpg;338
2039;1707;102;MANDRILLS BKB_102_20180620_id102_femadu_(6)_ORIGINAL.jpg;332
1988;1707;102;MANDRILLS BKB_102_20180620_id102_femadu_(7)_ORIGINAL.jpg;281
2041;1707;102;MANDRILLS BKB_102_20180620_id102_femadu_(8)_ORIGINAL.jpg;334
2152;1724;102;MANDRILLS BKB_102_20180707_id102_femadu_(1)_ORIGINAL.jpg;428
2263;1724;102;MANDRILLS BKB_102_20180707_id102_femadu_(10)_ORIGINAL.jpg;539
2194;1724;102;MANDRILLS BKB_102_20180707_id102_femadu_(11)_ORIGINAL.jpg;470
2276;1724;102;MANDRILLS BKB_102_20180707_id102_femadu_(12)_ORIGINAL.jpg;552
2072;1724;102;MANDRILLS BKB_102_20180707_id102_femadu_(13)_ORIGINAL.jpg;348
2082;1724;102;MANDRILLS BKB_102_20180707_id102_femadu_(14)_ORIGINAL.jpg;358
2175;1724;102;MANDRILLS BKB_102_20180707_id102_femadu_(15)_ORIGINAL.jpg;451
2221;1724;102;MANDRILLS BKB_102_20180707_id102_femadu_(16)_ORIGINAL.jpg;497
2313;1724;102;MANDRILLS BKB_102_20180707_id102_femadu_(7)_ORIGINAL.jpg;589
2071;1724;102;MANDRILLS BKB_102_20180707_id102_femadu_(8)_ORIGINAL.jpg;347
2028;1724;102;MANDRILLS BKB_102_20180707_id102_femadu_(9)_ORIGINAL.jpg;304
2085;1733;102;MANDRILLS BKB_102_20180716_id102_femadu_(1)_ORIGINAL.jpg;352
2107;1733;102;MANDRILLS BKB_102_20180716_id102_femadu_(2)_ORIGINAL.jpg;374
2026;1733;102;MANDRILLS BKB_102_20180716_id102_femadu_(3)_ORIGINAL.jpg;293
2111;1733;102;MANDRILLS BKB_102_20180716_id102_femadu_(4)_ORIGINAL.jpg;378
2046;1733;102;MANDRILLS BKB_102_20180716_id102_femadu_(5)_ORIGINAL.jpg;313
2009;1733;102;MANDRILLS BKB_102_20180716_id102_femadu_(6)_ORIGINAL.jpg;276
2075;1733;102;MANDRILLS BKB_102_20180716_id102_femadu_(7)_ORIGINAL.jpg;342
2278;1736;102;MANDRILLS BKB_102_20180719_id102_femadu_(1)_ORIGINAL.jpg;542
2146;1736;102;MANDRILLS BKB_102_20180719_id102_femadu_(2)_ORIGINAL.jpg;410
2210;1736;102;MANDRILLS BKB_102_20180719_id102_femadu_(3)_ORIGINAL.jpg;474
2216;1736;102;MANDRILLS BKB_102_20180719_id102_femadu_(4)_ORIGINAL.jpg;480
2214;1736;102;MANDRILLS BKB_102_20180719_id102_femadu_(5)_ORIGINAL.jpg;478
2173;1866;102;MANDRILLS BKB_102_20181126_id102_femadu_(1)_ORIGINAL.jpg;307
2118;1866;102;MANDRILLS BKB_102_20181126_id102_femadu_(10)_ORIGINAL.jpg;252
2088;1866;102;MANDRILLS BKB_102_20181126_id102_femadu_(11)_ORIGINAL.jpg;222
2189;1866;102;MANDRILLS BKB_102_20181126_id102_femadu_(2)_ORIGINAL.jpg;323
2144;1866;102;MANDRILLS BKB_102_20181126_id102_femadu_(3)_ORIGINAL.jpg;278
1966;1866;102;MANDRILLS BKB_102_20181126_id102_femadu_(4)_ORIGINAL.jpg;100
1905;1866;102;MANDRILLS BKB_102_20181126_id102_femadu_(5)_ORIGINAL.jpg;39
2086;1866;102;MANDRILLS BKB_102_20181126_id102_femadu_(9)_ORIGINAL.jpg;220
2277;1913;102;MANDRILLS BKB_102_20190112_id102_femadu_DROITE_(1)_ORIGINAL.jpg;364
2246;1913;102;MANDRILLS BKB_102_20190112_id102_femadu_DROITE_(2)_ORIGINAL.jpg;333
2159;1913;102;MANDRILLS BKB_102_20190112_id102_femadu_DROITE_(3)_ORIGINAL.jpg;246
2228;1913;102;MANDRILLS BKB_102_20190112_id102_femadu_DROITE_(4)_ORIGINAL.jpg;315
2389;1913;102;MANDRILLS BKB_102_20190112_id102_femadu_DROITE_(5)_ORIGINAL.jpg;476
2315;1921;102;MANDRILLS BKB_102_20190120_id102_femadu_GAUCHE_(1)_ORIGINAL.jpg;394
2343;1921;102;MANDRILLS BKB_102_20190120_id102_GAUCHE_(10)_ORIGINAL.jpg;422
2221;1921;102;MANDRILLS BKB_102_20190120_id102_GAUCHE_(11)_ORIGINAL.jpg;300
2301;1921;102;MANDRILLS BKB_102_20190120_id102_GAUCHE_(2)_ORIGINAL.jpg;380
2220;1921;102;MANDRILLS BKB_102_20190120_id102_GAUCHE_(3)_ORIGINAL.jpg;299
2279;1921;102;MANDRILLS BKB_102_20190120_id102_GAUCHE_(4)_ORIGINAL.jpg;358
2304;1921;102;MANDRILLS BKB_102_20190120_id102_GAUCHE_(5)_ORIGINAL.jpg;383
2211;1921;102;MANDRILLS BKB_102_20190120_id102_GAUCHE_(6)_ORIGINAL.jpg;290
2301;1921;102;MANDRILLS BKB_102_20190120_id102_GAUCHE_(7)_ORIGINAL.jpg;380
2437;1921;102;MANDRILLS BKB_102_20190120_id102_GAUCHE_(8)_ORIGINAL.jpg;516
2395;1921;102;MANDRILLS BKB_102_20190120_id102_GAUCHE_(9)_ORIGINAL.jpg;474
2297;1979;102;MANDRILLS BKB_102_20190319_id102_femadu_(1).jpg;318
2301;1979;102;MANDRILLS BKB_102_20190319_id102_femadu_(4).jpg;322
2030;1979;102;MANDRILLS BKB_102_20190319_id102_femadu_(5).jpg;51
2322;1979;102;MANDRILLS BKB_102_20190319_id102_femadu_(6).jpg;343
2090;1979;102;MANDRILLS BKB_102_20190319_id102_femadu_DROITE_(1).jpg;111
2190;1979;102;MANDRILLS BKB_102_20190319_id102_femadu_DROITE_(2).jpg;211
2146;1979;102;MANDRILLS BKB_102_20190319_id102_femadu_DROITE_(3).jpg;167
2081;1979;102;MANDRILLS BKB_102_20190319_id102_femadu_DROITE_(4).jpg;102
2154;1979;102;MANDRILLS BKB_102_20190319_id102_femadu_DROITE_(5).jpg;175
2038;1979;102;MANDRILLS BKB_102_20190319_id102_femadu_DROITE_(6).jpg;59
2609;1979;102;MANDRILLS BKB_102_20190319_id102_femadu_GAUCHE.jpg;630
2375;2056;102;MANDRILLS BKB_102_20190604_id102_femadu_(1).jpg;319
2307;2056;102;MANDRILLS BKB_102_20190604_id102_femadu_(2).jpg;251
2019;2056;102;MANDRILLS BKB_102_20190604_id102_femadu_(3).jpg;37
2260;2056;102;MANDRILLS BKB_102_20190604_id102_femadu_(5).jpg;204
2429;2123;102;MANDRILLS BKB_102_20190810_id102_femadu.jpg;306
2222;2152;102;MANDRILLS BKB_102_20190908_id102_femadu_(2).jpg;70
2243;2152;102;MANDRILLS BKB_102_20190908_id102_femadu_(7).jpg;91
2357;2152;102;MANDRILLS BKB_102_20190908_id102_femadu_(8).jpg;205
2342;2152;102;MANDRILLS BKB_102_20190908_id102_femadu_(9).jpg;190
2667;2202;102;MANDRILLS BKB_102_20191028_id102_femadu_(1).jpg;465
2910;2202;102;MANDRILLS BKB_102_20191028_id102_femadu_(2).jpg;708
2467;2346;102;MANDRILLS BKB_102_20200320_id102_femadu_(1).jpg;121
2622;2346;102;MANDRILLS BKB_102_20200320_id102_femadu_(2).jpg;276
2445;2388;102;MANDRILLS BKB_102_20200501_id102_femadu.jpg;57
2677;2390;102;MANDRILLS BKB_102_20200503_id102_femadu.jpg;287
2828;2562;102;MANDRILLS BKB_102_20201022_id102_femadu_(1).jpg;266
3148;2562;102;MANDRILLS BKB_102_20201022_id102_femadu_(2).jpg;586
3067;2575;102;MANDRILLS BKB_102_20201104_id102_femadu_(1).jpg;492
3024;2575;102;MANDRILLS BKB_102_20201104_id102_femadu_(2).jpg;449
2747;2575;102;MANDRILLS BKB_102_20201104_id102_femadu_(3).jpg;172
3010;2575;102;MANDRILLS BKB_102_20201104_id102_femadu_(4).jpg;435
2807;2635;102;MANDRILLS BKB_102_20210103_id102_femadu_(1).jpg;172
2797;2635;102;MANDRILLS BKB_102_20210103_id102_femadu_(2).jpg;162
2991;2645;102;MANDRILLS BKB_102_20210113_id102_femadu_(1).jpg;346
3515;2645;102;MANDRILLS BKB_102_20210113_id102_femadu_(2).jpg;870
2902;2645;102;MANDRILLS BKB_102_20210113_id102_femadu_(3).jpg;257
2961;2645;102;MANDRILLS BKB_102_20210113_id102_femadu_(4).jpg;316
2911;2645;102;MANDRILLS BKB_102_20210113_id102_femadu_(5).jpg;266
2925;2645;102;MANDRILLS BKB_102_20210113_id102_femadu_(6).jpg;280
2904;2645;102;MANDRILLS BKB_102_20210113_id102_femadu_(7).jpg;259
2872;2661;102;MANDRILLS BKB_102_20210129_id102_femadu.jpg;211
3055;2662;102;MANDRILLS BKB_102_20210130_id102_femadu_(1).jpg;393
3002;2662;102;MANDRILLS BKB_102_20210130_id102_femadu_(2).jpg;340
2689;2662;102;MANDRILLS BKB_102_20210130_id102_femadu_(3).jpg;27
2754;2669;102;MANDRILLS BKB_102_20210206_id102_femadu.jpg;85
2971;2674;102;MANDRILLS BKB_102_20210211_id102_femadu_(1).jpg;297
2930;2674;102;MANDRILLS BKB_102_20210211_id102_femadu_(2).jpg;256
2995;2727;102;MANDRILLS BKB_102_20210405_id102_femadu_(1).jpg;268
2696;2727;102;MANDRILLS BKB_102_20210405_id102_femadu_(2).jpg;31
2756;2732;102;MANDRILLS BKB_102_20210410_id102_femadu.jpg;24
2946;2765;102;MANDRILLS BKB_102_20210513_id102_femadu_(1).jpg;181
2804;2765;102;MANDRILLS BKB_102_20210513_id102_femadu_(2).jpg;39
2903;2765;102;MANDRILLS BKB_102_20210513_id102_femadu_(3).jpg;138
2778;2804;102;MANDRILLS BKB_102_20210621_id102_femadu_(1).jpg;26
2822;2836;102;MANDRILLS BKB_102_20210723_id102_femadu_(1).jpg;14
2944;2836;102;MANDRILLS BKB_102_20210723_id102_femadu_(2).jpg;108
2935;2836;102;MANDRILLS BKB_102_20210723_id102_femadu_(3).jpg;99
2262;2884;102;MANDRILLS BKB_102_20210909_id102_femadu.jpg;622
2361;2902;102;MANDRILLS BKB_102_20210927_id102_femadu.jpg;541
2839;2910;102;MANDRILLS BKB_102_20211005_id102_femadu_(1).jpg;71
2810;2910;102;MANDRILLS BKB_102_20211005_id102_femadu_(2).jpg;100
2826;2910;102;MANDRILLS BKB_102_20211005_id102_femadu_(4).jpg;84
3034;2910;102;MANDRILLS BKB_102_20211005_id102_femadu_(5).jpg;124
2391;2910;102;MANDRILLS BKB_102_20211005_id102_femadu_(6).jpg;519
2677;2910;102;MANDRILLS BKB_102_20211005_id102_femadu_(8).jpg;233
2700;2923;102;MANDRILLS BKB_102_20211018_id102_femadu.jpg;223
2758;2927;102;MANDRILLS BKB_102_20211022_id102_femadu.jpg;169
3139;2954;102;MANDRILLS BKB_102_20211118_id102_femadu.jpg;185
2904;2955;102;MANDRILLS BKB_102_20211119_id102_femadu.jpg;51
2933;2992;102;MANDRILLS BKB_102_20211226_id102_femadu_(1).jpg;59
2941;2992;102;MANDRILLS BKB_102_20211226_id102_femadu_(2).jpg;51
3089;3030;102;MANDRILLS BKB_102_20220202_id102_femadu (1).jpg;59
3073;3030;102;MANDRILLS BKB_102_20220202_id102_femadu (2).jpg;43
2723;3045;102;MANDRILLS BKB_102_20220217_id102_femadu (1).jpg;322
3163;3045;102;MANDRILLS BKB_102_20220217_id102_femadu (2).jpg;118
2655;3045;102;MANDRILLS BKB_102_20220217_id102_femadu (3).jpg;390
3205;3051;102;MANDRILLS BKB_102_20220223_id102_femadu.jpg;154
2772;3060;102;MANDRILLS BKB_102_20220304_id102_femadu (1).jpg;288
2919;3060;102;MANDRILLS BKB_102_20220304_id102_femadu (2).jpg;141
3152;3063;102;MANDRILLS BKB_102_20220307_id102_femadu.jpg;89
2925;3070;102;MANDRILLS BKB_102_20220314_id102_femadu.jpg;145
3253;3086;102;MANDRILLS BKB_102_20220330_id102_femadu (1).jpg;167
2910;3086;102;MANDRILLS BKB_102_20220330_id102_femadu (2).jpg;176
3032;3105;102;MANDRILLS BKB_102_20220418_id102_femadu (1).jpg;73
3154;3105;102;MANDRILLS BKB_102_20220418_id102_femadu (3).jpg;49
3186;3113;102;MANDRILLS BKB_102_20220426_id102_fejadu.jpg;73
3428;3114;102;MANDRILLS BKB_102_20220427_id102_femadu.jpg;314
3568;3134;102;MANDRILLS BKB_102_20220517_id102_femadu.jpg;434
3035;3151;102;MANDRILLS BKB_102_20220603_id102_ femadu.jpg;116
3269;3151;102;MANDRILLS BKB_102_20220603_id102_femadu (1).jpg;118
3119;3151;102;MANDRILLS BKB_102_20220603_id102_femadu (2).jpg;32
3311;3151;102;MANDRILLS BKB_102_20220603_id102_femadu (3).jpg;160
2872;3169;102;MANDRILLS BKB_102_20220621_id102_femadu.jpg;297
3194;3177;102;MANDRILLS BKB_102_20220629_id102.jpg;17
3100;3187;102;MANDRILLS BKB_102_20220709_id102 (2).jpg;87
2860;3187;102;MANDRILLS BKB_102_20220709_id102.jpg;327
3343;3194;102;MANDRILLS BKB_102_20220716_id102_femadu (1).jpg;149
3066;3194;102;MANDRILLS BKB_102_20220716_id102_femadu (2).jpg;128
3095;3203;102;MANDRILLS BKB_102_20220725_id102 (2).jpg;108
3266;3203;102;MANDRILLS BKB_102_20220725_id102.jpg;63
3483;3204;102;MANDRILLS BKB_102_20220726_id102.jpg;279
2818;3206;102;MANDRILLS BKB_102_20220728_id102.jpg;388
3632;3217;102;MANDRILLS BKB_102_20220808_id102 (1).jpg;415
3590;3217;102;MANDRILLS BKB_102_20220808_id102 (3).jpg;373
3232;3221;102;MANDRILLS BKB_102_20220812_id102 (1).jpg;11
3480;3221;102;MANDRILLS BKB_102_20220812_id102 (2).jpg;259
3254;3235;102;MANDRILLS BKB_102_20220826_id102 (1).jpg;19
3207;3235;102;MANDRILLS BKB_102_20220826_id102 (2).jpg;28
3521;3239;102;MANDRILLS BKB_102_20220830_id102.jpg;282
3261;3245;102;MANDRILLS BKB_102_20220905_id102.jpg;16
3152;3254;102;MANDRILLS BKB_102_20220914_id102.jpg;102
3126;3275;102;MANDRILLS BKB_102_20221005_id102 (1).jpg;149
3403;3275;102;MANDRILLS BKB_102_20221005_id102 (2).jpg;128
3260;3291;102;MANDRILLS BKB_102_20221021_id102 (1).jpg;31
3435;3291;102;MANDRILLS BKB_102_20221021_id102 (2).jpg;144
3403;3293;102;MANDRILLS BKB_102_20221023_id102.jpg;110
3370;3297;102;MANDRILLS BKB_102_20221027_id102.jpg;73
3206;3303;102;MANDRILLS BKB_102_20221102_id102.jpg;97
3376;3315;102;MANDRILLS BKB_102_20221114_id102.jpg;61
3630;3317;102;MANDRILLS BKB_102_20221116_id102 (1).jpg;313
3080;3317;102;MANDRILLS BKB_102_20221116_id102 (2).jpg;237
3202;3324;102;MANDRILLS BKB_102_20221123_id102.jpg;122
3299;3326;102;MANDRILLS BKB_102_20221125_id102 (1).jpg;27
3392;3326;102;MANDRILLS BKB_102_20221125_id102 (2).jpg;66
3338;3331;102;MANDRILLS BKB_102_20221130_id102.jpg;7
3568;3341;102;MANDRILLS BKB_102_20221210_id102 (1).jpg;227
3442;3341;102;MANDRILLS BKB_102_20221210_id102 (2).jpg;101
3576;3345;102;MANDRILLS BKB_102_20221214_id102 (1).jpg;231
135;153;121;MANDRILLS BKB_121_20140315_id121_malinf_(1)_ORIGINAL.jpg;18
166;153;121;MANDRILLS BKB_121_20140315_id121_malinf_(10)_ORIGINAL.jpg;13
173;153;121;MANDRILLS BKB_121_20140315_id121_malinf_(11)_ORIGINAL.jpg;20
171;153;121;MANDRILLS BKB_121_20140315_id121_malinf_(12)_ORIGINAL.jpg;18
169;153;121;MANDRILLS BKB_121_20140315_id121_malinf_(13)_ORIGINAL.jpg;16
192;153;121;MANDRILLS BKB_121_20140315_id121_malinf_(14)_ORIGINAL.jpg;39
168;153;121;MANDRILLS BKB_121_20140315_id121_malinf_(15)_ORIGINAL.jpg;15
171;153;121;MANDRILLS BKB_121_20140315_id121_malinf_(16)_ORIGINAL.jpg;18
175;153;121;MANDRILLS BKB_121_20140315_id121_malinf_(17)_ORIGINAL.jpg;22
180;153;121;MANDRILLS BKB_121_20140315_id121_malinf_(18)_ORIGINAL.jpg;27
135;153;121;MANDRILLS BKB_121_20140315_id121_malinf_(19)_ORIGINAL.jpg;18
208;153;121;MANDRILLS BKB_121_20140315_id121_malinf_(2)_ORIGINAL.jpg;55
141;153;121;MANDRILLS BKB_121_20140315_id121_malinf_(21)_ORIGINAL.jpg;12
153;153;121;MANDRILLS BKB_121_20140315_id121_malinf_(22)_ORIGINAL.jpg;0
135;153;121;MANDRILLS BKB_121_20140315_id121_malinf_(23)_ORIGINAL.jpg;18
162;153;121;MANDRILLS BKB_121_20140315_id121_malinf_(4)_ORIGINAL.jpg;9
154;153;121;MANDRILLS BKB_121_20140315_id121_malinf_(5)_ORIGINAL.jpg;1
136;153;121;MANDRILLS BKB_121_20140315_id121_malinf_(7)_ORIGINAL.jpg;17
156;153;121;MANDRILLS BKB_121_20140315_id121_malinf_(8)_ORIGINAL.jpg;3
167;153;121;MANDRILLS BKB_121_20140315_id121_malinf_(9)_ORIGINAL.jpg;14
108;154;121;MANDRILLS BKB_121_20140316_id121_malinf_(10)_ORIGINAL.jpg;46
117;154;121;MANDRILLS BKB_121_20140316_id121_malinf_(11)_ORIGINAL.jpg;37
155;154;121;MANDRILLS BKB_121_20140316_id121_malinf_(13)_ORIGINAL.jpg;1
146;154;121;MANDRILLS BKB_121_20140316_id121_malinf_(14)_ORIGINAL.jpg;8
136;154;121;MANDRILLS BKB_121_20140316_id121_malinf_(15)_ORIGINAL.jpg;18
162;154;121;MANDRILLS BKB_121_20140316_id121_malinf_(16)_ORIGINAL.jpg;8
203;154;121;MANDRILLS BKB_121_20140316_id121_malinf_(17)_ORIGINAL.jpg;49
159;154;121;MANDRILLS BKB_121_20140316_id121_malinf_(18)_ORIGINAL.jpg;5
165;154;121;MANDRILLS BKB_121_20140316_id121_malinf_(19)_ORIGINAL.jpg;11
127;154;121;MANDRILLS BKB_121_20140316_id121_malinf_(20)_ORIGINAL.jpg;27
176;154;121;MANDRILLS BKB_121_20140316_id121_malinf_(21)_ORIGINAL.jpg;22
118;154;121;MANDRILLS BKB_121_20140316_id121_malinf_(22)_ORIGINAL.jpg;36
143;154;121;MANDRILLS BKB_121_20140316_id121_malinf_(23)_ORIGINAL.jpg;11
167;154;121;MANDRILLS BKB_121_20140316_id121_malinf_(24)_ORIGINAL.jpg;13
136;154;121;MANDRILLS BKB_121_20140316_id121_malinf_(25)_ORIGINAL.jpg;18
135;154;121;MANDRILLS BKB_121_20140316_id121_malinf_(26)_ORIGINAL.jpg;19
127;154;121;MANDRILLS BKB_121_20140316_id121_malinf_(27)_ORIGINAL.jpg;27
137;154;121;MANDRILLS BKB_121_20140316_id121_malinf_(28)_ORIGINAL.jpg;17
143;154;121;MANDRILLS BKB_121_20140316_id121_malinf_(29)_ORIGINAL.jpg;11
172;154;121;MANDRILLS BKB_121_20140316_id121_malinf_(3)_ORIGINAL.jpg;18
154;154;121;MANDRILLS BKB_121_20140316_id121_malinf_(30)_ORIGINAL.jpg;0
186;154;121;MANDRILLS BKB_121_20140316_id121_malinf_(31)_ORIGINAL.jpg;32
174;154;121;MANDRILLS BKB_121_20140316_id121_malinf_(32)_ORIGINAL.jpg;20
164;154;121;MANDRILLS BKB_121_20140316_id121_malinf_(33)_ORIGINAL.jpg;10
178;154;121;MANDRILLS BKB_121_20140316_id121_malinf_(34)_ORIGINAL.jpg;24
134;154;121;MANDRILLS BKB_121_20140316_id121_malinf_(35)_ORIGINAL.jpg;20
149;154;121;MANDRILLS BKB_121_20140316_id121_malinf_(36)_ORIGINAL.jpg;5
113;154;121;MANDRILLS BKB_121_20140316_id121_malinf_(37)_ORIGINAL.jpg;41
134;154;121;MANDRILLS BKB_121_20140316_id121_malinf_(38)_ORIGINAL.jpg;20
125;154;121;MANDRILLS BKB_121_20140316_id121_malinf_(4)_ORIGINAL.jpg;29
100;154;121;MANDRILLS BKB_121_20140316_id121_malinf_(5)_ORIGINAL.jpg;54
121;154;121;MANDRILLS BKB_121_20140316_id121_malinf_(6)_ORIGINAL.jpg;33
127;154;121;MANDRILLS BKB_121_20140316_id121_malinf_(7)_ORIGINAL.jpg;27
117;154;121;MANDRILLS BKB_121_20140316_id121_malinf_(8)_ORIGINAL.jpg;37
117;154;121;MANDRILLS BKB_121_20140316_id121_malinf_(9)_ORIGINAL.jpg;37
727;780;121;MANDRILLS BKB_121_20151202_id121_maljuv_(1)_ORIGINAL.jpg;53
708;780;121;MANDRILLS BKB_121_20151202_id121_maljuv_(2)_ORIGINAL.jpg;72
642;780;121;MANDRILLS BKB_121_20151202_id121_maljuv_(3)_ORIGINAL.jpg;138
683;780;121;MANDRILLS BKB_121_20151202_id121_maljuv_(4)_ORIGINAL.jpg;97
708;780;121;MANDRILLS BKB_121_20151202_id121_maljuv_(5)_ORIGINAL.jpg;72
1944;1705;121;MANDRILLS BKB_121_20180614_id121_malado_(1)_ORIGINAL.jpg;239
1880;1705;121;MANDRILLS BKB_121_20180614_id121_malado_(10)_ORIGINAL.jpg;175
1917;1705;121;MANDRILLS BKB_121_20180614_id121_malado_(11)_ORIGINAL.jpg;212
1908;1705;121;MANDRILLS BKB_121_20180614_id121_malado_(12)_ORIGINAL.jpg;203
1910;1705;121;MANDRILLS BKB_121_20180614_id121_malado_(13)_ORIGINAL.jpg;205
1908;1705;121;MANDRILLS BKB_121_20180614_id121_malado_(14)_ORIGINAL.jpg;203
1850;1705;121;MANDRILLS BKB_121_20180614_id121_malado_(15)_ORIGINAL.jpg;145
1871;1705;121;MANDRILLS BKB_121_20180614_id121_malado_(16)_ORIGINAL.jpg;166
1897;1705;121;MANDRILLS BKB_121_20180614_id121_malado_(17)_ORIGINAL.jpg;192
1913;1705;121;MANDRILLS BKB_121_20180614_id121_malado_(18)_ORIGINAL.jpg;208
1811;1705;121;MANDRILLS BKB_121_20180614_id121_malado_(19)_ORIGINAL.jpg;106
1928;1705;121;MANDRILLS BKB_121_20180614_id121_malado_(2)_ORIGINAL.jpg;223
1886;1705;121;MANDRILLS BKB_121_20180614_id121_malado_(20)_ORIGINAL.jpg;181
1946;1705;121;MANDRILLS BKB_121_20180614_id121_malado_(21)_ORIGINAL.jpg;241
1908;1705;121;MANDRILLS BKB_121_20180614_id121_malado_(4)_ORIGINAL.jpg;203
1865;1705;121;MANDRILLS BKB_121_20180614_id121_malado_(5)_ORIGINAL.jpg;160
1907;1705;121;MANDRILLS BKB_121_20180614_id121_malado_(6)_ORIGINAL.jpg;202
1907;1705;121;MANDRILLS BKB_121_20180614_id121_malado_(7)_ORIGINAL.jpg;202
1910;1705;121;MANDRILLS BKB_121_20180614_id121_malado_(8)_ORIGINAL.jpg;205
1822;1705;121;MANDRILLS BKB_121_20180614_id121_malado_(9)_ORIGINAL.jpg;117
1722;1710;121;MANDRILLS BKB_121_20180619_id121_malado_(1)_ORIGINAL.jpg;12
1862;1710;121;MANDRILLS BKB_121_20180619_id121_malado_(4)_ORIGINAL.jpg;152
1820;1710;121;MANDRILLS BKB_121_20180619_id121_malado_(5)_ORIGINAL.jpg;110
1884;1710;121;MANDRILLS BKB_121_20180619_id121_malado_(6)_ORIGINAL.jpg;174
1771;1710;121;MANDRILLS BKB_121_20180619_id121_malado_(7)_ORIGINAL.jpg;61
1924;1711;121;MANDRILLS BKB_121_20180620_id121_malado_(1)_ORIGINAL.jpg;213
1964;1711;121;MANDRILLS BKB_121_20180620_id121_malado_(10)_ORIGINAL.jpg;253
1865;1711;121;MANDRILLS BKB_121_20180620_id121_malado_(11)_ORIGINAL.jpg;154
1883;1711;121;MANDRILLS BKB_121_20180620_id121_malado_(12)_ORIGINAL.jpg;172
1875;1711;121;MANDRILLS BKB_121_20180620_id121_malado_(13)_ORIGINAL.jpg;164
1898;1711;121;MANDRILLS BKB_121_20180620_id121_malado_(14)_ORIGINAL.jpg;187
1934;1711;121;MANDRILLS BKB_121_20180620_id121_malado_(15)_ORIGINAL.jpg;223
1862;1711;121;MANDRILLS BKB_121_20180620_id121_malado_(16)_ORIGINAL.jpg;151
1895;1711;121;MANDRILLS BKB_121_20180620_id121_malado_(17)_ORIGINAL.jpg;184
1912;1711;121;MANDRILLS BKB_121_20180620_id121_malado_(18)_ORIGINAL.jpg;201
1971;1711;121;MANDRILLS BKB_121_20180620_id121_malado_(19)_ORIGINAL.jpg;260
1936;1711;121;MANDRILLS BKB_121_20180620_id121_malado_(2)_ORIGINAL.jpg;225
1920;1711;121;MANDRILLS BKB_121_20180620_id121_malado_(20)_ORIGINAL.jpg;209
1889;1711;121;MANDRILLS BKB_121_20180620_id121_malado_(21)_ORIGINAL.jpg;178
1922;1711;121;MANDRILLS BKB_121_20180620_id121_malado_(22)_ORIGINAL.jpg;211
1951;1711;121;MANDRILLS BKB_121_20180620_id121_malado_(23)_ORIGINAL.jpg;240
1933;1711;121;MANDRILLS BKB_121_20180620_id121_malado_(24)_ORIGINAL.jpg;222
1879;1711;121;MANDRILLS BKB_121_20180620_id121_malado_(25)_ORIGINAL.jpg;168
1979;1711;121;MANDRILLS BKB_121_20180620_id121_malado_(26)_ORIGINAL.jpg;268
1957;1711;121;MANDRILLS BKB_121_20180620_id121_malado_(28)_ORIGINAL.jpg;246
1865;1711;121;MANDRILLS BKB_121_20180620_id121_malado_(29)_ORIGINAL.jpg;154
1917;1711;121;MANDRILLS BKB_121_20180620_id121_malado_(3)_ORIGINAL.jpg;206
1860;1711;121;MANDRILLS BKB_121_20180620_id121_malado_(30)_ORIGINAL.jpg;149
1955;1711;121;MANDRILLS BKB_121_20180620_id121_malado_(33)_ORIGINAL.jpg;244
1973;1711;121;MANDRILLS BKB_121_20180620_id121_malado_(34)_ORIGINAL.jpg;262
1896;1711;121;MANDRILLS BKB_121_20180620_id121_malado_(35)_ORIGINAL.jpg;185
1894;1711;121;MANDRILLS BKB_121_20180620_id121_malado_(36)_ORIGINAL.jpg;183
1901;1711;121;MANDRILLS BKB_121_20180620_id121_malado_(38)_ORIGINAL.jpg;190
1936;1711;121;MANDRILLS BKB_121_20180620_id121_malado_(4)_ORIGINAL.jpg;225
1900;1711;121;MANDRILLS BKB_121_20180620_id121_malado_(40)_ORIGINAL.jpg;189
1883;1711;121;MANDRILLS BKB_121_20180620_id121_malado_(41)_ORIGINAL.jpg;172
1874;1711;121;MANDRILLS BKB_121_20180620_id121_malado_(42)_ORIGINAL.jpg;163
1843;1711;121;MANDRILLS BKB_121_20180620_id121_malado_(43)_ORIGINAL.jpg;132
1871;1711;121;MANDRILLS BKB_121_20180620_id121_malado_(44)_ORIGINAL.jpg;160
1829;1711;121;MANDRILLS BKB_121_20180620_id121_malado_(45)_ORIGINAL.jpg;118
1853;1711;121;MANDRILLS BKB_121_20180620_id121_malado_(46)_ORIGINAL.jpg;142
1901;1711;121;MANDRILLS BKB_121_20180620_id121_malado_(47)_ORIGINAL.jpg;190
1947;1711;121;MANDRILLS BKB_121_20180620_id121_malado_(48)_ORIGINAL.jpg;236
2020;1711;121;MANDRILLS BKB_121_20180620_id121_malado_(49)_ORIGINAL.jpg;309
1842;1711;121;MANDRILLS BKB_121_20180620_id121_malado_(50)_ORIGINAL.jpg;131
1836;1711;121;MANDRILLS BKB_121_20180620_id121_malado_(51)_ORIGINAL.jpg;125
1860;1711;121;MANDRILLS BKB_121_20180620_id121_malado_(52)_ORIGINAL.jpg;149
1896;1711;121;MANDRILLS BKB_121_20180620_id121_malado_(53)_ORIGINAL.jpg;185
1910;1711;121;MANDRILLS BKB_121_20180620_id121_malado_(54)_ORIGINAL.jpg;199
1843;1711;121;MANDRILLS BKB_121_20180620_id121_malado_(56)_ORIGINAL.jpg;132
1820;1711;121;MANDRILLS BKB_121_20180620_id121_malado_(57)_ORIGINAL.jpg;109
1886;1711;121;MANDRILLS BKB_121_20180620_id121_malado_(59)_ORIGINAL.jpg;175
2014;1711;121;MANDRILLS BKB_121_20180620_id121_malado_(6)_ORIGINAL.jpg;303
1917;1711;121;MANDRILLS BKB_121_20180620_id121_malado_(61)_ORIGINAL.jpg;206
1910;1711;121;MANDRILLS BKB_121_20180620_id121_malado_(62)_ORIGINAL.jpg;199
1836;1711;121;MANDRILLS BKB_121_20180620_id121_malado_(64)_ORIGINAL.jpg;125
1856;1711;121;MANDRILLS BKB_121_20180620_id121_malado_(66)_ORIGINAL.jpg;145
1890;1711;121;MANDRILLS BKB_121_20180620_id121_malado_(68)_ORIGINAL.jpg;179
1860;1711;121;MANDRILLS BKB_121_20180620_id121_malado_(69)_ORIGINAL.jpg;149
1881;1711;121;MANDRILLS BKB_121_20180620_id121_malado_(7)_ORIGINAL.jpg;170
1794;1711;121;MANDRILLS BKB_121_20180620_id121_malado_(71)_ORIGINAL.jpg;83
1903;1711;121;MANDRILLS BKB_121_20180620_id121_malado_(72)_ORIGINAL.jpg;192
1836;1711;121;MANDRILLS BKB_121_20180620_id121_malado_(73)_ORIGINAL.jpg;125
1845;1711;121;MANDRILLS BKB_121_20180620_id121_malado_(75)_ORIGINAL.jpg;134
1924;1711;121;MANDRILLS BKB_121_20180620_id121_malado_(76)_ORIGINAL.jpg;213
1890;1711;121;MANDRILLS BKB_121_20180620_id121_malado_(77)_ORIGINAL.jpg;179
1964;1711;121;MANDRILLS BKB_121_20180620_id121_malado_(8)_ORIGINAL.jpg;253
1944;1711;121;MANDRILLS BKB_121_20180620_id121_malado_(9)_ORIGINAL.jpg;233
1774;1724;121;MANDRILLS BKB_121_20180703_id121_malado_ORIGINAL.jpg;50
1847;1727;121;MANDRILLS BKB_121_20180706_id121_malado_(1)_ORIGINAL.jpg;120
1886;1727;121;MANDRILLS BKB_121_20180706_id121_malado_(2)_ORIGINAL.jpg;159
1777;1727;121;MANDRILLS BKB_121_20180706_id121_malado_(3)_ORIGINAL.jpg;50
1856;1727;121;MANDRILLS BKB_121_20180706_id121_malado_(4)_ORIGINAL.jpg;129
1789;1727;121;MANDRILLS BKB_121_20180706_id121_malado_(5)_ORIGINAL.jpg;62
1865;1727;121;MANDRILLS BKB_121_20180706_id121_malado_(6)_ORIGINAL.jpg;138
1884;1740;121;MANDRILLS BKB_121_20180719_id121_malado_(2)_ORIGINAL.jpg;144
1792;1740;121;MANDRILLS BKB_121_20180719_id121_malado_(3)_ORIGINAL.jpg;52
2029;1745;121;MANDRILLS BKB_121_20180724_id121_malado_(1)_ORIGINAL.jpg;284
1873;1745;121;MANDRILLS BKB_121_20180724_id121_malado_(2)_ORIGINAL.jpg;128
1979;1745;121;MANDRILLS BKB_121_20180724_id121_malado_(3)_ORIGINAL.jpg;234
1887;1748;121;MANDRILLS BKB_121_20180727_id121_malado_(1)_ORIGINAL.jpg;139
1918;1748;121;MANDRILLS BKB_121_20180727_id121_malado_(2)_ORIGINAL.jpg;170
1892;1748;121;MANDRILLS BKB_121_20180727_id121_malado_(3)_ORIGINAL.jpg;144
1891;1748;121;MANDRILLS BKB_121_20180727_id121_malado_(4)_ORIGINAL.jpg;143
1907;1748;121;MANDRILLS BKB_121_20180727_id121_malado_(5)_ORIGINAL.jpg;159
1942;1748;121;MANDRILLS BKB_121_20180727_id121_malado_(6)_ORIGINAL.jpg;194
1899;1748;121;MANDRILLS BKB_121_20180727_id121_malado_(7)_ORIGINAL.jpg;151
1908;1748;121;MANDRILLS BKB_121_20180727_id121_malado_(8)_ORIGINAL.jpg;160
1850;1752;121;MANDRILLS BKB_121_20180731_id121_malado_(1)_ORIGINAL.jpg;98
1825;1752;121;MANDRILLS BKB_121_20180731_id121_malado_(2)_ORIGINAL.jpg;73
1849;1752;121;MANDRILLS BKB_121_20180731_id121_malado_(3)_ORIGINAL.jpg;97
1947;1775;121;MANDRILLS BKB_121_20180823_id121_maladoDERRIERE_(2)_ORIGINAL.jpg;172
1946;1775;121;MANDRILLS BKB_121_20180823_id121_maladoDERRIERE_(3)_ORIGINAL.jpg;171
1919;1775;121;MANDRILLS BKB_121_20180823_id121_maladoDERRIERE_(4)_ORIGINAL.jpg;144
1912;1775;121;MANDRILLS BKB_121_20180823_id121_maladoDERRIERE_(5)_ORIGINAL.jpg;137
1849;1868;121;MANDRILLS BKB_121_20181124_id121_malado_(1)_ORIGINAL.jpg;19
1935;1868;121;MANDRILLS BKB_121_20181124_id121_malado_(10)_ORIGINAL.jpg;67
1945;1868;121;MANDRILLS BKB_121_20181124_id121_malado_(11)_ORIGINAL.jpg;77
1921;1868;121;MANDRILLS BKB_121_20181124_id121_malado_(12)_ORIGINAL.jpg;53
1833;1868;121;MANDRILLS BKB_121_20181124_id121_malado_(13)_ORIGINAL.jpg;35
1863;1868;121;MANDRILLS BKB_121_20181124_id121_malado_(2)_ORIGINAL.jpg;5
1966;1868;121;MANDRILLS BKB_121_20181124_id121_malado_(5)_ORIGINAL.jpg;98
1972;1868;121;MANDRILLS BKB_121_20181124_id121_malado_(6)_ORIGINAL.jpg;104
1926;1868;121;MANDRILLS BKB_121_20181124_id121_malado_(7)_ORIGINAL.jpg;58
1992;1868;121;MANDRILLS BKB_121_20181124_id121_malado_(8)_ORIGINAL.jpg;124
1953;1868;121;MANDRILLS BKB_121_20181124_id121_malado_(9)_ORIGINAL.jpg;85
2028;1933;121;MANDRILLS BKB_121_20190128_id121_malado_(1)_ORIGINAL.jpg;95
1846;1933;121;MANDRILLS BKB_121_20190128_id121_malado_(10)_ORIGINAL.jpg;87
1990;1933;121;MANDRILLS BKB_121_20190128_id121_malado_(11)_ORIGINAL.jpg;57
1974;1933;121;MANDRILLS BKB_121_20190128_id121_malado_(12)_ORIGINAL.jpg;41
2005;1933;121;MANDRILLS BKB_121_20190128_id121_malado_(13)_ORIGINAL.jpg;72
1944;1933;121;MANDRILLS BKB_121_20190128_id121_malado_(14)_ORIGINAL.jpg;11
1927;1933;121;MANDRILLS BKB_121_20190128_id121_malado_(15)_ORIGINAL.jpg;6
1939;1933;121;MANDRILLS BKB_121_20190128_id121_malado_(16)_ORIGINAL.jpg;6
1927;1933;121;MANDRILLS BKB_121_20190128_id121_malado_(17)_ORIGINAL.jpg;6
1942;1933;121;MANDRILLS BKB_121_20190128_id121_malado_(18)_ORIGINAL.jpg;9
2040;1933;121;MANDRILLS BKB_121_20190128_id121_malado_(19)_ORIGINAL.jpg;107
2121;1933;121;MANDRILLS BKB_121_20190128_id121_malado_(2)_ORIGINAL.jpg;188
1972;1933;121;MANDRILLS BKB_121_20190128_id121_malado_(20)_ORIGINAL.jpg;39
1995;1933;121;MANDRILLS BKB_121_20190128_id121_malado_(21)_ORIGINAL.jpg;62
2028;1933;121;MANDRILLS BKB_121_20190128_id121_malado_(22)_ORIGINAL.jpg;95
2112;1933;121;MANDRILLS BKB_121_20190128_id121_malado_(23)_ORIGINAL.jpg;179
2094;1933;121;MANDRILLS BKB_121_20190128_id121_malado_(24)_ORIGINAL.jpg;161
2075;1933;121;MANDRILLS BKB_121_20190128_id121_malado_(25)_ORIGINAL.jpg;142
2112;1933;121;MANDRILLS BKB_121_20190128_id121_malado_(26)_ORIGINAL.jpg;179
2077;1933;121;MANDRILLS BKB_121_20190128_id121_malado_(27)_ORIGINAL.jpg;144
2080;1933;121;MANDRILLS BKB_121_20190128_id121_malado_(28)_ORIGINAL.jpg;147
2041;1933;121;MANDRILLS BKB_121_20190128_id121_malado_(29)_ORIGINAL.jpg;108
2035;1933;121;MANDRILLS BKB_121_20190128_id121_malado_(3)_ORIGINAL.jpg;102
2096;1933;121;MANDRILLS BKB_121_20190128_id121_malado_(30)_ORIGINAL.jpg;163
2102;1933;121;MANDRILLS BKB_121_20190128_id121_malado_(31)_ORIGINAL.jpg;169
2026;1933;121;MANDRILLS BKB_121_20190128_id121_malado_(32)_ORIGINAL.jpg;93
2066;1933;121;MANDRILLS BKB_121_20190128_id121_malado_(33)_ORIGINAL.jpg;133
2060;1933;121;MANDRILLS BKB_121_20190128_id121_malado_(34)_ORIGINAL.jpg;127
2186;1933;121;MANDRILLS BKB_121_20190128_id121_malado_(35)_ORIGINAL.jpg;253
2117;1933;121;MANDRILLS BKB_121_20190128_id121_malado_(36)_ORIGINAL.jpg;184
2009;1933;121;MANDRILLS BKB_121_20190128_id121_malado_(37)_ORIGINAL.jpg;76
1942;1933;121;MANDRILLS BKB_121_20190128_id121_malado_(38)_ORIGINAL.jpg;9
1897;1933;121;MANDRILLS BKB_121_20190128_id121_malado_(39)_ORIGINAL.jpg;36
1961;1933;121;MANDRILLS BKB_121_20190128_id121_malado_(4)_ORIGINAL.jpg;28
1942;1933;121;MANDRILLS BKB_121_20190128_id121_malado_(40)_ORIGINAL.jpg;9
1967;1933;121;MANDRILLS BKB_121_20190128_id121_malado_(41)_ORIGINAL.jpg;34
1820;1933;121;MANDRILLS BKB_121_20190128_id121_malado_(42)_ORIGINAL.jpg;113
1798;1933;121;MANDRILLS BKB_121_20190128_id121_malado_(43)_ORIGINAL.jpg;135
2076;1933;121;MANDRILLS BKB_121_20190128_id121_malado_(44)_ORIGINAL.jpg;143
2101;1933;121;MANDRILLS BKB_121_20190128_id121_malado_(45)_ORIGINAL.jpg;168
2114;1933;121;MANDRILLS BKB_121_20190128_id121_malado_(46)_ORIGINAL.jpg;181
2033;1933;121;MANDRILLS BKB_121_20190128_id121_malado_(5)_ORIGINAL.jpg;100
2014;1933;121;MANDRILLS BKB_121_20190128_id121_malado_(6)_ORIGINAL.jpg;81
1965;1933;121;MANDRILLS BKB_121_20190128_id121_malado_(7)_ORIGINAL.jpg;32
1907;1933;121;MANDRILLS BKB_121_20190128_id121_malado_(8)_ORIGINAL.jpg;26
1890;1933;121;MANDRILLS BKB_121_20190128_id121_malado_(9)_ORIGINAL.jpg;43
2044;1940;121;MANDRILLS BKB_121_20190204_id121_malado_(1)_ORIGINAL.jpg;104
2073;1940;121;MANDRILLS BKB_121_20190204_id121_malado_(3)_ORIGINAL.jpg;133
2099;1940;121;MANDRILLS BKB_121_20190204_id121_malado_(5)_ORIGINAL.jpg;159
2043;1940;121;MANDRILLS BKB_121_20190204_id121_malado_(7)_ORIGINAL.jpg;103
2035;1940;121;MANDRILLS BKB_121_20190204_id121_malado_(9)_ORIGINAL.jpg;95
2038;1948;121;MANDRILLS BKB_121_20190212_id121_malado_(1)_ORIGINAL.jpg;90
2030;1948;121;MANDRILLS BKB_121_20190212_id121_malado_(10)_ORIGINAL.jpg;82
2054;1948;121;MANDRILLS BKB_121_20190212_id121_malado_(11)_ORIGINAL.jpg;106
2075;1948;121;MANDRILLS BKB_121_20190212_id121_malado_(12)_ORIGINAL.jpg;127
2058;1948;121;MANDRILLS BKB_121_20190212_id121_malado_(13)_ORIGINAL.jpg;110
2010;1948;121;MANDRILLS BKB_121_20190212_id121_malado_(14)_ORIGINAL.jpg;62
2072;1948;121;MANDRILLS BKB_121_20190212_id121_malado_(16)_ORIGINAL.jpg;124
2043;1948;121;MANDRILLS BKB_121_20190212_id121_malado_(17)_ORIGINAL.jpg;95
2038;1948;121;MANDRILLS BKB_121_20190212_id121_malado_(18)_ORIGINAL.jpg;90
1995;1948;121;MANDRILLS BKB_121_20190212_id121_malado_(19)_ORIGINAL.jpg;47
2000;1948;121;MANDRILLS BKB_121_20190212_id121_malado_(20)_ORIGINAL.jpg;52
2005;1948;121;MANDRILLS BKB_121_20190212_id121_malado_(21)_ORIGINAL.jpg;57
2030;1948;121;MANDRILLS BKB_121_20190212_id121_malado_(22)_ORIGINAL.jpg;82
2027;1948;121;MANDRILLS BKB_121_20190212_id121_malado_(3)_ORIGINAL.jpg;79
2082;1948;121;MANDRILLS BKB_121_20190212_id121_malado_(4)_ORIGINAL.jpg;134
2006;1948;121;MANDRILLS BKB_121_20190212_id121_malado_(5)_ORIGINAL.jpg;58
2059;1948;121;MANDRILLS BKB_121_20190212_id121_malado_(6)_ORIGINAL.jpg;111
2018;1948;121;MANDRILLS BKB_121_20190212_id121_malado_(8)_ORIGINAL.jpg;70
2045;1948;121;MANDRILLS BKB_121_20190212_id121_malado_(9)_ORIGINAL.jpg;97
2108;1976;121;MANDRILLS BKB_121_20190312_id121_malado_(1).jpg;132
2089;1976;121;MANDRILLS BKB_121_20190312_id121_malado_(10).jpg;113
2002;1976;121;MANDRILLS BKB_121_20190312_id121_malado_(11).jpg;26
2033;1976;121;MANDRILLS BKB_121_20190312_id121_malado_(2).jpg;57
2057;1976;121;MANDRILLS BKB_121_20190312_id121_malado_(3).jpg;81
2077;1976;121;MANDRILLS BKB_121_20190312_id121_malado_(4).jpg;101
2134;1976;121;MANDRILLS BKB_121_20190312_id121_malado_(5).jpg;158
2095;1976;121;MANDRILLS BKB_121_20190312_id121_malado_(6).jpg;119
2137;1976;121;MANDRILLS BKB_121_20190312_id121_malado_(7).jpg;161
2075;1976;121;MANDRILLS BKB_121_20190312_id121_malado_(8).jpg;99
2108;1976;121;MANDRILLS BKB_121_20190312_id121_malado_(9).jpg;132
2111;1977;121;MANDRILLS BKB_121_20190313_id121_malado_(2).jpg;134
2022;1977;121;MANDRILLS BKB_121_20190313_id121_malado_(3).jpg;45
2008;1977;121;MANDRILLS BKB_121_20190313_id121_malado_(4).jpg;31
2195;1979;121;MANDRILLS BKB_121_20190315_id121_malado_(1).jpg;216
2056;1979;121;MANDRILLS BKB_121_20190315_id121_malado_(2).jpg;77
2088;1979;121;MANDRILLS BKB_121_20190315_id121_malado_(3).jpg;109
2086;1981;121;MANDRILLS BKB_121_20190317_id121_malado_(1).jpg;105
2147;1981;121;MANDRILLS BKB_121_20190317_id121_malado_(2).jpg;166
2110;1981;121;MANDRILLS BKB_121_20190317_id121_malado_(3).jpg;129
2081;1981;121;MANDRILLS BKB_121_20190317_id121_malado_(4).jpg;100
2072;1981;121;MANDRILLS BKB_121_20190317_id121_malado_(5).jpg;91
2122;1981;121;MANDRILLS BKB_121_20190317_id121_malado_(6).jpg;141
2098;1983;121;MANDRILLS BKB_121_20190319_id121_malado_(2).jpg;115
2157;1983;121;MANDRILLS BKB_121_20190319_id121_malado_(3).jpg;174
2176;1983;121;MANDRILLS BKB_121_20190319_id121_malado_(4).jpg;193
1977;1983;121;MANDRILLS BKB_121_20190319_id121_malado_(5).jpg;6
2005;1983;121;MANDRILLS BKB_121_20190319_id121_malado_(6).jpg;22
2050;1987;121;MANDRILLS BKB_121_20190323_id121_malado_(1).jpg;63
2098;1987;121;MANDRILLS BKB_121_20190323_id121_malado_(2).jpg;111
2181;1987;121;MANDRILLS BKB_121_20190323_id121_malado_(3).jpg;194
2068;1988;121;MANDRILLS BKB_121_20190324_id121_malado_(1).jpg;80
2024;1988;121;MANDRILLS BKB_121_20190324_id121_malado_(2).jpg;36
2141;1988;121;MANDRILLS BKB_121_20190324_id121_malado_(3).jpg;153
2224;2092;121;MANDRILLS BKB_121_20190706_id121_malado_(2).jpg;132
2112;2094;121;MANDRILLS BKB_121_20190708_id121_malado_(1).jpg;18
2095;2094;121;MANDRILLS BKB_121_20190708_id121_malado_(10).jpg;1
2054;2094;121;MANDRILLS BKB_121_20190708_id121_malado_(13).jpg;40
2095;2094;121;MANDRILLS BKB_121_20190708_id121_malado_(14).jpg;1
2017;2094;121;MANDRILLS BKB_121_20190708_id121_malado_(15).jpg;77
2067;2094;121;MANDRILLS BKB_121_20190708_id121_malado_(16).jpg;27
2091;2094;121;MANDRILLS BKB_121_20190708_id121_malado_(18).jpg;3
2099;2094;121;MANDRILLS BKB_121_20190708_id121_malado_(19).jpg;5
2096;2094;121;MANDRILLS BKB_121_20190708_id121_malado_(2).jpg;2
2097;2094;121;MANDRILLS BKB_121_20190708_id121_malado_(20).jpg;3
2083;2094;121;MANDRILLS BKB_121_20190708_id121_malado_(21).jpg;11
2130;2094;121;MANDRILLS BKB_121_20190708_id121_malado_(22).jpg;36
2087;2094;121;MANDRILLS BKB_121_20190708_id121_malado_(24).jpg;7
2097;2094;121;MANDRILLS BKB_121_20190708_id121_malado_(26).jpg;3
2147;2094;121;MANDRILLS BKB_121_20190708_id121_malado_(27).jpg;53
2117;2094;121;MANDRILLS BKB_121_20190708_id121_malado_(28).jpg;23
2113;2094;121;MANDRILLS BKB_121_20190708_id121_malado_(29).jpg;19
2070;2094;121;MANDRILLS BKB_121_20190708_id121_malado_(3).jpg;24
2087;2094;121;MANDRILLS BKB_121_20190708_id121_malado_(30).jpg;7
2108;2094;121;MANDRILLS BKB_121_20190708_id121_malado_(31).jpg;14
2071;2094;121;MANDRILLS BKB_121_20190708_id121_malado_(32).jpg;23
2121;2094;121;MANDRILLS BKB_121_20190708_id121_malado_(33).jpg;27
2111;2094;121;MANDRILLS BKB_121_20190708_id121_malado_(34).jpg;17
2096;2094;121;MANDRILLS BKB_121_20190708_id121_malado_(36).jpg;2
2083;2094;121;MANDRILLS BKB_121_20190708_id121_malado_(37).jpg;11
2078;2094;121;MANDRILLS BKB_121_20190708_id121_malado_(38).jpg;16
2097;2094;121;MANDRILLS BKB_121_20190708_id121_malado_(39).jpg;3
2035;2094;121;MANDRILLS BKB_121_20190708_id121_malado_(4).jpg;59
2100;2094;121;MANDRILLS BKB_121_20190708_id121_malado_(40).jpg;6
2140;2094;121;MANDRILLS BKB_121_20190708_id121_malado_(41).jpg;46
2148;2094;121;MANDRILLS BKB_121_20190708_id121_malado_(42).jpg;54
2081;2094;121;MANDRILLS BKB_121_20190708_id121_malado_(43).jpg;13
2124;2094;121;MANDRILLS BKB_121_20190708_id121_malado_(46).jpg;30
2142;2094;121;MANDRILLS BKB_121_20190708_id121_malado_(47).jpg;48
2171;2094;121;MANDRILLS BKB_121_20190708_id121_malado_(48).jpg;77
2104;2094;121;MANDRILLS BKB_121_20190708_id121_malado_(49).jpg;10
2025;2094;121;MANDRILLS BKB_121_20190708_id121_malado_(5).jpg;69
2116;2094;121;MANDRILLS BKB_121_20190708_id121_malado_(50).jpg;22
2122;2094;121;MANDRILLS BKB_121_20190708_id121_malado_(51).jpg;28
2122;2094;121;MANDRILLS BKB_121_20190708_id121_malado_(52).jpg;28
2128;2094;121;MANDRILLS BKB_121_20190708_id121_malado_(54).jpg;34
2102;2094;121;MANDRILLS BKB_121_20190708_id121_malado_(55).jpg;8
2087;2094;121;MANDRILLS BKB_121_20190708_id121_malado_(57).jpg;7
2102;2094;121;MANDRILLS BKB_121_20190708_id121_malado_(58).jpg;8
2090;2094;121;MANDRILLS BKB_121_20190708_id121_malado_(60).jpg;4
2088;2094;121;MANDRILLS BKB_121_20190708_id121_malado_(62).jpg;6
2136;2094;121;MANDRILLS BKB_121_20190708_id121_malado_(7).jpg;42
2130;2094;121;MANDRILLS BKB_121_20190708_id121_malado_(8).jpg;36
2277;2127;121;MANDRILLS BKB_121_20190810_id121_malado.jpg;150
2309;2222;121;MANDRILLS BKB_121_20191113_id121_malado_(1).jpg;87
2290;2222;121;MANDRILLS BKB_121_20191113_id121_malado_(2).jpg;68
2385;2222;121;MANDRILLS BKB_121_20191113_id121_malado_(3).jpg;163
2588;2563;121;MANDRILLS BKB_121_20201019_id121_malsub.jpg;25
2617;2566;121;MANDRILLS BKB_121_20201022_id121_malsub_(1).jpg;51
2666;2566;121;MANDRILLS BKB_121_20201022_id121_malsub_(2).jpg;100
2530;2566;121;MANDRILLS BKB_121_20201022_id121_malsub_(3).jpg;36
2621;2566;121;MANDRILLS BKB_121_20201022_id121_malsub_(4).jpg;55
2598;2566;121;MANDRILLS BKB_121_20201022_id121_malsub_(5).jpg;32
2638;2566;121;MANDRILLS BKB_121_20201022_id121_malsub_(6).jpg;72
2536;2566;121;MANDRILLS BKB_121_20201022_id121_malsub_(7).jpg;30
2540;2566;121;MANDRILLS BKB_121_20201022_id121_malsub_(8).jpg;26
2521;2566;121;MANDRILLS BKB_121_20201022_id121_malsub_(9).jpg;45
2332;2578;121;MANDRILLS BKB_121_20201103_id121_malsub.jpg;246
2602;2582;121;MANDRILLS BKB_121_20201107_id121_malsub_(1).jpg;20
2581;2582;121;MANDRILLS BKB_121_20201107_id121_malsub_(2).jpg;1
2530;2585;121;MANDRILLS BKB_121_20201110_id121_malsub.jpg;55
2533;2644;121;MANDRILLS BKB_121_20210108_id121_malsub.jpg;111
2625;2654;121;MANDRILLS BKB_121_20210118_id121_malsub.jpg;29
2679;2672;121;MANDRILLS BKB_121_20210205_id121_malsub_(1).jpg;7
2528;2672;121;MANDRILLS BKB_121_20210205_id121_malsub_(2).jpg;144
2482;2703;121;MANDRILLS BKB_121_20210308_id121_malsub_(1).jpg;221
2429;2703;121;MANDRILLS BKB_121_20210308_id121_malsub_(2).jpg;274
2495;2703;121;MANDRILLS BKB_121_20210308_id121_malsub_(3).jpg;208
2723;2724;121;MANDRILLS BKB_121_20210329_id121_malsub.jpg;1
2624;2727;121;MANDRILLS BKB_121_20210401_id121_malsub_(1).jpg;103
2662;2727;121;MANDRILLS BKB_121_20210401_id121_malsub_(2).jpg;65
2728;2731;121;MANDRILLS BKB_121_20210405_id121_malsub.jpg;3
2751;2783;121;MANDRILLS BKB_121_20210527_id121_malsub.jpg;32
2741;2891;121;MANDRILLS BKB_121_20210912_id121_malsub (1).jpg;150
2859;2891;121;MANDRILLS BKB_121_20210912_id121_malsub (2).jpg;32
2803;2898;121;MANDRILLS BKB_121_20210919_id121_malsub (1).jpg;95
2872;2898;121;MANDRILLS BKB_121_20210919_id121_malsub (2).jpg;26
2762;2916;121;MANDRILLS BKB_121_20211007_id121_malsub.jpg;154
2797;2928;121;MANDRILLS BKB_121_20211019_id121_malsub.jpg;131
428;423;123;MANDRILLS BKB_123_20151204_id123_malinf_(1)_ORIGINAL.jpg;5
404;423;123;MANDRILLS BKB_123_20151204_id123_malinf_(2)_ORIGINAL.jpg;19
3617;4088;13;MANDRILLS BKB_13_20120301_id13_femaduDEVANT_(1)_ORIGINAL.jpg;471
3344;4088;13;MANDRILLS BKB_13_20120301_id13_femadu_(11)_ORIGINAL.jpg;744
3707;4088;13;MANDRILLS BKB_13_20120301_id13_femadu_(14)_ORIGINAL.jpg;381
3149;4088;13;MANDRILLS BKB_13_20120301_id13_femadu_(15)_ORIGINAL.jpg;939
3189;4088;13;MANDRILLS BKB_13_20120301_id13_femadu_(19)_ORIGINAL.jpg;899
3060;4088;13;MANDRILLS BKB_13_20120301_id13_femadu_(20)_ORIGINAL.jpg;1028
3622;4088;13;MANDRILLS BKB_13_20120301_id13_femadu_(21)_ORIGINAL.jpg;466
3322;4088;13;MANDRILLS BKB_13_20120301_id13_femadu_(23)_ORIGINAL.jpg;766
3692;4088;13;MANDRILLS BKB_13_20120301_id13_femadu_(25)_ORIGINAL.jpg;396
3348;4088;13;MANDRILLS BKB_13_20120301_id13_femadu_(26)_ORIGINAL.jpg;740
3257;4088;13;MANDRILLS BKB_13_20120301_id13_femadu_(27)_ORIGINAL.jpg;831
3403;4088;13;MANDRILLS BKB_13_20120301_id13_femadu_(29)_ORIGINAL.jpg;685
3696;4088;13;MANDRILLS BKB_13_20120301_id13_femadu_(33)_ORIGINAL.jpg;392
3689;4088;13;MANDRILLS BKB_13_20120301_id13_femadu_(4)_ORIGINAL.jpg;399
3707;4088;13;MANDRILLS BKB_13_20120301_id13_femadu_(6)_ORIGINAL.jpg;381
3731;4088;13;MANDRILLS BKB_13_20120301_id13_femadu_(7)_ORIGINAL.jpg;357
3679;4088;13;MANDRILLS BKB_13_20120301_id13_femadu_(8)_ORIGINAL.jpg;409
3206;4137;13;MANDRILLS BKB_13_20120419_id13_femadu_(1)_ORIGINAL.jpg;931
3709;4137;13;MANDRILLS BKB_13_20120419_id13_femadu_(2)_ORIGINAL.jpg;428
3128;4137;13;MANDRILLS BKB_13_20120419_id13_femadu_(3)_ORIGINAL.jpg;1009
3210;4137;13;MANDRILLS BKB_13_20120419_id13_femadu_(4)_ORIGINAL.jpg;927
3335;4137;13;MANDRILLS BKB_13_20120419_id13_femadu_(5)_ORIGINAL.jpg;802
3140;4141;13;MANDRILLS BKB_13_20120423_id13_femadu_ORIGINAL.jpg;1001
3766;4160;13;MANDRILLS BKB_13_20120512_id13_femaduDROITE_ORIGINAL.jpg;394
3837;4160;13;MANDRILLS BKB_13_20120512_id13_femadu_(1)_ORIGINAL.jpg;323
3741;4160;13;MANDRILLS BKB_13_20120512_id13_femadu_(2)_ORIGINAL.jpg;419
3656;4162;13;MANDRILLS BKB_13_20120514_id13_femadu_(1)_ORIGINAL.jpg;506
3466;4162;13;MANDRILLS BKB_13_20120514_id13_femadu_(10)_ORIGINAL.jpg;696
3556;4162;13;MANDRILLS BKB_13_20120514_id13_femadu_(11)_ORIGINAL.jpg;606
3553;4162;13;MANDRILLS BKB_13_20120514_id13_femadu_(12)_ORIGINAL.jpg;609
3456;4162;13;MANDRILLS BKB_13_20120514_id13_femadu_(14)_ORIGINAL.jpg;706
3489;4162;13;MANDRILLS BKB_13_20120514_id13_femadu_(15)_ORIGINAL.jpg;673
3596;4162;13;MANDRILLS BKB_13_20120514_id13_femadu_(2)_ORIGINAL.jpg;566
3539;4162;13;MANDRILLS BKB_13_20120514_id13_femadu_(3)_ORIGINAL.jpg;623
3638;4162;13;MANDRILLS BKB_13_20120514_id13_femadu_(4)_ORIGINAL.jpg;524
3766;4162;13;MANDRILLS BKB_13_20120514_id13_femadu_(5)_ORIGINAL.jpg;396
3718;4162;13;MANDRILLS BKB_13_20120514_id13_femadu_(6)_ORIGINAL.jpg;444
3618;4162;13;MANDRILLS BKB_13_20120514_id13_femadu_(7)_ORIGINAL.jpg;544
3668;4162;13;MANDRILLS BKB_13_20120514_id13_femadu_(8)_ORIGINAL.jpg;494
3491;4162;13;MANDRILLS BKB_13_20120514_id13_femadu_(9)_ORIGINAL.jpg;671
3790;4227;13;MANDRILLS BKB_13_20120718_id13_femadu_ORIGINAL.jpg;437
3889;4272;13;MANDRILLS BKB_13_20120901_id13_femadu_(2)_ORIGINAL.jpg;383
3846;4272;13;MANDRILLS BKB_13_20120901_id13_femadu_(3)_ORIGINAL.jpg;426
3785;4272;13;MANDRILLS BKB_13_20120901_id13_femadu_(4)_ORIGINAL.jpg;487
1557;1386;143;MANDRILLS BKB_143_20180704_id143_femadu_(1)_ORIGINAL.jpg;171
1703;1386;143;MANDRILLS BKB_143_20180704_id143_femadu_(10)_ORIGINAL.jpg;317
1677;1386;143;MANDRILLS BKB_143_20180704_id143_femadu_(11)_ORIGINAL.jpg;291
1835;1386;143;MANDRILLS BKB_143_20180704_id143_femadu_(12)_ORIGINAL.jpg;449
1851;1386;143;MANDRILLS BKB_143_20180704_id143_femadu_(13)_ORIGINAL.jpg;465
1840;1386;143;MANDRILLS BKB_143_20180704_id143_femadu_(14)_ORIGINAL.jpg;454
1986;1386;143;MANDRILLS BKB_143_20180704_id143_femadu_(15)_ORIGINAL.jpg;600
1914;1386;143;MANDRILLS BKB_143_20180704_id143_femadu_(16)_ORIGINAL.jpg;528
1947;1386;143;MANDRILLS BKB_143_20180704_id143_femadu_(17)_ORIGINAL.jpg;561
1889;1386;143;MANDRILLS BKB_143_20180704_id143_femadu_(18)_ORIGINAL.jpg;503
1680;1386;143;MANDRILLS BKB_143_20180704_id143_femadu_(19)_ORIGINAL.jpg;294
1657;1386;143;MANDRILLS BKB_143_20180704_id143_femadu_(2)_ORIGINAL.jpg;271
1869;1386;143;MANDRILLS BKB_143_20180704_id143_femadu_(20)_ORIGINAL.jpg;483
1794;1386;143;MANDRILLS BKB_143_20180704_id143_femadu_(21)_ORIGINAL.jpg;408
1871;1386;143;MANDRILLS BKB_143_20180704_id143_femadu_(22)_ORIGINAL.jpg;485
1836;1386;143;MANDRILLS BKB_143_20180704_id143_femadu_(23)_ORIGINAL.jpg;450
1770;1386;143;MANDRILLS BKB_143_20180704_id143_femadu_(24)_ORIGINAL.jpg;384
1768;1386;143;MANDRILLS BKB_143_20180704_id143_femadu_(25)_ORIGINAL.jpg;382
1784;1386;143;MANDRILLS BKB_143_20180704_id143_femadu_(26)_ORIGINAL.jpg;398
1778;1386;143;MANDRILLS BKB_143_20180704_id143_femadu_(27)_ORIGINAL.jpg;392
1863;1386;143;MANDRILLS BKB_143_20180704_id143_femadu_(28)_ORIGINAL.jpg;477
1870;1386;143;MANDRILLS BKB_143_20180704_id143_femadu_(29)_ORIGINAL.jpg;484
1931;1386;143;MANDRILLS BKB_143_20180704_id143_femadu_(3)_ORIGINAL.jpg;545
1799;1386;143;MANDRILLS BKB_143_20180704_id143_femadu_(30)_ORIGINAL.jpg;413
1631;1386;143;MANDRILLS BKB_143_20180704_id143_femadu_(6)_ORIGINAL.jpg;245
1850;1386;143;MANDRILLS BKB_143_20180704_id143_femadu_(7)_ORIGINAL.jpg;464
1780;1386;143;MANDRILLS BKB_143_20180704_id143_femadu_(8)_ORIGINAL.jpg;394
1884;1386;143;MANDRILLS BKB_143_20180704_id143_femadu_(9)_ORIGINAL.jpg;498
1676;1387;143;MANDRILLS BKB_143_20180705_id143_femadu_(1)_ORIGINAL.jpg;289
1807;1387;143;MANDRILLS BKB_143_20180705_id143_femadu_(10)_ORIGINAL.jpg;420
1803;1387;143;MANDRILLS BKB_143_20180705_id143_femadu_(11)_ORIGINAL.jpg;416
1769;1387;143;MANDRILLS BKB_143_20180705_id143_femadu_(12)_ORIGINAL.jpg;382
1577;1387;143;MANDRILLS BKB_143_20180705_id143_femadu_(13)_ORIGINAL.jpg;190
1573;1387;143;MANDRILLS BKB_143_20180705_id143_femadu_(14)_ORIGINAL.jpg;186
1670;1387;143;MANDRILLS BKB_143_20180705_id143_femadu_(15)_ORIGINAL.jpg;283
1731;1387;143;MANDRILLS BKB_143_20180705_id143_femadu_(16)_ORIGINAL.jpg;344
1677;1387;143;MANDRILLS BKB_143_20180705_id143_femadu_(17)_ORIGINAL.jpg;290
1511;1387;143;MANDRILLS BKB_143_20180705_id143_femadu_(18)_ORIGINAL.jpg;124
1612;1387;143;MANDRILLS BKB_143_20180705_id143_femadu_(19)_ORIGINAL.jpg;225
1834;1387;143;MANDRILLS BKB_143_20180705_id143_femadu_(2)_ORIGINAL.jpg;447
1634;1387;143;MANDRILLS BKB_143_20180705_id143_femadu_(20)_ORIGINAL.jpg;247
1688;1387;143;MANDRILLS BKB_143_20180705_id143_femadu_(21)_ORIGINAL.jpg;301
1423;1387;143;MANDRILLS BKB_143_20180705_id143_femadu_(22)_ORIGINAL.jpg;36
1449;1387;143;MANDRILLS BKB_143_20180705_id143_femadu_(23)_ORIGINAL.jpg;62
1523;1387;143;MANDRILLS BKB_143_20180705_id143_femadu_(24)_ORIGINAL.jpg;136
1440;1387;143;MANDRILLS BKB_143_20180705_id143_femadu_(25)_ORIGINAL.jpg;53
1483;1387;143;MANDRILLS BKB_143_20180705_id143_femadu_(26)_ORIGINAL.jpg;96
1505;1387;143;MANDRILLS BKB_143_20180705_id143_femadu_(27)_ORIGINAL.jpg;118
1628;1387;143;MANDRILLS BKB_143_20180705_id143_femadu_(28)_ORIGINAL.jpg;241
1455;1387;143;MANDRILLS BKB_143_20180705_id143_femadu_(29)_ORIGINAL.jpg;68
1727;1387;143;MANDRILLS BKB_143_20180705_id143_femadu_(3)_ORIGINAL.jpg;340
1630;1387;143;MANDRILLS BKB_143_20180705_id143_femadu_(30)_ORIGINAL.jpg;243
1534;1387;143;MANDRILLS BKB_143_20180705_id143_femadu_(31)_ORIGINAL.jpg;147
1460;1387;143;MANDRILLS BKB_143_20180705_id143_femadu_(32)_ORIGINAL.jpg;73
1542;1387;143;MANDRILLS BKB_143_20180705_id143_femadu_(33)_ORIGINAL.jpg;155
1741;1387;143;MANDRILLS BKB_143_20180705_id143_femadu_(4)_ORIGINAL.jpg;354
1541;1387;143;MANDRILLS BKB_143_20180705_id143_femadu_(5)_ORIGINAL.jpg;154
1784;1387;143;MANDRILLS BKB_143_20180705_id143_femadu_(7)_ORIGINAL.jpg;397
1897;1387;143;MANDRILLS BKB_143_20180705_id143_femadu_(8)_ORIGINAL.jpg;510
1736;1387;143;MANDRILLS BKB_143_20180705_id143_femadu_(9)_ORIGINAL.jpg;349
1665;1389;143;MANDRILLS BKB_143_20180707_id143_femaduGAUCHE_(1)_ORIGINAL.jpg;276
1709;1389;143;MANDRILLS BKB_143_20180707_id143_femaduGAUCHE_(2)_ORIGINAL.jpg;320
1756;1389;143;MANDRILLS BKB_143_20180707_id143_femaduGAUCHE_(3)_ORIGINAL.jpg;367
1801;1389;143;MANDRILLS BKB_143_20180707_id143_femaduGAUCHE_(4)_ORIGINAL.jpg;412
1773;1389;143;MANDRILLS BKB_143_20180707_id143_femaduGAUCHE_(5)_ORIGINAL.jpg;384
1782;1389;143;MANDRILLS BKB_143_20180707_id143_femaduGAUCHE_(6)_ORIGINAL.jpg;393
1676;1389;143;MANDRILLS BKB_143_20180707_id143_femadu_(1)_ORIGINAL.jpg;287
1690;1389;143;MANDRILLS BKB_143_20180707_id143_femadu_(13)_ORIGINAL.jpg;301
1712;1389;143;MANDRILLS BKB_143_20180707_id143_femadu_(14)_ORIGINAL.jpg;323
1761;1389;143;MANDRILLS BKB_143_20180707_id143_femadu_(15)_ORIGINAL.jpg;372
1740;1389;143;MANDRILLS BKB_143_20180707_id143_femadu_(16)_ORIGINAL.jpg;351
1784;1389;143;MANDRILLS BKB_143_20180707_id143_femadu_(17)_ORIGINAL.jpg;395
1785;1389;143;MANDRILLS BKB_143_20180707_id143_femadu_(18)_ORIGINAL.jpg;396
1705;1389;143;MANDRILLS BKB_143_20180707_id143_femadu_(19)_ORIGINAL.jpg;316
1779;1389;143;MANDRILLS BKB_143_20180707_id143_femadu_(2)_ORIGINAL.jpg;390
1711;1389;143;MANDRILLS BKB_143_20180707_id143_femadu_(20)_ORIGINAL.jpg;322
1723;1389;143;MANDRILLS BKB_143_20180707_id143_femadu_(21)_ORIGINAL.jpg;334
1779;1389;143;MANDRILLS BKB_143_20180707_id143_femadu_(22)_ORIGINAL.jpg;390
1569;1389;143;MANDRILLS BKB_143_20180707_id143_femadu_(23)_ORIGINAL.jpg;180
1523;1389;143;MANDRILLS BKB_143_20180707_id143_femadu_(24)_ORIGINAL.jpg;134
1680;1389;143;MANDRILLS BKB_143_20180707_id143_femadu_(25)_ORIGINAL.jpg;291
1662;1389;143;MANDRILLS BKB_143_20180707_id143_femadu_(26)_ORIGINAL.jpg;273
1693;1389;143;MANDRILLS BKB_143_20180707_id143_femadu_(27)_ORIGINAL.jpg;304
1691;1389;143;MANDRILLS BKB_143_20180707_id143_femadu_(28)_ORIGINAL.jpg;302
1841;1389;143;MANDRILLS BKB_143_20180707_id143_femadu_(3)_ORIGINAL.jpg;452
1663;1389;143;MANDRILLS BKB_143_20180707_id143_femadu_(30)_ORIGINAL.jpg;274
1713;1389;143;MANDRILLS BKB_143_20180707_id143_femadu_(4)_ORIGINAL.jpg;324
1729;1389;143;MANDRILLS BKB_143_20180707_id143_femadu_(5)_ORIGINAL.jpg;340
1815;1389;143;MANDRILLS BKB_143_20180707_id143_femadu_(6)_ORIGINAL.jpg;426
1945;1400;143;MANDRILLS BKB_143_20180718_id143_femadu_(1)_ORIGINAL.jpg;545
1771;1400;143;MANDRILLS BKB_143_20180718_id143_femadu_(4)_ORIGINAL.jpg;371
1905;1400;143;MANDRILLS BKB_143_20180718_id143_femadu_(5)_ORIGINAL.jpg;505
1872;1400;143;MANDRILLS BKB_143_20180718_id143_femadu_(6)_ORIGINAL.jpg;472
1868;1400;143;MANDRILLS BKB_143_20180718_id143_femadu_(7)_ORIGINAL.jpg;468
1947;1400;143;MANDRILLS BKB_143_20180718_id143_femadu_(8)_ORIGINAL.jpg;547
1646;1405;143;MANDRILLS BKB_143_20180723_id143_femadu_(1)_ORIGINAL.jpg;241
1924;1409;143;MANDRILLS BKB_143_20180727_id143_femadu_(1)_ORIGINAL.jpg;515
1865;1409;143;MANDRILLS BKB_143_20180727_id143_femadu_(2)_ORIGINAL.jpg;456
1860;1409;143;MANDRILLS BKB_143_20180727_id143_femadu_(3)_ORIGINAL.jpg;451
1952;1531;143;MANDRILLS BKB_143_20181126_id143_femadu_(1)_ORIGINAL.jpg;421
1761;1531;143;MANDRILLS BKB_143_20181126_id143_femadu_(2)_ORIGINAL.jpg;230
1841;1531;143;MANDRILLS BKB_143_20181126_id143_femadu_(3)_ORIGINAL.jpg;310
1884;1531;143;MANDRILLS BKB_143_20181126_id143_femadu_(4)_ORIGINAL.jpg;353
1870;1531;143;MANDRILLS BKB_143_20181126_id143_femadu_(5)_ORIGINAL.jpg;339
1868;1531;143;MANDRILLS BKB_143_20181126_id143_femadu_(6)_ORIGINAL.jpg;337
1964;1531;143;MANDRILLS BKB_143_20181126_id143_femadu_(7)_ORIGINAL.jpg;433
1834;1531;143;MANDRILLS BKB_143_20181126_id143_femadu_(8)_ORIGINAL.jpg;303
1745;1531;143;MANDRILLS BKB_143_20181126_id143_femadu_(9)_ORIGINAL.jpg;214
2116;1638;143;MANDRILLS BKB_143_20190313_id143_femadu_(1).jpg;478
2101;1638;143;MANDRILLS BKB_143_20190313_id143_femadu_(2).jpg;463
2347;1686;143;MANDRILLS BKB_143_20190430_id143_femadu_CENTRE.jpg;661
2175;1721;143;MANDRILLS BKB_143_20190604_id143_femadu_(1).jpg;454
2002;1721;143;MANDRILLS BKB_143_20190604_id143_femadu_(2).jpg;281
2098;1721;143;MANDRILLS BKB_143_20190604_id143_femadu_(7).jpg;377
1984;1735;143;MANDRILLS BKB_143_20190618_id143_femadu_(2).jpg;249
2155;1763;143;MANDRILLS BKB_143_20190716_id143_femadu_(2).jpg;392
2222;1815;143;MANDRILLS BKB_143_20190906_id143_femadu_(1).jpg;407
2240;1815;143;MANDRILLS BKB_143_20190906_id143_femadu_(2).jpg;425
2129;1815;143;MANDRILLS BKB_143_20190906_id143_femadu_(3).jpg;314
2189;1815;143;MANDRILLS BKB_143_20190906_id143_femadu_(4).jpg;374
2077;1815;143;MANDRILLS BKB_143_20190906_id143_femadu_(5).jpg;262
2213;1815;143;MANDRILLS BKB_143_20190906_id143_femadu_(6).jpg;398
2252;1815;143;MANDRILLS BKB_143_20190906_id143_femadu_(7).jpg;437
2280;1815;143;MANDRILLS BKB_143_20190906_id143_femadu_(8).jpg;465
2180;1815;143;MANDRILLS BKB_143_20190906_id143_femadu_(9).jpg;365
2191;1868;143;MANDRILLS BKB_143_20191029_id143_femadu.jpg;323
2166;2058;143;MANDRILLS BKB_143_20200506_id143_femadu_(1).jpg;108
2431;2058;143;MANDRILLS BKB_143_20200506_id143_femadu_(2).jpg;373
2185;2058;143;MANDRILLS BKB_143_20200506_id143_femadu_(3).jpg;127
2305;2058;143;MANDRILLS BKB_143_20200506_id143_femadu_(4).jpg;247
2235;2058;143;MANDRILLS BKB_143_20200506_id143_femadu_(5).jpg;177
2794;2234;143;MANDRILLS BKB_143_20201029_id143_femadu.jpg;560
2901;2243;143;MANDRILLS BKB_143_20201107_id143_femadu_(1).jpg;658
2776;2243;143;MANDRILLS BKB_143_20201107_id143_femadu_(2).jpg;533
2660;2243;143;MANDRILLS BKB_143_20201107_id143_femadu_(3).jpg;417
2593;2243;143;MANDRILLS BKB_143_20201107_id143_femadu_(4).jpg;350
2483;2283;143;MANDRILLS BKB_143_20201217_id143_femadu_(3).jpg;200
2652;2303;143;MANDRILLS BKB_143_20210106_id143_femadu.jpg;349
2527;2322;143;MANDRILLS BKB_143_20210125_id143_femadu.jpg;205
2737;2326;143;MANDRILLS BKB_143_20210129_id143_femadu.jpg;411
2207;2327;143;MANDRILLS BKB_143_20210130_id143_femadu_(1).jpg;120
2303;2327;143;MANDRILLS BKB_143_20210130_id143_femadu_(2).jpg;24
2667;2331;143;MANDRILLS BKB_143_20210203_id143_femadu_(2).jpg;336
2648;2331;143;MANDRILLS BKB_143_20210203_id143_femadu_(3).jpg;317
2813;2342;143;MANDRILLS BKB_143_20210214_id143_femadu.jpg;471
2506;2397;143;MANDRILLS BKB_143_20210410_id143_femadu.jpg;109
2617;2552;143;MANDRILLS BKB_143_20210912_id143_femadu.jpg;65
2150;2556;143;MANDRILLS BKB_143_20210916_id143_femadu (1).jpg;406
2447;2559;143;MANDRILLS BKB_143_20210919_id143_femadu.jpg;112
3044;2562;143;MANDRILLS BKB_143_20210922_id143_femadu.jpg;482
2902;2603;143;MANDRILLS BKB_143_20211102_id143_femadu_(1).jpg;299
2489;2603;143;MANDRILLS BKB_143_20211102_id143_femadu_(3).jpg;114
2861;2620;143;MANDRILLS BKB_143_20211119_id143_femadu_(1).jpg;241
2842;2620;143;MANDRILLS BKB_143_20211119_id143_femadu_(2).jpg;222
2855;2627;143;MANDRILLS BKB_143_20211126_id143_femadu_(2).jpg;228
2374;2627;143;MANDRILLS BKB_143_20211126_id143_femadu_(3).jpg;253
2930;2694;143;MANDRILLS BKB_143_20220201_id143_femadu (1).jpg;236
2788;2694;143;MANDRILLS BKB_143_20220201_id143_femadu (2).jpg;94
3035;2704;143;MANDRILLS BKB_143_20220211_id143_femadu (1).jpg;331
2343;2704;143;MANDRILLS BKB_143_20220211_id143_femadu (2).jpg;361
3100;2742;143;MANDRILLS BKB_143_20220321_id143_femadu (1).jpg;358
3030;2742;143;MANDRILLS BKB_143_20220321_id143_femadu (2).jpg;288
3023;2750;143;MANDRILLS BKB_143_20220329_id143_femadu.jpg;273
2548;2751;143;MANDRILLS BKB_143_20220330_id143_femadu (2).jpg;203
2656;2753;143;MANDRILLS BKB_143_20220401_id143_femadu (1).jpg;97
2509;2753;143;MANDRILLS BKB_143_20220401_id143_femadu (2).jpg;244
2776;2798;143;MANDRILLS BKB_143_20220516_id143_femadu (1).jpg;22
2834;2798;143;MANDRILLS BKB_143_20220516_id143_femadu (2).jpg;36
3024;2799;143;MANDRILLS BKB_143_20220517_id143_femadu (1).jpg;225
3178;2799;143;MANDRILLS BKB_143_20220517_id143_femadu (3).jpg;379
3152;2799;143;MANDRILLS BKB_143_20220517_id143_femadu (4).jpg;353
2968;2817;143;MANDRILLS BKB_143_20220604_id143_femadu (1).jpg;151
2759;2842;143;MANDRILLS BKB_143_20220629_id143.jpg;83
3248;2844;143;MANDRILLS BKB_143_20220701_id143.jpg;404
3250;2856;143;MANDRILLS BKB_143_20220713_id143.jpg;394
3124;2857;143;MANDRILLS BKB_143_20220714_id143_femadu (1).jpg;267
3346;2857;143;MANDRILLS BKB_143_20220714_id143_femadu (2).jpg;489
3123;2857;143;MANDRILLS BKB_143_20220714_id143_femadu (3).jpg;266
2726;2860;143;MANDRILLS BKB_143_20220717_id143.jpg;134
2950;2868;143;MANDRILLS BKB_143_20220725_id143.jpg;82
2868;2886;143;MANDRILLS BKB_143_20220812_id143.jpg;18
3012;2889;143;MANDRILLS BKB_143_20220815_id143.jpg;123
3075;2897;143;MANDRILLS BKB_143_20220823_id143 (3).jpg;178
3150;2897;143;MANDRILLS BKB_143_20220823_id143.jpg;253
3258;2900;143;MANDRILLS BKB_143_20220826_id143 (2).jpg;358
3096;2910;143;MANDRILLS BKB_143_20220905_id143.jpg;186
2970;2912;143;MANDRILLS BKB_143_20220907_id143.jpg;58
2984;2914;143;MANDRILLS BKB_143_20220909_id143.jpg;70
3374;2916;143;MANDRILLS BKB_143_20220911_id143.jpg;458
3274;2917;143;MANDRILLS BKB_143_20220912_id143.jpg;357
3260;2962;143;MANDRILLS BKB_143_20221027_id143 (1).jpg;298
3215;2962;143;MANDRILLS BKB_143_20221027_id143 (2).jpg;253
3066;2964;143;MANDRILLS BKB_143_20221029_id143.jpg;102
3162;2980;143;MANDRILLS BKB_143_20221114_id143.jpg;182
2835;2982;143;MANDRILLS BKB_143_20221116_id143.jpg;147
3161;3006;143;MANDRILLS BKB_143_20221210_id143.jpg;155
2748;3007;143;MANDRILLS BKB_143_20221211_id143.jpg;259
2903;3010;143;MANDRILLS BKB_143_20221214_id143 (2).jpg;107
2912;3010;143;MANDRILLS BKB_143_20221214_id143.jpg;98
2426;3014;143;MANDRILLS BKB_143_20221218_id143.jpg;588
3021;3018;143;MANDRILLS BKB_143_20221222_id143.jpg;3
1336;1359;161;MANDRILLS BKB_161_20180711_161_femadu_(1)_ORIGINAL.jpg;23
1331;1359;161;MANDRILLS BKB_161_20180711_161_femadu_(2)_ORIGINAL.jpg;28
1251;1359;161;MANDRILLS BKB_161_20180711_161_femadu_(3)_ORIGINAL.jpg;108
1608;1359;161;MANDRILLS BKB_161_20180711_161_femadu_(4)_ORIGINAL.jpg;249
1537;1359;161;MANDRILLS BKB_161_20180711_161_femadu_(5)_ORIGINAL.jpg;178
1524;1359;161;MANDRILLS BKB_161_20180711_161_femadu_(6)_ORIGINAL.jpg;165
1451;1371;161;MANDRILLS BKB_161_20180723_id161_femadu_(2)_ORIGINAL.jpg;80
1564;1371;161;MANDRILLS BKB_161_20180723_id161_femadu_(3)_ORIGINAL.jpg;193
1539;1374;161;MANDRILLS BKB_161_20180726_id161_femadu_(1)_ORIGINAL.jpg;165
1686;1374;161;MANDRILLS BKB_161_20180726_id161_femadu_(2)_ORIGINAL.jpg;312
1483;1374;161;MANDRILLS BKB_161_20180726_id161_femadu_(3)_ORIGINAL.jpg;109
1420;1374;161;MANDRILLS BKB_161_20180726_id161_femadu_(4)_ORIGINAL.jpg;46
1708;1374;161;MANDRILLS BKB_161_20180726_id161_femadu_(5)_ORIGINAL.jpg;334
1637;1374;161;MANDRILLS BKB_161_20180726_id161_femadu_(6)_ORIGINAL.jpg;263
1649;1374;161;MANDRILLS BKB_161_20180726_id161_femadu_(7)_ORIGINAL.jpg;275
1344;1395;161;MANDRILLS BKB_161_20180816_id161_femadu_(1)_ORIGINAL.jpg;51
1283;1395;161;MANDRILLS BKB_161_20180816_id161_femadu_(2)_ORIGINAL.jpg;112
1513;1606;161;MANDRILLS BKB_161_20190315_id161_femadu_(1).jpg;93
1602;1606;161;MANDRILLS BKB_161_20190315_id161_femadu_(10).jpg;4
1747;1606;161;MANDRILLS BKB_161_20190315_id161_femadu_(11).jpg;141
1416;1606;161;MANDRILLS BKB_161_20190315_id161_femadu_(12).jpg;190
2072;1606;161;MANDRILLS BKB_161_20190315_id161_femadu_(4).jpg;466
2034;1606;161;MANDRILLS BKB_161_20190315_id161_femadu_(5).jpg;428
1684;1606;161;MANDRILLS BKB_161_20190315_id161_femadu_(6).jpg;78
1587;1606;161;MANDRILLS BKB_161_20190315_id161_femadu_(7).jpg;19
1703;1606;161;MANDRILLS BKB_161_20190315_id161_femadu_(9).jpg;97
1654;1610;161;MANDRILLS BKB_161_20190319_id161_femadu_HAUT_(1).jpg;44
1677;1610;161;MANDRILLS BKB_161_20190319_id161_femadu_HAUT_(2).jpg;67
1884;1779;161;MANDRILLS BKB_161_20190904_id161_femadu_DROITE_(1).jpg;105
2003;1779;161;MANDRILLS BKB_161_20190904_id161_femadu_DROITE_(2).jpg;224
1535;1856;161;MANDRILLS BKB_161_20191120_id161_femadu.jpg;321
1613;1881;161;MANDRILLS BKB_161_20191215_id161_femadu.jpg;268
1943;2193;161;MANDRILLS BKB_161_20201022_id161_femadu_(1).jpg;250
1960;2193;161;MANDRILLS BKB_161_20201022_id161_femadu_(2).jpg;233
1800;2193;161;MANDRILLS BKB_161_20201022_id161_femadu_(3).jpg;393
1843;2193;161;MANDRILLS BKB_161_20201022_id161_femadu_(5).jpg;350
1976;2208;161;MANDRILLS BKB_161_20201106_id161_femadu_(1).jpg;232
2248;2208;161;MANDRILLS BKB_161_20201106_id161_femadu_(2).jpg;40
1538;2209;161;MANDRILLS BKB_161_20201107_id161_femadu.jpg;671
2096;2226;161;MANDRILLS BKB_161_20201124_id161_femadu_(1).jpg;130
1887;2226;161;MANDRILLS BKB_161_20201124_id161_femadu_(2).jpg;339
1825;2245;161;MANDRILLS BKB_161_20201213_id161_femadu_(1).jpg;420
1888;2245;161;MANDRILLS BKB_161_20201213_id161_femadu_(2).jpg;357
2043;2245;161;MANDRILLS BKB_161_20201213_id161_femadu_(3).jpg;202
1929;2245;161;MANDRILLS BKB_161_20201213_id161_femadu_(4).jpg;316
2180;2245;161;MANDRILLS BKB_161_20201213_id161_femadu_(5).jpg;65
2005;2245;161;MANDRILLS BKB_161_20201213_id161_femadu_(6).jpg;240
2190;2245;161;MANDRILLS BKB_161_20201213_id161_femadu_(7).jpg;55
2114;2245;161;MANDRILLS BKB_161_20201213_id161_femadu_(8).jpg;131
2086;2247;161;MANDRILLS BKB_161_20201215_id161_femadu.jpg;161
2242;2248;161;MANDRILLS BKB_161_20201216_id161_femadu_(1).jpg;6
1848;2248;161;MANDRILLS BKB_161_20201216_id161_femadu_(2).jpg;400
1869;2259;161;MANDRILLS BKB_161_20201227_id161_femadu.jpg;390
2192;2262;161;MANDRILLS BKB_161_20201230_id161_femadu.jpg;70
1994;2276;161;MANDRILLS BKB_161_20210113_id161_femadu_(1).jpg;282
1871;2276;161;MANDRILLS BKB_161_20210113_id161_femadu_(2).jpg;405
2074;2312;161;MANDRILLS BKB_161_20210218_id161_femadu.jpg;238
1964;2320;161;MANDRILLS BKB_161_20210226_id161_femadu_(1).jpg;356
2009;2320;161;MANDRILLS BKB_161_20210226_id161_femadu_(2).jpg;311
2091;2330;161;MANDRILLS BKB_161_20210308_id161_femadu_(1).jpg;239
2212;2330;161;MANDRILLS BKB_161_20210308_id161_femadu_(2).jpg;118
2090;2355;161;MANDRILLS BKB_161_20210402_id161_femadu.jpg;265
1966;2363;161;MANDRILLS BKB_161_20210410_id161_femadu_(1).jpg;397
1885;2363;161;MANDRILLS BKB_161_20210410_id161_femadu_(2).jpg;478
1896;2363;161;MANDRILLS BKB_161_20210410_id161_femadu_(3).jpg;467
1808;2375;161;MANDRILLS BKB_161_20210422_id161_femadu.jpg;567
1913;2518;161;MANDRILLS BKB_161_20210912_id161_femadu (2).jpg;605
1562;2518;161;MANDRILLS BKB_161_20210912_id161_femadu_(1).jpg;956
1902;2518;161;MANDRILLS BKB_161_20210912_id161_femadu_(2).jpg;616
2012;2525;161;MANDRILLS BKB_161_20210919_id161_femadu.jpg;513
1969;2528;161;MANDRILLS BKB_161_20210922_id161_femadu (1).jpg;559
2025;2528;161;MANDRILLS BKB_161_20210922_id161_femadu (2).jpg;503
1935;2528;161;MANDRILLS BKB_161_20210922_id161_femadu_(1).jpg;593
2120;2542;161;MANDRILLS BKB_161_20211006_id161_femadu.jpg;422
2206;2654;161;MANDRILLS BKB_161_20220126_id161.jpg;448
2038;2685;161;MANDRILLS BKB_161_20220226_id161_femadu (1).jpg;647
1963;2685;161;MANDRILLS BKB_161_20220226_id161_femadu (2).jpg;722
2291;2717;161;MANDRILLS BKB_161_20220330_id161_femadu.jpg;426
2041;2728;161;MANDRILLS BKB_161_20220410_id161_femadu(6).jpg;687
2144;2787;161;MANDRILLS BKB_161_20220608_id161_femadu (1).jpg;643
2094;2787;161;MANDRILLS BKB_161_20220608_id161_femadu (2).jpg;693
2236;2803;161;MANDRILLS BKB_161_20220624_id161_femadu (1).jpg;567
2144;2803;161;MANDRILLS BKB_161_20220624_id161_femadu (2).jpg;659
2101;2803;161;MANDRILLS BKB_161_20220624_id161_femadu (3).jpg;702
2216;2803;161;MANDRILLS BKB_161_20220624_id161_femadu (4).jpg;587
2191;2803;161;MANDRILLS BKB_161_20220624_id161_femadu (5).jpg;612
2067;2808;161;MANDRILLS BKB_161_20220629_id161 (1).jpg;741
2326;2808;161;MANDRILLS BKB_161_20220629_id161 (2).jpg;482
2268;2808;161;MANDRILLS BKB_161_20220629_id161.jpg;540
2363;2810;161;MANDRILLS BKB_161_20220701_id161 (2).jpg;447
2264;2823;161;MANDRILLS BKB_161_20220714_id161_femadu (1).jpg;559
2190;2823;161;MANDRILLS BKB_161_20220714_id161_femadu (2).jpg;633
2159;2827;161;MANDRILLS BKB_161_20220718_id161.jpg;668
2138;2838;161;MANDRILLS BKB_161_20220729_id161.jpg;700
2248;2842;161;MANDRILLS BKB_161_20220802_id161.jpg;594
2171;2863;161;MANDRILLS BKB_161_20220823_id161 (2).jpg;692
2129;2863;161;MANDRILLS BKB_161_20220823_id161 (3).jpg;734
2185;2863;161;MANDRILLS BKB_161_20220823_id161.jpg;678
2160;2866;161;MANDRILLS BKB_161_20220826_id161.jpg;706
2178;2875;161;MANDRILLS BKB_161_20220904_id161.jpg;697
2089;2876;161;MANDRILLS BKB_161_20220905_id161.jpg;787
2114;2889;161;MANDRILLS BKB_161_20220918_id161.jpg;775
2067;2892;161;MANDRILLS BKB_161_20220921_id161.jpg;825
2207;2906;161;MANDRILLS BKB_161_20221005_id161 (1).jpg;699
2186;2906;161;MANDRILLS BKB_161_20221005_id161 (2).jpg;720
1978;2920;161;MANDRILLS BKB_161_20221019_id161.jpg;942
1997;2922;161;MANDRILLS BKB_161_20221021_id161 (1).jpg;925
2180;2922;161;MANDRILLS BKB_161_20221021_id161 (2).jpg;742
2220;2962;161;MANDRILLS BKB_161_20221130_id161 (2).jpg;742
2088;2962;161;MANDRILLS BKB_161_20221130_id161 (3).jpg;874
2201;2962;161;MANDRILLS BKB_161_20221130_id161.jpg;761
2264;2976;161;MANDRILLS BKB_161_20221214_id161 (1).jpg;712
2198;2976;161;MANDRILLS BKB_161_20221214_id161 (2).jpg;778
2141;2976;161;MANDRILLS BKB_161_20221214_id161 (3).jpg;835
2271;2983;161;MANDRILLS BKB_161_20221221_id161.jpg;712
70;76;182;MANDRILLS BKB_182_20150419_id971_feminfDEVANT_(1)_ORIGINAL.jpg;6
1807;1662;182;MANDRILLS BKB_182_20190822_id182_maljuv_(1).jpg;145
1811;1662;182;MANDRILLS BKB_182_20190822_id182_maljuv_(10).jpg;149
1724;1662;182;MANDRILLS BKB_182_20190822_id182_maljuv_(2).jpg;62
1769;1662;182;MANDRILLS BKB_182_20190822_id182_maljuv_(3).jpg;107
1775;1662;182;MANDRILLS BKB_182_20190822_id182_maljuv_(4).jpg;113
1771;1662;182;MANDRILLS BKB_182_20190822_id182_maljuv_(5).jpg;109
1797;1662;182;MANDRILLS BKB_182_20190822_id182_maljuv_(6).jpg;135
1819;1662;182;MANDRILLS BKB_182_20190822_id182_maljuv_(7).jpg;157
1820;1662;182;MANDRILLS BKB_182_20190822_id182_maljuv_(8).jpg;158
1783;1662;182;MANDRILLS BKB_182_20190822_id182_maljuv_(9).jpg;121
1771;1689;182;MANDRILLS BKB_182_20190918_id182_maljuv_(1).jpg;82
1633;1689;182;MANDRILLS BKB_182_20190918_id182_maljuv_(2).jpg;56
1843;1750;182;MANDRILLS BKB_182_20191118_id182_maljuv.jpg;93
2015;1751;182;MANDRILLS BKB_182_20191119_id182_maljuv.jpg;264
1996;1801;182;MANDRILLS BKB_182_20200108_id182_maljuv_(1).jpg;195
1916;1801;182;MANDRILLS BKB_182_20200108_id182_maljuv_(2).jpg;115
1905;1847;182;MANDRILLS BKB_182_20200223_id182_malado_(1).jpg;58
1964;1847;182;MANDRILLS BKB_182_20200223_id182_malado_(7).jpg;117
1960;1847;182;MANDRILLS BKB_182_20200223_id182_malado_(8).jpg;113
2008;1920;182;MANDRILLS BKB_182_20200506_id182_malado.jpg;88
2119;2089;182;MANDRILLS BKB_182_20201022_id182_malado_(1).jpg;30
2060;2089;182;MANDRILLS BKB_182_20201022_id182_malado_(2).jpg;29
2100;2172;182;MANDRILLS BKB_182_20210113_id182_malado_(1).jpg;72
2175;2172;182;MANDRILLS BKB_182_20210113_id182_malado_(2).jpg;3
2268;2254;182;MANDRILLS BKB_182_20210405_id182_malado_(1).jpg;14
2221;2254;182;MANDRILLS BKB_182_20210405_id182_malado_(2).jpg;33
2300;2268;182;MANDRILLS BKB_182_20210419_id182_malado_(1).jpg;32
2280;2268;182;MANDRILLS BKB_182_20210419_id182_malado_(2).jpg;12
2385;2268;182;MANDRILLS BKB_182_20210419_id182_malado_(3).jpg;117
2476;2332;182;MANDRILLS BKB_182_20210622_id182_malado.jpg;144
2528;2419;182;MANDRILLS BKB_182_20210917_id182_malado.jpg;109
2633;2510;182;MANDRILLS BKB_182_20211217_id182_malado_(1).jpg;123
2542;2510;182;MANDRILLS BKB_182_20211217_id182_malado_(2).jpg;32
2633;2510;182;MANDRILLS BKB_182_20211217_id182_malado_(4).jpg;123
2608;2512;182;MANDRILLS BKB_182_20211219_id182_malado.jpg;96
2454;2515;182;MANDRILLS BKB_182_20211222_id182_malado_(1).jpg;61
2578;2515;182;MANDRILLS BKB_182_20211222_id182_malado_(2).jpg;63
2695;2519;182;MANDRILLS BKB_182_20211226_id182_malado.jpg;176
1185;1096;187;MANDRILLS BKB_187_20190319_id187_malado_(5).jpg;89
1186;1096;187;MANDRILLS BKB_187_20190319_id187_malado_(6).jpg;90
1294;1215;187;MANDRILLS BKB_187_20190716_id187_maljuv_(1).jpg;79
1313;1215;187;MANDRILLS BKB_187_20190716_id187_maljuv_(2).jpg;98
1519;1215;187;MANDRILLS BKB_187_20190716_id187_maljuv_(3).jpg;304
1312;1215;187;MANDRILLS BKB_187_20190716_id187_maljuv_(4).jpg;97
1305;1265;187;MANDRILLS BKB_187_20190904_id187_maljuv_(1).jpg;40
1245;1265;187;MANDRILLS BKB_187_20190904_id187_maljuv_(11).jpg;20
1283;1265;187;MANDRILLS BKB_187_20190904_id187_maljuv_(12).jpg;18
1271;1265;187;MANDRILLS BKB_187_20190904_id187_maljuv_(13).jpg;6
1298;1265;187;MANDRILLS BKB_187_20190904_id187_maljuv_(14).jpg;33
1424;1265;187;MANDRILLS BKB_187_20190904_id187_maljuv_(15).jpg;159
1331;1265;187;MANDRILLS BKB_187_20190904_id187_maljuv_(16).jpg;66
1252;1265;187;MANDRILLS BKB_187_20190904_id187_maljuv_(17).jpg;13
1245;1265;187;MANDRILLS BKB_187_20190904_id187_maljuv_(2).jpg;20
1273;1265;187;MANDRILLS BKB_187_20190904_id187_maljuv_(3).jpg;8
1337;1265;187;MANDRILLS BKB_187_20190904_id187_maljuv_(4).jpg;72
1289;1265;187;MANDRILLS BKB_187_20190904_id187_maljuv_(5).jpg;24
1349;1265;187;MANDRILLS BKB_187_20190904_id187_maljuv_(6).jpg;84
1338;1265;187;MANDRILLS BKB_187_20190904_id187_maljuv_(7).jpg;73
1296;1265;187;MANDRILLS BKB_187_20190904_id187_maljuv_(8).jpg;31
1353;1265;187;MANDRILLS BKB_187_20190904_id187_maljuv_(9).jpg;88
1466;1319;187;MANDRILLS BKB_187_20191028_id187_maljuv.jpg;147
1565;1320;187;MANDRILLS BKB_187_20191029_id187_maljuv_(1).jpg;245
1507;1320;187;MANDRILLS BKB_187_20191029_id187_maljuv_(2).jpg;187
1429;1320;187;MANDRILLS BKB_187_20191029_id187_maljuv_(3).jpg;109
1435;1359;187;MANDRILLS BKB_187_20191207_id187_maljuv_(1).jpg;76
1480;1359;187;MANDRILLS BKB_187_20191207_id187_maljuv_(2).jpg;121
1618;1438;187;MANDRILLS BKB_187_20200224_id187_maljuv_(1).jpg;180
1548;1438;187;MANDRILLS BKB_187_20200224_id187_maljuv_(2).jpg;110
1559;1438;187;MANDRILLS BKB_187_20200224_id187_maljuv_(3).jpg;121
1510;1455;187;MANDRILLS BKB_187_20200312_id187_maljuv.jpg;55
1519;1675;187;MANDRILLS BKB_187_20201018_id187_malado_(1).jpg;156
1544;1675;187;MANDRILLS BKB_187_20201018_id187_malado_(2).jpg;131
1905;1679;187;MANDRILLS BKB_187_20201022_id187_malado_(2).jpg;226
1944;1679;187;MANDRILLS BKB_187_20201022_id187_malado_(3).jpg;265
1826;1712;187;MANDRILLS BKB_187_20201124_id187_malado_(1).jpg;114
1915;1712;187;MANDRILLS BKB_187_20201124_id187_malado_(2).jpg;203
1823;1762;187;MANDRILLS BKB_187_20210113_id187_malado_(1).jpg;61
1821;1762;187;MANDRILLS BKB_187_20210113_id187_malado_(2).jpg;59
1877;1762;187;MANDRILLS BKB_187_20210113_id187_malado_(3).jpg;115
2005;1769;187;MANDRILLS BKB_187_20210120_id187_malado.jpg;236
1941;1778;187;MANDRILLS BKB_187_20210129_id187_malado_(1).jpg;163
1774;1778;187;MANDRILLS BKB_187_20210129_id187_malado_(2).jpg;4
1815;1778;187;MANDRILLS BKB_187_20210129_id187_malado_(3).jpg;37
2039;1783;187;MANDRILLS BKB_187_20210203_id187_malado_(1).jpg;256
1643;1783;187;MANDRILLS BKB_187_20210203_id187_malado_(2).jpg;140
1852;1783;187;MANDRILLS BKB_187_20210203_id187_malado_(3).jpg;69
2051;1806;187;MANDRILLS BKB_187_20210226_id187_malado.jpg;245
2092;1859;187;MANDRILLS BKB_187_20210420_id187_malado.jpg;233
2198;1953;187;MANDRILLS BKB_187_20210723_id187_malado_(1).jpg;245
2190;1953;187;MANDRILLS BKB_187_20210723_id187_malado_(2).jpg;237
2131;1953;187;MANDRILLS BKB_187_20210723_id187_malado_(3).jpg;178
2241;1953;187;MANDRILLS BKB_187_20210723_id187_malado_(4).jpg;288
2325;1953;187;MANDRILLS BKB_187_20210723_id187_malado_(5).jpg;372
2200;1953;187;MANDRILLS BKB_187_20210723_id187_malado_(6).jpg;247
1993;2001;187;MANDRILLS BKB_187_20210909_id187_malado.jpg;8
2189;2011;187;MANDRILLS BKB_187_20210919_id187_malsub.jpg;178
2062;2038;187;MANDRILLS BKB_187_20211016_id187_malado_(2).jpg;24
2134;2038;187;MANDRILLS BKB_187_20211016_id187_malado_(3).jpg;96
2223;2051;187;MANDRILLS BKB_187_20211029_id187_malado.jpg;172
2294;2087;187;MANDRILLS BKB_187_20211204_ID187_malado_(1).jpg;207
2204;2087;187;MANDRILLS BKB_187_20211204_ID187_malado_(2).jpg;117
2234;2093;187;MANDRILLS BKB_187_20211210_id187_malado.jpg;141
2276;2100;187;MANDRILLS BKB_187_20211217_id187_malado_(1).jpg;176
2267;2100;187;MANDRILLS BKB_187_20211217_id187_malado_(2).jpg;167
2284;2109;187;MANDRILLS BKB_187_20211226_id187_malado_(1).jpg;175
2354;2109;187;MANDRILLS BKB_187_20211226_id187_malado_(3).jpg;245
2345;2109;187;MANDRILLS BKB_187_20211226_id187_malado_(4).jpg;236
2368;2109;187;MANDRILLS BKB_187_20211226_id187_malado_(5).jpg;259
2309;2136;187;MANDRILLS BKB_187_20220122_id187.jpg;173
2329;2144;187;MANDRILLS BKB_187_20220130_id187 (2).jpg;185
2445;2144;187;MANDRILLS BKB_187_20220130_id187 (3).jpg;301
2335;2144;187;MANDRILLS BKB_187_20220130_id187.jpg;191
2484;2144;187;MANDRILLS BKB_187_20220130_id187_mal.jpg;340
2406;2144;187;MANDRILLS BKB_187_20220130_id187_malJPG.jpg;262
2344;2161;187;MANDRILLS BKB_187_20220216_id187_malado.jpg;183
2231;2171;187;MANDRILLS BKB_187_20220226_id187_malado.jpg;60
2273;2182;187;MANDRILLS BKB_187_20220309_id187_malado.jpg;91
2342;2196;187;MANDRILLS BKB_187_20220323_id187_malado (1).jpg;146
2808;2196;187;MANDRILLS BKB_187_20220323_id187_malado (2).jpg;612
2522;2203;187;MANDRILLS BKB_187_20220330_id187_malado.jpg;319
2377;2205;187;MANDRILLS BKB_187_20220401_id187_malado (1).jpg;172
2232;2205;187;MANDRILLS BKB_187_20220401_id187_malado (2).jpg;27
2200;2214;187;MANDRILLS BKB_187_20220410_id187_malado.jpg;14
2462;2230;187;MANDRILLS BKB_187_20220426_id187_malado (1).jpg;232
2418;2230;187;MANDRILLS BKB_187_20220426_id187_malado (2).jpg;188
2562;2237;187;MANDRILLS BKB_187_20220503_id187_malado.jpg;325
2284;2243;187;MANDRILLS BKB_187_20220509_id187_malado (1).jpg;41
2441;2243;187;MANDRILLS BKB_187_20220509_id187_malado (2).jpg;198
2543;2243;187;MANDRILLS BKB_187_20220509_id187_malado.jpg;300
2476;2249;187;MANDRILLS BKB_187_20220515_id187_malado (1).jpg;227
2235;2249;187;MANDRILLS BKB_187_20220515_id187_malado (2).jpg;14
2445;2252;187;MANDRILLS BKB_187_20220518_id187_malado.jpg;193
2430;2260;187;MANDRILLS BKB_187_20220526_id187_malado.jpg;170
2435;2264;187;MANDRILLS BKB_187_20220530_id187_malado.jpg;171
2412;2268;187;MANDRILLS BKB_187_20220603_id187_malado.jpg;144
2481;2272;187;MANDRILLS BKB_187_20220607_id187_malado (2).jpg;209
2331;2272;187;MANDRILLS BKB_187_20220607_id187_malado.jpg;59
2328;2279;187;MANDRILLS BKB_187_20220614_id187_malado (2).jpg;49
2415;2279;187;MANDRILLS BKB_187_20220614_id187_malado.jpg;136
2585;2288;187;MANDRILLS BKB_187_20220623_id187_malado.jpg;297
2267;2289;187;MANDRILLS BKB_187_20220624_id187_malado.jpg;22
2667;2294;187;MANDRILLS BKB_187_20220629_id187 (2).jpg;373
2559;2294;187;MANDRILLS BKB_187_20220629_id187.jpg;265
2490;2296;187;MANDRILLS BKB_187_20220701_id187.jpg;194
2546;2301;187;MANDRILLS BKB_187_20220706_id187 (2).jpg;245
2494;2301;187;MANDRILLS BKB_187_20220706_id187.jpg;193
2714;2304;187;MANDRILLS BKB_187_20220709_id187 (2).jpg;410
2578;2304;187;MANDRILLS BKB_187_20220709_id187.jpg;274
2411;2311;187;MANDRILLS BKB_187_20220716_id187.jpg;100
2565;2312;187;MANDRILLS BKB_187_20220717_id187.jpg;253
2446;2313;187;MANDRILLS BKB_187_20220718_id187.jpg;133
2420;2321;187;MANDRILLS BKB_187_20220726_id187.jpg;99
2495;2327;187;MANDRILLS BKB_187_20220801_id187.jpg;168
2433;2338;187;MANDRILLS BKB_187_20220812_id187.jpg;95
2654;2341;187;MANDRILLS BKB_187_20220815_id187.jpg;313
2556;2344;187;MANDRILLS BKB_187_20220818_id187.jpg;212
2552;2361;187;MANDRILLS BKB_187_20220904_id187.jpg;191
2580;2364;187;MANDRILLS BKB_187_20220907_id187.jpg;216
2337;2392;187;MANDRILLS BKB_187_20221005_id187 (1).jpg;55
2536;2392;187;MANDRILLS BKB_187_20221005_id187 (2).jpg;144
2457;2427;187;MANDRILLS BKB_187_20221109_id187.jpg;30
2611;2435;187;MANDRILLS BKB_187_20221117_id187.jpg;176
2593;2441;187;MANDRILLS BKB_187_20221123_id187 (2).jpg;152
2641;2441;187;MANDRILLS BKB_187_20221123_id187 (3).jpg;200
2534;2472;187;MANDRILLS BKB_187_20221224_id187.jpg;62
2525;2475;187;MANDRILLS BKB_187_20221227_id187 (2).jpg;50
2556;2475;187;MANDRILLS BKB_187_20221227_id187.jpg;81
1889;1614;188;MANDRILLS BKB_188_20190714_id188_malado_(1).jpg;275
1945;1614;188;MANDRILLS BKB_188_20190714_id188_malado_(2).jpg;331
1948;1614;188;MANDRILLS BKB_188_20190714_id188_malado_(3).jpg;334
1854;1614;188;MANDRILLS BKB_188_20190714_id188_malado_(4).jpg;240
1902;1614;188;MANDRILLS BKB_188_20190714_id188_malado_(5).jpg;288
1862;1614;188;MANDRILLS BKB_188_20190714_id188_malado_(6).jpg;248
1888;1614;188;MANDRILLS BKB_188_20190714_id188_malado_(7).jpg;274
1900;1614;188;MANDRILLS BKB_188_20190714_id188_malado_(8).jpg;286
1865;1653;188;MANDRILLS BKB_188_20190822_id188_malado_(1).jpg;212
1804;1653;188;MANDRILLS BKB_188_20190822_id188_malado_(6).jpg;151
1779;1666;188;MANDRILLS BKB_188_20190904_id188_malado_(10).jpg;113
1798;1666;188;MANDRILLS BKB_188_20190904_id188_malado_(11).jpg;132
1831;1666;188;MANDRILLS BKB_188_20190904_id188_malado_(12).jpg;165
1773;1666;188;MANDRILLS BKB_188_20190904_id188_malado_(13).jpg;107
1769;1666;188;MANDRILLS BKB_188_20190904_id188_malado_(14).jpg;103
1853;1666;188;MANDRILLS BKB_188_20190904_id188_malado_(15).jpg;187
1821;1666;188;MANDRILLS BKB_188_20190904_id188_malado_(16).jpg;155
1926;1666;188;MANDRILLS BKB_188_20190904_id188_malado_(17).jpg;260
1903;1666;188;MANDRILLS BKB_188_20190904_id188_malado_(18).jpg;237
1920;1666;188;MANDRILLS BKB_188_20190904_id188_malado_(20).jpg;254
1875;1666;188;MANDRILLS BKB_188_20190904_id188_malado_(23).jpg;209
1830;1666;188;MANDRILLS BKB_188_20190904_id188_malado_(24).jpg;164
1867;1666;188;MANDRILLS BKB_188_20190904_id188_malado_(25).jpg;201
1805;1666;188;MANDRILLS BKB_188_20190904_id188_malado_(27).jpg;139
1868;1666;188;MANDRILLS BKB_188_20190904_id188_malado_(28).jpg;202
1854;1666;188;MANDRILLS BKB_188_20190904_id188_malado_(3).jpg;188
1815;1666;188;MANDRILLS BKB_188_20190904_id188_malado_(6).jpg;149
1770;1666;188;MANDRILLS BKB_188_20190904_id188_malado_(7).jpg;104
1842;1666;188;MANDRILLS BKB_188_20190904_id188_malado_(8).jpg;176
1808;1666;188;MANDRILLS BKB_188_20190904_id188_malado_(9).jpg;142
1880;1673;188;MANDRILLS BKB_188_20190911_id188_malado.jpg;207
1954;1720;188;MANDRILLS BKB_188_20191028_id188_malado_(1).jpg;234
1956;1720;188;MANDRILLS BKB_188_20191028_id188_malado_(2).jpg;236
1867;1721;188;MANDRILLS BKB_188_20191029_id188_malado_(1).jpg;146
1956;1721;188;MANDRILLS BKB_188_20191029_id188_malado_(2).jpg;235
1907;1737;188;MANDRILLS BKB_188_20191114_id188_malado.jpg;170
1949;1760;188;MANDRILLS BKB_188_20191207_id188_malado.jpg;189
1986;1784;188;MANDRILLS BKB_188_20191231_id188_malado_(1).jpg;202
1995;1784;188;MANDRILLS BKB_188_20191231_id188_malado_(2).jpg;211
2160;1862;188;MANDRILLS BKB_188_20200318_id188_malado.jpg;298
2108;1911;188;MANDRILLS BKB_188_20200506_id188_malado.jpg;197
2213;2078;188;MANDRILLS BKB_188_20201020_id188_malado_(1).jpg;135
2184;2078;188;MANDRILLS BKB_188_20201020_id188_malado_(2).jpg;106
2170;2080;188;MANDRILLS BKB_188_20201022_id188_malado_(1).jpg;90
2093;2080;188;MANDRILLS BKB_188_20201022_id188_malado_(10).jpg;13
2134;2080;188;MANDRILLS BKB_188_20201022_id188_malado_(11).jpg;54
2152;2080;188;MANDRILLS BKB_188_20201022_id188_malado_(2).jpg;72
2187;2080;188;MANDRILLS BKB_188_20201022_id188_malado_(3).jpg;107
2172;2080;188;MANDRILLS BKB_188_20201022_id188_malado_(4).jpg;92
2178;2080;188;MANDRILLS BKB_188_20201022_id188_malado_(5).jpg;98
2164;2080;188;MANDRILLS BKB_188_20201022_id188_malado_(6).jpg;84
2236;2080;188;MANDRILLS BKB_188_20201022_id188_malado_(7).jpg;156
2150;2080;188;MANDRILLS BKB_188_20201022_id188_malado_(8).jpg;70
2231;2080;188;MANDRILLS BKB_188_20201022_id188_malado_(9).jpg;151
2282;2093;188;MANDRILLS BKB_188_20201104_id188_malado_(1).jpg;189
2167;2093;188;MANDRILLS BKB_188_20201104_id188_malado_(2).jpg;74
2224;2114;188;MANDRILLS BKB_188_20201125_id188_malado_(1).jpg;110
2192;2114;188;MANDRILLS BKB_188_20201125_id188_malado_(2).jpg;78
2216;2114;188;MANDRILLS BKB_188_20201125_id188_malado_(3).jpg;102
2274;2132;188;MANDRILLS BKB_188_20201213_id188_malado_(1).jpg;142
2258;2132;188;MANDRILLS BKB_188_20201213_id188_malado_(2).jpg;126
2277;2132;188;MANDRILLS BKB_188_20201213_id188_malado_(3).jpg;145
2267;2154;188;MANDRILLS BKB_188_20210104_id188_malado.jpg;113
2359;2161;188;MANDRILLS BKB_188_20210111_id188_malado_(1).jpg;198
2290;2161;188;MANDRILLS BKB_188_20210111_id188_malado_(2).jpg;129
2284;2165;188;MANDRILLS BKB_188_20210115_id188_malado.jpg;119
2311;2170;188;MANDRILLS BKB_188_20210120_id188_malado_(1).jpg;141
2298;2170;188;MANDRILLS BKB_188_20210120_id188_malado_(2).jpg;128
2177;2182;188;MANDRILLS BKB_188_20210201_id188_malado_(1).jpg;5
2471;2182;188;MANDRILLS BKB_188_20210201_id188_malado_(2).jpg;289
2320;2182;188;MANDRILLS BKB_188_20210201_id188_malado_(3).jpg;138
2318;2182;188;MANDRILLS BKB_188_20210201_id188_malado_(4).jpg;136
2227;2182;188;MANDRILLS BKB_188_20210201_id188_malado_(5).jpg;45
2232;2182;188;MANDRILLS BKB_188_20210201_id188_malado_(6).jpg;50
2265;2182;188;MANDRILLS BKB_188_20210201_id188_malado_(7).jpg;83
2232;2182;188;MANDRILLS BKB_188_20210201_id188_malado_(8).jpg;50
2311;2182;188;MANDRILLS BKB_188_20210201_id188_malado_(9).jpg;129
2335;2185;188;MANDRILLS BKB_188_20210204_id188_(1).jpg;150
2267;2185;188;MANDRILLS BKB_188_20210204_id188_(2).jpg;82
2350;2185;188;MANDRILLS BKB_188_20210204_id188_(3).jpg;165
2207;2207;188;MANDRILLS BKB_188_20210226_id188_malado_(1).jpg;0
2382;2207;188;MANDRILLS BKB_188_20210226_id188_malado_(2).jpg;175
2341;2207;188;MANDRILLS BKB_188_20210226_id188_malado_(3).jpg;134
2378;2207;188;MANDRILLS BKB_188_20210226_id188_malado_(4).jpg;171
2338;2207;188;MANDRILLS BKB_188_20210226_id188_malado_(5).jpg;131
2321;2241;188;MANDRILLS BKB_188_20210401_id188_malado.jpg;80
2379;2250;188;MANDRILLS BKB_188_20210410_id188_malado.jpg;129
2480;2260;188;MANDRILLS BKB_188_20210420_id188_malado_(1).jpg;220
2505;2260;188;MANDRILLS BKB_188_20210420_id188_malado_(2).jpg;245
2584;2297;188;MANDRILLS BKB_188_20210527_id188_malado_(2).jpg;287
2401;2297;188;MANDRILLS BKB_188_20210527_id188_malado_(4).jpg;104
2516;2297;188;MANDRILLS BKB_188_20210527_id188_malado_(5).jpg;219
2532;2297;188;MANDRILLS BKB_188_20210527_id188_malado_(6).jpg;235
2447;2297;188;MANDRILLS BKB_188_20210527_id188_malado_(7).jpg;150
2523;2297;188;MANDRILLS BKB_188_20210527_id188_malado_(8).jpg;226
2541;2297;188;MANDRILLS BKB_188_20210527_id188_malado_(9).jpg;244
2430;2310;188;MANDRILLS BKB_188_20210609_id188_malado.jpg;120
2390;2391;188;MANDRILLS BKB_188_20210829_id188_malado.jpg;1
2360;2402;188;MANDRILLS BKB_188_20210909_id188_malado.jpg;42
2409;2412;188;MANDRILLS BKB_188_20210919_id188_malado (1).jpg;3
2513;2412;188;MANDRILLS BKB_188_20210919_id188_malado (2).jpg;101
2613;2412;188;MANDRILLS BKB_188_20210919_id188_malado (3).jpg;201
2454;2442;188;MANDRILLS BKB_188_20211019_id188_malado.jpg;12
1201;1085;196;MANDRILLS BKB_196_20191029_id196_maljuv.jpg;116
1330;1095;196;MANDRILLS BKB_196_20191108_id196_maljuv_(1).jpg;235
1254;1095;196;MANDRILLS BKB_196_20191108_id196_maljuv_(2).jpg;159
1084;1100;196;MANDRILLS BKB_196_20191113_id196_maljuv.jpg;16
1336;1186;196;MANDRILLS BKB_196_20200207_id196_maljuv_(1).jpg;150
1325;1186;196;MANDRILLS BKB_196_20200207_id196_maljuv_(2).jpg;139
1349;1203;196;MANDRILLS BKB_196_20200224_id196_maljuv_(1).jpg;146
1378;1203;196;MANDRILLS BKB_196_20200224_id196_maljuv_(2).jpg;175
1337;1203;196;MANDRILLS BKB_196_20200224_id196_maljuv_(3).jpg;134
1318;1203;196;MANDRILLS BKB_196_20200224_id196_maljuv_(4).jpg;115
1193;1228;196;MANDRILLS BKB_196_20200320_id196_maljuv_(1).jpg;35
1390;1228;196;MANDRILLS BKB_196_20200320_id196_maljuv_(2).jpg;162
1379;1440;196;MANDRILLS BKB_196_20201018_id196_maljuv_(1).jpg;61
1391;1440;196;MANDRILLS BKB_196_20201018_id196_maljuv_(2).jpg;49
1519;1440;196;MANDRILLS BKB_196_20201018_id196_maljuv_(3).jpg;79
1434;1440;196;MANDRILLS BKB_196_20201018_id196_maljuv_(4).jpg;6
1518;1440;196;MANDRILLS BKB_196_20201018_id196_maljuv_(5).jpg;78
1607;1441;196;MANDRILLS BKB_196_20201019_id196_maljuv.jpg;166
1498;1444;196;MANDRILLS BKB_196_20201022_id196_maljuv_(1).jpg;54
1468;1444;196;MANDRILLS BKB_196_20201022_id196_maljuv_(2).jpg;24
1523;1444;196;MANDRILLS BKB_196_20201022_id196_maljuv_(3).jpg;79
1454;1477;196;MANDRILLS BKB_196_20201124_id196_malado.jpg;23
1548;1496;196;MANDRILLS BKB_196_20201213_id196_malado_(1).jpg;52
1590;1496;196;MANDRILLS BKB_196_20201213_id196_malado_(2).jpg;94
1642;1504;196;MANDRILLS BKB_196_20201221_id196_malado.jpg;138
1555;1513;196;MANDRILLS BKB_196_20201230_id196_malado_(1).jpg;42
1480;1513;196;MANDRILLS BKB_196_20201230_id196_malado_(2).jpg;33
1651;1514;196;MANDRILLS BKB_196_20201231_id196_malado.jpg;137
1716;1543;196;MANDRILLS BKB_196_20210129_id196_malado_(1).jpg;173
1468;1543;196;MANDRILLS BKB_196_20210129_id196_malado_(2).jpg;75
1770;1646;196;MANDRILLS BKB_196_20210512_id196_malado.jpg;124
1704;1654;196;MANDRILLS BKB_196_20210520_id196_malado_(1).jpg;50
1777;1654;196;MANDRILLS BKB_196_20210520_id196_malado_(2).jpg;123
1777;1654;196;MANDRILLS BKB_196_20210520_id196_malado_(3).jpg;123
1713;1654;196;MANDRILLS BKB_196_20210520_id196_malado_(4).jpg;59
1788;1654;196;MANDRILLS BKB_196_20210520_id196_malado_(5).jpg;134
1799;1654;196;MANDRILLS BKB_196_20210520_id196_malado_(6).jpg;145
1774;1664;196;MANDRILLS BKB_196_20210530_id196_malado_(1).jpg;110
1875;1664;196;MANDRILLS BKB_196_20210530_id196_malado_(2).jpg;211
1966;1708;196;MANDRILLS BKB_196_20210713_id196_malado.jpg;258
1795;1755;196;MANDRILLS BKB_196_20210829_id196_malado_(1).jpg;40
1806;1755;196;MANDRILLS BKB_196_20210829_id196_malado_(2).jpg;51
1897;1755;196;MANDRILLS BKB_196_20210829_id196_malado_(3).jpg;142
1903;1755;196;MANDRILLS BKB_196_20210829_id196_malado_(4).jpg;148
1817;1766;196;MANDRILLS BKB_196_20210909_id196_malado.jpg;51
1858;1803;196;MANDRILLS BKB_196_20211016_id196_malado.jpg;55
1803;1842;196;MANDRILLS BKB_196_20211124_id196_malado.jpg;39
1835;1861;196;MANDRILLS BKB_196_20211213_id196_malado.jpg;26
1936;1874;196;MANDRILLS BKB_196_20211226_id196_malado_(1).jpg;62
1993;1874;196;MANDRILLS BKB_196_20211226_id196_malado_(2).jpg;119
1892;1911;196;MANDRILLS BKB_196_20220201_id196_malado (1).jpg;19
1912;1911;196;MANDRILLS BKB_196_20220201_id196_malado (2).jpg;1
2025;1911;196;MANDRILLS BKB_196_20220201_id196_malado (3).jpg;114
2010;1911;196;MANDRILLS BKB_196_20220201_id196_malado (4).jpg;99
1985;1911;196;MANDRILLS BKB_196_20220201_id196_malado (5).jpg;74
2023;1927;196;MANDRILLS BKB_196_20220217_id196_ado.jpg;96
1857;1930;196;MANDRILLS BKB_196_20220220_id196_malado.jpg;73
2114;1933;196;MANDRILLS BKB_196_20220223_id196_malado (1).jpg;181
1893;1933;196;MANDRILLS BKB_196_20220223_id196_malado (2).jpg;40
1915;1947;196;MANDRILLS BKB_196_20220309_id196_malado.jpg;32
2082;1964;196;MANDRILLS BKB_196_20220326_id196_malado (1).jpg;118
2052;1964;196;MANDRILLS BKB_196_20220326_id196_malado (2).jpg;88
2004;1964;196;MANDRILLS BKB_196_20220326_id196_malado (3).jpg;40
2002;1964;196;MANDRILLS BKB_196_20220326_id196_malado.jpg;38
2006;1995;196;MANDRILLS BKB_196_20220426_id196_malado (1).jpg;11
2057;2014;196;MANDRILLS BKB_196_20220515_id196_malado (2).jpg;43
2015;2014;196;MANDRILLS BKB_196_20220515_id196_malado (3).jpg;1
2184;2023;196;MANDRILLS BKB_196_20220524_id196_malado (1).jpg;161
2018;2023;196;MANDRILLS BKB_196_20220524_id196_malado (2).jpg;5
2117;2025;196;MANDRILLS BKB_196_20220526_id196_malado.jpg;92
2190;2037;196;MANDRILLS BKB_196_20220607_id196_malado.jpg;153
2147;2053;196;MANDRILLS BKB_196_20220623_id196_malado (1).jpg;94
2061;2053;196;MANDRILLS BKB_196_20220623_id196_malado (2).jpg;8
2034;2054;196;MANDRILLS BKB_196_20220624_id196_malado (1).jpg;20
2061;2054;196;MANDRILLS BKB_196_20220624_id196_malado (2).jpg;7
2026;2054;196;MANDRILLS BKB_196_20220624_id196_malado (3).jpg;28
2071;2059;196;MANDRILLS BKB_196_20220629_id196.jpg;12
2074;2065;196;MANDRILLS BKB_196_20220705_id196.jpg;9
2038;2066;196;MANDRILLS BKB_196_20220706_id196 (1).jpg;28
2023;2066;196;MANDRILLS BKB_196_20220706_id196 (2).jpg;43
2171;2071;196;MANDRILLS BKB_196_20220711_id196.jpg;100
2010;2076;196;MANDRILLS BKB_196_20220716_id196.jpg;66
2025;2077;196;MANDRILLS BKB_196_20220717_id196 (2).jpg;52
2104;2077;196;MANDRILLS BKB_196_20220717_id196.jpg;27
1955;2092;196;MANDRILLS BKB_196_20220801_id196 (2).jpg;137
2092;2092;196;MANDRILLS BKB_196_20220801_id196 (3).jpg;0
2208;2092;196;MANDRILLS BKB_196_20220801_id196.jpg;116
2108;2094;196;MANDRILLS BKB_196_20220803_id196 (2).jpg;14
2140;2094;196;MANDRILLS BKB_196_20220803_id196 (3).jpg;46
2012;2099;196;MANDRILLS BKB_196_20220808_id196.jpg;87
2209;2106;196;MANDRILLS BKB_196_20220815_id196.jpg;103
2234;2114;196;MANDRILLS BKB_196_20220823_id196.jpg;120
2144;2118;196;MANDRILLS BKB_196_20220827_id196.jpg;26
2023;2119;196;MANDRILLS BKB_196_20220828_id196.jpg;96
2152;2126;196;MANDRILLS BKB_196_20220904_id196.jpg;26
2140;2157;196;MANDRILLS BKB_196_20221005_id196 (1).jpg;17
2115;2157;196;MANDRILLS BKB_196_20221005_id196 (2).jpg;42
2170;2162;196;MANDRILLS BKB_196_20221010_id196.jpg;8
2256;2173;196;MANDRILLS BKB_196_20221021_id196.jpg;83
2280;2222;196;MANDRILLS BKB_196_20221209_id196 (2).jpg;58
2166;2222;196;MANDRILLS BKB_196_20221209_id196 (3).jpg;56
2527;2227;196;MANDRILLS BKB_196_20221214_id196.jpg;300
2217;2231;196;MANDRILLS BKB_196_20221218_id196 (2).jpg;14
2261;2231;196;MANDRILLS BKB_196_20221218_id196.jpg;30
4011;3764;20;MANDRILLS BKB_20_20120921_id20_femadu_(2)_ORIGINAL.jpg;247
-24;0;206;MANDRILLS BKB_206_20140325_id816_malinfDROITE_(1)_ORIGINAL.jpg;24
-4;0;206;MANDRILLS BKB_206_20140325_id816_malinfDROITE_(11)_ORIGINAL.jpg;4
-12;0;206;MANDRILLS BKB_206_20140325_id816_malinfDROITE_(20)_ORIGINAL.jpg;12
3;0;206;MANDRILLS BKB_206_20140325_id816_malinfDROITE_(21)_ORIGINAL.jpg;3
-30;0;206;MANDRILLS BKB_206_20140325_id816_malinfDROITE_(30)_ORIGINAL.jpg;30
-11;0;206;MANDRILLS BKB_206_20140325_id816_malinfDROITE_(9)_ORIGINAL.jpg;11
1;7;206;MANDRILLS BKB_206_20140401_id816_malinfDEVANT_(1)_ORIGINAL.jpg;6
13;7;206;MANDRILLS BKB_206_20140401_id816_malinfDEVANT_(4)_ORIGINAL.jpg;6
4;7;206;MANDRILLS BKB_206_20140401_id816_malinfDEVANT_(5)_ORIGINAL.jpg;3
-13;7;206;MANDRILLS BKB_206_20140401_id816_malinfDROITE_(1)_ORIGINAL.jpg;20
28;7;206;MANDRILLS BKB_206_20140401_id816_malinfDROITE_(11)_ORIGINAL.jpg;21
28;7;206;MANDRILLS BKB_206_20140401_id816_malinfDROITE_(14)_ORIGINAL.jpg;21
25;7;206;MANDRILLS BKB_206_20140401_id816_malinfDROITE_(17)_ORIGINAL.jpg;18
32;7;206;MANDRILLS BKB_206_20140401_id816_malinfDROITE_(18)_ORIGINAL.jpg;25
6;7;206;MANDRILLS BKB_206_20140401_id816_malinfDROITE_(2)_ORIGINAL.jpg;1
14;7;206;MANDRILLS BKB_206_20140401_id816_malinfDROITE_(20)_ORIGINAL.jpg;7
22;7;206;MANDRILLS BKB_206_20140401_id816_malinfDROITE_(23)_ORIGINAL.jpg;15
13;7;206;MANDRILLS BKB_206_20140401_id816_malinfDROITE_(24)_ORIGINAL.jpg;6
31;7;206;MANDRILLS BKB_206_20140401_id816_malinfDROITE_(25)_ORIGINAL.jpg;24
3;7;206;MANDRILLS BKB_206_20140401_id816_malinfDROITE_(26)_ORIGINAL.jpg;4
18;7;206;MANDRILLS BKB_206_20140401_id816_malinfDROITE_(27)_ORIGINAL.jpg;11
15;7;206;MANDRILLS BKB_206_20140401_id816_malinfDROITE_(28)_ORIGINAL.jpg;8
0;7;206;MANDRILLS BKB_206_20140401_id816_malinfDROITE_(29)_ORIGINAL.jpg;7
26;7;206;MANDRILLS BKB_206_20140401_id816_malinfDROITE_(34)_ORIGINAL.jpg;19
24;7;206;MANDRILLS BKB_206_20140401_id816_malinfDROITE_(39)_ORIGINAL.jpg;17
26;7;206;MANDRILLS BKB_206_20140401_id816_malinfDROITE_(4)_ORIGINAL.jpg;19
10;7;206;MANDRILLS BKB_206_20140401_id816_malinfDROITE_(40)_ORIGINAL.jpg;3
37;7;206;MANDRILLS BKB_206_20140401_id816_malinfDROITE_(41)_ORIGINAL.jpg;30
23;7;206;MANDRILLS BKB_206_20140401_id816_malinfDROITE_(42)_ORIGINAL.jpg;16
23;7;206;MANDRILLS BKB_206_20140401_id816_malinfDROITE_(45)_ORIGINAL.jpg;16
-9;7;206;MANDRILLS BKB_206_20140401_id816_malinfDROITE_(6)_ORIGINAL.jpg;16
19;7;206;MANDRILLS BKB_206_20140401_id816_malinfDROITE_(7)_ORIGINAL.jpg;12
42;7;206;MANDRILLS BKB_206_20140401_id816_malinfDROITE_(9)_ORIGINAL.jpg;35
-12;17;206;MANDRILLS BKB_206_20140411_id816_malinfDEVANT_(1)_ORIGINAL.jpg;29
24;17;206;MANDRILLS BKB_206_20140411_id816_malinfDEVANT_(11)_ORIGINAL.jpg;7
9;17;206;MANDRILLS BKB_206_20140411_id816_malinfDEVANT_(17)_ORIGINAL.jpg;8
1;17;206;MANDRILLS BKB_206_20140411_id816_malinfDEVANT_(22)_ORIGINAL.jpg;16
6;17;206;MANDRILLS BKB_206_20140411_id816_malinfDEVANT_(26)_ORIGINAL.jpg;11
8;17;206;MANDRILLS BKB_206_20140411_id816_malinfDEVANT_(3)_ORIGINAL.jpg;9
3;17;206;MANDRILLS BKB_206_20140411_id816_malinfDEVANT_(32)_ORIGINAL.jpg;14
9;17;206;MANDRILLS BKB_206_20140411_id816_malinfDEVANT_(37)_ORIGINAL.jpg;8
9;17;206;MANDRILLS BKB_206_20140411_id816_malinfDEVANT_(4)_ORIGINAL.jpg;8
18;17;206;MANDRILLS BKB_206_20140411_id816_malinfDEVANT_(45)_ORIGINAL.jpg;1
-5;17;206;MANDRILLS BKB_206_20140411_id816_malinfDEVANT_(46)_ORIGINAL.jpg;22
12;17;206;MANDRILLS BKB_206_20140411_id816_malinfDEVANT_(50)_ORIGINAL.jpg;5
983;838;206;MANDRILLS BKB_206_20160710_id816_maljuvMINI_ORIGINAL.jpg;145
1032;838;206;MANDRILLS BKB_206_20160710_id816_maljuv_(1)_ORIGINAL.jpg;194
1196;871;206;MANDRILLS BKB_206_20160812_id816_maljuv_ORIGINAL.jpg;325
945;927;206;MANDRILLS BKB_206_20161007_id816_maljuv_(1)_ORIGINAL.jpg;18
937;927;206;MANDRILLS BKB_206_20161007_id816_maljuv_(2)_ORIGINAL.jpg;10
1074;927;206;MANDRILLS BKB_206_20161007_id816_maljuv_(3)_ORIGINAL.jpg;147
1380;965;206;MANDRILLS BKB_206_20161114_id816_maljuv_ORIGINAL.jpg;415
1863;1556;206;MANDRILLS BKB_206_20180628_id816_maljuvDROITE_(1)_ORIGINAL.jpg;307
1694;1556;206;MANDRILLS BKB_206_20180628_id816_maljuvDROITE_(10)_ORIGINAL.jpg;138
1675;1556;206;MANDRILLS BKB_206_20180628_id816_maljuvDROITE_(11)_ORIGINAL.jpg;119
1763;1556;206;MANDRILLS BKB_206_20180628_id816_maljuvDROITE_(12)_ORIGINAL.jpg;207
1580;1556;206;MANDRILLS BKB_206_20180628_id816_maljuvDROITE_(13)_ORIGINAL.jpg;24
1612;1556;206;MANDRILLS BKB_206_20180628_id816_maljuvDROITE_(14)_ORIGINAL.jpg;56
1725;1556;206;MANDRILLS BKB_206_20180628_id816_maljuvDROITE_(15)_ORIGINAL.jpg;169
1923;1556;206;MANDRILLS BKB_206_20180628_id816_maljuvDROITE_(16)_ORIGINAL.jpg;367
1621;1556;206;MANDRILLS BKB_206_20180628_id816_maljuvDROITE_(2)_ORIGINAL.jpg;65
1598;1556;206;MANDRILLS BKB_206_20180628_id816_maljuvDROITE_(3)_ORIGINAL.jpg;42
1786;1556;206;MANDRILLS BKB_206_20180628_id816_maljuvDROITE_(4)_ORIGINAL.jpg;230
1858;1556;206;MANDRILLS BKB_206_20180628_id816_maljuvDROITE_(5)_ORIGINAL.jpg;302
1822;1556;206;MANDRILLS BKB_206_20180628_id816_maljuvDROITE_(6)_ORIGINAL.jpg;266
1749;1556;206;MANDRILLS BKB_206_20180628_id816_maljuvDROITE_(7)_ORIGINAL.jpg;193
1615;1556;206;MANDRILLS BKB_206_20180628_id816_maljuvDROITE_(8)_ORIGINAL.jpg;59
1734;1556;206;MANDRILLS BKB_206_20180628_id816_maljuvDROITE_(9)_ORIGINAL.jpg;178
1837;1560;206;MANDRILLS BKB_206_20180702_id816_maljuv_(1)_ORIGINAL.jpg;277
1775;1560;206;MANDRILLS BKB_206_20180702_id816_maljuv_(2)_ORIGINAL.jpg;215
1743;1563;206;MANDRILLS BKB_206_20180705_id816_maljuv_(1)_ORIGINAL.jpg;180
1842;1563;206;MANDRILLS BKB_206_20180705_id816_maljuv_(10)_ORIGINAL.jpg;279
1855;1563;206;MANDRILLS BKB_206_20180705_id816_maljuv_(12)_ORIGINAL.jpg;292
1899;1563;206;MANDRILLS BKB_206_20180705_id816_maljuv_(13)_ORIGINAL.jpg;336
1879;1563;206;MANDRILLS BKB_206_20180705_id816_maljuv_(14)_ORIGINAL.jpg;316
1689;1563;206;MANDRILLS BKB_206_20180705_id816_maljuv_(15)_ORIGINAL.jpg;126
1709;1563;206;MANDRILLS BKB_206_20180705_id816_maljuv_(16)_ORIGINAL.jpg;146
1818;1563;206;MANDRILLS BKB_206_20180705_id816_maljuv_(3)_ORIGINAL.jpg;255
1801;1563;206;MANDRILLS BKB_206_20180705_id816_maljuv_(4)_ORIGINAL.jpg;238
1822;1563;206;MANDRILLS BKB_206_20180705_id816_maljuv_(5)_ORIGINAL.jpg;259
1841;1563;206;MANDRILLS BKB_206_20180705_id816_maljuv_(7)_ORIGINAL.jpg;278
1876;1563;206;MANDRILLS BKB_206_20180705_id816_maljuv_(8)_ORIGINAL.jpg;313
1691;1563;206;MANDRILLS BKB_206_20180705_id816_maljuv_(9)_ORIGINAL.jpg;128
1987;1723;206;MANDRILLS BKB_206_20181212_id816_maljuv_(1)_ORIGINAL.jpg;264
1974;1723;206;MANDRILLS BKB_206_20181212_id816_maljuv_(10)_ORIGINAL.jpg;251
2050;1723;206;MANDRILLS BKB_206_20181212_id816_maljuv_(11)_ORIGINAL.jpg;327
2113;1723;206;MANDRILLS BKB_206_20181212_id816_maljuv_(12)_ORIGINAL.jpg;390
2037;1723;206;MANDRILLS BKB_206_20181212_id816_maljuv_(13)_ORIGINAL.jpg;314
1744;1723;206;MANDRILLS BKB_206_20181212_id816_maljuv_(14)_ORIGINAL.jpg;21
1986;1723;206;MANDRILLS BKB_206_20181212_id816_maljuv_(15)_ORIGINAL.jpg;263
1750;1723;206;MANDRILLS BKB_206_20181212_id816_maljuv_(16)_ORIGINAL.jpg;27
1760;1723;206;MANDRILLS BKB_206_20181212_id816_maljuv_(17)_ORIGINAL.jpg;37
2068;1723;206;MANDRILLS BKB_206_20181212_id816_maljuv_(2)_ORIGINAL.jpg;345
1926;1723;206;MANDRILLS BKB_206_20181212_id816_maljuv_(3)_ORIGINAL.jpg;203
2042;1723;206;MANDRILLS BKB_206_20181212_id816_maljuv_(4)_ORIGINAL.jpg;319
1774;1723;206;MANDRILLS BKB_206_20181212_id816_maljuv_(5)_ORIGINAL.jpg;51
1837;1723;206;MANDRILLS BKB_206_20181212_id816_maljuv_(6)_ORIGINAL.jpg;114
1901;1723;206;MANDRILLS BKB_206_20181212_id816_maljuv_(7)_ORIGINAL.jpg;178
1900;1723;206;MANDRILLS BKB_206_20181212_id816_maljuv_(8)_ORIGINAL.jpg;177
1998;1723;206;MANDRILLS BKB_206_20181212_id816_maljuv_(9)_ORIGINAL.jpg;275
2054;1777;206;MANDRILLS BKB_206_20190204_id816_maljuv_(1)_ORIGINAL.jpg;277
1973;1777;206;MANDRILLS BKB_206_20190204_id816_maljuv_(11)_ORIGINAL.jpg;196
2001;1777;206;MANDRILLS BKB_206_20190204_id816_maljuv_(13)_ORIGINAL.jpg;224
2048;1777;206;MANDRILLS BKB_206_20190204_id816_maljuv_(18)_ORIGINAL.jpg;271
2083;1777;206;MANDRILLS BKB_206_20190204_id816_maljuv_(2)_ORIGINAL.jpg;306
2059;1777;206;MANDRILLS BKB_206_20190204_id816_maljuv_(3)_ORIGINAL.jpg;282
2036;1777;206;MANDRILLS BKB_206_20190204_id816_maljuv_(5)_ORIGINAL.jpg;259
1946;1777;206;MANDRILLS BKB_206_20190204_id816_maljuv_(7)_ORIGINAL.jpg;169
1979;1785;206;MANDRILLS BKB_206_20190212_id816_maljuv_(1)_ORIGINAL.jpg;194
2018;1785;206;MANDRILLS BKB_206_20190212_id816_maljuv_(19)_ORIGINAL.jpg;233
1964;1785;206;MANDRILLS BKB_206_20190212_id816_maljuv_(20)_ORIGINAL.jpg;179
1998;1785;206;MANDRILLS BKB_206_20190212_id816_maljuv_(21)_ORIGINAL.jpg;213
1977;1785;206;MANDRILLS BKB_206_20190212_id816_maljuv_(29)_ORIGINAL.jpg;192
2001;1785;206;MANDRILLS BKB_206_20190212_id816_maljuv_(3)_ORIGINAL.jpg;216
1969;1785;206;MANDRILLS BKB_206_20190212_id816_maljuv_(31)_ORIGINAL.jpg;184
2046;1785;206;MANDRILLS BKB_206_20190212_id816_maljuv_(33)_ORIGINAL.jpg;261
2053;1785;206;MANDRILLS BKB_206_20190212_id816_maljuv_(36)_ORIGINAL.jpg;268
1931;1813;206;MANDRILLS BKB_206_20190312_id816_malado_(1).jpg;118
1970;1813;206;MANDRILLS BKB_206_20190312_id816_malado_(2).jpg;157
2098;1813;206;MANDRILLS BKB_206_20190312_id816_malado_(3).jpg;285
2014;1813;206;MANDRILLS BKB_206_20190312_id816_malado_(4).jpg;201
2009;1813;206;MANDRILLS BKB_206_20190312_id816_malado_(5).jpg;196
1933;1813;206;MANDRILLS BKB_206_20190312_id816_malado_(6).jpg;120
1879;1813;206;MANDRILLS BKB_206_20190312_id816_malado_(7).jpg;66
2043;1814;206;MANDRILLS BKB_206_20190313_id816_malado_(1).jpg;229
1922;1814;206;MANDRILLS BKB_206_20190313_id816_malado_(2).jpg;108
2024;1814;206;MANDRILLS BKB_206_20190313_id816_malado_(3).jpg;210
2043;1814;206;MANDRILLS BKB_206_20190313_id816_malado_(4).jpg;229
2060;1814;206;MANDRILLS BKB_206_20190313_id816_malado_(5).jpg;246
2091;1814;206;MANDRILLS BKB_206_20190313_id816_malado_(6).jpg;277
2068;1814;206;MANDRILLS BKB_206_20190313_id816_malado_(7).jpg;254
2047;1820;206;MANDRILLS BKB_206_20190319_id816_malado_(1).jpg;227
2035;1820;206;MANDRILLS BKB_206_20190319_id816_malado_(11).jpg;215
2008;1820;206;MANDRILLS BKB_206_20190319_id816_malado_(12).jpg;188
2016;1820;206;MANDRILLS BKB_206_20190319_id816_malado_(13).jpg;196
2117;1820;206;MANDRILLS BKB_206_20190319_id816_malado_(14).jpg;297
2026;1820;206;MANDRILLS BKB_206_20190319_id816_malado_(16).jpg;206
2094;1820;206;MANDRILLS BKB_206_20190319_id816_malado_(19).jpg;274
2010;1820;206;MANDRILLS BKB_206_20190319_id816_malado_(2).jpg;190
2031;1820;206;MANDRILLS BKB_206_20190319_id816_malado_(20).jpg;211
2044;1820;206;MANDRILLS BKB_206_20190319_id816_malado_(21).jpg;224
1974;1820;206;MANDRILLS BKB_206_20190319_id816_malado_(22).jpg;154
2000;1820;206;MANDRILLS BKB_206_20190319_id816_malado_(23).jpg;180
2047;1820;206;MANDRILLS BKB_206_20190319_id816_malado_(26).jpg;227
2021;1820;206;MANDRILLS BKB_206_20190319_id816_malado_(27).jpg;201
1996;1820;206;MANDRILLS BKB_206_20190319_id816_malado_(28).jpg;176
1994;1820;206;MANDRILLS BKB_206_20190319_id816_malado_(29).jpg;174
2118;1820;206;MANDRILLS BKB_206_20190319_id816_malado_(3).jpg;298
2076;1820;206;MANDRILLS BKB_206_20190319_id816_malado_(30).jpg;256
1943;1820;206;MANDRILLS BKB_206_20190319_id816_malado_(31).jpg;123
2141;1820;206;MANDRILLS BKB_206_20190319_id816_malado_(4).jpg;321
2018;1820;206;MANDRILLS BKB_206_20190319_id816_malado_(5).jpg;198
1989;1820;206;MANDRILLS BKB_206_20190319_id816_malado_(6).jpg;169
2035;1820;206;MANDRILLS BKB_206_20190319_id816_malado_(7).jpg;215
2016;1820;206;MANDRILLS BKB_206_20190319_id816_malado_(8).jpg;196
1947;1820;206;MANDRILLS BKB_206_20190319_id816_malado_(9).jpg;127
2000;1824;206;MANDRILLS BKB_206_20190323_id816_malado_(1).jpg;176
1931;1824;206;MANDRILLS BKB_206_20190323_id816_malado_(2).jpg;107
2036;1824;206;MANDRILLS BKB_206_20190323_id816_malado_(3).jpg;212
1953;1824;206;MANDRILLS BKB_206_20190323_id816_malado_(4).jpg;129
2107;1824;206;MANDRILLS BKB_206_20190323_id816_malado_(5).jpg;283
2155;1931;206;MANDRILLS BKB_206_20190708_id816_malado_(1).jpg;224
2061;1931;206;MANDRILLS BKB_206_20190708_id816_malado_(10).jpg;130
2079;1931;206;MANDRILLS BKB_206_20190708_id816_malado_(11).jpg;148
2071;1931;206;MANDRILLS BKB_206_20190708_id816_malado_(12).jpg;140
2118;1931;206;MANDRILLS BKB_206_20190708_id816_malado_(13).jpg;187
2233;1931;206;MANDRILLS BKB_206_20190708_id816_malado_(14).jpg;302
2063;1931;206;MANDRILLS BKB_206_20190708_id816_malado_(2).jpg;132
2099;1931;206;MANDRILLS BKB_206_20190708_id816_malado_(6).jpg;168
2042;1931;206;MANDRILLS BKB_206_20190708_id816_malado_(7).jpg;111
2117;1937;206;MANDRILLS BKB_206_20190714_id816_malado_(1).jpg;180
2024;1937;206;MANDRILLS BKB_206_20190714_id816_malado_(10).jpg;87
1897;1937;206;MANDRILLS BKB_206_20190714_id816_malado_(11).jpg;40
1938;1937;206;MANDRILLS BKB_206_20190714_id816_malado_(12).jpg;1
1810;1937;206;MANDRILLS BKB_206_20190714_id816_malado_(13).jpg;127
2097;1937;206;MANDRILLS BKB_206_20190714_id816_malado_(14).jpg;160
1904;1937;206;MANDRILLS BKB_206_20190714_id816_malado_(15).jpg;33
2170;1937;206;MANDRILLS BKB_206_20190714_id816_malado_(16).jpg;233
2004;1937;206;MANDRILLS BKB_206_20190714_id816_malado_(2).jpg;67
2071;1937;206;MANDRILLS BKB_206_20190714_id816_malado_(3).jpg;134
2053;1937;206;MANDRILLS BKB_206_20190714_id816_malado_(4).jpg;116
1977;1937;206;MANDRILLS BKB_206_20190714_id816_malado_(5).jpg;40
2078;1937;206;MANDRILLS BKB_206_20190714_id816_malado_(6).jpg;141
1922;1937;206;MANDRILLS BKB_206_20190714_id816_malado_(7).jpg;15
2001;1937;206;MANDRILLS BKB_206_20190714_id816_malado_(8).jpg;64
2012;1937;206;MANDRILLS BKB_206_20190714_id816_malado_(9).jpg;75
2154;1964;206;MANDRILLS BKB_206_20190810_id816_malado_(1).jpg;190
2170;1964;206;MANDRILLS BKB_206_20190810_id816_malado_(2).jpg;206
2205;1964;206;MANDRILLS BKB_206_20190810_id816_malado_(3).jpg;241
2284;1964;206;MANDRILLS BKB_206_20190810_id816_malado_GAUCHE.jpg;320
2206;1989;206;MANDRILLS BKB_206_20190904_id816_malado_(1).jpg;217
2232;1989;206;MANDRILLS BKB_206_20190904_id816_malado_(2).jpg;243
2236;1990;206;MANDRILLS BKB_206_20190905_id816_malado_(1).jpg;246
2162;1990;206;MANDRILLS BKB_206_20190905_id816_malado_(2).jpg;172
2226;2054;206;MANDRILLS BKB_206_20191108_id816_malado_(1).jpg;172
2168;2054;206;MANDRILLS BKB_206_20191108_id816_malado_(2).jpg;114
2202;2057;206;MANDRILLS BKB_206_20191111_id816_malado_(1).jpg;145
2224;2057;206;MANDRILLS BKB_206_20191111_id816_malado_(2).jpg;167
2181;2084;206;MANDRILLS BKB_206_20191208_id816_malado_(1).jpg;97
2168;2084;206;MANDRILLS BKB_206_20191208_id816_malado_(2).jpg;84
2260;2094;206;MANDRILLS BKB_206_20191218_id816_malado.jpg;166
2307;2145;206;MANDRILLS BKB_206_20200207_id816_malado_(1).jpg;162
2278;2145;206;MANDRILLS BKB_206_20200207_id816_malado_(2).jpg;133
2400;2145;206;MANDRILLS BKB_206_20200207_id816_malado_(3).jpg;255
2269;2145;206;MANDRILLS BKB_206_20200207_id816_malado_(4).jpg;124
2243;2187;206;MANDRILLS BKB_206_20200320_id816_malado_(1).jpg;56
2228;2187;206;MANDRILLS BKB_206_20200320_id816_malado_(2).jpg;41
2327;2397;206;MANDRILLS BKB_206_20201016_id206_malado_(1).jpg;70
2202;2397;206;MANDRILLS BKB_206_20201016_id206_malado_(2).jpg;195
2357;2397;206;MANDRILLS BKB_206_20201016_id206_malado_(3).jpg;40
2314;2397;206;MANDRILLS BKB_206_20201016_id206_malado_(4).jpg;83
2474;2416;206;MANDRILLS BKB_206_20201104_id206_malado_(1).jpg;58
2531;2416;206;MANDRILLS BKB_206_20201104_id206_malado_(2).jpg;115
2372;2416;206;MANDRILLS BKB_206_20201104_id206_malado_(4).jpg;44
2530;2419;206;MANDRILLS BKB_206_20201107_id206_malado.jpg;111
2554;2419;206;MANDRILLS BKB_206_20201107_id206_malado_(1).jpg;135
2627;2419;206;MANDRILLS BKB_206_20201107_id206_malado_(2).jpg;208
2422;2422;206;MANDRILLS BKB_206_20201110_id206_malado.jpg;0
2318;2436;206;MANDRILLS BKB_206_20201124_id206_malado_(1).jpg;118
2611;2436;206;MANDRILLS BKB_206_20201124_id206_malado_(2).jpg;175
2514;2437;206;MANDRILLS BKB_206_20201125_id206_malado.jpg;77
2354;2455;206;MANDRILLS BKB_206_20201213_id206_malado_(1).jpg;101
2516;2455;206;MANDRILLS BKB_206_20201213_id206_malado_(2).jpg;61
2434;2455;206;MANDRILLS BKB_206_20201213_id206_malado_(3).jpg;21
2504;2455;206;MANDRILLS BKB_206_20201213_id206_malado_(4).jpg;49
2506;2455;206;MANDRILLS BKB_206_20201213_id206_malado_(5).jpg;51
2600;2458;206;MANDRILLS BKB_206_20201216_id206_malado_(1).jpg;142
2599;2458;206;MANDRILLS BKB_206_20201216_id206_malado_(2).jpg;141
2414;2473;206;MANDRILLS BKB_206_20201231_id206_malado_(1).jpg;59
2437;2473;206;MANDRILLS BKB_206_20201231_id206_malado_(2).jpg;36
2562;2473;206;MANDRILLS BKB_206_20201231_id206_malado_(3).jpg;89
2585;2477;206;MANDRILLS BKB_206_20210104_id206_malado_(1).jpg;108
2582;2477;206;MANDRILLS BKB_206_20210104_id206_malado_(2).jpg;105
2656;2478;206;MANDRILLS BKB_206_20210105_id206_malado.jpg;178
2540;2486;206;MANDRILLS BKB_206_20210113_id206_malado_(1).jpg;54
2563;2486;206;MANDRILLS BKB_206_20210113_id206_malado_(2).jpg;77
2633;2486;206;MANDRILLS BKB_206_20210113_id206_malado_(3).jpg;147
2521;2490;206;MANDRILLS BKB_206_20210117_id206_malado_(1).jpg;31
2401;2490;206;MANDRILLS BKB_206_20210117_id206_malado_(2).jpg;89
2480;2490;206;MANDRILLS BKB_206_20210117_id206_malado_(3).jpg;10
2565;2493;206;MANDRILLS BKB_206_20210120_id206_malado.jpg;72
2433;2499;206;MANDRILLS BKB_206_20210126_id206_malado_(1).jpg;66
2372;2499;206;MANDRILLS BKB_206_20210126_id206_malado_(2).jpg;127
2453;2501;206;MANDRILLS BKB_206_20210128_id206_malado.jpg;48
2269;2502;206;MANDRILLS BKB_206_20210129_id206_malado_(2).jpg;233
2289;2502;206;MANDRILLS BKB_206_20210129_id206_malado_(3).jpg;213
2451;2502;206;MANDRILLS BKB_206_20210129_id206_malado_(4).jpg;51
2014;2502;206;MANDRILLS BKB_206_20210129_id206_malado_(5).jpg;488
2348;2502;206;MANDRILLS BKB_206_20210129_id206_malado_(6).jpg;154
2471;2530;206;MANDRILLS BKB_206_20210226_id206_malado_(1).jpg;59
2268;2530;206;MANDRILLS BKB_206_20210226_id206_malado_(3).jpg;262
2545;2564;206;MANDRILLS BKB_206_20210401_id206_malsub.jpg;19
2544;2568;206;MANDRILLS BKB_206_20210405_id206_malsub.jpg;24
2516;2573;206;MANDRILLS BKB_206_20210410_id206_malsub_(1).jpg;57
2442;2573;206;MANDRILLS BKB_206_20210410_id206_malsub_(2).jpg;131
2450;2573;206;MANDRILLS BKB_206_20210410_id206_malsub_(3).jpg;123
2499;2573;206;MANDRILLS BKB_206_20210410_id206_malsub_(4).jpg;74
2503;2573;206;MANDRILLS BKB_206_20210410_id206_malsub_(5).jpg;70
2695;2677;206;MANDRILLS BKB_206_20210723_id206_malsub_(2).jpg;18
2736;2677;206;MANDRILLS BKB_206_20210723_id206_malsub_(3).jpg;59
2741;2677;206;MANDRILLS BKB_206_20210723_id206_malsub_(4).jpg;64
2815;2677;206;MANDRILLS BKB_206_20210723_id206_malsub_(5).jpg;138
2691;2677;206;MANDRILLS BKB_206_20210723_id206_malsub_(6).jpg;14
2719;2677;206;MANDRILLS BKB_206_20210723_id206_malsub_(7).jpg;42
2766;2677;206;MANDRILLS BKB_206_20210723_id206_malsub_(8).jpg;89
2678;2735;206;MANDRILLS BKB_206_20210919_id206_malsub (1).jpg;57
2773;2735;206;MANDRILLS BKB_206_20210919_id206_malsub (2).jpg;38
2775;2738;206;MANDRILLS BKB_206_20210922_id206_malsub.jpg;37
2816;2739;206;MANDRILLS BKB_206_20210923_id206_malsub.jpg;77
2782;2765;206;MANDRILLS BKB_206_20211019_id206_malsub.jpg;17
2881;2779;206;MANDRILLS BKB_206_20211102_id206_malsub_(1).jpg;102
2801;2779;206;MANDRILLS BKB_206_20211102_id206_malsub_(2).jpg;22
2461;2785;206;MANDRILLS BKB_206_20211108_id206_malsub_(1).jpg;324
2393;2785;206;MANDRILLS BKB_206_20211108_id206_malsub_(2).jpg;392
2820;2788;206;MANDRILLS BKB_206_20211111_id206_malsub.jpg;32
1628;1462;236;MANDRILLS BKB_236_20200108_id236_mal.jpg;166
1613;1746;236;MANDRILLS BKB_236_20201018_id236_mal_(1).jpg;133
1748;1746;236;MANDRILLS BKB_236_20201018_id236_mal_(2).jpg;2
1598;1746;236;MANDRILLS BKB_236_20201018_id236_mal_(3).jpg;148
1592;1746;236;MANDRILLS BKB_236_20201018_id236_mal_(4).jpg;154
1902;1802;236;MANDRILLS BKB_236_20201213_id236_mal_(1).jpg;100
1768;1802;236;MANDRILLS BKB_236_20201213_id236_mal_(2).jpg;34
1839;1805;236;MANDRILLS BKB_236_20201216_id236_mal_(1).jpg;34
1992;1805;236;MANDRILLS BKB_236_20201216_id236_mal_(2).jpg;187
1913;1805;236;MANDRILLS BKB_236_20201216_id236_mal_(3).jpg;108
1728;1805;236;MANDRILLS BKB_236_20201216_id236_mal_(4).jpg;77
1938;1805;236;MANDRILLS BKB_236_20201216_id236_mal_(5).jpg;133
1712;1805;236;MANDRILLS BKB_236_20201216_id236_mal_(6).jpg;93
1744;1805;236;MANDRILLS BKB_236_20201216_id236_mal_(7).jpg;61
1886;1824;236;MANDRILLS BKB_236_20210104_id236_mal.jpg;62
1854;1825;236;MANDRILLS BKB_236_20210105_id236_mal.jpg;29
1834;1840;236;MANDRILLS BKB_236_20210120_id236_mal_(1).jpg;6
1892;1840;236;MANDRILLS BKB_236_20210120_id236_mal_(2).jpg;52
1839;1840;236;MANDRILLS BKB_236_20210120_id236_mal_(3).jpg;1
1839;1840;236;MANDRILLS BKB_236_20210120_id236_mal_(4).jpg;1
1894;1840;236;MANDRILLS BKB_236_20210120_id236_mal_(5).jpg;54
1883;1840;236;MANDRILLS BKB_236_20210120_id236_mal_(6).jpg;43
1927;1840;236;MANDRILLS BKB_236_20210120_id236_mal_(7).jpg;87
1905;1840;236;MANDRILLS BKB_236_20210120_id236_mal_(8).jpg;65
1876;1845;236;MANDRILLS BKB_236_20210125_id236_mal.jpg;31
2007;1846;236;MANDRILLS BKB_236_20210126_id236_mal_(1).jpg;161
1993;1846;236;MANDRILLS BKB_236_20210126_id236_mal_(2).jpg;147
1791;1849;236;MANDRILLS BKB_236_20210129_id236_mal_(1).jpg;58
1797;1849;236;MANDRILLS BKB_236_20210129_id236_mal_(2).jpg;52
1810;1849;236;MANDRILLS BKB_236_20210129_id236_mal_(3).jpg;39
1849;1849;236;MANDRILLS BKB_236_20210129_id236_mal_(4).jpg;0
1942;1849;236;MANDRILLS BKB_236_20210129_id236_mal_(5).jpg;93
1827;1849;236;MANDRILLS BKB_236_20210129_id236_mal_(6).jpg;22
1927;1861;236;MANDRILLS BKB_236_20210210_id236_mal_(1).jpg;66
1884;1861;236;MANDRILLS BKB_236_20210210_id236_mal_(2).jpg;23
1872;1861;236;MANDRILLS BKB_236_20210210_id236_mal_(3).jpg;11
1952;1861;236;MANDRILLS BKB_236_20210210_id236_mal_(4).jpg;91
1904;1861;236;MANDRILLS BKB_236_20210210_id236_mal_(5).jpg;43
1997;1861;236;MANDRILLS BKB_236_20210210_id236_mal_(6).jpg;136
1958;1861;236;MANDRILLS BKB_236_20210210_id236_mal_(7).jpg;97
1918;1877;236;MANDRILLS BKB_236_20210226_id236_mal_(1).jpg;41
1934;1877;236;MANDRILLS BKB_236_20210226_id236_mal_(2).jpg;57
1982;1877;236;MANDRILLS BKB_236_20210226_id236_mal_(3).jpg;105
1955;1877;236;MANDRILLS BKB_236_20210226_id236_mal_(4).jpg;78
1936;1887;236;MANDRILLS BKB_236_20210308_id236_mal.jpg;49
1943;1908;236;MANDRILLS BKB_236_20210329_id236_mal.jpg;35
2145;2072;236;MANDRILLS BKB_236_20210909_id236_malado (1).jpg;73
2103;2072;236;MANDRILLS BKB_236_20210909_id236_malado (2).jpg;31
2005;2079;236;MANDRILLS BKB_236_20210916_id236_malado.jpg;74
1905;2082;236;MANDRILLS BKB_236_20210919_id236_malado (1).jpg;177
2097;2082;236;MANDRILLS BKB_236_20210919_id236_malado (2).jpg;15
2125;2109;236;MANDRILLS BKB_236_20211016_id236_malado.jpg;16
2086;2110;236;MANDRILLS BKB_236_20211017_id236_malado_(1).jpg;24
2113;2110;236;MANDRILLS BKB_236_20211017_id236_malado_(2).jpg;3
2176;2110;236;MANDRILLS BKB_236_20211017_id236_malado_(3).jpg;66
128;92;244;MANDRILLS BKB_244_20170509_id244_infDEVANT_(1)_ORIGINAL.jpg;36
101;92;244;MANDRILLS BKB_244_20170509_id244_infDEVANT_(2)_ORIGINAL.jpg;9
958;940;244;MANDRILLS BKB_244_20190904_id244_mal_(1).jpg;18
917;940;244;MANDRILLS BKB_244_20190904_id244_mal_(2).jpg;23
882;940;244;MANDRILLS BKB_244_20190904_id244_mal_(3).jpg;58
987;940;244;MANDRILLS BKB_244_20190904_id244_mal_(4).jpg;47
1032;940;244;MANDRILLS BKB_244_20190904_id244_mal_(5).jpg;92
960;940;244;MANDRILLS BKB_244_20190904_id244_mal_(6).jpg;20
1287;1406;244;MANDRILLS BKB_244_20201213_id244_mal_(1).jpg;119
1329;1406;244;MANDRILLS BKB_244_20201213_id244_mal_(2).jpg;77
1474;1410;244;MANDRILLS BKB_244_20201217_id244_mal_(1).jpg;64
1397;1410;244;MANDRILLS BKB_244_20201217_id244_mal_(2).jpg;13
1389;1410;244;MANDRILLS BKB_244_20201217_id244_mal_(3).jpg;21
1370;1410;244;MANDRILLS BKB_244_20201217_id244_mal_(4).jpg;40
1139;1430;244;MANDRILLS BKB_244_20210106_id244_mal_(1).jpg;291
1398;1430;244;MANDRILLS BKB_244_20210106_id244_mal_(2).jpg;32
1443;1444;244;MANDRILLS BKB_244_20210120_id244_mal.jpg;1
1528;1450;244;MANDRILLS BKB_244_20210126_id244_mal_(1).jpg;78
1542;1450;244;MANDRILLS BKB_244_20210126_id244_mal_(2).jpg;92
1359;1450;244;MANDRILLS BKB_244_20210126_id244_mal_(3).jpg;91
1419;1453;244;MANDRILLS BKB_244_20210129_id244_mal_(1).jpg;34
1213;1453;244;MANDRILLS BKB_244_20210129_id244_mal_(2).jpg;240
1418;1453;244;MANDRILLS BKB_244_20210129_id244_mal_(3).jpg;35
1287;1458;244;MANDRILLS BKB_244_20210203_id244_mal.jpg;171
1331;1465;244;MANDRILLS BKB_244_20210210_id244_mal_(1).jpg;134
1162;1465;244;MANDRILLS BKB_244_20210210_id244_mal_(2).jpg;303
1441;1465;244;MANDRILLS BKB_244_20210210_id244_mal_(3).jpg;24
1478;1467;244;MANDRILLS BKB_244_20210212_id244_mal_(1).jpg;11
1458;1467;244;MANDRILLS BKB_244_20210212_id244_mal_(2).jpg;9
1551;1484;244;MANDRILLS BKB_244_20210301_id244_mal_(2).jpg;67
1508;1484;244;MANDRILLS BKB_244_20210301_id244_mal_(3).jpg;24
1532;1484;244;MANDRILLS BKB_244_20210301_id244_mal_(4).jpg;48
1580;1484;244;MANDRILLS BKB_244_20210301_id244_mal_(5).jpg;96
1626;1524;244;MANDRILLS BKB_244_20210410_id244_mal_(1).jpg;102
1683;1524;244;MANDRILLS BKB_244_20210410_id244_mal_(2).jpg;159
1562;1555;244;MANDRILLS BKB_244_20210511_id244_malado.jpg;7
1758;1582;244;MANDRILLS BKB_244_20210607_id244_malado_(1).jpg;176
1725;1582;244;MANDRILLS BKB_244_20210607_id244_malado_(2).jpg;143
1835;1582;244;MANDRILLS BKB_244_20210607_id244_malado_(3).jpg;253
1708;1582;244;MANDRILLS BKB_244_20210607_id244_malado_(4).jpg;126
1787;1582;244;MANDRILLS BKB_244_20210607_id244_malado_(5).jpg;205
1620;1597;244;MANDRILLS BKB_244_20210622_id244_malado.jpg;23
1635;1604;244;MANDRILLS BKB_244_20210629_id244_malado_(2).jpg;31
1622;1604;244;MANDRILLS BKB_244_20210629_id244_malado_(3).jpg;18
1600;1604;244;MANDRILLS BKB_244_20210629_id244_malado_(4).jpg;4
1630;1630;244;MANDRILLS BKB_244_20210725_id244_malado_(1).jpg;0
1669;1630;244;MANDRILLS BKB_244_20210725_id244_malado_(4).jpg;39
1702;1630;244;MANDRILLS BKB_244_20210725_id244_malado_(5).jpg;72
1642;1631;244;MANDRILLS BKB_244_20210726_id244_malado.jpg;11
1625;1631;244;MANDRILLS BKB_244_20210726_id244_malado_(1).jpg;6
1666;1631;244;MANDRILLS BKB_244_20210726_id244_malado_(3).jpg;35
1686;1631;244;MANDRILLS BKB_244_20210726_id244_malado_(4).jpg;55
1623;1631;244;MANDRILLS BKB_244_20210726_id244_malado_(5).jpg;8
1627;1631;244;MANDRILLS BKB_244_20210726_id244_malado_(6).jpg;4
1689;1631;244;MANDRILLS BKB_244_20210726_id244_malado_(7).jpg;58
1780;1631;244;MANDRILLS BKB_244_20210726_id244_malado_(8).jpg;149
1712;1637;244;MANDRILLS BKB_244_20210801_id244_femado_(1).jpg;75
1632;1637;244;MANDRILLS BKB_244_20210801_id244_femado_(2).jpg;5
1654;1665;244;MANDRILLS BKB_244_20210829_id244_femadu.jpg;11
1601;1683;244;MANDRILLS BKB_244_20210916_id244_malado.jpg;82
1659;1686;244;MANDRILLS BKB_244_20210919_id244_malado.jpg;27
1666;1703;244;MANDRILLS BKB_244_20211006_id244_malado.jpg;37
1737;1721;244;MANDRILLS BKB_244_20211024_id244_malado.jpg;16
1636;1747;244;MANDRILLS BKB_244_20211119_id244_malado_(2).jpg;111
1901;1747;244;MANDRILLS BKB_244_20211119_id244_malado_(3).jpg;154
1749;1775;244;MANDRILLS BKB_244_20211217_id244_malado_(2).jpg;26
1720;1777;244;MANDRILLS BKB_244_20211219_id244_malado_(1).jpg;57
1798;1777;244;MANDRILLS BKB_244_20211219_id244_malado_(2).jpg;21
1541;1784;244;MANDRILLS BKB_244_20211226_id244_malado_(1).jpg;243
1723;1784;244;MANDRILLS BKB_244_20211226_id244_malado_(2).jpg;61
1611;1784;244;MANDRILLS BKB_244_20211226_id244_malado_(3).jpg;173
1651;1815;244;MANDRILLS BKB_244_20220126_id244 (1).jpg;164
1779;1815;244;MANDRILLS BKB_244_20220126_id244 (2).jpg;36
1672;1815;244;MANDRILLS BKB_244_20220126_id244 (3).jpg;143
1783;1831;244;MANDRILLS BKB_244_20220211_id244_malado (1).jpg;48
1755;1831;244;MANDRILLS BKB_244_20220211_id244_malado (2).jpg;76
1703;1841;244;MANDRILLS BKB_244_20220221_id244_malado (1).jpg;138
1771;1841;244;MANDRILLS BKB_244_20220221_id244_malado (2).jpg;70
1699;1846;244;MANDRILLS BKB_244_20220226_id244_malado.jpg;147
1844;1857;244;MANDRILLS BKB_244_20220309_id244_malado (1).jpg;13
1912;1877;244;MANDRILLS BKB_244_20220329_id244_malado (1).jpg;35
1831;1877;244;MANDRILLS BKB_244_20220329_id244_malado (2).jpg;46
1755;1877;244;MANDRILLS BKB_244_20220329_id244_malado (3).jpg;122
1911;1880;244;MANDRILLS BKB_244_20220401_id244_malado.jpg;31
1818;1925;244;MANDRILLS BKB_244_20220516_id244_malado.jpg;107
1789;1926;244;MANDRILLS BKB_244_20220517_id244_malado.jpg;137
1847;1927;244;MANDRILLS BKB_244_20220518_id244_malado.jpg;80
1848;1941;244;MANDRILLS BKB_244_20220601_id244_malado.jpg;93
1804;1944;244;MANDRILLS BKB_244_20220604_id244_malado (1).jpg;140
1791;1947;244;MANDRILLS BKB_244_20220607_id244_malado.jpg;156
1910;1950;244;MANDRILLS BKB_244_20220610_id244_malado.jpg;40
1897;1958;244;MANDRILLS BKB_244_20220618_id244_malado.jpg;61
1830;1964;244;MANDRILLS BKB_244_20220624_id244_malado (2).jpg;134
1933;1964;244;MANDRILLS BKB_244_20220624_id244_malado.jpg;31
1814;1969;244;MANDRILLS BKB_244_20220629_id244 (2).jpg;155
1996;1969;244;MANDRILLS BKB_244_20220629_id244 (3).jpg;27
1649;1969;244;MANDRILLS BKB_244_20220629_id244.jpg;320
1910;1971;244;MANDRILLS BKB_244_20220701_id244.jpg;61
2138;1976;244;MANDRILLS BKB_244_20220706_id244.jpg;162
1861;1979;244;MANDRILLS BKB_244_20220709_id244.jpg;118
1872;1981;244;MANDRILLS BKB_244_20220711_id244.jpg;109
1970;1994;244;MANDRILLS BKB_244_20220724_id244.jpg;24
1794;1998;244;MANDRILLS BKB_244_20220728_id244.jpg;204
2057;1999;244;MANDRILLS BKB_244_20220729_id244.jpg;58
2072;2024;244;MANDRILLS BKB_244_20220823_id244 (2).jpg;48
1900;2024;244;MANDRILLS BKB_244_20220823_id244.jpg;124
1985;2036;244;MANDRILLS BKB_244_20220904_id244.jpg;51
1779;2037;244;MANDRILLS BKB_244_20220905_id244.jpg;258
2061;2044;244;MANDRILLS BKB_244_20220912_id244.jpg;17
1909;2067;244;MANDRILLS BKB_244_20221005_id244.jpg;158
1788;2123;244;MANDRILLS BKB_244_20221130_id244.jpg;335
1955;2132;244;MANDRILLS BKB_244_20221209_id244 (2).jpg;177
2117;2132;244;MANDRILLS BKB_244_20221209_id244 (3).jpg;15
2000;2141;244;MANDRILLS BKB_244_20221218_id244.jpg;141
2049;2144;244;MANDRILLS BKB_244_20221221_id244 (2).jpg;95
2130;2144;244;MANDRILLS BKB_244_20221221_id244.jpg;14
1083;1273;245;MANDRILLS BKB_245_20190904_id245_mal_(1).jpg;190
1222;1273;245;MANDRILLS BKB_245_20190904_id245_mal_(2).jpg;51
1054;1273;245;MANDRILLS BKB_245_20190904_id245_mal_(3).jpg;219
1069;1273;245;MANDRILLS BKB_245_20190904_id245_mal_(4).jpg;204
1130;1273;245;MANDRILLS BKB_245_20190904_id245_mal_(5).jpg;143
1314;1367;245;MANDRILLS BKB_245_20191207_id245_mal_(1).jpg;53
1295;1367;245;MANDRILLS BKB_245_20191207_id245_mal_(2).jpg;72
1254;1367;245;MANDRILLS BKB_245_20191207_id245_mal_(3).jpg;113
1191;1398;245;MANDRILLS BKB_245_20200107_id245_mal.jpg;207
1226;1469;245;MANDRILLS BKB_245_20200318_id245_mal_(1).jpg;243
1248;1469;245;MANDRILLS BKB_245_20200318_id245_mal_(2).jpg;221
1489;1683;245;MANDRILLS BKB_245_20201018_id245_mal_(1).jpg;194
1422;1684;245;MANDRILLS BKB_245_20201019_id245_mal.jpg;262
1491;1761;245;MANDRILLS BKB_245_20210104_id245_mal.jpg;270
1475;1765;245;MANDRILLS BKB_245_20210108_id245_malado_(1).jpg;290
1533;1765;245;MANDRILLS BKB_245_20210108_id245_malado_(2).jpg;232
1520;1765;245;MANDRILLS BKB_245_20210108_id245_mal_(1).jpg;245
1529;1765;245;MANDRILLS BKB_245_20210108_id245_mal_(2).jpg;236
1584;1773;245;MANDRILLS BKB_245_20210116_id245_mal_(1).jpg;189
1494;1773;245;MANDRILLS BKB_245_20210116_id245_mal_(2).jpg;279
1482;1773;245;MANDRILLS BKB_245_20210116_id245_mal_(3).jpg;291
1666;1773;245;MANDRILLS BKB_245_20210116_id245_mal_(4).jpg;107
1529;1773;245;MANDRILLS BKB_245_20210116_id245_mal_(5).jpg;244
1475;1773;245;MANDRILLS BKB_245_20210116_id245_mal_(6).jpg;298
1508;1773;245;MANDRILLS BKB_245_20210116_id245_mal_(7).jpg;265
1577;1817;245;MANDRILLS BKB_245_20210301_id245_mal_(1).jpg;240
1619;1817;245;MANDRILLS BKB_245_20210301_id245_mal_(2).jpg;198
1625;1817;245;MANDRILLS BKB_245_20210301_id245_mal_(3).jpg;192
1584;1817;245;MANDRILLS BKB_245_20210301_id245_mal_(4).jpg;233
1644;1817;245;MANDRILLS BKB_245_20210301_id245_mal_(5).jpg;173
1595;1817;245;MANDRILLS BKB_245_20210301_id245_mal_(6).jpg;222
1652;1817;245;MANDRILLS BKB_245_20210301_id245_mal_(7).jpg;165
1444;1849;245;MANDRILLS BKB_245_20210402_id245_mal_(1).jpg;405
1733;1849;245;MANDRILLS BKB_245_20210402_id245_mal_(2).jpg;116
1611;1849;245;MANDRILLS BKB_245_20210402_id245_mal_(3).jpg;238
1516;1849;245;MANDRILLS BKB_245_20210402_id245_mal_(4).jpg;333
1551;1857;245;MANDRILLS BKB_245_20210410_id245_mal_(1).jpg;306
1618;1857;245;MANDRILLS BKB_245_20210410_id245_mal_(2).jpg;239
1654;1909;245;MANDRILLS BKB_245_20210601_id245_malado.jpg;255
1800;2009;245;MANDRILLS BKB_245_20210909_id245_malado.jpg;209
1748;2012;245;MANDRILLS BKB_245_20210912_id245_malado.jpg;264
1815;2019;245;MANDRILLS BKB_245_20210919_id245_malado (1).jpg;204
1808;2019;245;MANDRILLS BKB_245_20210919_id245_malado (2).jpg;211
1889;2067;245;MANDRILLS BKB_245_20211106_id245_malado_(1).jpg;178
1919;2067;245;MANDRILLS BKB_245_20211106_id245_malado_(2).jpg;148
1981;2067;245;MANDRILLS BKB_245_20211106_id245_malado_(3).jpg;86
1953;2083;245;MANDRILLS BKB_245_20211122_id245_malado.jpg;130
2058;2087;245;MANDRILLS BKB_245_20211126_id245_malado.jpg;29
2062;2099;245;MANDRILLS BKB_245_20211208_ID245_malado_(2).jpg;37
1871;2101;245;MANDRILLS BKB_245_20211210_id245_malado.jpg;230
1720;2104;245;MANDRILLS BKB_245_20211213_id245_malado_(1).jpg;384
1829;2104;245;MANDRILLS BKB_245_20211213_id245_malado_(2).jpg;275
2006;2108;245;MANDRILLS BKB_245_20211217_id245_malado_(1).jpg;102
1925;2108;245;MANDRILLS BKB_245_20211217_id245_malado_(2).jpg;183
1912;2108;245;MANDRILLS BKB_245_20211217_id245_malado_(3).jpg;196
2059;2112;245;MANDRILLS BKB_245_20211221_id245_malado.jpg;53
1921;2154;245;MANDRILLS BKB_245_20220201_id245_malado (1).jpg;233
1681;2154;245;MANDRILLS BKB_245_20220201_id245_malado (12).jpg;473
1957;2154;245;MANDRILLS BKB_245_20220201_id245_malado (13).jpg;197
1928;2154;245;MANDRILLS BKB_245_20220201_id245_malado (2).jpg;226
1968;2154;245;MANDRILLS BKB_245_20220201_id245_malado (3).jpg;186
1971;2154;245;MANDRILLS BKB_245_20220201_id245_malado (4).jpg;183
1873;2154;245;MANDRILLS BKB_245_20220201_id245_malado (5).jpg;281
1948;2154;245;MANDRILLS BKB_245_20220201_id245_malado (6).jpg;206
1918;2154;245;MANDRILLS BKB_245_20220201_id245_malado (7).jpg;236
2039;2154;245;MANDRILLS BKB_245_20220201_id245_malado (8).jpg;115
2002;2154;245;MANDRILLS BKB_245_20220201_id245_malado (9).jpg;152
1976;2168;245;MANDRILLS BKB_245_20220215_id245_malado (1).jpg;192
2012;2168;245;MANDRILLS BKB_245_20220215_id245_malado (3).jpg;156
2058;2188;245;MANDRILLS BKB_245_20220307_id245_malado.jpg;130
1996;2190;245;MANDRILLS BKB_245_20220309_id245_malado (1).jpg;194
2031;2190;245;MANDRILLS BKB_245_20220309_id245_malado (3).jpg;159
2029;2190;245;MANDRILLS BKB_245_20220309_id245_malado (4).jpg;161
2040;2194;245;MANDRILLS BKB_245_20220313_id245_femado (1).jpg;154
1954;2194;245;MANDRILLS BKB_245_20220313_id245_femado (2).jpg;240
1947;2194;245;MANDRILLS BKB_245_20220313_id245_femado (3).jpg;247
1952;2195;245;MANDRILLS BKB_245_20220314_id245_malado (1).jpg;243
1985;2195;245;MANDRILLS BKB_245_20220314_id245_malado (2).jpg;210
2045;2195;245;MANDRILLS BKB_245_20220314_id245_malado.jpg;150
2012;2202;245;MANDRILLS BKB_245_20220321_id245_malado (1).jpg;190
1998;2202;245;MANDRILLS BKB_245_20220321_id245_malado (2).jpg;204
2006;2210;245;MANDRILLS BKB_245_20220329_id245_malado.jpg;204
1944;2222;245;MANDRILLS BKB_245_20220410_id245_malado (2).jpg;278
1832;2222;245;MANDRILLS BKB_245_20220410_id245_malado (3).jpg;390
2030;2222;245;MANDRILLS BKB_245_20220410_id245_malado (4).jpg;192
2015;2222;245;MANDRILLS BKB_245_20220410_id245_malado.jpg;207
1986;2245;245;MANDRILLS BKB_245_20220503_id245_malado (1).jpg;259
2101;2246;245;MANDRILLS BKB_245_20220504_id245_malado (1).jpg;145
2246;2246;245;MANDRILLS BKB_245_20220504_id245_malado (2).jpg;0
1901;2251;245;MANDRILLS BKB_245_20220509_id245_malado.jpg;350
2037;2259;245;MANDRILLS BKB_245_20220517_id245_malado.jpg;222
2273;2266;245;MANDRILLS BKB_245_20220524_id245_malado (1).jpg;7
2003;2266;245;MANDRILLS BKB_245_20220524_id245_malado (2).jpg;263
2068;2294;245;MANDRILLS BKB_245_20220621_id245_malado (1).jpg;226
2116;2294;245;MANDRILLS BKB_245_20220621_id245_malado (2).jpg;178
2022;2294;245;MANDRILLS BKB_245_20220621_id245_malado.jpg;272
2314;2302;245;MANDRILLS BKB_245_20220629_id245.jpg;12
2089;2309;245;MANDRILLS BKB_245_20220706_id245 (3).jpg;220
2249;2309;245;MANDRILLS BKB_245_20220706_id245.jpg;60
2134;2312;245;MANDRILLS BKB_245_20220709_id245.jpg;178
2186;2316;245;MANDRILLS BKB_245_20220713_id245 (2).jpg;130
2211;2319;245;MANDRILLS BKB_245_20220716_id245_malado.jpg;108
2141;2329;245;MANDRILLS BKB_245_20220726_id245.jpg;188
2225;2337;245;MANDRILLS BKB_245_20220803_id245.jpg;112
2155;2342;245;MANDRILLS BKB_245_20220808_id245 (1).jpg;187
2141;2342;245;MANDRILLS BKB_245_20220808_id245 (2).jpg;201
2301;2342;245;MANDRILLS BKB_245_20220808_id245 (3).jpg;41
2139;2346;245;MANDRILLS BKB_245_20220812_id245 (1).jpg;207
2200;2346;245;MANDRILLS BKB_245_20220812_id245 (2).jpg;146
2382;2346;245;MANDRILLS BKB_245_20220812_id245.jpg;36
2185;2357;245;MANDRILLS BKB_245_20220823_id245 (2).jpg;172
2067;2357;245;MANDRILLS BKB_245_20220823_id245.jpg;290
2220;2360;245;MANDRILLS BKB_245_20220826_id245.jpg;140
2106;2361;245;MANDRILLS BKB_245_20220827_id245 (2).jpg;255
2163;2362;245;MANDRILLS BKB_245_20220828_id245.jpg;199
2088;2380;245;MANDRILLS BKB_245_20220915_id245.jpg;292
2038;2391;245;MANDRILLS BKB_245_20220926_id245.jpg;353
2248;2396;245;MANDRILLS BKB_245_20221001_id245.jpg;148
2149;2400;245;MANDRILLS BKB_245_20221005_id245.jpg;251
2205;2416;245;MANDRILLS BKB_245_20221021_id245.jpg;211
2238;2422;245;MANDRILLS BKB_245_20221027_id245.jpg;184
2241;2456;245;MANDRILLS BKB_245_20221130_id245 (1).jpg;215
2046;2456;245;MANDRILLS BKB_245_20221130_id245 (4).jpg;410
2189;2480;245;MANDRILLS BKB_245_20221224_id245.jpg;291
337;286;255;MANDRILLS BKB_255_20180801_id3038_malinf_ORIGINAL.jpg;51
386;287;255;MANDRILLS BKB_255_20180802_id3038_malinf_(10)_ORIGINAL.jpg;99
327;287;255;MANDRILLS BKB_255_20180802_id3038_malinf_(11)_ORIGINAL.jpg;40
451;287;255;MANDRILLS BKB_255_20180802_id3038_malinf_(12)_ORIGINAL.jpg;164
405;287;255;MANDRILLS BKB_255_20180802_id3038_malinf_(13)_ORIGINAL.jpg;118
253;287;255;MANDRILLS BKB_255_20180802_id3038_malinf_(14)_ORIGINAL.jpg;34
391;287;255;MANDRILLS BKB_255_20180802_id3038_malinf_(15)_ORIGINAL.jpg;104
412;287;255;MANDRILLS BKB_255_20180802_id3038_malinf_(16)_ORIGINAL.jpg;125
382;287;255;MANDRILLS BKB_255_20180802_id3038_malinf_(17)_ORIGINAL.jpg;95
379;287;255;MANDRILLS BKB_255_20180802_id3038_malinf_(18)_ORIGINAL.jpg;92
456;287;255;MANDRILLS BKB_255_20180802_id3038_malinf_(19)_ORIGINAL.jpg;169
382;287;255;MANDRILLS BKB_255_20180802_id3038_malinf_(20)_ORIGINAL.jpg;95
336;287;255;MANDRILLS BKB_255_20180802_id3038_malinf_(22)_ORIGINAL.jpg;49
370;287;255;MANDRILLS BKB_255_20180802_id3038_malinf_(23)_ORIGINAL.jpg;83
383;287;255;MANDRILLS BKB_255_20180802_id3038_malinf_(24)_ORIGINAL.jpg;96
392;287;255;MANDRILLS BKB_255_20180802_id3038_malinf_(25)_ORIGINAL.jpg;105
281;287;255;MANDRILLS BKB_255_20180802_id3038_malinf_(4)_ORIGINAL.jpg;6
417;287;255;MANDRILLS BKB_255_20180802_id3038_malinf_(5)_ORIGINAL.jpg;130
453;287;255;MANDRILLS BKB_255_20180802_id3038_malinf_(6)_ORIGINAL.jpg;166
545;287;255;MANDRILLS BKB_255_20180802_id3038_malinf_(7)_ORIGINAL.jpg;258
379;287;255;MANDRILLS BKB_255_20180802_id3038_malinf_(8)_ORIGINAL.jpg;92
309;287;255;MANDRILLS BKB_255_20180802_id3038_malinf_(9)_ORIGINAL.jpg;22
380;288;255;MANDRILLS BKB_255_20180803_id3038_malinf_(1)_ORIGINAL.jpg;92
417;288;255;MANDRILLS BKB_255_20180803_id3038_malinf_(10)_ORIGINAL.jpg;129
397;288;255;MANDRILLS BKB_255_20180803_id3038_malinf_(11)_ORIGINAL.jpg;109
414;288;255;MANDRILLS BKB_255_20180803_id3038_malinf_(14)_ORIGINAL.jpg;126
459;288;255;MANDRILLS BKB_255_20180803_id3038_malinf_(15)_ORIGINAL.jpg;171
357;288;255;MANDRILLS BKB_255_20180803_id3038_malinf_(16)_ORIGINAL.jpg;69
442;288;255;MANDRILLS BKB_255_20180803_id3038_malinf_(17)_ORIGINAL.jpg;154
464;288;255;MANDRILLS BKB_255_20180803_id3038_malinf_(18)_ORIGINAL.jpg;176
321;288;255;MANDRILLS BKB_255_20180803_id3038_malinf_(3)_ORIGINAL.jpg;33
316;288;255;MANDRILLS BKB_255_20180803_id3038_malinf_(4)_ORIGINAL.jpg;28
300;288;255;MANDRILLS BKB_255_20180803_id3038_malinf_(5)_ORIGINAL.jpg;12
340;288;255;MANDRILLS BKB_255_20180803_id3038_malinf_(6)_ORIGINAL.jpg;52
316;288;255;MANDRILLS BKB_255_20180803_id3038_malinf_(7)_ORIGINAL.jpg;28
299;288;255;MANDRILLS BKB_255_20180803_id3038_malinf_(8)_ORIGINAL.jpg;11
365;288;255;MANDRILLS BKB_255_20180803_id3038_malinf_(9)_ORIGINAL.jpg;77
762;660;255;MANDRILLS BKB_255_20190810_id3038_maljuv_(2).jpg;102
830;660;255;MANDRILLS BKB_255_20190810_id3038_maljuv_(3).jpg;170
1056;750;255;MANDRILLS BKB_255_20191108_id3038_maljuv.jpg;306
1014;762;255;MANDRILLS BKB_255_20191120_id3038_maljuv.jpg;252
929;803;255;MANDRILLS BKB_255_20191231_id3038_maljuv_(1).jpg;126
963;803;255;MANDRILLS BKB_255_20191231_id3038_maljuv_(2).jpg;160
1278;1095;255;MANDRILLS BKB_255_20201018_id3038_maljuv_(1).jpg;183
1347;1095;255;MANDRILLS BKB_255_20201018_id3038_maljuv_(2).jpg;252
1333;1096;255;MANDRILLS BKB_255_20201019_id3038_maljuv.jpg;237
1231;1132;255;MANDRILLS BKB_255_20201124_id3038_maljuv.jpg;99
1574;1169;255;MANDRILLS BKB_255_20201231_id3038_maljuv.jpg;405
1237;1203;255;MANDRILLS BKB_255_20210203_id3038_maljuv_(1).jpg;34
1207;1203;255;MANDRILLS BKB_255_20210203_id3038_maljuv_(2).jpg;4
1263;1203;255;MANDRILLS BKB_255_20210203_id3038_maljuv_(3).jpg;60
1398;1214;255;MANDRILLS BKB_255_20210214_id3038_maljuv_(1).jpg;184
1425;1214;255;MANDRILLS BKB_255_20210214_id3038_maljuv_(2).jpg;211
1543;1269;255;MANDRILLS BKB_255_20210410_id3038_maljuv.jpg;274
1635;1297;255;MANDRILLS BKB_255_20210508_id3038_maljuv_(1).jpg;338
1481;1297;255;MANDRILLS BKB_255_20210508_id3038_maljuv_(2).jpg;184
1451;1297;255;MANDRILLS BKB_255_20210508_id3038_maljuv_(3).jpg;154
1593;1297;255;MANDRILLS BKB_255_20210508_id3038_maljuv_(4).jpg;296
1513;1302;255;MANDRILLS BKB_255_20210513_id3038_maljuv_(1).jpg;211
1436;1302;255;MANDRILLS BKB_255_20210513_id3038_maljuv_(2).jpg;134
1486;1421;255;MANDRILLS BKB_255_20210909_id255_maljuv.jpg;65
1691;1428;255;MANDRILLS BKB_255_20210916_id255_maljuv.jpg;263
1565;1434;255;MANDRILLS BKB_255_20210922_id255_maljuv.jpg;131
1578;1461;255;MANDRILLS BKB_255_20211019_id255_maljuv_(2).jpg;117
1642;1513;255;MANDRILLS BKB_255_20211210_id255_malado_(1).jpg;129
1699;1513;255;MANDRILLS BKB_255_20211210_id255_malado_(2).jpg;186
1464;1516;255;MANDRILLS BKB_255_20211213_id255_malado_(1).jpg;52
1622;1516;255;MANDRILLS BKB_255_20211213_id255_malado_(2).jpg;106
1589;1516;255;MANDRILLS BKB_255_20211213_id255_malado_(3).jpg;73
1501;1520;255;MANDRILLS BKB_255_20211217_id255_malado_(2).jpg;19
1536;1556;255;MANDRILLS BKB_255_20220122_id255.jpg;20
1814;1561;255;MANDRILLS BKB_255_20220127_id255.jpg;253
1879;1581;255;MANDRILLS BKB_255_20220216_id255_malado (1).jpg;298
1944;1581;255;MANDRILLS BKB_255_20220216_id255_malado (2).jpg;363
1732;1586;255;MANDRILLS BKB_255_20220221_id255_malado (1).jpg;146
1706;1586;255;MANDRILLS BKB_255_20220221_id255_malado (2).jpg;120
1731;1591;255;MANDRILLS BKB_255_20220226_id255_malado (1).jpg;140
1642;1591;255;MANDRILLS BKB_255_20220226_id255_malado (2).jpg;51
1730;1591;255;MANDRILLS BKB_255_20220226_id255_malado.jpg;139
1757;1602;255;MANDRILLS BKB_255_20220309_id255_malado (1).jpg;155
1742;1602;255;MANDRILLS BKB_255_20220309_id255_malado (2).jpg;140
1752;1602;255;MANDRILLS BKB_255_20220309_id255_malado (3).jpg;150
1623;1614;255;MANDRILLS BKB_255_20220321_id255_malado (1).jpg;9
1720;1620;255;MANDRILLS BKB_255_20220327_id255_malado.jpg;100
1618;1628;255;MANDRILLS BKB_255_20220404_id255_malado (1).jpg;10
1612;1628;255;MANDRILLS BKB_255_20220404_id255_malado (2).jpg;16
1695;1628;255;MANDRILLS BKB_255_20220404_id255_malado (3).jpg;67
1810;1634;255;MANDRILLS BKB_255_20220410_id255_malado (1).jpg;176
1825;1634;255;MANDRILLS BKB_255_20220410_id255_malado (2).jpg;191
1869;1651;255;MANDRILLS BKB_255_20220427_id255_malado.jpg;218
1724;1663;255;MANDRILLS BKB_255_20220509_id255_malado.jpg;61
1711;1670;255;MANDRILLS BKB_255_20220516_id255_malado.jpg;41
1818;1692;255;MANDRILLS BKB_255_20220607_id255_malado.jpg;126
1962;1699;255;MANDRILLS BKB_255_20220614_id255_malado (2).jpg;263
1801;1699;255;MANDRILLS BKB_255_20220614_id255_malado.jpg;102
2056;1707;255;MANDRILLS BKB_255_20220622_id255_malado.jpg;349
1830;1714;255;MANDRILLS BKB_255_20220629_id255 (1).jpg;116
1607;1714;255;MANDRILLS BKB_255_20220629_id255 (2).jpg;107
1785;1714;255;MANDRILLS BKB_255_20220629_id255 (3).jpg;71
1839;1714;255;MANDRILLS BKB_255_20220629_id255 (4).jpg;125
1882;1721;255;MANDRILLS BKB_255_20220706_id255 (2).jpg;161
1881;1721;255;MANDRILLS BKB_255_20220706_id255.jpg;160
1987;1726;255;MANDRILLS BKB_255_20220711_id255.jpg;261
2019;1728;255;MANDRILLS BKB_255_20220713_id255.jpg;291
1976;1741;255;MANDRILLS BKB_255_20220726_id255.jpg;235
2021;1753;255;MANDRILLS BKB_255_20220807_id255.jpg;268
1826;1754;255;MANDRILLS BKB_255_20220808_id255 (2).jpg;72
1877;1758;255;MANDRILLS BKB_255_20220812_id255.jpg;119
2093;1764;255;MANDRILLS BKB_255_20220818_id255 (1).jpg;329
1880;1764;255;MANDRILLS BKB_255_20220818_id255 (2).jpg;116
1816;1765;255;MANDRILLS BKB_255_20220819_id255 (2).jpg;51
1781;1765;255;MANDRILLS BKB_255_20220819_id255.jpg;16
1894;1769;255;MANDRILLS BKB_255_20220823_id255 (2).jpg;125
1851;1772;255;MANDRILLS BKB_255_20220826_id255 (1).jpg;79
1631;1772;255;MANDRILLS BKB_255_20220826_id255 (2).jpg;141
1847;1781;255;MANDRILLS BKB_255_20220904_id255.jpg;66
1858;1782;255;MANDRILLS BKB_255_20220905_id255.jpg;76
1994;1812;255;MANDRILLS BKB_255_20221005_id255 (1).jpg;182
1965;1812;255;MANDRILLS BKB_255_20221005_id255 (2).jpg;153
1854;1812;255;MANDRILLS BKB_255_20221005_id255 (3).jpg;42
1881;1886;255;MANDRILLS BKB_255_20221218_id255.jpg;5
8;14;261;MANDRILLS BKB_261_20180718_id3014_feminfDEVANT_(2)_ORIGINAL.jpg;6
9;14;261;MANDRILLS BKB_261_20180718_id3014_feminfDEVANT_(3)_ORIGINAL.jpg;5
61;14;261;MANDRILLS BKB_261_20180718_id3014_feminfDEVANT_(4)_ORIGINAL.jpg;47
10;14;261;MANDRILLS BKB_261_20180718_id3014_feminfDEVANT_(5)_ORIGINAL.jpg;4
12;14;261;MANDRILLS BKB_261_20180718_id3014_feminfDEVANT_(6)_ORIGINAL.jpg;2
12;14;261;MANDRILLS BKB_261_20180718_id3014_feminfDEVANT_(7)_ORIGINAL.jpg;2
-9;14;261;MANDRILLS BKB_261_20180718_id3014_feminfDEVANT_(8)_ORIGINAL.jpg;23
137;145;261;MANDRILLS BKB_261_20181126_id3014_feminf_(1)_ORIGINAL.jpg;8
133;145;261;MANDRILLS BKB_261_20181126_id3014_feminf_(2)_ORIGINAL.jpg;12
128;145;261;MANDRILLS BKB_261_20181126_id3014_feminf_(3)_ORIGINAL.jpg;17
123;145;261;MANDRILLS BKB_261_20181126_id3014_feminf_(4)_ORIGINAL.jpg;22
116;145;261;MANDRILLS BKB_261_20181126_id3014_feminf_(6)_ORIGINAL.jpg;29
118;145;261;MANDRILLS BKB_261_20181126_id3014_feminf_(7)_ORIGINAL.jpg;27
444;367;261;MANDRILLS BKB_261_20190706_id3014_femjuv_(1).jpg;77
378;367;261;MANDRILLS BKB_261_20190706_id3014_femjuv_(3).jpg;11
341;379;261;MANDRILLS BKB_261_20190718_id3014_femjuv_(1).jpg;38
408;379;261;MANDRILLS BKB_261_20190718_id3014_femjuv_(2).jpg;29
347;379;261;MANDRILLS BKB_261_20190718_id3014_femjuv_(3).jpg;32
346;379;261;MANDRILLS BKB_261_20190718_id3014_femjuv_(4).jpg;33
323;379;261;MANDRILLS BKB_261_20190718_id3014_femjuv_(5).jpg;56
415;432;261;MANDRILLS BKB_261_20190909_id3014_femjuv_(1).jpg;17
381;432;261;MANDRILLS BKB_261_20190909_id3014_femjuv_(2).jpg;51
402;432;261;MANDRILLS BKB_261_20190909_id3014_femjuv_(3).jpg;30
451;432;261;MANDRILLS BKB_261_20190909_id3014_femjuv_(4).jpg;19
530;496;261;MANDRILLS BKB_261_20191112_id3014_femjuv.jpg;34
509;497;261;MANDRILLS BKB_261_20191113_id3014_femjuv_(1).jpg;12
558;497;261;MANDRILLS BKB_261_20191113_id3014_femjuv_(2).jpg;61
610;525;261;MANDRILLS BKB_261_20191211_id3014_femjuv.jpg;85
831;530;261;MANDRILLS BKB_261_20191216_id3014_femjuv_(1).jpg;301
719;530;261;MANDRILLS BKB_261_20191216_id3014_femjuv_(2).jpg;189
495;566;261;MANDRILLS BKB_261_20200121_id3014_femjuv.jpg;71
791;893;261;MANDRILLS BKB_261_20201213_id3014_femjuv.jpg;102
896;918;261;MANDRILLS BKB_261_20210107_id3014_femjuv.jpg;22
1053;940;261;MANDRILLS BKB_261_20210129_id3014_femjuv_(1).jpg;113
1042;940;261;MANDRILLS BKB_261_20210129_id3014_femjuv_(2).jpg;102
922;947;261;MANDRILLS BKB_261_20210205_id3014_femjuv.jpg;25
1042;1020;261;MANDRILLS BKB_261_20210419_id3014_femjuv_(1).jpg;22
1048;1020;261;MANDRILLS BKB_261_20210419_id3014_femjuv_(2).jpg;28
1016;1021;261;MANDRILLS BKB_261_20210420_id3014_femjuv_(1).jpg;5
1106;1021;261;MANDRILLS BKB_261_20210420_id3014_femjuv_(2).jpg;85
1295;1249;261;MANDRILLS BKB_261_20211204_ID261_femjuv.jpg;46
1157;1262;261;MANDRILLS BKB_261_20211217_id261_femjuv.jpg;105
1326;1271;261;MANDRILLS BKB_261_20211226_id261_femjuv.jpg;55
1369;1298;261;MANDRILLS BKB_261_20220122_id261 (1).jpg;71
1195;1298;261;MANDRILLS BKB_261_20220122_id261 (2).jpg;103
1268;1298;261;MANDRILLS BKB_261_20220122_id261 (3).jpg;30
1333;1298;261;MANDRILLS BKB_261_20220122_id261 (4).jpg;35
1326;1298;261;MANDRILLS BKB_261_20220122_id261 (5).jpg;28
1307;1298;261;MANDRILLS BKB_261_20220122_id261 (6).jpg;9
1428;1298;261;MANDRILLS BKB_261_20220122_id261 (7).jpg;130
1346;1298;261;MANDRILLS BKB_261_20220122_id261 (8).jpg;48
1083;1308;261;MANDRILLS BKB_261_20220201_id261_femjuv (4).jpg;225
1075;1308;261;MANDRILLS BKB_261_20220201_id261_femjuv (5).jpg;233
1259;1308;261;MANDRILLS BKB_261_20220201_id261_femjuv (8).jpg;49
1139;1324;261;MANDRILLS BKB_261_20220217_id261_femjuv (1).jpg;185
1447;1324;261;MANDRILLS BKB_261_20220217_id261_femjuv (2).jpg;123
1349;1324;261;MANDRILLS BKB_261_20220217_id261_femjuv (3).jpg;25
1126;1324;261;MANDRILLS BKB_261_20220217_id261_femjuv (4).jpg;198
1337;1328;261;MANDRILLS BKB_261_20220221_id261_maljuv.jpg;9
1397;1333;261;MANDRILLS BKB_261_20220226_id261_femjuv.jpg;64
1461;1339;261;MANDRILLS BKB_261_20220304_id261.jpg;122
1446;1362;261;MANDRILLS BKB_261_20220327_id261_femjuv (1).jpg;84
1592;1362;261;MANDRILLS BKB_261_20220327_id261_femjuv (2).jpg;230
1421;1362;261;MANDRILLS BKB_261_20220327_id261_femjuv (3).jpg;59
1342;1362;261;MANDRILLS BKB_261_20220327_id261_femjuv (4).jpg;20
1393;1364;261;MANDRILLS BKB_261_20220329_id261_femjuv.jpg;29
1453;1431;261;MANDRILLS BKB_261_20220604_id261_femjuv (1).jpg;22
1545;1431;261;MANDRILLS BKB_261_20220604_id261_femjuv (2).jpg;114
1482;1448;261;MANDRILLS BKB_261_20220621_id261_femjuv.jpg;34
1445;1458;261;MANDRILLS BKB_261_20220701_id261.jpg;13
1636;1460;261;MANDRILLS BKB_261_20220703_id261 (1).jpg;176
1652;1460;261;MANDRILLS BKB_261_20220703_id261 (2).jpg;192
1292;1462;261;MANDRILLS BKB_261_20220705_id261 (1).jpg;170
381;1462;261;MANDRILLS BKB_261_20220705_id261 (3).jpg;1081
590;1462;261;MANDRILLS BKB_261_20220705_id261 (4).jpg;872
1491;1471;261;MANDRILLS BKB_261_20220714_id261_femadu (1).jpg;20
1536;1471;261;MANDRILLS BKB_261_20220714_id261_femadu (2).jpg;65
1642;1473;261;MANDRILLS BKB_261_20220716_id261_femadu.jpg;169
1622;1474;261;MANDRILLS BKB_261_20220717_id261.jpg;148
1526;1483;261;MANDRILLS BKB_261_20220726_id261 (2).jpg;43
1575;1483;261;MANDRILLS BKB_261_20220726_id261.jpg;92
1366;1503;261;MANDRILLS BKB_261_20220815_id261.jpg;137
1632;1526;261;MANDRILLS BKB_261_20220907_id261.jpg;106
1492;1530;261;MANDRILLS BKB_261_20220911_id261.jpg;38
1718;1534;261;MANDRILLS BKB_261_20220915_id261.jpg;184
1441;1539;261;MANDRILLS BKB_261_20220920_id261 (2).jpg;98
1564;1543;261;MANDRILLS BKB_261_20220924_id261 (1).jpg;21
1641;1543;261;MANDRILLS BKB_261_20220924_id261 (2).jpg;98
1567;1554;261;MANDRILLS BKB_261_20221005_id261.jpg;13
1618;1568;261;MANDRILLS BKB_261_20221019_id261.jpg;50
1720;1589;261;MANDRILLS BKB_261_20221109_id261.jpg;131
1706;1603;261;MANDRILLS BKB_261_20221123_id261.jpg;103
1813;1605;261;MANDRILLS BKB_261_20221125_id261.jpg;208
1534;1610;261;MANDRILLS BKB_261_20221130_id261.jpg;76
1470;1619;261;MANDRILLS BKB_261_20221209_id261.jpg;149
263;268;263;MANDRILLS BKB_263_20180802_id3029_feminf_(1)_ORIGINAL.jpg;5
267;268;263;MANDRILLS BKB_263_20180802_id3029_feminf_(2)_ORIGINAL.jpg;1
289;268;263;MANDRILLS BKB_263_20180802_id3029_feminf_(3)_ORIGINAL.jpg;21
279;289;263;MANDRILLS BKB_263_20180823_id3029_feminf_(1)_ORIGINAL.jpg;10
288;289;263;MANDRILLS BKB_263_20180823_id3029_feminf_(14)_ORIGINAL.jpg;1
293;289;263;MANDRILLS BKB_263_20180823_id3029_feminf_(15)_ORIGINAL.jpg;4
321;289;263;MANDRILLS BKB_263_20180823_id3029_feminf_(16)_ORIGINAL.jpg;32
279;289;263;MANDRILLS BKB_263_20180823_id3029_feminf_(17)_ORIGINAL.jpg;10
307;289;263;MANDRILLS BKB_263_20180823_id3029_feminf_(18)_ORIGINAL.jpg;18
273;289;263;MANDRILLS BKB_263_20180823_id3029_feminf_(19)_ORIGINAL.jpg;16
251;289;263;MANDRILLS BKB_263_20180823_id3029_feminf_(2)_ORIGINAL.jpg;38
262;289;263;MANDRILLS BKB_263_20180823_id3029_feminf_(20)_ORIGINAL.jpg;27
290;289;263;MANDRILLS BKB_263_20180823_id3029_feminf_(21)_ORIGINAL.jpg;1
254;289;263;MANDRILLS BKB_263_20180823_id3029_feminf_(22)_ORIGINAL.jpg;35
270;289;263;MANDRILLS BKB_263_20180823_id3029_feminf_(23)_ORIGINAL.jpg;19
269;289;263;MANDRILLS BKB_263_20180823_id3029_feminf_(24)_ORIGINAL.jpg;20
289;289;263;MANDRILLS BKB_263_20180823_id3029_feminf_(25)_ORIGINAL.jpg;0
301;289;263;MANDRILLS BKB_263_20180823_id3029_feminf_(26)_ORIGINAL.jpg;12
319;289;263;MANDRILLS BKB_263_20180823_id3029_feminf_(27)_ORIGINAL.jpg;30
335;289;263;MANDRILLS BKB_263_20180823_id3029_feminf_(28)_ORIGINAL.jpg;46
330;289;263;MANDRILLS BKB_263_20180823_id3029_feminf_(29)_ORIGINAL.jpg;41
303;289;263;MANDRILLS BKB_263_20180823_id3029_feminf_(5)_ORIGINAL.jpg;14
314;289;263;MANDRILLS BKB_263_20180823_id3029_feminf_(6)_ORIGINAL.jpg;25
279;289;263;MANDRILLS BKB_263_20180823_id3029_feminf_(7)_ORIGINAL.jpg;10
276;289;263;MANDRILLS BKB_263_20180823_id3029_feminf_(8)_ORIGINAL.jpg;13
288;289;263;MANDRILLS BKB_263_20180823_id3029_feminf_(9)_ORIGINAL.jpg;1
560;673;263;MANDRILLS BKB_263_20190911_id3029_femjuv_(1).jpg;113
578;673;263;MANDRILLS BKB_263_20190911_id3029_femjuv_(10).jpg;95
602;673;263;MANDRILLS BKB_263_20190911_id3029_femjuv_(2).jpg;71
515;673;263;MANDRILLS BKB_263_20190911_id3029_femjuv_(3).jpg;158
514;673;263;MANDRILLS BKB_263_20190911_id3029_femjuv_(6).jpg;159
567;673;263;MANDRILLS BKB_263_20190911_id3029_femjuv_(8).jpg;106
544;673;263;MANDRILLS BKB_263_20190911_id3029_femjuv_(9).jpg;129
635;829;263;MANDRILLS BKB_263_20200214_id3029_femjuv.jpg;194
847;1076;263;MANDRILLS BKB_263_20201018_id3029_femjuv_(1).jpg;229
932;1076;263;MANDRILLS BKB_263_20201018_id3029_femjuv_(10).jpg;144
1091;1076;263;MANDRILLS BKB_263_20201018_id3029_femjuv_(11).jpg;15
907;1076;263;MANDRILLS BKB_263_20201018_id3029_femjuv_(12).jpg;169
873;1076;263;MANDRILLS BKB_263_20201018_id3029_femjuv_(13).jpg;203
757;1076;263;MANDRILLS BKB_263_20201018_id3029_femjuv_(2).jpg;319
785;1076;263;MANDRILLS BKB_263_20201018_id3029_femjuv_(3).jpg;291
762;1076;263;MANDRILLS BKB_263_20201018_id3029_femjuv_(4).jpg;314
909;1076;263;MANDRILLS BKB_263_20201018_id3029_femjuv_(5).jpg;167
797;1076;263;MANDRILLS BKB_263_20201018_id3029_femjuv_(6).jpg;279
661;1076;263;MANDRILLS BKB_263_20201018_id3029_femjuv_(7).jpg;415
978;1076;263;MANDRILLS BKB_263_20201018_id3029_femjuv_(8).jpg;98
801;1076;263;MANDRILLS BKB_263_20201018_id3029_femjuv_(9).jpg;275
721;1077;263;MANDRILLS BKB_263_20201019_id3029_femjuv_(1).jpg;356
775;1077;263;MANDRILLS BKB_263_20201019_id3029_femjuv_(2).jpg;302
732;1080;263;MANDRILLS BKB_263_20201022_id3029_femjuv.jpg;348
1007;1110;263;MANDRILLS BKB_263_20201121_id3029_femjuv.jpg;103
858;1141;263;MANDRILLS BKB_263_20201222_id3029_femjuv.jpg;283
1067;1161;263;MANDRILLS BKB_263_20210111_id3029_femjuv.jpg;94
1038;1179;263;MANDRILLS BKB_263_20210129_id3029_femjuv_(1).jpg;141
1033;1179;263;MANDRILLS BKB_263_20210129_id3029_femjuv_(2).jpg;146
964;1179;263;MANDRILLS BKB_263_20210129_id3029_femjuv_(3).jpg;215
955;1179;263;MANDRILLS BKB_263_20210129_id3029_femjuv_(4).jpg;224
929;1179;263;MANDRILLS BKB_263_20210129_id3029_femjuv_(5).jpg;250
911;1179;263;MANDRILLS BKB_263_20210129_id3029_femjuv_(6).jpg;268
1069;1179;263;MANDRILLS BKB_263_20210129_id3029_femjuv_(8).jpg;110
1045;1186;263;MANDRILLS BKB_263_20210205_id3029_femjuv_(1).jpg;141
1022;1186;263;MANDRILLS BKB_263_20210205_id3029_femjuv_(2).jpg;164
924;1186;263;MANDRILLS BKB_263_20210205_id3029_femjuv_(3).jpg;262
1097;1217;263;MANDRILLS BKB_263_20210308_id3029_femjuv_(1).jpg;120
1003;1217;263;MANDRILLS BKB_263_20210308_id3029_femjuv_(2).jpg;214
1047;1217;263;MANDRILLS BKB_263_20210308_id3029_femjuv_(3).jpg;170
1050;1217;263;MANDRILLS BKB_263_20210308_id3029_femjuv_(4).jpg;167
1175;1242;263;MANDRILLS BKB_263_20210402_id3029_femjuv_(1).jpg;67
1117;1242;263;MANDRILLS BKB_263_20210402_id3029_femjuv_(2).jpg;125
1067;1242;263;MANDRILLS BKB_263_20210402_id3029_femjuv_(3).jpg;175
1010;1250;263;MANDRILLS BKB_263_20210410_id3029_femjuv.jpg;240
1008;1262;263;MANDRILLS BKB_263_20210422_id3029_femjuv_(1).jpg;254
964;1262;263;MANDRILLS BKB_263_20210422_id3029_femjuv_(2).jpg;298
1216;1283;263;MANDRILLS BKB_263_20210513_id3029_femjuv.jpg;67
1288;1308;263;MANDRILLS BKB_263_20210607_id3029_femjuv.jpg;20
1316;1428;263;MANDRILLS BKB_263_20211005_id263_femjuv.jpg;112
1433;1447;263;MANDRILLS BKB_263_20211024_id263_femjuv.jpg;14
1405;1459;263;MANDRILLS BKB_263_20211105_id263_femjuv.jpg;54
1432;1460;263;MANDRILLS BKB_263_20211106_id263_femjuv_(1).jpg;28
1396;1460;263;MANDRILLS BKB_263_20211106_id263_femjuv_(2).jpg;64
1523;1462;263;MANDRILLS BKB_263_20211108_id263_femadu_(2).jpg;61
1272;1462;263;MANDRILLS BKB_263_20211108_id263_femadu_(4).jpg;190
1551;1462;263;MANDRILLS BKB_263_20211108_id263_femadu_(5).jpg;89
1790;1510;263;MANDRILLS BKB_263_20211226_id263_femadu_(2).jpg;280
1376;1510;263;MANDRILLS BKB_263_20211226_id263_femadu_(3).jpg;134
1278;1510;263;MANDRILLS BKB_263_20211226_id263_femadu_(4).jpg;232
1353;1510;263;MANDRILLS BKB_263_20211226_id263_femadu_(5).jpg;157
1456;1537;263;MANDRILLS BKB_263_20220122_id263 (1).jpg;81
1353;1537;263;MANDRILLS BKB_263_20220122_id263 (2).jpg;184
1890;1588;263;MANDRILLS BKB_263_20220314_id263_femadu (2).jpg;302
1709;1588;263;MANDRILLS BKB_263_20220314_id263_femadu (3).jpg;121
1748;1596;263;MANDRILLS BKB_263_20220322_id263_femadu (1).jpg;152
1586;1601;263;MANDRILLS BKB_263_20220327_id263_femadu.jpg;15
1633;1603;263;MANDRILLS BKB_263_20220329_id263_femadu (1).jpg;30
1588;1603;263;MANDRILLS BKB_263_20220329_id263_femadu (2).jpg;15
1517;1644;263;MANDRILLS BKB_263_20220509_id263_femadu (2).jpg;127
1403;1644;263;MANDRILLS BKB_263_20220509_id263_femadu.jpg;241
1609;1651;263;MANDRILLS BKB_263_20220516_id263_femadu (1).jpg;42
1562;1651;263;MANDRILLS BKB_263_20220516_id263_femadu (2).jpg;89
1538;1659;263;MANDRILLS BKB_263_20220524_id263_femadu(1).jpg;121
1525;1659;263;MANDRILLS BKB_263_20220524_id263_femadu(2).jpg;134
1243;1670;263;MANDRILLS BKB_263_20220604_id263_femadu (1).jpg;427
1584;1670;263;MANDRILLS BKB_263_20220604_id263_femadu (2).jpg;86
1678;1673;263;MANDRILLS BKB_263_20220607_id263_femadu (1).jpg;5
1561;1673;263;MANDRILLS BKB_263_20220607_id263_femadu (2).jpg;112
1806;1687;263;MANDRILLS BKB_263_20220621_id263_femadu.jpg;119
1795;1689;263;MANDRILLS BKB_263_20220623_id263_femadu.jpg;106
1715;1690;263;MANDRILLS BKB_263_20220624_id263_femadu.jpg;25
1735;1699;263;MANDRILLS BKB_263_20220703_id263 (1).jpg;36
1829;1699;263;MANDRILLS BKB_263_20220703_id263 (2).jpg;130
1450;1699;263;MANDRILLS BKB_263_20220703_id263.jpg;249
1589;1707;263;MANDRILLS BKB_263_20220711_id263 (2).jpg;118
1605;1707;263;MANDRILLS BKB_263_20220711_id263.jpg;102
1810;1712;263;MANDRILLS BKB_263_20220716_id263_femadu.jpg;98
1610;1713;263;MANDRILLS BKB_263_20220717_id263.jpg;103
1795;1721;263;MANDRILLS BKB_263_20220725_id263.jpg;74
1771;1730;263;MANDRILLS BKB_263_20220803_id263 (3).jpg;41
1447;1730;263;MANDRILLS BKB_263_20220803_id263 (4).jpg;283
1678;1730;263;MANDRILLS BKB_263_20220803_id263.jpg;52
1766;1745;263;MANDRILLS BKB_263_20220818_263.jpg;21
1735;1753;263;MANDRILLS BKB_263_20220826_id263.jpg;18
1832;1754;263;MANDRILLS BKB_263_20220827_id263.jpg;78
1746;1762;263;MANDRILLS BKB_263_20220904_id263 (2).jpg;16
1706;1762;263;MANDRILLS BKB_263_20220904_id263 (3).jpg;56
1833;1763;263;MANDRILLS BKB_263_20220905_id263.jpg;70
1805;1793;263;MANDRILLS BKB_263_20221005_id263 (1).jpg;12
1443;1793;263;MANDRILLS BKB_263_20221005_id263 (2).jpg;350
1840;1807;263;MANDRILLS BKB_263_20221019_id263.jpg;33
1552;1815;263;MANDRILLS BKB_263_20221027_id263.jpg;263
1933;1818;263;MANDRILLS BKB_263_20221030_id263.jpg;115
1929;1849;263;MANDRILLS BKB_263_20221130_id263 (2).jpg;80
1619;1849;263;MANDRILLS BKB_263_20221130_id263.jpg;230
1690;1858;263;MANDRILLS BKB_263_20221209_id263.jpg;168
2039;1867;263;MANDRILLS BKB_263_20221218_id263.jpg;172
1906;1870;263;MANDRILLS BKB_263_20221221_id263 (2).jpg;36
1842;1870;263;MANDRILLS BKB_263_20221221_id263.jpg;28
1651;1873;263;MANDRILLS BKB_263_20221224_id263.jpg;222
313;324;283;MANDRILLS BKB_283_20190822_id4047_malinf_(1).jpg;11
277;324;283;MANDRILLS BKB_283_20190822_id4047_malinf_(2).jpg;47
332;392;283;MANDRILLS BKB_283_20191029_id4047_maljuv.jpg;60
308;406;283;MANDRILLS BKB_283_20191112_id4047_maljuv.jpg;98
384;414;283;MANDRILLS BKB_283_20191120_id4047_maljuv.jpg;30
366;451;283;MANDRILLS BKB_283_20191227_id4047_maljuv.jpg;85
352;509;283;MANDRILLS BKB_283_20200223_id4047_maljuv.jpg;157
414;527;283;MANDRILLS BKB_283_20200312_id4047_maljuv_(1).jpg;113
428;527;283;MANDRILLS BKB_283_20200312_id4047_maljuv_(2).jpg;99
532;582;283;MANDRILLS BKB_283_20200506_id4047_maljuv.jpg;50
622;760;283;MANDRILLS BKB_283_20201031_id4047_maljuv_(1).jpg;138
610;760;283;MANDRILLS BKB_283_20201031_id4047_maljuv_(2).jpg;150
446;760;283;MANDRILLS BKB_283_20201031_id4047_maljuv_(3).jpg;314
529;763;283;MANDRILLS BKB_283_20201103_id4047_maljuv.jpg;234
606;766;283;MANDRILLS BKB_283_20201106_id4047_maljuv.jpg;160
676;784;283;MANDRILLS BKB_283_20201124_id4047_maljuv_(1).jpg;108
570;784;283;MANDRILLS BKB_283_20201124_id4047_maljuv_(2).jpg;214
628;784;283;MANDRILLS BKB_283_20201124_id4047_maljuv_(3).jpg;156
555;784;283;MANDRILLS BKB_283_20201124_id4047_maljuv_(4).jpg;229
497;784;283;MANDRILLS BKB_283_20201124_id4047_maljuv_(5).jpg;287
694;785;283;MANDRILLS BKB_283_20201125_id4047_maljuv_(1).jpg;91
686;785;283;MANDRILLS BKB_283_20201125_id4047_maljuv_(2).jpg;99
707;803;283;MANDRILLS BKB_283_20201213_id4047_maljuv_(1).jpg;96
704;803;283;MANDRILLS BKB_283_20201213_id4047_maljuv_(2).jpg;99
783;803;283;MANDRILLS BKB_283_20201213_id4047_maljuv_(3).jpg;20
713;817;283;MANDRILLS BKB_283_20201227_id4047_maljuv.jpg;104
892;824;283;MANDRILLS BKB_283_20210103_id4047_maljuv.jpg;68
786;825;283;MANDRILLS BKB_283_20210104_id4047_maljuv_(1).jpg;39
605;827;283;MANDRILLS BKB_283_20210106_id4047_maljuv_(1).jpg;222
748;827;283;MANDRILLS BKB_283_20210106_id4047_maljuv_(2).jpg;79
818;834;283;MANDRILLS BKB_283_20210113_id4047_maljuv_(1).jpg;16
744;834;283;MANDRILLS BKB_283_20210113_id4047_maljuv_(2).jpg;90
612;837;283;MANDRILLS BKB_283_20210116_id4047_maljuv.jpg;225
650;849;283;MANDRILLS BKB_283_20210128_id4047_maljuv.jpg;199
661;850;283;MANDRILLS BKB_283_20210129_id4047_maljuv_(1).jpg;189
727;850;283;MANDRILLS BKB_283_20210129_id4047_maljuv_(10).jpg;123
770;850;283;MANDRILLS BKB_283_20210129_id4047_maljuv_(11).jpg;80
779;850;283;MANDRILLS BKB_283_20210129_id4047_maljuv_(12).jpg;71
779;850;283;MANDRILLS BKB_283_20210129_id4047_maljuv_(2).jpg;71
788;850;283;MANDRILLS BKB_283_20210129_id4047_maljuv_(3).jpg;62
691;850;283;MANDRILLS BKB_283_20210129_id4047_maljuv_(4).jpg;159
693;850;283;MANDRILLS BKB_283_20210129_id4047_maljuv_(5).jpg;157
800;850;283;MANDRILLS BKB_283_20210129_id4047_maljuv_(6).jpg;50
702;850;283;MANDRILLS BKB_283_20210129_id4047_maljuv_(7).jpg;148
684;850;283;MANDRILLS BKB_283_20210129_id4047_maljuv_(8).jpg;166
688;850;283;MANDRILLS BKB_283_20210129_id4047_maljuv_(9).jpg;162
606;862;283;MANDRILLS BKB_283_20210210_id4047_maljuv.jpg;256
792;878;283;MANDRILLS BKB_283_20210226_id4047_maljuv.jpg;86
736;909;283;MANDRILLS BKB_283_20210329_id4047_maljuv_(1).jpg;173
768;909;283;MANDRILLS BKB_283_20210329_id4047_maljuv_(2).jpg;141
709;909;283;MANDRILLS BKB_283_20210329_id4047_maljuv_(3).jpg;200
884;993;283;MANDRILLS BKB_283_20210621_id4047_maljuv_(1).jpg;109
860;993;283;MANDRILLS BKB_283_20210621_id4047_maljuv_(3).jpg;133
852;993;283;MANDRILLS BKB_283_20210621_id4047_maljuv_(4).jpg;141
882;993;283;MANDRILLS BKB_283_20210621_id4047_maljuv_(5).jpg;111
862;993;283;MANDRILLS BKB_283_20210621_id4047_maljuv_(6).jpg;131
886;993;283;MANDRILLS BKB_283_20210621_id4047_maljuv_(7).jpg;107
921;993;283;MANDRILLS BKB_283_20210621_id4047_maljuv_(8).jpg;72
831;993;283;MANDRILLS BKB_283_20210621_id4047_maljuv_(9).jpg;162
950;1015;283;MANDRILLS BKB_283_20210713_id4047_maljuv_(1).jpg;65
829;1015;283;MANDRILLS BKB_283_20210713_id4047_maljuv_(2).jpg;186
885;1015;283;MANDRILLS BKB_283_20210713_id4047_maljuv_(3).jpg;130
1055;1206;283;MANDRILLS BKB_283_20220120_id4047 (1).jpg;151
1121;1206;283;MANDRILLS BKB_283_20220120_id4047 (2).jpg;85
1019;1206;283;MANDRILLS BKB_283_20220120_id4047 (5).jpg;187
896;1206;283;MANDRILLS BKB_283_20220120_id4047.jpg;310
1043;1218;283;MANDRILLS BKB_283_20220201_id4047_maljuv.jpg;175
1203;1243;283;MANDRILLS BKB_283_20220226_id4047_maljuv (1).jpg;40
1170;1243;283;MANDRILLS BKB_283_20220226_id4047_maljuv (2).jpg;73
1068;1243;283;MANDRILLS BKB_283_20220226_id4047_maljuv (3).jpg;175
987;1243;283;MANDRILLS BKB_283_20220226_id4047_maljuv (4).jpg;256
1202;1254;283;MANDRILLS BKB_283_20220309_id4047_maljuv (1).jpg;52
1141;1254;283;MANDRILLS BKB_283_20220309_id4047_maljuv (2).jpg;113
1180;1254;283;MANDRILLS BKB_283_20220309_id4047_maljuv (3).jpg;74
1054;1259;283;MANDRILLS BKB_283_20220314_id4047_maljuv (1).jpg;205
961;1259;283;MANDRILLS BKB_283_20220314_id4047_maljuv (2).jpg;298
932;1259;283;MANDRILLS BKB_283_20220314_id4047_maljuv (3).jpg;327
1235;1259;283;MANDRILLS BKB_283_20220314_id4047_maljuv (4).jpg;24
1089;1259;283;MANDRILLS BKB_283_20220314_id4047_maljuv (5).jpg;170
1077;1259;283;MANDRILLS BKB_283_20220314_id4047_maljuv (6).jpg;182
927;1259;283;MANDRILLS BKB_283_20220314_id4047_maljuv (7).jpg;332
1216;1259;283;MANDRILLS BKB_283_20220314_id4047_maljuv (8).jpg;43
1047;1274;283;MANDRILLS BKB_283_20220329_id4047_maljuv (1).jpg;227
1041;1274;283;MANDRILLS BKB_283_20220329_id4047_maljuv (2).jpg;233
975;1275;283;MANDRILLS BKB_283_20220330_id4047_maljuv.jpg;300
1057;1283;283;MANDRILLS BKB_283_20220407_id4047_maljuv.jpg;226
1146;1286;283;MANDRILLS BKB_283_20220410_id4047_maljuv.jpg;140
1071;1302;283;MANDRILLS BKB_283_20220426_id4047_maljuv (1).jpg;231
1288;1302;283;MANDRILLS BKB_283_20220426_id4047_maljuv (2).jpg;14
1230;1302;283;MANDRILLS BKB_283_20220426_id4047_maljuv (3).jpg;72
1260;1321;283;MANDRILLS BKB_283_20220515_id4047_maljuv (1).jpg;61
1003;1321;283;MANDRILLS BKB_283_20220515_id4047_maljuv (2).jpg;318
1065;1321;283;MANDRILLS BKB_283_20220515_id4047_maljuv (3).jpg;256
1195;1321;283;MANDRILLS BKB_283_20220515_id4047_maljuv (4).jpg;126
1252;1322;283;MANDRILLS BKB_283_20220516_id4047_maljuv.jpg;70
1249;1340;283;MANDRILLS BKB_283_20220603_id4047_maljuv.jpg;91
1187;1341;283;MANDRILLS BKB_283_20220604_id4047_maljuv (1).jpg;154
1088;1341;283;MANDRILLS BKB_283_20220604_id4047_maljuv (2).jpg;253
1153;1341;283;MANDRILLS BKB_283_20220604_id4047_maljuv (3).jpg;188
1136;1343;283;MANDRILLS BKB_283_20220606_id4047_maljuv (1).jpg;207
1158;1343;283;MANDRILLS BKB_283_20220606_id4047_maljuv (2).jpg;185
1238;1344;283;MANDRILLS BKB_283_20220607_id4047_maljuv (1).jpg;106
1309;1344;283;MANDRILLS BKB_283_20220607_id4047_maljuv (2).jpg;35
1175;1344;283;MANDRILLS BKB_283_20220607_id4047_maljuv (3).jpg;169
1124;1358;283;MANDRILLS BKB_283_20220621_id4047_maljuv (1).jpg;234
1126;1358;283;MANDRILLS BKB_283_20220621_id4047_maljuv (2).jpg;232
1085;1358;283;MANDRILLS BKB_283_20220621_id4047_maljuv (3).jpg;273
1215;1358;283;MANDRILLS BKB_283_20220621_id4047_maljuv (4).jpg;143
1252;1366;283;MANDRILLS BKB_283_20220629_id4047 (1).jpg;114
1223;1366;283;MANDRILLS BKB_283_20220629_id4047 (2).jpg;143
1359;1368;283;MANDRILLS BKB_283_20220701_id4047 (2).jpg;9
1263;1368;283;MANDRILLS BKB_283_20220701_id4047.jpg;105
1053;1378;283;MANDRILLS BKB_283_20220711_id4047.jpg;325
1159;1383;283;MANDRILLS BKB_283_20220716_id4047_maljuv (1).jpg;224
1297;1383;283;MANDRILLS BKB_283_20220716_id4047_maljuv (2).jpg;86
1241;1383;283;MANDRILLS BKB_283_20220716_id4047_maljuv.jpg;142
1177;1402;283;MANDRILLS BKB_283_20220804_id4047.jpg;225
1345;1403;283;MANDRILLS BKB_283_20220805_id4047.jpg;58
1165;1406;283;MANDRILLS BKB_283_20220808_id4047.jpg;241
1349;1424;283;MANDRILLS BKB_283_20220826_id4047.jpg;75
1282;1433;283;MANDRILLS BKB_283_20220904_id4047 (1).jpg;151
1308;1433;283;MANDRILLS BKB_283_20220904_id4047 (2).jpg;125
1331;1433;283;MANDRILLS BKB_283_20220904_id4047 (3).jpg;102
1216;1433;283;MANDRILLS BKB_283_20220904_id4047 (4).jpg;217
1195;1481;283;MANDRILLS BKB_283_20221022_id4047.jpg;286
1299;1482;283;MANDRILLS BKB_283_20221023_id4047 (1).jpg;183
1154;1482;283;MANDRILLS BKB_283_20221023_id4047 (2).jpg;328
1365;1504;283;MANDRILLS BKB_283_20221114_id4047.jpg;139
1440;1513;283;MANDRILLS BKB_283_20221123_id4047.jpg;73
1444;1529;283;MANDRILLS BKB_283_20221209_id283 (3).jpg;85
1503;1530;283;MANDRILLS BKB_283_20221210_id283.jpg;27
1336;1544;283;MANDRILLS BKB_283_20221224_id283.jpg;208
267;281;289;MANDRILLS BKB_289_20190926_id4105_malinf.jpg;14
262;309;289;MANDRILLS BKB_289_20191024_id4105_malinf.jpg;47
289;313;289;MANDRILLS BKB_289_20191028_id4105_malinf_(1).jpg;24
284;313;289;MANDRILLS BKB_289_20191028_id4105_malinf_(2).jpg;29
295;313;289;MANDRILLS BKB_289_20191028_id4105_malinf_(3).jpg;18
313;324;289;MANDRILLS BKB_289_20191108_id4105_malinf_(1).jpg;11
325;324;289;MANDRILLS BKB_289_20191108_id4105_malinf_(2).jpg;1
326;336;289;MANDRILLS BKB_289_20191120_id4105_malinf.jpg;10
395;426;289;MANDRILLS BKB_289_20200218_id4105_maljuv.jpg;31
488;666;289;MANDRILLS BKB_289_20201015_id4105_maljuv_(1).jpg;178
547;666;289;MANDRILLS BKB_289_20201015_id4105_maljuv_(2).jpg;119
566;668;289;MANDRILLS BKB_289_20201017_id4105_maljuv_(1).jpg;102
577;668;289;MANDRILLS BKB_289_20201017_id4105_maljuv_(2).jpg;91
570;668;289;MANDRILLS BKB_289_20201017_id4105_maljuv_(3).jpg;98
487;673;289;MANDRILLS BKB_289_20201022_id4105_maljuv.jpg;186
503;680;289;MANDRILLS BKB_289_20201029_id4105_maljuv_(1).jpg;177
559;680;289;MANDRILLS BKB_289_20201029_id4105_maljuv_(2).jpg;121
683;747;289;MANDRILLS BKB_289_20210104_id4105_maljuv.jpg;64
656;750;289;MANDRILLS BKB_289_20210107_id4105_maljuv_(1).jpg;94
551;750;289;MANDRILLS BKB_289_20210107_id4105_maljuv_(2).jpg;199
665;752;289;MANDRILLS BKB_289_20210109_id4105_maljuv_(1).jpg;87
728;752;289;MANDRILLS BKB_289_20210109_id4105_maljuv_(2).jpg;24
623;759;289;MANDRILLS BKB_289_20210116_id4105_maljuv_(1).jpg;136
728;759;289;MANDRILLS BKB_289_20210116_id4105_maljuv_(2).jpg;31
714;834;289;MANDRILLS BKB_289_20210401_id4105_maljuv_(1).jpg;120
861;834;289;MANDRILLS BKB_289_20210401_id4105_maljuv_(2).jpg;27
757;834;289;MANDRILLS BKB_289_20210401_id4105_maljuv_(3).jpg;77
833;834;289;MANDRILLS BKB_289_20210401_id4105_maljuv_(4).jpg;1
908;834;289;MANDRILLS BKB_289_20210401_id4105_maljuv_(5).jpg;74
896;834;289;MANDRILLS BKB_289_20210401_id4105_maljuv_(6).jpg;62
856;834;289;MANDRILLS BKB_289_20210401_id4105_maljuv_(7).jpg;22
1021;834;289;MANDRILLS BKB_289_20210401_id4105_maljuv_(8).jpg;187
1100;1066;289;MANDRILLS BKB_289_20211119_id4105_maljuv_(2).jpg;34
1121;1073;289;MANDRILLS BKB_289_20211126_id4105_maljuv.jpg;48
1153;1103;289;MANDRILLS BKB_289_20211226_id4105_maljuv_(1).jpg;50
1120;1103;289;MANDRILLS BKB_289_20211226_id4105_maljuv_(2).jpg;17
1057;1103;289;MANDRILLS BKB_289_20211226_id4105_maljuv_(3).jpg;46
1085;1130;289;MANDRILLS BKB_289_20220122_id4105.jpg;45
1205;1140;289;MANDRILLS BKB_289_20220201_id4105_maljuv (2).jpg;65
1272;1140;289;MANDRILLS BKB_289_20220201_id4105_maljuv (3).jpg;132
1036;1140;289;MANDRILLS BKB_289_20220201_id4105_maljuv (4).jpg;104
1071;1140;289;MANDRILLS BKB_289_20220201_id4105_maljuv (5).jpg;69
1121;1140;289;MANDRILLS BKB_289_20220201_id4105_maljuv (6).jpg;19
1247;1140;289;MANDRILLS BKB_289_20220201_id4105_maljuv (7).jpg;107
1271;1154;289;MANDRILLS BKB_289_20220215_id4105_maljuv (1).jpg;117
1232;1154;289;MANDRILLS BKB_289_20220215_id4105_maljuv (2).jpg;78
1136;1155;289;MANDRILLS BKB_289_20220216_id4105_maljuv (1).jpg;19
1160;1155;289;MANDRILLS BKB_289_20220216_id4105_maljuv (2).jpg;5
1236;1177;289;MANDRILLS BKB_289_20220310_id4105_maljuv.jpg;59
1224;1181;289;MANDRILLS BKB_289_20220314_id4105_maljuv (1).jpg;43
1220;1181;289;MANDRILLS BKB_289_20220314_id4105_maljuv (2).jpg;39
1154;1181;289;MANDRILLS BKB_289_20220314_id4105_maljuv (3).jpg;27
1276;1181;289;MANDRILLS BKB_289_20220314_id4105_maljuv (4).jpg;95
1206;1197;289;MANDRILLS BKB_289_20220330_id4105_maljuv.jpg;9
1274;1239;289;MANDRILLS BKB_289_20220511_id4105_maljuv (1).jpg;35
1266;1239;289;MANDRILLS BKB_289_20220511_id4105_maljuv (2).jpg;27
1508;1244;289;MANDRILLS BKB_289_20220516_id4105_maljuv.jpg;264
1358;1305;289;MANDRILLS BKB_289_20220716_id4105.jpg;53
1196;1305;289;MANDRILLS BKB_289_20220716_id4105_maljuv.jpg;109
1344;1310;289;MANDRILLS BKB_289_20220721_id4105.jpg;34
1606;1313;289;MANDRILLS BKB_289_20220724_id4105.jpg;293
1293;1332;289;MANDRILLS BKB_289_20220812_id4105 (1).jpg;39
1503;1332;289;MANDRILLS BKB_289_20220812_id4105 (2).jpg;171
1533;1332;289;MANDRILLS BKB_289_20220812_id4105 (3).jpg;201
1379;1355;289;MANDRILLS BKB_289_20220904_id4105.jpg;24
1489;1362;289;MANDRILLS BKB_289_20220911_id4105.jpg;127
1432;1369;289;MANDRILLS BKB_289_20220918_id4105 (1).jpg;63
1306;1369;289;MANDRILLS BKB_289_20220918_id4105 (2).jpg;63
1431;1379;289;MANDRILLS BKB_289_20220928_id4105 (2).jpg;52
1426;1386;289;MANDRILLS BKB_289_20221005_id4105.jpg;40
1313;1428;289;MANDRILLS BKB_289_20221116_id4105.jpg;115
1468;1444;289;MANDRILLS BKB_289_20221202_id289 (2).jpg;24
409;289;297;MANDRILLS BKB_297_20190718_id4006_feminf_(1).jpg;120
430;289;297;MANDRILLS BKB_297_20190718_id4006_feminf_(2).jpg;141
438;289;297;MANDRILLS BKB_297_20190718_id4006_feminf_(3).jpg;149
427;289;297;MANDRILLS BKB_297_20190718_id4006_feminf_(4).jpg;138
474;289;297;MANDRILLS BKB_297_20190718_id4006_feminf_(5).jpg;185
462;312;297;MANDRILLS BKB_297_20190810_id4006_feminf_(1).jpg;150
355;312;297;MANDRILLS BKB_297_20190810_id4006_feminf_(2).jpg;43
392;312;297;MANDRILLS BKB_297_20190810_id4006_feminf_(3).jpg;80
451;387;297;MANDRILLS BKB_297_20191024_id4006_femjuv_(1).jpg;64
500;387;297;MANDRILLS BKB_297_20191024_id4006_femjuv_(2).jpg;113
468;387;297;MANDRILLS BKB_297_20191024_id4006_femjuv_(3).jpg;81
463;387;297;MANDRILLS BKB_297_20191024_id4006_femjuv_(4).jpg;76
432;387;297;MANDRILLS BKB_297_20191024_id4006_femjuv_(5).jpg;45
382;387;297;MANDRILLS BKB_297_20191024_id4006_femjuv_(6).jpg;5
509;387;297;MANDRILLS BKB_297_20191024_id4006_femjuv_(7).jpg;122
559;402;297;MANDRILLS BKB_297_20191108_id4006_femjuv_(1).jpg;157
574;402;297;MANDRILLS BKB_297_20191108_id4006_femjuv_(2).jpg;172
654;463;297;MANDRILLS BKB_297_20200108_id4006_femjuv.jpg;191
546;493;297;MANDRILLS BKB_297_20200207_id4006_femjuv.jpg;53
642;527;297;MANDRILLS BKB_297_20200312_id4006_femjuv_(1).jpg;115
604;527;297;MANDRILLS BKB_297_20200312_id4006_femjuv_(2).jpg;77
684;748;297;MANDRILLS BKB_297_20201019_id4006_femjuv_(1).jpg;64
775;748;297;MANDRILLS BKB_297_20201019_id4006_femjuv_(2).jpg;27
793;748;297;MANDRILLS BKB_297_20201019_id4006_femjuv_(3).jpg;45
826;748;297;MANDRILLS BKB_297_20201019_id4006_femjuv_(4).jpg;78
812;748;297;MANDRILLS BKB_297_20201019_id4006_femjuv_(5).jpg;64
792;751;297;MANDRILLS BKB_297_20201022_id4006_femjuv_(1).jpg;41
817;751;297;MANDRILLS BKB_297_20201022_id4006_femjuv_(2).jpg;66
897;751;297;MANDRILLS BKB_297_20201022_id4006_femjuv_(3).jpg;146
820;751;297;MANDRILLS BKB_297_20201022_id4006_femjuv_(4).jpg;69
703;751;297;MANDRILLS BKB_297_20201022_id4006_femjuv_(5).jpg;48
845;753;297;MANDRILLS BKB_297_20201024_id4006_femjuv.jpg;92
926;766;297;MANDRILLS BKB_297_20201106_id4006_femjuv_(2).jpg;160
813;784;297;MANDRILLS BKB_297_20201124_id4006_femjuv.jpg;29
898;784;297;MANDRILLS BKB_297_20201124_id4006_femjuv_(1).jpg;114
906;784;297;MANDRILLS BKB_297_20201124_id4006_femjuv_(2).jpg;122
969;784;297;MANDRILLS BKB_297_20201124_id4006_femjuv_(3).jpg;185
887;784;297;MANDRILLS BKB_297_20201124_id4006_femjuv_(4).jpg;103
867;803;297;MANDRILLS BKB_297_20201213_id4006_femjuv_(1).jpg;64
917;803;297;MANDRILLS BKB_297_20201213_id4006_femjuv_(2).jpg;114
872;803;297;MANDRILLS BKB_297_20201213_id4006_femjuv_(3).jpg;69
930;807;297;MANDRILLS BKB_297_20201217_id4006_femjuv_(1).jpg;123
954;807;297;MANDRILLS BKB_297_20201217_id4006_femjuv_(2).jpg;147
997;807;297;MANDRILLS BKB_297_20201217_id4006_femjuv_(3).jpg;190
893;820;297;MANDRILLS BKB_297_20201230_id4006_femjuv_(1).jpg;73
860;820;297;MANDRILLS BKB_297_20201230_id4006_femjuv_(2).jpg;40
964;820;297;MANDRILLS BKB_297_20201230_id4006_femjuv_(3).jpg;144
921;821;297;MANDRILLS BKB_297_20201231_id4006_femjuv_(4).jpg;100
950;821;297;MANDRILLS BKB_297_20201231_id4006_femjuv_(5).jpg;129
1004;821;297;MANDRILLS BKB_297_20201231_id4006_femjuv_(6).jpg;183
895;821;297;MANDRILLS BKB_297_20201231_id4006_femjuv_(7).jpg;74
918;827;297;MANDRILLS BKB_297_20210106_id4006_femjuv.jpg;91
950;834;297;MANDRILLS BKB_297_20210113_id4006_femjuv_(1).jpg;116
910;834;297;MANDRILLS BKB_297_20210113_id4006_femjuv_(10).jpg;76
986;834;297;MANDRILLS BKB_297_20210113_id4006_femjuv_(11).jpg;152
963;834;297;MANDRILLS BKB_297_20210113_id4006_femjuv_(12).jpg;129
944;834;297;MANDRILLS BKB_297_20210113_id4006_femjuv_(2).jpg;110
1078;834;297;MANDRILLS BKB_297_20210113_id4006_femjuv_(3).jpg;244
927;834;297;MANDRILLS BKB_297_20210113_id4006_femjuv_(4).jpg;93
914;834;297;MANDRILLS BKB_297_20210113_id4006_femjuv_(6).jpg;80
1016;834;297;MANDRILLS BKB_297_20210113_id4006_femjuv_(7).jpg;182
1069;834;297;MANDRILLS BKB_297_20210113_id4006_femjuv_(8).jpg;235
992;834;297;MANDRILLS BKB_297_20210113_id4006_femjuv_(9).jpg;158
938;849;297;MANDRILLS BKB_297_20210128_id4006_femjuv.jpg;89
1012;876;297;MANDRILLS BKB_297_20210224_id4006_femjuv_(1).jpg;136
1022;876;297;MANDRILLS BKB_297_20210224_id4006_femjuv_(2).jpg;146
1051;881;297;MANDRILLS BKB_297_20210301_id4006_femjuv_(1).jpg;170
984;881;297;MANDRILLS BKB_297_20210301_id4006_femjuv_(2).jpg;103
993;912;297;MANDRILLS BKB_297_20210401_id4006_femjuv.jpg;81
1054;921;297;MANDRILLS BKB_297_20210410_id4006_femjuv_(1).jpg;133
1071;921;297;MANDRILLS BKB_297_20210410_id4006_femjuv_(2).jpg;150
1035;921;297;MANDRILLS BKB_297_20210410_id4006_femjuv_(3).jpg;114
1007;921;297;MANDRILLS BKB_297_20210410_id4006_femjuv_(4).jpg;86
1114;921;297;MANDRILLS BKB_297_20210410_id4006_femjuv_(5).jpg;193
1009;1032;297;MANDRILLS BKB_297_20210730_id4006_femjuv_(3).jpg;23
1244;1071;297;MANDRILLS BKB_297_20210907_id4006_femjuv (1).jpg;173
1269;1071;297;MANDRILLS BKB_297_20210907_id4006_femjuv (2).jpg;198
1196;1131;297;MANDRILLS BKB_297_20211106_id4006_femjuv_(1).jpg;65
1172;1131;297;MANDRILLS BKB_297_20211106_id4006_femjuv_(2).jpg;41
1203;1131;297;MANDRILLS BKB_297_20211106_id4006_femjuv_(3).jpg;72
1367;1131;297;MANDRILLS BKB_297_20211106_id4006_femjuv_(4).jpg;236
1292;1218;297;MANDRILLS BKB_297_20220201_id4006_femado.jpg;74
1239;1218;297;MANDRILLS BKB_297_20220201_id4006_femjuv (1).jpg;21
1388;1218;297;MANDRILLS BKB_297_20220201_id4006_femjuv (2).jpg;170
1373;1218;297;MANDRILLS BKB_297_20220201_id4006_femjuv (3).jpg;155
1231;1233;297;MANDRILLS BKB_297_20220216_id4006_femjuv (1).jpg;2
1339;1233;297;MANDRILLS BKB_297_20220216_id4006_femjuv (2).jpg;106
1320;1256;297;MANDRILLS BKB_297_20220311_id4006_femjuv (1).jpg;64
1303;1256;297;MANDRILLS BKB_297_20220311_id4006_femjuv (3).jpg;47
1316;1259;297;MANDRILLS BKB_297_20220314_id4006 (1).jpg;57
1281;1259;297;MANDRILLS BKB_297_20220314_id4006 (2).jpg;22
1396;1259;297;MANDRILLS BKB_297_20220314_id4006 (3).jpg;137
1369;1266;297;MANDRILLS BKB_297_20220321_id4006_maljuv.jpg;103
1267;1296;297;MANDRILLS BKB_297_20220420_id4006_femjuv.jpg;29
1418;1301;297;MANDRILLS BKB_297_20220425_id4006_femadu (1).jpg;117
1467;1301;297;MANDRILLS BKB_297_20220425_id4006_femadu (3).jpg;166
1508;1301;297;MANDRILLS BKB_297_20220425_id4006_femadu (4).jpg;207
1421;1301;297;MANDRILLS BKB_297_20220425_id4006_femadu (5).jpg;120
1324;1301;297;MANDRILLS BKB_297_20220425_id4006_femadu (6).jpg;23
1311;1301;297;MANDRILLS BKB_297_20220425_id4006_femjuv (1).jpg;10
1306;1332;297;MANDRILLS BKB_297_20220526_id4006_femjuv (4).jpg;26
1454;1332;297;MANDRILLS BKB_297_20220526_id4006_femjuv (5).jpg;122
1354;1332;297;MANDRILLS BKB_297_20220526_id4006_femjuv (6).jpg;22
1542;1332;297;MANDRILLS BKB_297_20220526_id4006_femjuv (7).jpg;210
1435;1343;297;MANDRILLS BKB_297_20220606_id4006_femjuv (1).jpg;92
1504;1343;297;MANDRILLS BKB_297_20220606_id4006_femjuv (2).jpg;161
1327;1366;297;MANDRILLS BKB_297_20220629_id4006.jpg;39
1469;1379;297;MANDRILLS BKB_297_20220712_id4006.jpg;90
1542;1381;297;MANDRILLS BKB_297_20220714_id4006_femjuv.jpg;161
1572;1383;297;MANDRILLS BKB_297_20220716_id4006.jpg;189
1539;1384;297;MANDRILLS BKB_297_20220717_id4006 (1).jpg;155
1538;1384;297;MANDRILLS BKB_297_20220717_id4006 (2).jpg;154
1627;1384;297;MANDRILLS BKB_297_20220717_id4006 (3).jpg;243
1605;1400;297;MANDRILLS BKB_297_20220802_id4006 (1).jpg;205
1571;1400;297;MANDRILLS BKB_297_20220802_id4006 (2).jpg;171
1629;1402;297;MANDRILLS BKB_297_20220804_id4006 (1).jpg;227
1446;1402;297;MANDRILLS BKB_297_20220804_id4006 (2).jpg;44
1532;1405;297;MANDRILLS BKB_297_20220807_id4006 (1).jpg;127
1557;1405;297;MANDRILLS BKB_297_20220807_id4006 (2).jpg;152
1567;1405;297;MANDRILLS BKB_297_20220807_id4006 (3).jpg;162
1784;1424;297;MANDRILLS BKB_297_20220826_id4006.jpg;360
1568;1433;297;MANDRILLS BKB_297_20220904_id4006 (1).jpg;135
1475;1433;297;MANDRILLS BKB_297_20220904_id4006 (2).jpg;42
1557;1433;297;MANDRILLS BKB_297_20220904_id4006 (3).jpg;124
1546;1433;297;MANDRILLS BKB_297_20220904_id4006 (4).jpg;113
1524;1434;297;MANDRILLS BKB_297_20220905_id4006 (1).jpg;90
1559;1434;297;MANDRILLS BKB_297_20220905_id4006 (2).jpg;125
1610;1441;297;MANDRILLS BKB_297_20220912_id4006 (1).jpg;169
1319;1441;297;MANDRILLS BKB_297_20220912_id4006 (2).jpg;122
1536;1441;297;MANDRILLS BKB_297_20220912_id4006 (3).jpg;95
1520;1447;297;MANDRILLS BKB_297_20220918_id4006 (1).jpg;73
1564;1447;297;MANDRILLS BKB_297_20220918_id4006 (2).jpg;117
1613;1464;297;MANDRILLS BKB_297_20221005_id4006.jpg;149
1373;1520;297;MANDRILLS BKB_297_20221130_id4006.jpg;147
1606;1522;297;MANDRILLS BKB_297_20221202_id297 (1).jpg;84
1471;1522;297;MANDRILLS BKB_297_20221202_id297 (2).jpg;51
2626;3874;30;MANDRILLS BKB_30_20120930_id30_femadu_(1)_ORIGINAL.jpg;1248
86;65;301;MANDRILLS BKB_301_20190319_id4043_feminf_BAS_(1).jpg;21
74;65;301;MANDRILLS BKB_301_20190319_id4043_feminf_BAS_(2).jpg;9
76;65;301;MANDRILLS BKB_301_20190319_id4043_feminf_BAS_(3).jpg;11
353;360;301;MANDRILLS BKB_301_20200108_id4043_feminf_(1).jpg;7
371;360;301;MANDRILLS BKB_301_20200108_id4043_feminf_(2).jpg;11
331;368;301;MANDRILLS BKB_301_20200116_id4043_femjuv_(1).jpg;37
364;368;301;MANDRILLS BKB_301_20200116_id4043_femjuv_(2).jpg;4
294;407;301;MANDRILLS BKB_301_20200224_id4043_femjuv.jpg;113
401;474;301;MANDRILLS BKB_301_20200501_id4043_femjuv_(1).jpg;73
369;474;301;MANDRILLS BKB_301_20200501_id4043_femjuv_(2).jpg;105
510;479;301;MANDRILLS BKB_301_20200506_id4043_femjuv_(1).jpg;31
526;479;301;MANDRILLS BKB_301_20200506_id4043_femjuv_(2).jpg;47
715;644;301;MANDRILLS BKB_301_20201018_id4043_femjuv_(1).jpg;71
748;644;301;MANDRILLS BKB_301_20201018_id4043_femjuv_(2).jpg;104
476;645;301;MANDRILLS BKB_301_20201019_id4043_femjuv.jpg;169
596;648;301;MANDRILLS BKB_301_20201022_id4043_femjuv_(1).jpg;52
616;648;301;MANDRILLS BKB_301_20201022_id4043_femjuv_(2).jpg;32
597;648;301;MANDRILLS BKB_301_20201022_id4043_femjuv_(3).jpg;51
693;700;301;MANDRILLS BKB_301_20201213_id4043_femjuv.jpg;7
785;739;301;MANDRILLS BKB_301_20210121_id4043_femjuv_(1).jpg;46
786;739;301;MANDRILLS BKB_301_20210121_id4043_femjuv_(2).jpg;47
677;744;301;MANDRILLS BKB_301_20210126_id4043_femjuv.jpg;67
738;747;301;MANDRILLS BKB_301_20210129_id4043_femjuv.jpg;9
928;810;301;MANDRILLS BKB_301_20210402_id4043_femjuv_(1).jpg;118
758;810;301;MANDRILLS BKB_301_20210402_id4043_femjuv_(2).jpg;52
778;810;301;MANDRILLS BKB_301_20210402_id4043_femjuv_(3).jpg;32
908;818;301;MANDRILLS BKB_301_20210410_id4043_femjuv_(1).jpg;90
943;818;301;MANDRILLS BKB_301_20210410_id4043_femjuv_(2).jpg;125
1027;961;301;MANDRILLS BKB_301_20210831_id4043_femjuv_(1).jpg;66
963;974;301;MANDRILLS BKB_301_20210913_id4043_femjuv (1).jpg;11
1011;974;301;MANDRILLS BKB_301_20210913_id4043_femjuv (2).jpg;37
854;1008;301;MANDRILLS BKB_301_20211017_id4043_femjuv.jpg;154
1226;1069;301;MANDRILLS BKB_301_20211217_id4043_femjuv_(1).jpg;157
1257;1069;301;MANDRILLS BKB_301_20211217_id4043_femjuv_(2).jpg;188
1181;1069;301;MANDRILLS BKB_301_20211217_id4043_femjuv_(3).jpg;112
1101;1069;301;MANDRILLS BKB_301_20211217_id4043_femjuv_(4).jpg;32
1140;1078;301;MANDRILLS BKB_301_20211226_id4043_femjuv_(1).jpg;62
1167;1078;301;MANDRILLS BKB_301_20211226_id4043_femjuv_(2).jpg;89
1129;1109;301;MANDRILLS BKB_301_20220126_id4043.jpg;20
1229;1115;301;MANDRILLS BKB_301_20220201_id4043_femjuv (1).jpg;114
1173;1115;301;MANDRILLS BKB_301_20220201_id4043_femjuv (2).jpg;58
1166;1115;301;MANDRILLS BKB_301_20220201_id4043_femjuv (3).jpg;51
1068;1130;301;MANDRILLS BKB_301_20220216_id4043_femjuv (1).jpg;62
1290;1130;301;MANDRILLS BKB_301_20220216_id4043_femjuv (2).jpg;160
1028;1140;301;MANDRILLS BKB_301_20220226_id4043_femjuv (1).jpg;112
1192;1140;301;MANDRILLS BKB_301_20220226_id4043_femjuv (2).jpg;52
1083;1140;301;MANDRILLS BKB_301_20220226_id4043_femjuv (3).jpg;57
1216;1140;301;MANDRILLS BKB_301_20220226_id4043_femjuv (4).jpg;76
1157;1140;301;MANDRILLS BKB_301_20220226_id4043_femjuv (5).jpg;17
1171;1149;301;MANDRILLS BKB_301_20220307_id4043.jpg;22
1240;1198;301;MANDRILLS BKB_301_20220425_id4043_femjuv (1).jpg;42
1170;1198;301;MANDRILLS BKB_301_20220425_id4043_femjuv (2).jpg;28
1243;1198;301;MANDRILLS BKB_301_20220425_id4043_femjuv (3).jpg;45
1241;1198;301;MANDRILLS BKB_301_20220425_id4043_femjuv (4).jpg;43
1291;1198;301;MANDRILLS BKB_301_20220425_id4043_femjuv (5).jpg;93
1333;1198;301;MANDRILLS BKB_301_20220425_id4043_femjuv (6).jpg;135
1266;1212;301;MANDRILLS BKB_301_20220509_id4043_femjuv (1).jpg;54
1194;1212;301;MANDRILLS BKB_301_20220509_id4043_femjuv (2).jpg;18
1255;1219;301;MANDRILLS BKB_301_20220516_id4043_femjuv.jpg;36
1327;1278;301;MANDRILLS BKB_301_20220714_id4043.jpg;49
1321;1281;301;MANDRILLS BKB_301_20220717_id4043 (1).jpg;40
1494;1281;301;MANDRILLS BKB_301_20220717_id4043 (2).jpg;213
1322;1281;301;MANDRILLS BKB_301_20220717_id4043.jpg;41
1261;1293;301;MANDRILLS BKB_301_20220729_id4043.jpg;32
1314;1331;301;MANDRILLS BKB_301_20220905_id4043 (1).jpg;17
1321;1331;301;MANDRILLS BKB_301_20220905_id4043 (2).jpg;10
1414;1408;301;MANDRILLS BKB_301_20221121_id4043.jpg;6
1466;1410;301;MANDRILLS BKB_301_20221123_id4043 (1).jpg;56
1388;1410;301;MANDRILLS BKB_301_20221123_id4043 (2).jpg;22
1452;1419;301;MANDRILLS BKB_301_20221202_id301 (2).jpg;33
1351;1419;301;MANDRILLS BKB_301_20221202_id301 (3).jpg;68
54;72;3031;MANDRILLS BKB_3031_20180619_id3031_malinfCENTRE_(1)_ORIGINAL.jpg;18
56;72;3031;MANDRILLS BKB_3031_20180619_id3031_malinfCENTRE_(3)_ORIGINAL.jpg;16
71;72;3031;MANDRILLS BKB_3031_20180619_id3031_malinfCENTRE_(4)_ORIGINAL.jpg;1
81;72;3031;MANDRILLS BKB_3031_20180619_id3031_malinfDEVANT_ORIGINAL.jpg;9
100;86;3031;MANDRILLS BKB_3031_20180703_id3031malinfDEVANT_(1)_ORIGINAL.jpg;14
99;86;3031;MANDRILLS BKB_3031_20180703_id3031malinfDEVANT_(2)_ORIGINAL.jpg;13
93;86;3031;MANDRILLS BKB_3031_20180703_id3031malinfDEVANT_(3)_ORIGINAL.jpg;7
92;86;3031;MANDRILLS BKB_3031_20180703_id3031malinfDEVANT_(4)_ORIGINAL.jpg;6
107;86;3031;MANDRILLS BKB_3031_20180703_id3031malinfDEVANT_(5)_ORIGINAL.jpg;21
114;87;3031;MANDRILLS BKB_3031_20180704_id3031_malinf_(1)_ORIGINAL.jpg;27
91;87;3031;MANDRILLS BKB_3031_20180704_id3031_malinf_(10)_ORIGINAL.jpg;4
97;87;3031;MANDRILLS BKB_3031_20180704_id3031_malinf_(11)_ORIGINAL.jpg;10
94;87;3031;MANDRILLS BKB_3031_20180704_id3031_malinf_(12)_ORIGINAL.jpg;7
92;87;3031;MANDRILLS BKB_3031_20180704_id3031_malinf_(13)_ORIGINAL.jpg;5
90;87;3031;MANDRILLS BKB_3031_20180704_id3031_malinf_(5)_ORIGINAL.jpg;3
102;87;3031;MANDRILLS BKB_3031_20180704_id3031_malinf_(6)_ORIGINAL.jpg;15
101;87;3031;MANDRILLS BKB_3031_20180704_id3031_malinf_(7)_ORIGINAL.jpg;14
99;87;3031;MANDRILLS BKB_3031_20180704_id3031_malinf_(8)_ORIGINAL.jpg;12
107;87;3031;MANDRILLS BKB_3031_20180704_id3031_malinf_(9)_ORIGINAL.jpg;20
91;99;3031;MANDRILLS BKB_3031_20180716_id3031_malinfDEVANT_(1)_ORIGINAL.jpg;8
75;99;3031;MANDRILLS BKB_3031_20180716_id3031_malinfDEVANT_(2)_ORIGINAL.jpg;24
70;99;3031;MANDRILLS BKB_3031_20180716_id3031_malinfDEVANT_(3)_ORIGINAL.jpg;29
86;99;3031;MANDRILLS BKB_3031_20180716_id3031_malinfDEVANT_(4)_ORIGINAL.jpg;13
92;99;3031;MANDRILLS BKB_3031_20180716_id3031_malinfDEVANT_(5)_ORIGINAL.jpg;7
89;101;3031;MANDRILLS BKB_3031_20180718_id3031_malinf_(1)_ORIGINAL.jpg;12
81;101;3031;MANDRILLS BKB_3031_20180718_id3031_malinf_(2)_ORIGINAL.jpg;20
93;101;3031;MANDRILLS BKB_3031_20180718_id3031_malinf_(3)_ORIGINAL.jpg;8
123;102;3031;MANDRILLS BKB_3031_20180719_id3031_malinf_(1)_ORIGINAL.jpg;21
98;102;3031;MANDRILLS BKB_3031_20180719_id3031_malinf_(2)_ORIGINAL.jpg;4
97;102;3031;MANDRILLS BKB_3031_20180719_id3031_malinf_(3)_ORIGINAL.jpg;5
202;152;3031;MANDRILLS BKB_3031_20180907_id3031_malinfDROITE_(1)_ORIGINAL.jpg;50
252;152;3031;MANDRILLS BKB_3031_20180907_id3031_malinfDROITE_(2)_ORIGINAL.jpg;100
190;152;3031;MANDRILLS BKB_3031_20180907_id3031_malinf_(1)_ORIGINAL.jpg;38
241;152;3031;MANDRILLS BKB_3031_20180907_id3031_malinf_(10)_ORIGINAL.jpg;89
191;152;3031;MANDRILLS BKB_3031_20180907_id3031_malinf_(11)_ORIGINAL.jpg;39
187;152;3031;MANDRILLS BKB_3031_20180907_id3031_malinf_(12)_ORIGINAL.jpg;35
212;152;3031;MANDRILLS BKB_3031_20180907_id3031_malinf_(13)_ORIGINAL.jpg;60
187;152;3031;MANDRILLS BKB_3031_20180907_id3031_malinf_(14)_ORIGINAL.jpg;35
180;152;3031;MANDRILLS BKB_3031_20180907_id3031_malinf_(15)_ORIGINAL.jpg;28
190;152;3031;MANDRILLS BKB_3031_20180907_id3031_malinf_(16)_ORIGINAL.jpg;38
175;152;3031;MANDRILLS BKB_3031_20180907_id3031_malinf_(2)_ORIGINAL.jpg;23
176;152;3031;MANDRILLS BKB_3031_20180907_id3031_malinf_(3)_ORIGINAL.jpg;24
178;152;3031;MANDRILLS BKB_3031_20180907_id3031_malinf_(4)_ORIGINAL.jpg;26
170;152;3031;MANDRILLS BKB_3031_20180907_id3031_malinf_(5)_ORIGINAL.jpg;18
178;152;3031;MANDRILLS BKB_3031_20180907_id3031_malinf_(6)_ORIGINAL.jpg;26
181;152;3031;MANDRILLS BKB_3031_20180907_id3031_malinf_(7)_ORIGINAL.jpg;29
171;152;3031;MANDRILLS BKB_3031_20180907_id3031_malinf_(8)_ORIGINAL.jpg;19
204;152;3031;MANDRILLS BKB_3031_20180907_id3031_malinf_(9)_ORIGINAL.jpg;52
376;341;3031;MANDRILLS BKB_3031_20190315_id3031_malinf_(1).jpg;35
490;341;3031;MANDRILLS BKB_3031_20190315_id3031_malinf_(10).jpg;149
387;341;3031;MANDRILLS BKB_3031_20190315_id3031_malinf_(11).jpg;46
396;341;3031;MANDRILLS BKB_3031_20190315_id3031_malinf_(13).jpg;55
414;341;3031;MANDRILLS BKB_3031_20190315_id3031_malinf_(14).jpg;73
396;341;3031;MANDRILLS BKB_3031_20190315_id3031_malinf_(15).jpg;55
380;341;3031;MANDRILLS BKB_3031_20190315_id3031_malinf_(16).jpg;39
345;341;3031;MANDRILLS BKB_3031_20190315_id3031_malinf_(17).jpg;4
327;341;3031;MANDRILLS BKB_3031_20190315_id3031_malinf_(18).jpg;14
371;341;3031;MANDRILLS BKB_3031_20190315_id3031_malinf_(2).jpg;30
356;341;3031;MANDRILLS BKB_3031_20190315_id3031_malinf_(3).jpg;15
388;341;3031;MANDRILLS BKB_3031_20190315_id3031_malinf_(4).jpg;47
382;341;3031;MANDRILLS BKB_3031_20190315_id3031_malinf_(5).jpg;41
389;341;3031;MANDRILLS BKB_3031_20190315_id3031_malinf_(6).jpg;48
408;341;3031;MANDRILLS BKB_3031_20190315_id3031_malinf_(7).jpg;67
501;516;3031;MANDRILLS BKB_3031_20190906_id3031_maljuv_(1).jpg;15
458;516;3031;MANDRILLS BKB_3031_20190906_id3031_maljuv_(11).jpg;58
484;516;3031;MANDRILLS BKB_3031_20190906_id3031_maljuv_(12).jpg;32
471;516;3031;MANDRILLS BKB_3031_20190906_id3031_maljuv_(2).jpg;45
446;516;3031;MANDRILLS BKB_3031_20190906_id3031_maljuv_(8).jpg;70
389;516;3031;MANDRILLS BKB_3031_20190906_id3031_maljuv_(9).jpg;127
493;535;3031;MANDRILLS BKB_3031_20190925_id3031_maljuv_DROITE_(4).jpg;42
432;536;3031;MANDRILLS BKB_3031_20190926_id3031_maljuv.jpg;104
681;687;3031;MANDRILLS BKB_3031_20200224_id3031_maljuv_(1).jpg;6
590;687;3031;MANDRILLS BKB_3031_20200224_id3031_maljuv_(2).jpg;97
616;687;3031;MANDRILLS BKB_3031_20200224_id3031_maljuv_(3).jpg;71
641;687;3031;MANDRILLS BKB_3031_20200224_id3031_maljuv_(4).jpg;46
689;759;3031;MANDRILLS BKB_3031_20200506_id3031_maljuv.jpg;70
689;759;3031;MANDRILLS BKB_3031_20200506_id3031_maljuv_(1).jpg;70
773;759;3031;MANDRILLS BKB_3031_20200506_id3031_maljuv_(2).jpg;14
785;923;3031;MANDRILLS BKB_3031_20201017_id3031_maljuv_(1).jpg;138
835;923;3031;MANDRILLS BKB_3031_20201017_id3031_maljuv_(2).jpg;88
754;925;3031;MANDRILLS BKB_3031_20201019_id3031_maljuv_(1).jpg;171
841;925;3031;MANDRILLS BKB_3031_20201019_id3031_maljuv_(2).jpg;84
946;928;3031;MANDRILLS BKB_3031_20201022_id3031_maljuv.jpg;18
930;937;3031;MANDRILLS BKB_3031_20201031_id3031_maljuv.jpg;7
903;944;3031;MANDRILLS BKB_3031_20201107_id3031_maljuv.jpg;41
887;986;3031;MANDRILLS BKB_3031_20201219_id3031_maljuv.jpg;99
138;144;304;MANDRILLS BKB_304_20190618_id4063_feminf.jpg;6
205;209;304;MANDRILLS BKB_304_20190822_id4063_feminf_BAS.jpg;4
273;224;304;MANDRILLS BKB_304_20190906_id4063_feminf_(1).jpg;49
234;224;304;MANDRILLS BKB_304_20190906_id4063_feminf_(10).jpg;10
215;224;304;MANDRILLS BKB_304_20190906_id4063_feminf_(11).jpg;9
276;224;304;MANDRILLS BKB_304_20190906_id4063_feminf_(2).jpg;52
239;224;304;MANDRILLS BKB_304_20190906_id4063_feminf_(3).jpg;15
239;224;304;MANDRILLS BKB_304_20190906_id4063_feminf_(5).jpg;15
243;224;304;MANDRILLS BKB_304_20190906_id4063_feminf_(7).jpg;19
244;224;304;MANDRILLS BKB_304_20190906_id4063_feminf_(8).jpg;20
191;224;304;MANDRILLS BKB_304_20190906_id4063_feminf_(9).jpg;33
286;292;304;MANDRILLS BKB_304_20191113_id4063_feminf_(1).jpg;6
320;292;304;MANDRILLS BKB_304_20191113_id4063_feminf_(2).jpg;28
258;297;304;MANDRILLS BKB_304_20191118_id4063_feminf_(1).jpg;39
261;297;304;MANDRILLS BKB_304_20191118_id4063_feminf_(2).jpg;36
295;324;304;MANDRILLS BKB_304_20191215_id4063_feminf.jpg;29
443;340;304;MANDRILLS BKB_304_20191231_id4063_feminf_(1).jpg;103
432;340;304;MANDRILLS BKB_304_20191231_id4063_feminf_(2).jpg;92
351;340;304;MANDRILLS BKB_304_20191231_id4063_feminf_(3).jpg;11
403;340;304;MANDRILLS BKB_304_20191231_id4063_feminf_(4).jpg;63
400;395;304;MANDRILLS BKB_304_20200224_id4063_femjuv_(1).jpg;5
354;395;304;MANDRILLS BKB_304_20200224_id4063_femjuv_(3).jpg;41
403;395;304;MANDRILLS BKB_304_20200224_id4063_femjuv_(4).jpg;8
543;395;304;MANDRILLS BKB_304_20200224_id4063_femjuv_(6).jpg;148
439;395;304;MANDRILLS BKB_304_20200224_id4063_femjuv_(7).jpg;44
572;395;304;MANDRILLS BKB_304_20200224_id4063_femjuv_(8).jpg;177
516;395;304;MANDRILLS BKB_304_20200224_id4063_femjuv_(9).jpg;121
821;634;304;MANDRILLS BKB_304_20201020_id4063_femjuv.jpg;187
629;636;304;MANDRILLS BKB_304_20201022_id4063_femjuv_(2).jpg;7
651;645;304;MANDRILLS BKB_304_20201031_id4063_femjuv_(1).jpg;6
805;645;304;MANDRILLS BKB_304_20201031_id4063_femjuv_(2).jpg;160
648;646;304;MANDRILLS BKB_304_20201101_id4063_femjuv_(2).jpg;2
575;652;304;MANDRILLS BKB_304_20201107_id4063_femjuv.jpg;77
632;666;304;MANDRILLS BKB_304_20201121_id4063_femjuv_(1).jpg;34
637;666;304;MANDRILLS BKB_304_20201121_id4063_femjuv_(2).jpg;29
615;666;304;MANDRILLS BKB_304_20201121_id4063_femjuv_(3).jpg;51
785;706;304;MANDRILLS BKB_304_20201231_id4063_femjuv.jpg;79
622;710;304;MANDRILLS BKB_304_20210104_id4063_femjuv_(1).jpg;88
742;710;304;MANDRILLS BKB_304_20210104_id4063_femjuv_(2).jpg;32
764;710;304;MANDRILLS BKB_304_20210104_id4063_femjuv_(3).jpg;54
735;719;304;MANDRILLS BKB_304_20210113_id4063_femjuv_(1).jpg;16
770;719;304;MANDRILLS BKB_304_20210113_id4063_femjuv_(2).jpg;51
814;734;304;MANDRILLS BKB_304_20210128_id4063_femjuv.jpg;80
823;740;304;MANDRILLS BKB_304_20210203_id4063_femjuv_(1).jpg;83
816;740;304;MANDRILLS BKB_304_20210203_id4063_femjuv_(2).jpg;76
780;740;304;MANDRILLS BKB_304_20210203_id4063_femjuv_(3).jpg;40
884;740;304;MANDRILLS BKB_304_20210203_id4063_femjuv_(4).jpg;144
748;740;304;MANDRILLS BKB_304_20210203_id4063_femjuv_(5).jpg;8
787;740;304;MANDRILLS BKB_304_20210203_id4063_femjuv_(6).jpg;47
734;740;304;MANDRILLS BKB_304_20210203_id4063_femjuv_(7).jpg;6
757;749;304;MANDRILLS BKB_304_20210212_id4063_femjuv_(1).jpg;8
856;749;304;MANDRILLS BKB_304_20210212_id4063_femjuv_(2).jpg;107
855;864;304;MANDRILLS BKB_304_20210607_id4063_femjuv_(1).jpg;9
979;864;304;MANDRILLS BKB_304_20210607_id4063_femjuv_(2).jpg;115
935;864;304;MANDRILLS BKB_304_20210607_id4063_femjuv_(3).jpg;71
990;958;304;MANDRILLS BKB_304_20210909_id4063_femjuv.jpg;32
837;970;304;MANDRILLS BKB_304_20210921_id4063_femjuv.jpg;133
902;982;304;MANDRILLS BKB_304_20211003_id4063_femjuv.jpg;80
1035;998;304;MANDRILLS BKB_304_20211019_id4063_femjuv.jpg;37
1006;1003;304;MANDRILLS BKB_304_20211024_id4063_femjuv_(1).jpg;3
905;1003;304;MANDRILLS BKB_304_20211024_id4063_femjuv_(2).jpg;98
1111;1045;304;MANDRILLS BKB_304_20211205_id4063_femjuv.jpg;66
1400;1103;304;MANDRILLS BKB_304_20220201_id4063_femjuv.jpg;297
1211;1110;304;MANDRILLS BKB_304_20220208_id4063_femjuv.jpg;101
1025;1141;304;MANDRILLS BKB_304_20220311_id4063_femjuv (1).jpg;116
1388;1141;304;MANDRILLS BKB_304_20220311_id4063_femjuv (2).jpg;247
1085;1141;304;MANDRILLS BKB_304_20220311_id4063_femjuv (3).jpg;56
1107;1141;304;MANDRILLS BKB_304_20220311_id4063_femjuv (4).jpg;34
1246;1141;304;MANDRILLS BKB_304_20220311_id4063_femjuv (6).jpg;105
1230;1141;304;MANDRILLS BKB_304_20220311_id4063_femjuv (7).jpg;89
1263;1144;304;MANDRILLS BKB_304_20220314_id4063_femjuv (1).jpg;119
1357;1144;304;MANDRILLS BKB_304_20220314_id4063_femjuv (2).jpg;213
1238;1157;304;MANDRILLS BKB_304_20220327_id4063_femjuv (1).jpg;81
1209;1157;304;MANDRILLS BKB_304_20220327_id4063_femjuv (2).jpg;52
1213;1157;304;MANDRILLS BKB_304_20220327_id4063_femjuv (3).jpg;56
1477;1187;304;MANDRILLS BKB_304_20220426_id4063_femjuv (2).jpg;290
1229;1187;304;MANDRILLS BKB_304_20220426_id4063_femjuv.jpg;42
1341;1201;304;MANDRILLS BKB_304_20220510_id4063.jpg;140
1286;1207;304;MANDRILLS BKB_304_20220516_id4063_femjuv (1).jpg;79
1346;1207;304;MANDRILLS BKB_304_20220516_id4063_femjuv (2).jpg;139
1315;1217;304;MANDRILLS BKB_304_20220526_id4063_femjuv.jpg;98
1263;1229;304;MANDRILLS BKB_304_20220607_id4063_femjuv (1).jpg;34
1205;1229;304;MANDRILLS BKB_304_20220607_id4063_femjuv (2).jpg;24
1312;1229;304;MANDRILLS BKB_304_20220607_id4063_femjuv (3).jpg;83
1298;1241;304;MANDRILLS BKB_304_20220619_id4063_femjuv (1).jpg;57
1338;1241;304;MANDRILLS BKB_304_20220619_id4063_femjuv (3).jpg;97
1311;1241;304;MANDRILLS BKB_304_20220619_id4063_femjuv (4).jpg;70
1415;1246;304;MANDRILLS BKB_304_20220624_id4063_femjuv (1).jpg;169
1257;1246;304;MANDRILLS BKB_304_20220624_id4063_femjuv (2).jpg;11
1442;1251;304;MANDRILLS BKB_304_20220629_id4063 (1).jpg;191
1380;1251;304;MANDRILLS BKB_304_20220629_id4063 (2).jpg;129
1305;1253;304;MANDRILLS BKB_304_20220701_id4063 (2).jpg;52
1306;1253;304;MANDRILLS BKB_304_20220701_id4063.jpg;53
1361;1257;304;MANDRILLS BKB_304_20220705_id4063 (1).jpg;104
1323;1257;304;MANDRILLS BKB_304_20220705_id4063 (2).jpg;66
1493;1263;304;MANDRILLS BKB_304_20220711_id4063.jpg;230
1439;1266;304;MANDRILLS BKB_304_20220714_id4063_femjuv (1).jpg;173
1369;1266;304;MANDRILLS BKB_304_20220714_id4063_femjuv (2).jpg;103
1369;1271;304;MANDRILLS BKB_304_20220719_id4063.jpg;98
1359;1291;304;MANDRILLS BKB_304_20220808_id4063 (2).jpg;68
1328;1291;304;MANDRILLS BKB_304_20220808_id4063.jpg;37
1221;1306;304;MANDRILLS BKB_304_20220823_id4063.jpg;85
1348;1326;304;MANDRILLS BKB_304_20220912_id4063 (1).jpg;22
1482;1326;304;MANDRILLS BKB_304_20220912_id4063 (2).jpg;156
1523;1349;304;MANDRILLS BKB_304_20221005_id4063 (1).jpg;174
1522;1349;304;MANDRILLS BKB_304_20221005_id4063 (2).jpg;173
1415;1349;304;MANDRILLS BKB_304_20221005_id4063 (3).jpg;66
1430;1349;304;MANDRILLS BKB_304_20221005_id4063 (4).jpg;81
1456;1349;304;MANDRILLS BKB_304_20221005_id4063 (5).jpg;107
1359;1371;304;MANDRILLS BKB_304_20221027_id4063.jpg;12
1577;1391;304;MANDRILLS BKB_304_20221116_id4063.jpg;186
1682;1398;304;MANDRILLS BKB_304_20221123_id4063.jpg;284
1542;1415;304;MANDRILLS BKB_304_20221210_id304.jpg;127
1424;1432;304;MANDRILLS BKB_304_20221227_id304.jpg;8
107;122;305;MANDRILLS BKB_305_20190618_id4073_feminf_BAS_(1).jpg;15
129;122;305;MANDRILLS BKB_305_20190618_id4073_feminf_BAS_(10).jpg;7
178;122;305;MANDRILLS BKB_305_20190618_id4073_feminf_BAS_(2).jpg;56
156;122;305;MANDRILLS BKB_305_20190618_id4073_feminf_BAS_(3).jpg;34
173;122;305;MANDRILLS BKB_305_20190618_id4073_feminf_BAS_(4).jpg;51
164;122;305;MANDRILLS BKB_305_20190618_id4073_feminf_BAS_(9).jpg;42
144;169;305;MANDRILLS BKB_305_20190804_id4073_feminf_BAS_(1).jpg;25
241;169;305;MANDRILLS BKB_305_20190804_id4073_feminf_BAS_(2).jpg;72
272;222;305;MANDRILLS BKB_305_20190926_id4073_feminf_(1).jpg;50
261;222;305;MANDRILLS BKB_305_20190926_id4073_feminf_(10).jpg;39
201;222;305;MANDRILLS BKB_305_20190926_id4073_feminf_(11).jpg;21
246;222;305;MANDRILLS BKB_305_20190926_id4073_feminf_(12).jpg;24
268;222;305;MANDRILLS BKB_305_20190926_id4073_feminf_(2).jpg;46
277;222;305;MANDRILLS BKB_305_20190926_id4073_feminf_(3).jpg;55
255;222;305;MANDRILLS BKB_305_20190926_id4073_feminf_(4).jpg;33
206;222;305;MANDRILLS BKB_305_20190926_id4073_feminf_(7).jpg;16
182;222;305;MANDRILLS BKB_305_20190926_id4073_feminf_(8).jpg;40
297;277;305;MANDRILLS BKB_305_20191120_id4073_feminf_(1).jpg;20
299;277;305;MANDRILLS BKB_305_20191120_id4073_feminf_(3).jpg;22
323;277;305;MANDRILLS BKB_305_20191120_id4073_feminf_(4).jpg;46
315;277;305;MANDRILLS BKB_305_20191120_id4073_feminf_(5).jpg;38
255;318;305;MANDRILLS BKB_305_20191231_id4073_feminf.jpg;63
305;333;305;MANDRILLS BKB_305_20200115_id4073_feminf.jpg;28
359;367;305;MANDRILLS BKB_305_20200218_id4073_femjuv_(1).jpg;8
442;367;305;MANDRILLS BKB_305_20200218_id4073_femjuv_(2).jpg;75
438;367;305;MANDRILLS BKB_305_20200218_id4073_femjuv_(3).jpg;71
454;409;305;MANDRILLS BKB_305_20200331_id4073_femjuv_(1).jpg;45
468;409;305;MANDRILLS BKB_305_20200331_id4073_femjuv_(2).jpg;59
679;614;305;MANDRILLS BKB_305_20201022_id4073_femjuv_(1).jpg;65
630;614;305;MANDRILLS BKB_305_20201022_id4073_femjuv_(2).jpg;16
670;614;305;MANDRILLS BKB_305_20201022_id4073_femjuv_(3).jpg;56
646;614;305;MANDRILLS BKB_305_20201022_id4073_femjuv_(4).jpg;32
585;614;305;MANDRILLS BKB_305_20201022_id4073_femjuv_(5).jpg;29
665;671;305;MANDRILLS BKB_305_20201218_id4073_femjuv_(1).jpg;6
707;671;305;MANDRILLS BKB_305_20201218_id4073_femjuv_(2).jpg;36
644;671;305;MANDRILLS BKB_305_20201218_id4073_femjuv_(3).jpg;27
640;671;305;MANDRILLS BKB_305_20201218_id4073_femjuv_(4).jpg;31
732;680;305;MANDRILLS BKB_305_20201227_id4073_femjuv.jpg;52
791;681;305;MANDRILLS BKB_305_20201228_id4073_femjuv.jpg;110
723;700;305;MANDRILLS BKB_305_20210116_id4073_femjuv.jpg;23
881;732;305;MANDRILLS BKB_305_20210217_id4073_femjuv_(1).jpg;149
642;732;305;MANDRILLS BKB_305_20210217_id4073_femjuv_(2).jpg;90
741;732;305;MANDRILLS BKB_305_20210217_id4073_femjuv_(3).jpg;9
964;948;305;MANDRILLS BKB_305_20210921_id4073_femjuv (1).jpg;16
854;948;305;MANDRILLS BKB_305_20210921_id4073_femjuv (2).jpg;94
993;1007;305;MANDRILLS BKB_305_20211119_id4073_femjuv.jpg;14
1198;1044;305;MANDRILLS BKB_305_20211226_id4073_femjuv.jpg;154
1099;1081;305;MANDRILLS BKB_305_20220201_id4073_femjuv.jpg;18
1117;1106;305;MANDRILLS BKB_305_20220226_id4073_femjuv (1).jpg;11
1316;1106;305;MANDRILLS BKB_305_20220226_id4073_femjuv (2).jpg;210
1196;1138;305;MANDRILLS BKB_305_20220330_id4073_femjuv (3).jpg;58
1057;1140;305;MANDRILLS BKB_305_20220401_id4073_femjuv (1).jpg;83
1156;1140;305;MANDRILLS BKB_305_20220401_id4073_femjuv (3).jpg;16
986;1140;305;MANDRILLS BKB_305_20220401_id4073_femjuv (4).jpg;154
1133;1140;305;MANDRILLS BKB_305_20220401_id4073_femjuv (5).jpg;7
1200;1159;305;MANDRILLS BKB_305_20220420_id4073_fem_juv (2).jpg;41
1056;1159;305;MANDRILLS BKB_305_20220420_id4073_fem_juv (3).jpg;103
1208;1159;305;MANDRILLS BKB_305_20220420_id4073_fem_juv (4).jpg;49
1219;1207;305;MANDRILLS BKB_305_20220607_id4073_femjuv.jpg;12
1173;1229;305;MANDRILLS BKB_305_20220629_id4073 (1).jpg;56
1081;1229;305;MANDRILLS BKB_305_20220629_id4073 (2).jpg;148
1206;1229;305;MANDRILLS BKB_305_20220629_id4073 (3).jpg;23
1131;1244;305;MANDRILLS BKB_305_20220714_id4073_femjuv (1).jpg;113
1229;1244;305;MANDRILLS BKB_305_20220714_id4073_femjuv (2).jpg;15
1191;1244;305;MANDRILLS BKB_305_20220714_id4073_femjuv (3).jpg;53
1351;1244;305;MANDRILLS BKB_305_20220714_id4073_femjuv (4).jpg;107
1215;1247;305;MANDRILLS BKB_305_20220717_id4073 (1).jpg;32
1249;1247;305;MANDRILLS BKB_305_20220717_id4073 (2).jpg;2
1248;1247;305;MANDRILLS BKB_305_20220717_id4073.jpg;1
1302;1273;305;MANDRILLS BKB_305_20220812_id4073.jpg;29
1310;1291;305;MANDRILLS BKB_305_20220830_id4073 (1).jpg;19
1438;1291;305;MANDRILLS BKB_305_20220830_id4073 (2).jpg;147
1311;1291;305;MANDRILLS BKB_305_20220830_id4073 (3).jpg;20
1305;1296;305;MANDRILLS BKB_305_20220904_id4073 (1).jpg;9
1280;1296;305;MANDRILLS BKB_305_20220904_id4073 (2).jpg;16
1320;1297;305;MANDRILLS BKB_305_20220905_id4073.jpg;23
1219;1299;305;MANDRILLS BKB_305_20220907_id4073.jpg;80
1272;1304;305;MANDRILLS BKB_305_20220912_id4073 (1).jpg;32
1344;1304;305;MANDRILLS BKB_305_20220912_id4073 (2).jpg;40
1350;1304;305;MANDRILLS BKB_305_20220912_id4073 (3).jpg;46
1352;1304;305;MANDRILLS BKB_305_20220912_id4073 (4).jpg;48
1198;1341;305;MANDRILLS BKB_305_20221019_id4073 (1).jpg;143
1280;1341;305;MANDRILLS BKB_305_20221019_id4073 (2).jpg;61
1329;1343;305;MANDRILLS BKB_305_20221021_id4073.jpg;14
1369;1344;305;MANDRILLS BKB_305_20221022_id4073 (2).jpg;25
1235;1344;305;MANDRILLS BKB_305_20221022_id4073.jpg;109
1435;1383;305;MANDRILLS BKB_305_20221130_id4073 (1).jpg;52
1306;1383;305;MANDRILLS BKB_305_20221130_id4073 (2).jpg;77
1571;1407;305;MANDRILLS BKB_305_20221224_id305.jpg;164
48;34;306;MANDRILLS BKB_306_20190315_id4076_feminf_BAS_(1).jpg;14
24;34;306;MANDRILLS BKB_306_20190315_id4076_feminf_BAS_(12).jpg;10
15;34;306;MANDRILLS BKB_306_20190315_id4076_feminf_BAS_(13).jpg;19
45;34;306;MANDRILLS BKB_306_20190315_id4076_feminf_BAS_(14).jpg;11
46;34;306;MANDRILLS BKB_306_20190315_id4076_feminf_BAS_(15).jpg;12
91;34;306;MANDRILLS BKB_306_20190315_id4076_feminf_BAS_(2).jpg;57
189;159;306;MANDRILLS BKB_306_20190718_id4076_feminf_(2).jpg;30
184;159;306;MANDRILLS BKB_306_20190718_id4076_feminf_(3).jpg;25
130;159;306;MANDRILLS BKB_306_20190718_id4076_feminf_(4).jpg;29
132;159;306;MANDRILLS BKB_306_20190718_id4076_feminf_(5).jpg;27
139;159;306;MANDRILLS BKB_306_20190718_id4076_feminf_(6).jpg;20
157;159;306;MANDRILLS BKB_306_20190718_id4076_feminf_(7).jpg;2
151;159;306;MANDRILLS BKB_306_20190718_id4076_feminf_(8).jpg;8
136;159;306;MANDRILLS BKB_306_20190718_id4076_feminf_(9).jpg;23
172;170;306;MANDRILLS BKB_306_20190729_id4076_feminf_(2).jpg;2
193;178;306;MANDRILLS BKB_306_20190806_id4076_feminf_DROITE.jpg;15
168;190;306;MANDRILLS BKB_306_20190818_id4076_feminf_(1).jpg;22
158;190;306;MANDRILLS BKB_306_20190818_id4076_feminf_(2).jpg;32
158;190;306;MANDRILLS BKB_306_20190818_id4076_feminf_(4).jpg;32
191;193;306;MANDRILLS BKB_306_20190821_id4076_feminf_(2).jpg;2
228;193;306;MANDRILLS BKB_306_20190821_id4076_feminf_(3).jpg;35
149;193;306;MANDRILLS BKB_306_20190821_id4076_feminf_(4).jpg;44
256;193;306;MANDRILLS BKB_306_20190821_id4076_feminf_(5).jpg;63
181;193;306;MANDRILLS BKB_306_20190821_id4076_feminf_(7).jpg;12
205;207;306;MANDRILLS BKB_306_20190904_id4076_feminf_(1).jpg;2
248;207;306;MANDRILLS BKB_306_20190904_id4076_feminf_(2).jpg;41
205;207;306;MANDRILLS BKB_306_20190904_id4076_feminf_(3).jpg;2
369;207;306;MANDRILLS BKB_306_20190904_id4076_feminf_(4).jpg;162
184;207;306;MANDRILLS BKB_306_20190904_id4076_feminf_(5).jpg;23
183;209;306;MANDRILLS BKB_306_20190906_id4076_feminf_(1).jpg;26
194;209;306;MANDRILLS BKB_306_20190906_id4076_feminf_(2).jpg;15
161;209;306;MANDRILLS BKB_306_20190906_id4076_feminf_(3).jpg;48
173;212;306;MANDRILLS BKB_306_20190909_id4076_feminf_(1).jpg;39
157;212;306;MANDRILLS BKB_306_20190909_id4076_feminf_(2).jpg;55
273;212;306;MANDRILLS BKB_306_20190909_id4076_feminf_DROITE.jpg;61
196;212;306;MANDRILLS BKB_306_20190909_id4076_feminf_DROITE_(2).jpg;16
264;262;306;MANDRILLS BKB_306_20191029_id4076_feminf.jpg;2
399;325;306;MANDRILLS BKB_306_20191231_id4076_feminf_(1).jpg;74
305;325;306;MANDRILLS BKB_306_20191231_id4076_feminf_(2).jpg;20
416;389;306;MANDRILLS BKB_306_20200304_id4076_femjuv.jpg;27
447;405;306;MANDRILLS BKB_306_20200320_id4076_femjuv_(1).jpg;42
470;405;306;MANDRILLS BKB_306_20200320_id4076_femjuv_(2).jpg;65
540;405;306;MANDRILLS BKB_306_20200320_id4076_femjuv_(3).jpg;135
450;405;306;MANDRILLS BKB_306_20200320_id4076_femjuv_(4).jpg;45
522;452;306;MANDRILLS BKB_306_20200506_id4076_femjuv.jpg;70
637;637;306;MANDRILLS BKB_306_20201107_id4076_femjuv_(1).jpg;0
632;637;306;MANDRILLS BKB_306_20201107_id4076_femjuv_(2).jpg;5
625;651;306;MANDRILLS BKB_306_20201121_id4076_femjuv_(1).jpg;26
677;651;306;MANDRILLS BKB_306_20201121_id4076_femjuv_(2).jpg;26
728;651;306;MANDRILLS BKB_306_20201121_id4076_femjuv_(5).jpg;77
792;676;306;MANDRILLS BKB_306_20201216_id4076_femjuv_(1).jpg;116
783;676;306;MANDRILLS BKB_306_20201216_id4076_femjuv_(2).jpg;107
752;676;306;MANDRILLS BKB_306_20201216_id4076_femjuv_(3).jpg;76
740;676;306;MANDRILLS BKB_306_20201216_id4076_femjuv_(4).jpg;64
778;676;306;MANDRILLS BKB_306_20201216_id4076_femjuv_(5).jpg;102
750;676;306;MANDRILLS BKB_306_20201216_id4076_femjuv_(6).jpg;74
805;676;306;MANDRILLS BKB_306_20201216_id4076_femjuv_(7).jpg;129
789;676;306;MANDRILLS BKB_306_20201216_id4076_femjuv_(8).jpg;113
752;676;306;MANDRILLS BKB_306_20201216_id4076_femjuv_(9).jpg;76
850;711;306;MANDRILLS BKB_306_20210120_id4076_femjuv.jpg;139
846;716;306;MANDRILLS BKB_306_20210125_id4076_femjuv.jpg;130
696;720;306;MANDRILLS BKB_306_20210129_id4076_femjuv_(1).jpg;24
781;720;306;MANDRILLS BKB_306_20210129_id4076_femjuv_(2).jpg;61
751;720;306;MANDRILLS BKB_306_20210129_id4076_femjuv_(3).jpg;31
1005;726;306;MANDRILLS BKB_306_20210204_id4076_femjuv_(1).jpg;279
926;734;306;MANDRILLS BKB_306_20210212_id4076_femjuv.jpg;192
982;779;306;MANDRILLS BKB_306_20210329_id4076_femjuv_(1).jpg;203
916;779;306;MANDRILLS BKB_306_20210329_id4076_femjuv_(2).jpg;137
916;779;306;MANDRILLS BKB_306_20210329_id4076_femjuv_(3).jpg;137
189;871;306;MANDRILLS BKB_306_20210629_id4076_femjuv.jpg;682
1196;932;306;MANDRILLS BKB_306_20210829_id4076_femjuv.jpg;264
1095;980;306;MANDRILLS BKB_306_20211016_id4076_femjuv.jpg;115
1279;993;306;MANDRILLS BKB_306_20211029_id4076_femjuv.jpg;286
1304;1017;306;MANDRILLS BKB_306_20211122_id4076_femjuv.jpg;287
1332;1042;306;MANDRILLS BKB_306_20211217_id4076_femjuv_(1).jpg;290
1262;1042;306;MANDRILLS BKB_306_20211217_id4076_femjuv_(2).jpg;220
1091;1044;306;MANDRILLS BKB_306_20211219_id4076_femjuv.jpg;47
1247;1076;306;MANDRILLS BKB_306_20220120_id4076 (5).jpg;171
1247;1076;306;MANDRILLS BKB_306_20220120_id4076 (6).jpg;171
1160;1076;306;MANDRILLS BKB_306_20220120_id4076.jpg;84
1218;1078;306;MANDRILLS BKB_306_20220122_id4076 (2).jpg;140
1223;1078;306;MANDRILLS BKB_306_20220122_id4076 (3).jpg;145
1516;1078;306;MANDRILLS BKB_306_20220122_id4076 (4).jpg;438
1333;1078;306;MANDRILLS BKB_306_20220122_id4076 (5).jpg;255
1272;1078;306;MANDRILLS BKB_306_20220122_id4076 (6).jpg;194
1256;1088;306;MANDRILLS BKB_306_20220201_id4076_femjuv.jpg;168
1338;1108;306;MANDRILLS BKB_306_20220221_id4076_femjuv (1).jpg;230
1269;1108;306;MANDRILLS BKB_306_20220221_id4076_femjuv (2).jpg;161
1556;1156;306;MANDRILLS BKB_306_20220410_id4076_femjuv.jpg;400
844;1180;306;MANDRILLS BKB_306_20220504_id4076_femjuv.jpg;336
1552;1185;306;MANDRILLS BKB_306_20220509_id4076_femjuv.jpg;367
1479;1191;306;MANDRILLS BKB_306_20220515_id4076_femjuv.jpg;288
1391;1192;306;MANDRILLS BKB_306_20220516_id4076_femjuv (2).jpg;199
1446;1192;306;MANDRILLS BKB_306_20220516_id4076_femjuv.jpg;254
1449;1202;306;MANDRILLS BKB_306_20220526_id4076_femjuv.jpg;247
1727;1208;306;MANDRILLS BKB_306_20220601_id4076_femjuv.jpg;519
1448;1214;306;MANDRILLS BKB_306_20220607_id4076_femjuv (1).jpg;234
1289;1214;306;MANDRILLS BKB_306_20220607_id4076_femjuv (3).jpg;75
1488;1228;306;MANDRILLS BKB_306_20220621_id4076_femjuv (1).jpg;260
1586;1228;306;MANDRILLS BKB_306_20220621_id4076_femjuv (2).jpg;358
1391;1230;306;MANDRILLS BKB_306_20220623_id4076_femjuv.jpg;161
1445;1231;306;MANDRILLS BKB_306_20220624_id4076_femjuv.jpg;214
1426;1236;306;MANDRILLS BKB_306_20220629_id4076 (2).jpg;190
1323;1236;306;MANDRILLS BKB_306_20220629_id4076.jpg;87
1617;1240;306;MANDRILLS BKB_306_20220703_id4076.jpg;377
1394;1251;306;MANDRILLS BKB_306_20220714_id4076_femjuv (2).jpg;143
1460;1251;306;MANDRILLS BKB_306_20220714_id4076_femjuv.jpg;209
1332;1253;306;MANDRILLS BKB_306_20220716_id4076 (2).jpg;79
1462;1253;306;MANDRILLS BKB_306_20220716_id4076_femjuv.jpg;209
1503;1266;306;MANDRILLS BKB_306_20220729_id4076.jpg;237
1482;1276;306;MANDRILLS BKB_306_20220808_id4076.jpg;206
1577;1280;306;MANDRILLS BKB_306_20220812_id4076.jpg;297
1345;1291;306;MANDRILLS BKB_306_20220823_id4076 (2).jpg;54
1498;1291;306;MANDRILLS BKB_306_20220823_id4076.jpg;207
1194;1304;306;MANDRILLS BKB_306_20220905_id4076 (1).jpg;110
1660;1304;306;MANDRILLS BKB_306_20220905_id4076 (2).jpg;356
1470;1310;306;MANDRILLS BKB_306_20220911_id4076.jpg;160
1516;1317;306;MANDRILLS BKB_306_20220918_id4076 (1).jpg;199
1531;1317;306;MANDRILLS BKB_306_20220918_id4076 (2).jpg;214
1493;1334;306;MANDRILLS BKB_306_20221005_id4076 (1).jpg;159
1638;1334;306;MANDRILLS BKB_306_20221005_id4076 (2).jpg;304
1567;1351;306;MANDRILLS BKB_306_20221022_id4076.jpg;216
1527;1359;306;MANDRILLS BKB_306_20221030_id4076.jpg;168
1618;1377;306;MANDRILLS BKB_306_20221117_id4076 (2).jpg;241
1687;1377;306;MANDRILLS BKB_306_20221117_id4076.jpg;310
1409;1399;306;MANDRILLS BKB_306_20221209_id306 (1).jpg;10
1610;1404;306;MANDRILLS BKB_306_20221214_id306.jpg;206
274;295;307;MANDRILLS BKB_307_20190718_id4080_feminf.jpg;21
334;392;307;MANDRILLS BKB_307_20191023_id4080_femjuv_(1).jpg;58
370;392;307;MANDRILLS BKB_307_20191023_id4080_femjuv_(2).jpg;22
379;392;307;MANDRILLS BKB_307_20191023_id4080_femjuv_(3).jpg;13
365;408;307;MANDRILLS BKB_307_20191108_id4080_femjuv_(1).jpg;43
342;408;307;MANDRILLS BKB_307_20191108_id4080_femjuv_(2).jpg;66
402;413;307;MANDRILLS BKB_307_20191113_id4080_femjuv_(1).jpg;11
415;413;307;MANDRILLS BKB_307_20191113_id4080_femjuv_(2).jpg;2
399;413;307;MANDRILLS BKB_307_20191113_id4080_femjuv_(3).jpg;14
345;420;307;MANDRILLS BKB_307_20191120_id4080_femjuv.jpg;75
461;478;307;MANDRILLS BKB_307_20200117_id4080_femjuv_(1).jpg;17
459;478;307;MANDRILLS BKB_307_20200117_id4080_femjuv_(2).jpg;19
423;478;307;MANDRILLS BKB_307_20200117_id4080_femjuv_(3).jpg;55
411;478;307;MANDRILLS BKB_307_20200117_id4080_femjuv_(4).jpg;67
481;478;307;MANDRILLS BKB_307_20200117_id4080_femjuv_(5).jpg;3
367;516;307;MANDRILLS BKB_307_20200224_id4080_femjuv.jpg;149
443;588;307;MANDRILLS BKB_307_20200506_id4080_femjuv_(1)-2.jpg;145
492;588;307;MANDRILLS BKB_307_20200506_id4080_femjuv_(1).jpg;96
463;588;307;MANDRILLS BKB_307_20200506_id4080_femjuv_(2)-2.jpg;125
523;588;307;MANDRILLS BKB_307_20200506_id4080_femjuv_(2).jpg;65
471;588;307;MANDRILLS BKB_307_20200506_id4080_femjuv_(3).jpg;117
738;753;307;MANDRILLS BKB_307_20201018_id4080_femjuv_(1).jpg;15
749;753;307;MANDRILLS BKB_307_20201018_id4080_femjuv_(10).jpg;4
741;753;307;MANDRILLS BKB_307_20201018_id4080_femjuv_(2).jpg;12
603;753;307;MANDRILLS BKB_307_20201018_id4080_femjuv_(3).jpg;150
629;753;307;MANDRILLS BKB_307_20201018_id4080_femjuv_(4).jpg;124
966;753;307;MANDRILLS BKB_307_20201018_id4080_femjuv_(5).jpg;213
571;753;307;MANDRILLS BKB_307_20201018_id4080_femjuv_(6).jpg;182
565;753;307;MANDRILLS BKB_307_20201018_id4080_femjuv_(7).jpg;188
622;753;307;MANDRILLS BKB_307_20201018_id4080_femjuv_(8).jpg;131
704;753;307;MANDRILLS BKB_307_20201018_id4080_femjuv_(9).jpg;49
754;757;307;MANDRILLS BKB_307_20201022_id4080_femjuv_(1).jpg;3
567;757;307;MANDRILLS BKB_307_20201022_id4080_femjuv_(2).jpg;190
739;757;307;MANDRILLS BKB_307_20201022_id4080_femjuv_(3).jpg;18
878;783;307;MANDRILLS BKB_307_20201117_id4080_femjuv_(1).jpg;95
676;783;307;MANDRILLS BKB_307_20201117_id4080_femjuv_(2).jpg;107
738;783;307;MANDRILLS BKB_307_20201117_id4080_femjuv_(3).jpg;45
676;783;307;MANDRILLS BKB_307_20201117_id4080_femjuv_(4).jpg;107
566;783;307;MANDRILLS BKB_307_20201117_id4080_femjuv_(5).jpg;217
650;783;307;MANDRILLS BKB_307_20201117_id4080_femjuv_(6).jpg;133
630;790;307;MANDRILLS BKB_307_20201124_id4080_femjuv_(1).jpg;160
661;790;307;MANDRILLS BKB_307_20201124_id4080_femjuv_(2).jpg;129
780;809;307;MANDRILLS BKB_307_20201213_id4080_femjuv.jpg;29
721;809;307;MANDRILLS BKB_307_20201213_id4080_femjuv_(1).jpg;88
724;809;307;MANDRILLS BKB_307_20201213_id4080_femjuv_(2).jpg;85
810;817;307;MANDRILLS BKB_307_20201221_id4080_femjuv.jpg;7
792;824;307;MANDRILLS BKB_307_20201228_id4080_femjuv_(1).jpg;32
746;824;307;MANDRILLS BKB_307_20201228_id4080_femjuv_(2).jpg;78
701;834;307;MANDRILLS BKB_307_20210107_id4080_femjuv_(1).jpg;133
732;834;307;MANDRILLS BKB_307_20210107_id4080_femjuv_(2).jpg;102
945;840;307;MANDRILLS BKB_307_20210113_id4080_femjuv_(1).jpg;105
981;840;307;MANDRILLS BKB_307_20210113_id4080_femjuv_(2).jpg;141
825;876;307;MANDRILLS BKB_307_20210218_id4080_femjuv.jpg;51
955;894;307;MANDRILLS BKB_307_20210308_id4080_femjuv.jpg;61
828;939;307;MANDRILLS BKB_307_20210422_id4080_femjuv.jpg;111
852;974;307;MANDRILLS BKB_307_20210527_id4080_femjuv.jpg;122
1063;1033;307;MANDRILLS BKB_307_20210725_id4080_femjuv_(1).jpg;30
1113;1077;307;MANDRILLS BKB_307_20210907_id4080_femjuv.jpg;36
1062;1139;307;MANDRILLS BKB_307_20211108_id4080_femjuv_(1).jpg;77
1054;1139;307;MANDRILLS BKB_307_20211108_id4080_femjuv_(2).jpg;85
966;1150;307;MANDRILLS BKB_307_20211119_id4080_femjuv.jpg;184
1188;1153;307;MANDRILLS BKB_307_20211122_id4080_femjuv.jpg;35
1239;1174;307;MANDRILLS BKB_307_20211213_id4080_femjuv_(1).jpg;65
1058;1174;307;MANDRILLS BKB_307_20211213_id4080_femjuv_(2).jpg;116
1232;1221;307;MANDRILLS BKB_307_20220129_id4080 (1).jpg;11
1099;1221;307;MANDRILLS BKB_307_20220129_id4080.jpg;122
1280;1224;307;MANDRILLS BKB_307_20220201_id4080_femjuv (1).jpg;56
1153;1224;307;MANDRILLS BKB_307_20220201_id4080_femjuv (2).jpg;71
1207;1224;307;MANDRILLS BKB_307_20220201_id4080_femjuv (3).jpg;17
1219;1224;307;MANDRILLS BKB_307_20220201_id4080_femjuv (4).jpg;5
1178;1224;307;MANDRILLS BKB_307_20220201_id4080_femjuv (5).jpg;46
1148;1224;307;MANDRILLS BKB_307_20220201_id4080_femjuv (6).jpg;76
1149;1258;307;MANDRILLS BKB_307_20220307_id4080 (1).jpg;109
1224;1258;307;MANDRILLS BKB_307_20220307_id4080 (2).jpg;34
1148;1278;307;MANDRILLS BKB_307_20220327_id4080_femjuv (1).jpg;130
1308;1278;307;MANDRILLS BKB_307_20220327_id4080_femjuv (2).jpg;30
1311;1278;307;MANDRILLS BKB_307_20220327_id4080_femjuv (3).jpg;33
1176;1302;307;MANDRILLS BKB_307_20220420_id4080_fem_juv (1).jpg;126
1236;1302;307;MANDRILLS BKB_307_20220420_id4080_fem_juv (2).jpg;66
1331;1302;307;MANDRILLS BKB_307_20220420_id4080_fem_juv (3).jpg;29
1399;1308;307;MANDRILLS BKB_307_20220426_id4080_femjuv (1).jpg;91
1321;1308;307;MANDRILLS BKB_307_20220426_id4080_femjuv (2).jpg;13
1411;1341;307;MANDRILLS BKB_307_20220529_id4080_femjuv.jpg;70
1354;1358;307;MANDRILLS BKB_307_20220615_id4080_femjuv (1).jpg;4
1176;1358;307;MANDRILLS BKB_307_20220615_id4080_femjuv (2).jpg;182
1482;1374;307;MANDRILLS BKB_307_20220701_id4080 (2).jpg;108
1455;1374;307;MANDRILLS BKB_307_20220701_id4080.jpg;81
1351;1384;307;MANDRILLS BKB_307_20220711_id4080 (2).jpg;33
1284;1384;307;MANDRILLS BKB_307_20220711_id4080 (3).jpg;100
1385;1384;307;MANDRILLS BKB_307_20220711_id4080.jpg;1
1372;1416;307;MANDRILLS BKB_307_20220812_id4080 (1).jpg;44
1481;1416;307;MANDRILLS BKB_307_20220812_id4080 (2).jpg;65
1329;1416;307;MANDRILLS BKB_307_20220812_id4080 (3).jpg;87
1479;1422;307;MANDRILLS BKB_307_20220818_id4080.jpg;57
1356;1430;307;MANDRILLS BKB_307_20220826_id4080 (2).jpg;74
1390;1453;307;MANDRILLS BKB_307_20220918_id4080.jpg;63
1392;1486;307;MANDRILLS BKB_307_20221021_id4080.jpg;94
1473;1487;307;MANDRILLS BKB_307_20221022_id4080 (1).jpg;14
1444;1487;307;MANDRILLS BKB_307_20221022_id4080 (2).jpg;43
1449;1487;307;MANDRILLS BKB_307_20221022_id4080.jpg;38
1444;1492;307;MANDRILLS BKB_307_20221027_id4080 (1).jpg;48
1409;1492;307;MANDRILLS BKB_307_20221027_id4080 (2).jpg;83
1345;1492;307;MANDRILLS BKB_307_20221027_id4080 (3).jpg;147
1470;1495;307;MANDRILLS BKB_307_20221030_id4080 (1).jpg;25
1449;1495;307;MANDRILLS BKB_307_20221030_id4080 (2).jpg;46
1387;1521;307;MANDRILLS BKB_307_20221125_id4080.jpg;134
1412;1526;307;MANDRILLS BKB_307_20221130_id4080.jpg;114
1541;1528;307;MANDRILLS BKB_307_20221202_id307 (2).jpg;13
1573;1528;307;MANDRILLS BKB_307_20221202_id307 (3).jpg;45
1307;1536;307;MANDRILLS BKB_307_20221210_id307.jpg;229
114;109;4029;MANDRILLS BKB_4029_20190313_id4029_feminf_GAUCHE.jpg;5
235;232;4029;MANDRILLS BKB_4029_20190714_id4029_feminf_(1).jpg;3
277;232;4029;MANDRILLS BKB_4029_20190714_id4029_feminf_(3).jpg;45
216;232;4029;MANDRILLS BKB_4029_20190714_id4029_feminf_(4).jpg;16
199;232;4029;MANDRILLS BKB_4029_20190714_id4029_feminf_(5).jpg;33
196;232;4029;MANDRILLS BKB_4029_20190714_id4029_feminf_(6).jpg;36
233;232;4029;MANDRILLS BKB_4029_20190714_id4029_feminf_(7).jpg;1
232;232;4029;MANDRILLS BKB_4029_20190714_id4029_feminf_(8).jpg;0
188;236;4029;MANDRILLS BKB_4029_20190718_id4029_feminf_(1).jpg;48
198;236;4029;MANDRILLS BKB_4029_20190718_id4029_feminf_(2).jpg;38
300;354;4029;MANDRILLS BKB_4029_20191113_id4029_feminf_(1).jpg;54
391;354;4029;MANDRILLS BKB_4029_20191113_id4029_feminf_(2).jpg;37
391;354;4029;MANDRILLS BKB_4029_20191113_id4029_feminf_(3).jpg;37
231;355;4029;MANDRILLS BKB_4029_20191114_id4029_feminf_(1).jpg;124
270;355;4029;MANDRILLS BKB_4029_20191114_id4029_feminf_(2).jpg;85
331;410;4029;MANDRILLS BKB_4029_20200108_id4029_femjuv.jpg;79
104;88;4039;MANDRILLS BKB_4039_20190309_id4039_feminf_(1).jpg;16
111;88;4039;MANDRILLS BKB_4039_20190309_id4039_feminf_(2).jpg;23
95;88;4039;MANDRILLS BKB_4039_20190309_id4039_feminf_(3).jpg;7
100;88;4039;MANDRILLS BKB_4039_20190309_id4039_feminf_(4).jpg;12
90;88;4039;MANDRILLS BKB_4039_20190309_id4039_feminf_(8).jpg;2
7;2;5006;MANDRILLS BKB_5006_20200214_id5006_feminf.jpg;5
4;12;5006;MANDRILLS BKB_5006_20200224_id5006_feminf.jpg;8
1;12;5006;MANDRILLS BKB_5006_20200224_id5006_feminf_(1).jpg;11
6;12;5006;MANDRILLS BKB_5006_20200224_id5006_feminf_(2).jpg;6
42;37;5006;MANDRILLS BKB_5006_20200320_id5006_feminf_(1).jpg;5
44;37;5006;MANDRILLS BKB_5006_20200320_id5006_feminf_(2).jpg;7
57;48;5006;MANDRILLS BKB_5006_20200331_id5006_feminf_(1).jpg;9
44;48;5006;MANDRILLS BKB_5006_20200331_id5006_feminf_(2).jpg;4
44;48;5006;MANDRILLS BKB_5006_20200331_id5006_feminf_(3).jpg;4
52;48;5006;MANDRILLS BKB_5006_20200331_id5006_feminf_(4).jpg;4
258;253;5006;MANDRILLS BKB_5006_20201022_id5006_feminf_(1).jpg;5
303;253;5006;MANDRILLS BKB_5006_20201022_id5006_feminf_(2).jpg;50
274;259;5006;MANDRILLS BKB_5006_20201028_id5006_feminf.jpg;15
265;262;5006;MANDRILLS BKB_5006_20201031_id5006_feminf_(1).jpg;3
376;262;5006;MANDRILLS BKB_5006_20201031_id5006_feminf_(2).jpg;114
325;262;5006;MANDRILLS BKB_5006_20201031_id5006_feminf_(3).jpg;63
298;268;5006;MANDRILLS BKB_5006_20201106_id5006_feminf_(1).jpg;30
300;268;5006;MANDRILLS BKB_5006_20201106_id5006_feminf_(2).jpg;32
288;268;5006;MANDRILLS BKB_5006_20201106_id5006_feminf_(3).jpg;20
312;283;5006;MANDRILLS BKB_5006_20201121_id5006_feminf_(1).jpg;29
347;283;5006;MANDRILLS BKB_5006_20201121_id5006_feminf_(1b).jpg;64
272;283;5006;MANDRILLS BKB_5006_20201121_id5006_feminf_(2).jpg;11
312;283;5006;MANDRILLS BKB_5006_20201121_id5006_feminf_(2b).jpg;29
307;283;5006;MANDRILLS BKB_5006_20201121_id5006_feminf_(3).jpg;24
358;283;5006;MANDRILLS BKB_5006_20201121_id5006_feminf_(3b).jpg;75
320;286;5006;MANDRILLS BKB_5006_20201124_id5006_feminf.jpg;34
364;319;5006;MANDRILLS BKB_5006_20201227_id5006_feminf_(1).jpg;45
402;319;5006;MANDRILLS BKB_5006_20201227_id5006_feminf_(2).jpg;83
321;329;5006;MANDRILLS BKB_5006_20210106_id5006_feminf_(1).jpg;8
370;329;5006;MANDRILLS BKB_5006_20210106_id5006_feminf_(2).jpg;41
333;329;5006;MANDRILLS BKB_5006_20210106_id5006_feminf_(3).jpg;4
272;329;5006;MANDRILLS BKB_5006_20210106_id5006_feminf_(4).jpg;57
307;329;5006;MANDRILLS BKB_5006_20210106_id5006_feminf_(5).jpg;22
470;339;5006;MANDRILLS BKB_5006_20210116_id5006_femjuv.jpg;131
516;340;5006;MANDRILLS BKB_5006_20210117_id5006_femjuv.jpg;176
431;366;5006;MANDRILLS BKB_5006_20210212_id5006_femjuv_(1).jpg;65
331;366;5006;MANDRILLS BKB_5006_20210212_id5006_femjuv_(2).jpg;35
408;366;5006;MANDRILLS BKB_5006_20210212_id5006_femjuv_(3).jpg;42
433;370;5006;MANDRILLS BKB_5006_20210216_id5006_femjuv_(1).jpg;63
460;370;5006;MANDRILLS BKB_5006_20210216_id5006_femjuv_(2).jpg;90
447;370;5006;MANDRILLS BKB_5006_20210216_id5006_femjuv_(3).jpg;77
562;415;5006;MANDRILLS BKB_5006_20210402_id5006_femjuv_(1).jpg;147
529;415;5006;MANDRILLS BKB_5006_20210402_id5006_femjuv_(2).jpg;114
543;415;5006;MANDRILLS BKB_5006_20210402_id5006_femjuv_(3).jpg;128
638;415;5006;MANDRILLS BKB_5006_20210402_id5006_femjuv_(4).jpg;223
684;590;5006;MANDRILLS BKB_5006_20210924_id5006_femjuv (2).jpg;94
601;635;5006;MANDRILLS BKB_5006_20211108_id5006_maljuv_(1).jpg;34
653;635;5006;MANDRILLS BKB_5006_20211108_id5006_maljuv_(2).jpg;18
623;635;5006;MANDRILLS BKB_5006_20211108_id5006_maljuv_(4).jpg;12
935;717;5006;MANDRILLS BKB_5006_20220129_id5006_1.jpg;218
928;717;5006;MANDRILLS BKB_5006_20220129_id5006_2.jpg;211
805;761;5006;MANDRILLS BKB_5006_20220314_id5006_femjuv (2).jpg;44
863;766;5006;MANDRILLS BKB_5006_20220319_id5006_femjuv (1).jpg;97
836;766;5006;MANDRILLS BKB_5006_20220319_id5006_femjuv (2).jpg;70
901;766;5006;MANDRILLS BKB_5006_20220319_id5006_femjuv (3).jpg;135
993;860;5006;MANDRILLS BKB_5006_20220621_id5006_femjuv (1).jpg;133
941;860;5006;MANDRILLS BKB_5006_20220621_id5006_femjuv (2).jpg;81
927;870;5006;MANDRILLS BKB_5006_20220701_id5006.jpg;57
866;885;5006;MANDRILLS BKB_5006_20220716_id5006_femjuv.jpg;19
985;894;5006;MANDRILLS BKB_5006_20220725_id5006 (2).jpg;91
1051;894;5006;MANDRILLS BKB_5006_20220725_id5006.jpg;157
848;912;5006;MANDRILLS BKB_5006_20220812_id5006 (1).jpg;64
993;912;5006;MANDRILLS BKB_5006_20220812_id5006 (2).jpg;81
1084;912;5006;MANDRILLS BKB_5006_20220812_id5006 (3).jpg;172
739;912;5006;MANDRILLS BKB_5006_20220812_id5006 (4).jpg;173
780;912;5006;MANDRILLS BKB_5006_20220812_id5006 (5).jpg;132
1227;926;5006;MANDRILLS BKB_5006_20220826_id5006.jpg;301
936;927;5006;MANDRILLS BKB_5006_20220827_id5006 (2).jpg;9
976;927;5006;MANDRILLS BKB_5006_20220827_id5006.jpg;49
951;928;5006;MANDRILLS BKB_5006_20220828_id5006.jpg;23
907;935;5006;MANDRILLS BKB_5006_20220904_id5006.jpg;28
952;943;5006;MANDRILLS BKB_5006_20220912_id5006 (1).jpg;9
915;943;5006;MANDRILLS BKB_5006_20220912_id5006 (2).jpg;28
1129;949;5006;MANDRILLS BKB_5006_20220918_id5006 (1).jpg;180
824;949;5006;MANDRILLS BKB_5006_20220918_id5006 (2).jpg;125
1140;951;5006;MANDRILLS BKB_5006_20220920_id5006.jpg;189
1128;966;5006;MANDRILLS BKB_5006_20221005_id5006.jpg;162
1063;972;5006;MANDRILLS BKB_5006_20221011_id5006 (1).jpg;91
1043;972;5006;MANDRILLS BKB_5006_20221011_id5006 (2).jpg;71
1085;982;5006;MANDRILLS BKB_5006_20221021_id5006.jpg;103
1082;988;5006;MANDRILLS BKB_5006_20221027_id5006 (1).jpg;94
1035;988;5006;MANDRILLS BKB_5006_20221027_id5006 (2).jpg;47
1070;1031;5006;MANDRILLS BKB_5006_20221209_id5006 (1).jpg;39
1035;1031;5006;MANDRILLS BKB_5006_20221209_id5006 (2).jpg;4
1113;1031;5006;MANDRILLS BKB_5006_20221209_id5006 (3).jpg;82
1412;1032;5006;MANDRILLS BKB_5006_20221210_id5006 (1).jpg;380
1010;1032;5006;MANDRILLS BKB_5006_20221210_id5006 (2).jpg;22
1138;1032;5006;MANDRILLS BKB_5006_20221210_id5006 (3).jpg;106
1079;1034;5006;MANDRILLS BKB_5006_20221212_id5006.jpg;45
1103;1043;5006;MANDRILLS BKB_5006_20221221_id5006 (3).jpg;60
1149;1043;5006;MANDRILLS BKB_5006_20221221_id5006.jpg;106
1280;1046;5006;MANDRILLS BKB_5006_20221224_id5006.jpg;234
1;4;5029;MANDRILLS BKB_5029_20200107_id5029_malinf.jpg;3
67;67;5029;MANDRILLS BKB_5029_20200310_id5029_malinf.jpg;0
83;77;5029;MANDRILLS BKB_5029_20200320_id5029_malinf.jpg;6
188;119;5029;MANDRILLS BKB_5029_20200501_id5029_malinf.jpg;69
130;123;5029;MANDRILLS BKB_5029_20200505_id5029_malinf.jpg;7
163;123;5029;MANDRILLS BKB_5029_20200505_id5029_malinf_(1).jpg;40
161;123;5029;MANDRILLS BKB_5029_20200505_id5029_malinf_(2).jpg;38
183;123;5029;MANDRILLS BKB_5029_20200505_id5029_malinf_(3).jpg;60
179;123;5029;MANDRILLS BKB_5029_20200505_id5029_malinf_(4).jpg;56
190;123;5029;MANDRILLS BKB_5029_20200505_id5029_malinf_(5).jpg;67
134;123;5029;MANDRILLS BKB_5029_20200505_id5029_malinf_(6).jpg;11
150;123;5029;MANDRILLS BKB_5029_20200505_id5029_malinf_(7).jpg;27
182;123;5029;MANDRILLS BKB_5029_20200505_id5029_malinf_(8).jpg;59
280;289;5029;MANDRILLS BKB_5029_20201018_id5029_malinf_(1).jpg;9
344;289;5029;MANDRILLS BKB_5029_20201018_id5029_malinf_(10).jpg;55
289;289;5029;MANDRILLS BKB_5029_20201018_id5029_malinf_(11).jpg;0
259;289;5029;MANDRILLS BKB_5029_20201018_id5029_malinf_(12).jpg;30
259;289;5029;MANDRILLS BKB_5029_20201018_id5029_malinf_(13).jpg;30
285;289;5029;MANDRILLS BKB_5029_20201018_id5029_malinf_(14).jpg;4
291;289;5029;MANDRILLS BKB_5029_20201018_id5029_malinf_(15).jpg;2
320;289;5029;MANDRILLS BKB_5029_20201018_id5029_malinf_(16).jpg;31
272;289;5029;MANDRILLS BKB_5029_20201018_id5029_malinf_(2).jpg;17
264;289;5029;MANDRILLS BKB_5029_20201018_id5029_malinf_(3).jpg;25
271;289;5029;MANDRILLS BKB_5029_20201018_id5029_malinf_(4).jpg;18
266;289;5029;MANDRILLS BKB_5029_20201018_id5029_malinf_(5).jpg;23
260;289;5029;MANDRILLS BKB_5029_20201018_id5029_malinf_(6).jpg;29
304;289;5029;MANDRILLS BKB_5029_20201018_id5029_malinf_(7).jpg;15
390;289;5029;MANDRILLS BKB_5029_20201018_id5029_malinf_(8).jpg;101
349;289;5029;MANDRILLS BKB_5029_20201018_id5029_malinf_(9).jpg;60
285;290;5029;MANDRILLS BKB_5029_20201019_id5029_malinf_(1).jpg;5
315;290;5029;MANDRILLS BKB_5029_20201019_id5029_malinf_(4).jpg;25
329;292;5029;MANDRILLS BKB_5029_20201021_id5029_malinf_(1).jpg;37
454;292;5029;MANDRILLS BKB_5029_20201021_id5029_malinf_(2).jpg;162
415;323;5029;MANDRILLS BKB_5029_20201121_id5029_malinf_(1).jpg;92
267;323;5029;MANDRILLS BKB_5029_20201121_id5029_malinf_(2).jpg;56
289;323;5029;MANDRILLS BKB_5029_20201121_id5029_malinf_(3).jpg;34
354;323;5029;MANDRILLS BKB_5029_20201121_id5029_malinf_(4).jpg;31
295;326;5029;MANDRILLS BKB_5029_20201124_id5029_malinf_(1).jpg;31
348;326;5029;MANDRILLS BKB_5029_20201124_id5029_malinf_(2).jpg;22
300;345;5029;MANDRILLS BKB_5029_20201213_id5029_malinf_(1).jpg;45
310;345;5029;MANDRILLS BKB_5029_20201213_id5029_malinf_(2).jpg;35
363;345;5029;MANDRILLS BKB_5029_20201213_id5029_malinf_(3).jpg;18
330;349;5029;MANDRILLS BKB_5029_20201217_id5029_malinf_(1).jpg;19
335;349;5029;MANDRILLS BKB_5029_20201217_id5029_malinf_(2).jpg;14
360;354;5029;MANDRILLS BKB_5029_20201222_id5029_malinf_(1).jpg;6
338;354;5029;MANDRILLS BKB_5029_20201222_id5029_malinf_(2).jpg;16
391;354;5029;MANDRILLS BKB_5029_20201222_id5029_malinf_(3).jpg;37
339;371;5029;MANDRILLS BKB_5029_20210108_id5029_maljuv.jpg;32
421;374;5029;MANDRILLS BKB_5029_20210111_id5029_maljuv.jpg;47
409;376;5029;MANDRILLS BKB_5029_20210113_id5029_maljuv.jpg;33
331;392;5029;MANDRILLS BKB_5029_20210129_id5029_maljuv_(1).jpg;61
277;392;5029;MANDRILLS BKB_5029_20210129_id5029_maljuv_(2).jpg;115
323;392;5029;MANDRILLS BKB_5029_20210129_id5029_maljuv_(3).jpg;69
379;392;5029;MANDRILLS BKB_5029_20210129_id5029_maljuv_(4).jpg;13
304;395;5029;MANDRILLS BKB_5029_20210201_id5029_maljuv_(3).jpg;91
450;406;5029;MANDRILLS BKB_5029_20210212_id5029_maljuv.jpg;44
386;412;5029;MANDRILLS BKB_5029_20210218_id5029_maljuv.jpg;26
435;430;5029;MANDRILLS BKB_5029_20210308_id5029_maljuv_(1).jpg;5
356;430;5029;MANDRILLS BKB_5029_20210308_id5029_maljuv_(2).jpg;74
596;641;5029;MANDRILLS BKB_5029_20211005_id5029_maljuv_(1).jpg;45
571;641;5029;MANDRILLS BKB_5029_20211005_id5029_maljuv_(2).jpg;70
540;641;5029;MANDRILLS BKB_5029_20211005_id5029_maljuv_(3).jpg;101
-3;18;5070;MANDRILLS BKB_5070_20200224_id5070_malinf_(1).jpg;21
-2;18;5070;MANDRILLS BKB_5070_20200224_id5070_malinf_(2).jpg;20
9;18;5070;MANDRILLS BKB_5070_20200224_id5070_malinf_(3).jpg;9
4;18;5070;MANDRILLS BKB_5070_20200224_id5070_malinf_(4).jpg;14
9;18;5070;MANDRILLS BKB_5070_20200224_id5070_malinf_(5).jpg;9
11;27;5070;MANDRILLS BKB_5070_20200304_id5070_malinf_(1).jpg;16
6;27;5070;MANDRILLS BKB_5070_20200304_id5070_malinf_(2).jpg;21
28;41;5070;MANDRILLS BKB_5070_20200318_id5070_malinf.jpg;13
21;43;5070;MANDRILLS BKB_5070_20200320_id5070_malinf_(1).jpg;22
30;43;5070;MANDRILLS BKB_5070_20200320_id5070_malinf_(2).jpg;13
9;43;5070;MANDRILLS BKB_5070_20200320_id5070_malinf_(3).jpg;34
13;43;5070;MANDRILLS BKB_5070_20200320_id5070_malinf_(4).jpg;30
13;43;5070;MANDRILLS BKB_5070_20200320_id5070_malinf_(5).jpg;30
28;43;5070;MANDRILLS BKB_5070_20200320_id5070_malinf_(6).jpg;15
19;43;5070;MANDRILLS BKB_5070_20200320_id5070_malinf_(7).jpg;24
36;54;5070;MANDRILLS BKB_5070_20200331_id5070_malinf.jpg;18
79;89;5070;MANDRILLS BKB_5070_20200505_id5070_malinf_(1).jpg;10
82;89;5070;MANDRILLS BKB_5070_20200505_id5070_malinf_(2).jpg;7
93;89;5070;MANDRILLS BKB_5070_20200505_id5070_malinf_(3).jpg;4
61;89;5070;MANDRILLS BKB_5070_20200505_id5070_malinf_(4).jpg;28
47;89;5070;MANDRILLS BKB_5070_20200505_id5070_malinf_(5).jpg;42
49;90;5070;MANDRILLS BKB_5070_20200506_id5070_malinf_(2).jpg;41
97;90;5070;MANDRILLS BKB_5070_20200506_id5070_malinf_(3).jpg;7
90;90;5070;MANDRILLS BKB_5070_20200506_id5070_malinf_(4).jpg;0
77;90;5070;MANDRILLS BKB_5070_20200506_id5070_malinf_(6).jpg;13
67;95;5090;MANDRILLS BKB_5090_20200505_id5090_feminf_(1).jpg;28
52;95;5090;MANDRILLS BKB_5090_20200505_id5090_feminf_(2).jpg;43
62;95;5090;MANDRILLS BKB_5090_20200505_id5090_feminf_(3).jpg;33
59;95;5090;MANDRILLS BKB_5090_20200505_id5090_feminf_(4).jpg;36
73;96;5090;MANDRILLS BKB_5090_20200506_id5090_feminf_(1).jpg;23
81;96;5090;MANDRILLS BKB_5090_20200506_id5090_feminf_(2).jpg;15
186;261;5090;MANDRILLS BKB_5090_20201018_id5090_feminf_(1).jpg;75
197;261;5090;MANDRILLS BKB_5090_20201018_id5090_feminf_(2).jpg;64
240;261;5090;MANDRILLS BKB_5090_20201018_id5090_feminf_(3).jpg;21
188;264;5090;MANDRILLS BKB_5090_20201021_id5090_feminf_(1).jpg;76
251;264;5090;MANDRILLS BKB_5090_20201021_id5090_feminf_(2).jpg;13
275;264;5090;MANDRILLS BKB_5090_20201021_id5090_feminf_(3).jpg;11
246;264;5090;MANDRILLS BKB_5090_20201021_id5090_feminf_(4).jpg;18
315;265;5090;MANDRILLS BKB_5090_20201022_id5090_feminf_(1).jpg;50
274;265;5090;MANDRILLS BKB_5090_20201022_id5090_feminf_(10).jpg;9
300;265;5090;MANDRILLS BKB_5090_20201022_id5090_feminf_(11).jpg;35
314;265;5090;MANDRILLS BKB_5090_20201022_id5090_feminf_(12).jpg;49
279;265;5090;MANDRILLS BKB_5090_20201022_id5090_feminf_(2).jpg;14
267;265;5090;MANDRILLS BKB_5090_20201022_id5090_feminf_(3).jpg;2
283;265;5090;MANDRILLS BKB_5090_20201022_id5090_feminf_(4).jpg;18
259;265;5090;MANDRILLS BKB_5090_20201022_id5090_feminf_(5).jpg;6
293;265;5090;MANDRILLS BKB_5090_20201022_id5090_feminf_(6).jpg;28
248;265;5090;MANDRILLS BKB_5090_20201022_id5090_feminf_(7).jpg;17
268;265;5090;MANDRILLS BKB_5090_20201022_id5090_feminf_(8).jpg;3
260;265;5090;MANDRILLS BKB_5090_20201022_id5090_feminf_(9).jpg;5
254;267;5090;MANDRILLS BKB_5090_20201024_id5090_feminf_(1).jpg;13
265;267;5090;MANDRILLS BKB_5090_20201024_id5090_feminf_(2).jpg;2
247;272;5090;MANDRILLS BKB_5090_20201029_id5090_feminf_(1).jpg;25
292;272;5090;MANDRILLS BKB_5090_20201029_id5090_feminf_(2).jpg;20
270;272;5090;MANDRILLS BKB_5090_20201029_id5090_feminf_(3).jpg;2
256;272;5090;MANDRILLS BKB_5090_20201029_id5090_feminf_(4).jpg;16
277;280;5090;MANDRILLS BKB_5090_20201106_id5090_feminf_(1).jpg;3
246;280;5090;MANDRILLS BKB_5090_20201106_id5090_feminf_(2).jpg;34
337;280;5090;MANDRILLS BKB_5090_20201106_id5090_feminf_(3).jpg;57
244;280;5090;MANDRILLS BKB_5090_20201106_id5090_feminf_(4).jpg;36
259;280;5090;MANDRILLS BKB_5090_20201106_id5090_feminf_(5).jpg;21
237;280;5090;MANDRILLS BKB_5090_20201106_id5090_feminf_(6).jpg;43
355;339;5090;MANDRILLS BKB_5090_20210104_id5090_feminf_(1).jpg;16
433;339;5090;MANDRILLS BKB_5090_20210104_id5090_feminf_(2).jpg;94
434;339;5090;MANDRILLS BKB_5090_20210104_id5090_feminf_(3).jpg;95
415;339;5090;MANDRILLS BKB_5090_20210104_id5090_feminf_(4).jpg;76
356;365;5090;MANDRILLS BKB_5090_20210130_id5090_feminf_(1).jpg;9
348;365;5090;MANDRILLS BKB_5090_20210130_id5090_feminf_(2).jpg;17
350;365;5090;MANDRILLS BKB_5090_20210130_id5090_feminf_(3).jpg;15
342;372;5090;MANDRILLS BKB_5090_20210206_id5090_femjuv_(1).jpg;30
425;380;5090;MANDRILLS BKB_5090_20210214_id5090_femjuv.jpg;45
457;392;5090;MANDRILLS BKB_5090_20210226_id5090_femjuv.jpg;65
531;507;5090;MANDRILLS BKB_5090_20210621_id5090_femjuv_(1).jpg;24
595;507;5090;MANDRILLS BKB_5090_20210621_id5090_femjuv_(12).jpg;88
628;507;5090;MANDRILLS BKB_5090_20210621_id5090_femjuv_(2).jpg;121
615;507;5090;MANDRILLS BKB_5090_20210621_id5090_femjuv_(3).jpg;108
536;507;5090;MANDRILLS BKB_5090_20210621_id5090_femjuv_(4).jpg;29
554;507;5090;MANDRILLS BKB_5090_20210621_id5090_femjuv_(6).jpg;47
535;507;5090;MANDRILLS BKB_5090_20210621_id5090_femjuv_(7).jpg;28
812;658;5090;MANDRILLS BKB_5090_20211119_id5090_femjuv_(1).jpg;154
729;770;5090;MANDRILLS BKB_5090_20220311_id5090_femjuv (1).jpg;41
885;770;5090;MANDRILLS BKB_5090_20220311_id5090_femjuv (3).jpg;115
599;788;5090;MANDRILLS BKB_5090_20220329_id5090_femjuv (1).jpg;189
868;815;5090;MANDRILLS BKB_5090_20220425_id5090_femjuv.jpg;53
845;836;5090;MANDRILLS BKB_5090_20220516_id5090_femjuv.jpg;9
762;845;5090;MANDRILLS BKB_5090_20220525_id5090_femjuv (1).jpg;83
921;845;5090;MANDRILLS BKB_5090_20220525_id5090_femjuv (2).jpg;76
772;846;5090;MANDRILLS BKB_5090_20220526_id5090_femjuv (5).jpg;74
994;846;5090;MANDRILLS BKB_5090_20220526_id5090_femjuv (6).jpg;148
912;854;5090;MANDRILLS BKB_5090_20220603_id5090_femjuv.jpg;58
826;872;5090;MANDRILLS BKB_5090_20220621_id5090_femjuv.jpg;46
1079;875;5090;MANDRILLS BKB_5090_20220624_id5090_femjuv (1).jpg;204
1088;875;5090;MANDRILLS BKB_5090_20220624_id5090_femjuv (2).jpg;213
958;880;5090;MANDRILLS BKB_5090_20220629_id5090.jpg;78
1105;887;5090;MANDRILLS BKB_5090_20220706_id5090.jpg;218
978;889;5090;MANDRILLS BKB_5090_20220708_id5090.jpg;89
1028;895;5090;MANDRILLS BKB_5090_20220714_id5090_femjuv (1).jpg;133
1071;895;5090;MANDRILLS BKB_5090_20220714_id5090_femjuv (2).jpg;176
1037;897;5090;MANDRILLS BKB_5090_20220716_id5090_femjuv.jpg;140
1016;900;5090;MANDRILLS BKB_5090_20220719_id5090.jpg;116
922;909;5090;MANDRILLS BKB_5090_20220728_id5090 (2).jpg;13
1029;909;5090;MANDRILLS BKB_5090_20220728_id5090 (3).jpg;120
980;917;5090;MANDRILLS BKB_5090_20220805_id5090 (1).jpg;63
998;917;5090;MANDRILLS BKB_5090_20220805_id5090 (2).jpg;81
1125;921;5090;MANDRILLS BKB_5090_20220809_id5090.jpg;204
1032;924;5090;MANDRILLS BKB_5090_20220812_id5090.jpg;108
995;948;5090;MANDRILLS BKB_5090_20220905_id5090 (1).jpg;47
853;948;5090;MANDRILLS BKB_5090_20220905_id5090 (2).jpg;95
1013;948;5090;MANDRILLS BKB_5090_20220905_id5090 (4).jpg;65
1173;948;5090;MANDRILLS BKB_5090_20220905_id5090 (5).jpg;225
915;954;5090;MANDRILLS BKB_5090_20220911_id5090 (1).jpg;39
928;954;5090;MANDRILLS BKB_5090_20220911_id5090 (2).jpg;26
1148;1003;5090;MANDRILLS BKB_5090_20221030_id5090 (1).jpg;145
1275;1003;5090;MANDRILLS BKB_5090_20221030_id5090 (3).jpg;272
1119;1003;5090;MANDRILLS BKB_5090_20221030_id5090 (4).jpg;116
1092;1044;5090;MANDRILLS BKB_5090_20221210_id5090.jpg;48
14;8;5094;MANDRILLS BKB_5094_20191227_id5094_malinf.jpg;6
5;20;5094;MANDRILLS BKB_5094_20200108_id5094_malinf_(1).jpg;15
11;20;5094;MANDRILLS BKB_5094_20200108_id5094_malinf_(2).jpg;9
22;33;5094;MANDRILLS BKB_5094_20200121_id5094_malinf.jpg;11
50;61;5094;MANDRILLS BKB_5094_20200218_id5094_malinf.jpg;11
53;67;5094;MANDRILLS BKB_5094_20200224_id5094_malinf_(1).jpg;14
45;67;5094;MANDRILLS BKB_5094_20200224_id5094_malinf_(2).jpg;22
76;92;5094;MANDRILLS BKB_5094_20200320_id5094_malinf_(1).jpg;16
93;92;5094;MANDRILLS BKB_5094_20200320_id5094_malinf_(2).jpg;1
89;92;5094;MANDRILLS BKB_5094_20200320_id5094_malinf_(3).jpg;3
82;92;5094;MANDRILLS BKB_5094_20200320_id5094_malinf_(4).jpg;10
94;92;5094;MANDRILLS BKB_5094_20200320_id5094_malinf_(5).jpg;2
99;92;5094;MANDRILLS BKB_5094_20200320_id5094_malinf_(6).jpg;7
158;139;5094;MANDRILLS BKB_5094_20200506_id5094_malinf_(1).jpg;19
202;139;5094;MANDRILLS BKB_5094_20200506_id5094_malinf_(2).jpg;63
222;139;5094;MANDRILLS BKB_5094_20200506_id5094_malinf_(3).jpg;83
157;139;5094;MANDRILLS BKB_5094_20200506_id5094_malinf_(4).jpg;18
3754;3863;53;MANDRILLS BKB_53_20120628_id53_maladu_(1)_ORIGINAL.jpg;109
3733;3863;53;MANDRILLS BKB_53_20120628_id53_maladu_(2)_ORIGINAL.jpg;130
3635;3882;53;MANDRILLS BKB_53_20120717_id53_maladu_ORIGINAL.jpg;247
3772;3889;53;MANDRILLS BKB_53_20120724_id53_maladuCENTRE_(1)_ORIGINAL.jpg;117
3769;3889;53;MANDRILLS BKB_53_20120724_id53_maladuCENTRE_(2)_ORIGINAL.jpg;120
3876;3889;53;MANDRILLS BKB_53_20120724_id53_maladuCENTRE_(3)_ORIGINAL.jpg;13
3785;3889;53;MANDRILLS BKB_53_20120724_id53_maladuCENTRE_(4)_ORIGINAL.jpg;104
3855;3889;53;MANDRILLS BKB_53_20120724_id53_maladuCENTRE_(5)_ORIGINAL.jpg;34
3865;3889;53;MANDRILLS BKB_53_20120724_id53_maladuCENTRE_(6)_ORIGINAL.jpg;24
3819;3889;53;MANDRILLS BKB_53_20120724_id53_maladuCENTRE_(7)_ORIGINAL.jpg;70
3791;3889;53;MANDRILLS BKB_53_20120724_id53_maladuCENTRE_(8)_ORIGINAL.jpg;98
3867;3889;53;MANDRILLS BKB_53_20120724_id53_maladuDERRIERE_ORIGINAL.jpg;22
3678;3889;53;MANDRILLS BKB_53_20120724_id53_maladu_(2)_ORIGINAL.jpg;211
3763;3889;53;MANDRILLS BKB_53_20120724_id53_maladu_(3)_ORIGINAL.jpg;126
3836;3889;53;MANDRILLS BKB_53_20120724_id53_maladu_(4)_ORIGINAL.jpg;53
3872;3889;53;MANDRILLS BKB_53_20120724_id53_maladu_(6)_ORIGINAL.jpg;17
3719;3889;53;MANDRILLS BKB_53_20120724_id53_maladu_(7)_ORIGINAL.jpg;170
3864;3945;53;MANDRILLS BKB_53_20120918_id53_maladu_(1)_ORIGINAL.jpg;81
3837;3945;53;MANDRILLS BKB_53_20120918_id53_maladu_(3)_ORIGINAL.jpg;108
3926;3953;53;MANDRILLS BKB_53_20120926_id53_maladu_ORIGINAL.jpg;27
3779;3959;53;MANDRILLS BKB_53_20121002_id53_maladu_ORIGINAL.jpg;180
3820;3977;53;MANDRILLS BKB_53_20121020_id53_maladu_(1)_ORIGINAL.jpg;157
3819;3977;53;MANDRILLS BKB_53_20121020_id53_maladu_(2)_ORIGINAL.jpg;158
3727;3977;53;MANDRILLS BKB_53_20121020_id53_maladu_(3)_ORIGINAL.jpg;250
3805;3977;53;MANDRILLS BKB_53_20121020_id53_maladu_(4)_ORIGINAL.jpg;172
3774;3989;53;MANDRILLS BKB_53_20121101_id53_maladu_(2)_ORIGINAL.jpg;215
-14;1;6016;MANDRILLS BKB_6016_20201028_id6016_feminf_(1).jpg;15
-2;1;6016;MANDRILLS BKB_6016_20201028_id6016_feminf_(2).jpg;3
1;1;6016;MANDRILLS BKB_6016_20201028_id6016_feminf_(3).jpg;0
9;1;6016;MANDRILLS BKB_6016_20201028_id6016_feminf_(5).jpg;8
0;1;6016;MANDRILLS BKB_6016_20201028_id6016_feminf_(6).jpg;1
24;2;6016;MANDRILLS BKB_6016_20201029_id6016_feminf.jpg;22
7;5;6016;MANDRILLS BKB_6016_20201101_id6016_feminf_(1).jpg;2
-7;5;6016;MANDRILLS BKB_6016_20201101_id6016_feminf_(10).jpg;12
-3;5;6016;MANDRILLS BKB_6016_20201101_id6016_feminf_(11).jpg;8
-9;5;6016;MANDRILLS BKB_6016_20201101_id6016_feminf_(12).jpg;14
-3;5;6016;MANDRILLS BKB_6016_20201101_id6016_feminf_(13).jpg;8
-13;5;6016;MANDRILLS BKB_6016_20201101_id6016_feminf_(14).jpg;18
15;5;6016;MANDRILLS BKB_6016_20201101_id6016_feminf_(15).jpg;10
-2;5;6016;MANDRILLS BKB_6016_20201101_id6016_feminf_(16).jpg;7
-2;5;6016;MANDRILLS BKB_6016_20201101_id6016_feminf_(17).jpg;7
17;5;6016;MANDRILLS BKB_6016_20201101_id6016_feminf_(2).jpg;12
19;5;6016;MANDRILLS BKB_6016_20201101_id6016_feminf_(3).jpg;14
10;5;6016;MANDRILLS BKB_6016_20201101_id6016_feminf_(4).jpg;5
2;5;6016;MANDRILLS BKB_6016_20201101_id6016_feminf_(5).jpg;3
10;5;6016;MANDRILLS BKB_6016_20201101_id6016_feminf_(6).jpg;5
7;5;6016;MANDRILLS BKB_6016_20201101_id6016_feminf_(7).jpg;2
8;5;6016;MANDRILLS BKB_6016_20201101_id6016_feminf_(8).jpg;3
10;5;6016;MANDRILLS BKB_6016_20201101_id6016_feminf_(9).jpg;5
15;7;6016;MANDRILLS BKB_6016_20201103_id6016_feminf_(1).jpg;8
28;7;6016;MANDRILLS BKB_6016_20201103_id6016_feminf_(10).jpg;21
16;7;6016;MANDRILLS BKB_6016_20201103_id6016_feminf_(11).jpg;9
37;7;6016;MANDRILLS BKB_6016_20201103_id6016_feminf_(12).jpg;30
4;7;6016;MANDRILLS BKB_6016_20201103_id6016_feminf_(13).jpg;3
17;7;6016;MANDRILLS BKB_6016_20201103_id6016_feminf_(14).jpg;10
9;7;6016;MANDRILLS BKB_6016_20201103_id6016_feminf_(15).jpg;2
-1;7;6016;MANDRILLS BKB_6016_20201103_id6016_feminf_(2).jpg;8
17;7;6016;MANDRILLS BKB_6016_20201103_id6016_feminf_(3).jpg;10
-3;7;6016;MANDRILLS BKB_6016_20201103_id6016_feminf_(4).jpg;10
6;7;6016;MANDRILLS BKB_6016_20201103_id6016_feminf_(5).jpg;1
12;7;6016;MANDRILLS BKB_6016_20201103_id6016_feminf_(6).jpg;5
11;7;6016;MANDRILLS BKB_6016_20201103_id6016_feminf_(7).jpg;4
15;7;6016;MANDRILLS BKB_6016_20201103_id6016_feminf_(8).jpg;8
30;7;6016;MANDRILLS BKB_6016_20201103_id6016_feminf_(9).jpg;23
-5;8;6016;MANDRILLS BKB_6016_20201104_id6016_feminf.jpg;13
32;28;6016;MANDRILLS BKB_6016_20201124_id6016_feminf.jpg;4
72;49;6016;MANDRILLS BKB_6016_20201215_id6016_feminf.jpg;23
41;50;6016;MANDRILLS BKB_6016_20201216_id6016_feminf_(1).jpg;9
53;50;6016;MANDRILLS BKB_6016_20201216_id6016_feminf_(10).jpg;3
66;50;6016;MANDRILLS BKB_6016_20201216_id6016_feminf_(11).jpg;16
48;50;6016;MANDRILLS BKB_6016_20201216_id6016_feminf_(12).jpg;2
48;50;6016;MANDRILLS BKB_6016_20201216_id6016_feminf_(13).jpg;2
51;50;6016;MANDRILLS BKB_6016_20201216_id6016_feminf_(14).jpg;1
51;50;6016;MANDRILLS BKB_6016_20201216_id6016_feminf_(15).jpg;1
30;50;6016;MANDRILLS BKB_6016_20201216_id6016_feminf_(16).jpg;20
43;50;6016;MANDRILLS BKB_6016_20201216_id6016_feminf_(17).jpg;7
49;50;6016;MANDRILLS BKB_6016_20201216_id6016_feminf_(18).jpg;1
35;50;6016;MANDRILLS BKB_6016_20201216_id6016_feminf_(19).jpg;15
46;50;6016;MANDRILLS BKB_6016_20201216_id6016_feminf_(2).jpg;4
60;50;6016;MANDRILLS BKB_6016_20201216_id6016_feminf_(20).jpg;10
33;50;6016;MANDRILLS BKB_6016_20201216_id6016_feminf_(21).jpg;17
44;50;6016;MANDRILLS BKB_6016_20201216_id6016_feminf_(22).jpg;6
39;50;6016;MANDRILLS BKB_6016_20201216_id6016_feminf_(23).jpg;11
60;50;6016;MANDRILLS BKB_6016_20201216_id6016_feminf_(24).jpg;10
79;50;6016;MANDRILLS BKB_6016_20201216_id6016_feminf_(25).jpg;29
60;50;6016;MANDRILLS BKB_6016_20201216_id6016_feminf_(3).jpg;10
60;50;6016;MANDRILLS BKB_6016_20201216_id6016_feminf_(4).jpg;10
68;50;6016;MANDRILLS BKB_6016_20201216_id6016_feminf_(5).jpg;18
64;50;6016;MANDRILLS BKB_6016_20201216_id6016_feminf_(6).jpg;14
46;50;6016;MANDRILLS BKB_6016_20201216_id6016_feminf_(7).jpg;4
54;50;6016;MANDRILLS BKB_6016_20201216_id6016_feminf_(8).jpg;4
41;50;6016;MANDRILLS BKB_6016_20201216_id6016_feminf_(9).jpg;9
66;53;6016;MANDRILLS BKB_6016_20201219_id6016_feminf_(1).jpg;13
59;53;6016;MANDRILLS BKB_6016_20201219_id6016_feminf_(2).jpg;6
53;55;6016;MANDRILLS BKB_6016_20201221_id6016_feminf_(1).jpg;2
50;55;6016;MANDRILLS BKB_6016_20201221_id6016_feminf_(2).jpg;5
57;62;6016;MANDRILLS BKB_6016_20201228_id6016_feminf_(1).jpg;5
57;62;6016;MANDRILLS BKB_6016_20201228_id6016_feminf_(2).jpg;5
62;62;6016;MANDRILLS BKB_6016_20201228_id6016_feminf_(3).jpg;0
61;62;6016;MANDRILLS BKB_6016_20201228_id6016_feminf_(4).jpg;1
85;63;6016;MANDRILLS BKB_6016_20201229_id6016_feminf_(1).jpg;22
62;63;6016;MANDRILLS BKB_6016_20201229_id6016_feminf_(2).jpg;1
63;63;6016;MANDRILLS BKB_6016_20201229_id6016_feminf_(3).jpg;0
52;64;6016;MANDRILLS BKB_6016_20201230_id6016_feminf_(1).jpg;12
59;64;6016;MANDRILLS BKB_6016_20201230_id6016_feminf_(2).jpg;5
67;78;6016;MANDRILLS BKB_6016_20210113_id6016_feminf_(1).jpg;11
65;78;6016;MANDRILLS BKB_6016_20210113_id6016_feminf_(2).jpg;13
89;81;6016;MANDRILLS BKB_6016_20210116_id6016_feminf.jpg;8
89;91;6016;MANDRILLS BKB_6016_20210126_id6016_feminf.jpg;2
85;101;6016;MANDRILLS BKB_6016_20210205_id6016_feminf.jpg;16
94;102;6016;MANDRILLS BKB_6016_20210206_id6016_feminf_(1).jpg;8
105;102;6016;MANDRILLS BKB_6016_20210206_id6016_feminf_(2).jpg;3
54;102;6016;MANDRILLS BKB_6016_20210206_id6016_feminf_(3).jpg;48
113;102;6016;MANDRILLS BKB_6016_20210206_id6016_feminf_(4).jpg;11
94;102;6016;MANDRILLS BKB_6016_20210206_id6016_feminf_(5).jpg;8
102;102;6016;MANDRILLS BKB_6016_20210206_id6016_feminf_(6).jpg;0
107;102;6016;MANDRILLS BKB_6016_20210206_id6016_feminf_(7).jpg;5
95;102;6016;MANDRILLS BKB_6016_20210206_id6016_feminf_(8).jpg;7
87;102;6016;MANDRILLS BKB_6016_20210206_id6016_feminf_(9).jpg;15
84;108;6016;MANDRILLS BKB_6016_20210212_id6016_feminf.jpg;24
92;112;6016;MANDRILLS BKB_6016_20210216_id6016_feminf_(1).jpg;20
88;112;6016;MANDRILLS BKB_6016_20210216_id6016_feminf_(2).jpg;24
100;112;6016;MANDRILLS BKB_6016_20210216_id6016_feminf_(3).jpg;12
70;112;6016;MANDRILLS BKB_6016_20210216_id6016_feminf_(4).jpg;42
120;113;6016;MANDRILLS BKB_6016_20210217_id6016_feminf_(1).jpg;7
108;113;6016;MANDRILLS BKB_6016_20210217_id6016_feminf_(2).jpg;5
91;115;6016;MANDRILLS BKB_6016_20210219_id6016_feminf.jpg;24
97;122;6016;MANDRILLS BKB_6016_20210226_id6016_feminf.jpg;25
97;132;6016;MANDRILLS BKB_6016_20210308_id6016_feminf.jpg;35
110;153;6016;MANDRILLS BKB_6016_20210329_id6016_feminf_(1).jpg;43
121;153;6016;MANDRILLS BKB_6016_20210329_id6016_feminf_(2).jpg;32
123;153;6016;MANDRILLS BKB_6016_20210329_id6016_feminf_(3).jpg;30
138;156;6016;MANDRILLS BKB_6016_20210401_id6016_feminf_(1).jpg;18
167;156;6016;MANDRILLS BKB_6016_20210401_id6016_feminf_(10).jpg;11
184;156;6016;MANDRILLS BKB_6016_20210401_id6016_feminf_(11).jpg;28
176;156;6016;MANDRILLS BKB_6016_20210401_id6016_feminf_(2).jpg;20
145;156;6016;MANDRILLS BKB_6016_20210401_id6016_feminf_(3).jpg;11
217;156;6016;MANDRILLS BKB_6016_20210401_id6016_feminf_(4).jpg;61
146;156;6016;MANDRILLS BKB_6016_20210401_id6016_feminf_(5).jpg;10
124;156;6016;MANDRILLS BKB_6016_20210401_id6016_feminf_(6).jpg;32
115;156;6016;MANDRILLS BKB_6016_20210401_id6016_feminf_(8).jpg;41
164;156;6016;MANDRILLS BKB_6016_20210401_id6016_feminf_(9).jpg;8
168;165;6016;MANDRILLS BKB_6016_20210410_id6016_feminf.jpg;3
174;178;6016;MANDRILLS BKB_6016_20210423_id6016_feminf_(2).jpg;4
188;196;6016;MANDRILLS BKB_6016_20210511_id6016_feminf_(2).jpg;8
217;196;6016;MANDRILLS BKB_6016_20210511_id6016_feminf_(3).jpg;21
193;196;6016;MANDRILLS BKB_6016_20210511_id6016_feminf_(4).jpg;3
291;212;6016;MANDRILLS BKB_6016_20210527_id6016_feminf_(3).jpg;79
244;212;6016;MANDRILLS BKB_6016_20210527_id6016_feminf_(4).jpg;32
243;223;6016;MANDRILLS BKB_6016_20210607_id6016_feminf_(1).jpg;20
232;223;6016;MANDRILLS BKB_6016_20210607_id6016_feminf_(2).jpg;9
210;223;6016;MANDRILLS BKB_6016_20210607_id6016_feminf_(3).jpg;13
330;237;6016;MANDRILLS BKB_6016_20210621_id6016_feminf_(1).jpg;93
281;237;6016;MANDRILLS BKB_6016_20210621_id6016_feminf_(2).jpg;44
218;238;6016;MANDRILLS BKB_6016_20210622_id6016_feminf_(1).jpg;20
257;238;6016;MANDRILLS BKB_6016_20210622_id6016_feminf_(2).jpg;19
434;321;6016;MANDRILLS BKB_6016_20210913_id6016_feminf (1).jpg;113
354;321;6016;MANDRILLS BKB_6016_20210913_id6016_feminf (2).jpg;33
389;321;6016;MANDRILLS BKB_6016_20210913_id6016_feminf (3).jpg;68
357;321;6016;MANDRILLS BKB_6016_20210913_id6016_feminf (4).jpg;36
288;327;6016;MANDRILLS BKB_6016_20210919_id6016_feminf.jpg;39
355;332;6016;MANDRILLS BKB_6016_20210924_id6016_feminf (1).jpg;23
380;332;6016;MANDRILLS BKB_6016_20210924_id6016_feminf (2).jpg;48
334;357;6016;MANDRILLS BKB_6016_20211019_id6016_feminf_(3).jpg;23
291;357;6016;MANDRILLS BKB_6016_20211019_id6016_feminf_(4).jpg;66
389;362;6016;MANDRILLS BKB_6016_20211024_id6016_feminf_(1).jpg;27
456;362;6016;MANDRILLS BKB_6016_20211024_id6016_feminf_(2).jpg;94
321;362;6016;MANDRILLS BKB_6016_20211024_id6016_feminf_(4).jpg;41
324;362;6016;MANDRILLS BKB_6016_20211024_id6016_feminf_(5).jpg;38
367;395;6016;MANDRILLS BKB_6016_20211126_id6016_femjuv.jpg;28
433;409;6016;MANDRILLS BKB_6016_20211210_id6016_femjuv.jpg;24
465;416;6016;MANDRILLS BKB_6016_20211217_id6016_femjuv.jpg;49
534;462;6016;MANDRILLS BKB_6016_20220201_id6016_femjuv (2).jpg;72
527;493;6016;MANDRILLS BKB_6016_20220304_id6016_femjuv.jpg;34
567;496;6016;MANDRILLS BKB_6016_20220307_id6016_femjuv.jpg;71
471;500;6016;MANDRILLS BKB_6016_20220311_id6016_femjuv (1).jpg;29
459;500;6016;MANDRILLS BKB_6016_20220311_id6016_femjuv (2).jpg;41
433;500;6016;MANDRILLS BKB_6016_20220311_id6016_femjuv (3).jpg;67
593;518;6016;MANDRILLS BKB_6016_20220329_id6016_femjuv (2).jpg;75
518;518;6016;MANDRILLS BKB_6016_20220329_id6016_femjuv.jpg;0
488;545;6016;MANDRILLS BKB_6016_20220425_id6016_femjuv (1).jpg;57
475;545;6016;MANDRILLS BKB_6016_20220425_id6016_femjuv (2).jpg;70
453;545;6016;MANDRILLS BKB_6016_20220425_id6016_femjuv (3).jpg;92
610;571;6016;MANDRILLS BKB_6016_20220521_id6016_femjuv (1).jpg;39
662;571;6016;MANDRILLS BKB_6016_20220521_id6016_femjuv (2).jpg;91
682;571;6016;MANDRILLS BKB_6016_20220521_id6016_femjuv (3).jpg;111
528;571;6016;MANDRILLS BKB_6016_20220521_id6016_femjuv (4).jpg;43
563;600;6016;MANDRILLS BKB_6016_20220619_id6016_femjuv (1).jpg;37
614;600;6016;MANDRILLS BKB_6016_20220619_id6016_femjuv (2).jpg;14
659;605;6016;MANDRILLS BKB_6016_20220624_id6016_femjuv (1).jpg;54
619;605;6016;MANDRILLS BKB_6016_20220624_id6016_femjuv (2).jpg;14
548;612;6016;MANDRILLS BKB_6016_20220701_id6016 (1).jpg;64
572;612;6016;MANDRILLS BKB_6016_20220701_id6016 (2).jpg;40
653;625;6016;MANDRILLS BKB_6016_20220714_id6016_femjuv (1).jpg;28
583;625;6016;MANDRILLS BKB_6016_20220714_id6016_femjuv (2).jpg;42
805;625;6016;MANDRILLS BKB_6016_20220714_id6016_femjuv (3).jpg;180
667;625;6016;MANDRILLS BKB_6016_20220714_id6016_femjuv (5).jpg;42
580;625;6016;MANDRILLS BKB_6016_20220714_id6016_femjuv.jpg;45
564;643;6016;MANDRILLS BKB_6016_20220801_id6016 (1).jpg;79
618;643;6016;MANDRILLS BKB_6016_20220801_id6016 (2).jpg;25
599;654;6016;MANDRILLS BKB_6016_20220812_id6016 (1).jpg;55
645;654;6016;MANDRILLS BKB_6016_20220812_id6016 (2).jpg;9
647;660;6016;MANDRILLS BKB_6016_20220818_id6016 (1).jpg;13
580;660;6016;MANDRILLS BKB_6016_20220818_id6016 (2).jpg;80
632;677;6016;MANDRILLS BKB_6016_20220904_id6016.jpg;45
546;678;6016;MANDRILLS BKB_6016_20220905_id6016 (1).jpg;132
551;678;6016;MANDRILLS BKB_6016_20220905_id6016 (2).jpg;127
584;678;6016;MANDRILLS BKB_6016_20220905_id6016 (3).jpg;94
629;678;6016;MANDRILLS BKB_6016_20220905_id6016.jpg;49
622;682;6016;MANDRILLS BKB_6016_20220909_id6016.jpg;60
761;722;6016;MANDRILLS BKB_6016_20221019_id6016 (1).jpg;39
681;722;6016;MANDRILLS BKB_6016_20221019_id6016 (2).jpg;41
697;724;6016;MANDRILLS BKB_6016_20221021_id6016 (1).jpg;27
677;724;6016;MANDRILLS BKB_6016_20221021_id6016 (2).jpg;47
631;724;6016;MANDRILLS BKB_6016_20221021_id6016 (3).jpg;93
655;724;6016;MANDRILLS BKB_6016_20221021_id6016 (4).jpg;69
655;751;6016;MANDRILLS BKB_6016_20221117_id6016 (1).jpg;96
735;764;6016;MANDRILLS BKB_6016_20221130_id6016 (1).jpg;29
654;764;6016;MANDRILLS BKB_6016_20221130_id6016 (2).jpg;110
593;764;6016;MANDRILLS BKB_6016_20221130_id6016 (3).jpg;171
611;764;6016;MANDRILLS BKB_6016_20221130_id6016 (4).jpg;153
642;774;6016;MANDRILLS BKB_6016_20221210_id6016 (1).jpg;132
642;774;6016;MANDRILLS BKB_6016_20221210_id6016 (2).jpg;132
737;774;6016;MANDRILLS BKB_6016_20221210_id6016 (3).jpg;37
724;778;6016;MANDRILLS BKB_6016_20221214_id6016.jpg;54
16;0;6071;MANDRILLS BKB_6071_20201028_id6071_feminf_(1).jpg;16
77;0;6071;MANDRILLS BKB_6071_20201028_id6071_feminf_(2).jpg;77
13;1;6071;MANDRILLS BKB_6071_20201029_id6071_feminf_(1).jpg;12
40;1;6071;MANDRILLS BKB_6071_20201029_id6071_feminf_(2).jpg;39
6;1;6071;MANDRILLS BKB_6071_20201029_id6071_feminf_(3).jpg;5
18;1;6071;MANDRILLS BKB_6071_20201029_id6071_feminf_(4).jpg;17
55;27;6071;MANDRILLS BKB_6071_20201124_id6071_feminf_(1).jpg;28
61;27;6071;MANDRILLS BKB_6071_20201124_id6071_feminf_(2).jpg;34
44;27;6071;MANDRILLS BKB_6071_20201124_id6071_feminf_(3).jpg;17
36;27;6071;MANDRILLS BKB_6071_20201124_id6071_feminf_(4).jpg;9
78;46;6071;MANDRILLS BKB_6071_20201213_id6071_feminf_(1).jpg;32
65;46;6071;MANDRILLS BKB_6071_20201213_id6071_feminf_(10).jpg;19
70;46;6071;MANDRILLS BKB_6071_20201213_id6071_feminf_(11).jpg;24
57;46;6071;MANDRILLS BKB_6071_20201213_id6071_feminf_(12).jpg;11
52;46;6071;MANDRILLS BKB_6071_20201213_id6071_feminf_(13).jpg;6
54;46;6071;MANDRILLS BKB_6071_20201213_id6071_feminf_(14).jpg;8
61;46;6071;MANDRILLS BKB_6071_20201213_id6071_feminf_(15).jpg;15
56;46;6071;MANDRILLS BKB_6071_20201213_id6071_feminf_(16).jpg;10
58;46;6071;MANDRILLS BKB_6071_20201213_id6071_feminf_(17).jpg;12
62;46;6071;MANDRILLS BKB_6071_20201213_id6071_feminf_(18).jpg;16
63;46;6071;MANDRILLS BKB_6071_20201213_id6071_feminf_(19).jpg;17
76;46;6071;MANDRILLS BKB_6071_20201213_id6071_feminf_(2).jpg;30
77;46;6071;MANDRILLS BKB_6071_20201213_id6071_feminf_(20).jpg;31
55;46;6071;MANDRILLS BKB_6071_20201213_id6071_feminf_(21).jpg;9
39;46;6071;MANDRILLS BKB_6071_20201213_id6071_feminf_(22).jpg;7
47;46;6071;MANDRILLS BKB_6071_20201213_id6071_feminf_(23).jpg;1
64;46;6071;MANDRILLS BKB_6071_20201213_id6071_feminf_(24).jpg;18
67;46;6071;MANDRILLS BKB_6071_20201213_id6071_feminf_(25).jpg;21
62;46;6071;MANDRILLS BKB_6071_20201213_id6071_feminf_(26).jpg;16
69;46;6071;MANDRILLS BKB_6071_20201213_id6071_feminf_(27).jpg;23
64;46;6071;MANDRILLS BKB_6071_20201213_id6071_feminf_(28).jpg;18
50;46;6071;MANDRILLS BKB_6071_20201213_id6071_feminf_(29).jpg;4
87;46;6071;MANDRILLS BKB_6071_20201213_id6071_feminf_(3).jpg;41
43;46;6071;MANDRILLS BKB_6071_20201213_id6071_feminf_(30).jpg;3
46;46;6071;MANDRILLS BKB_6071_20201213_id6071_feminf_(31).jpg;0
58;46;6071;MANDRILLS BKB_6071_20201213_id6071_feminf_(32).jpg;12
54;46;6071;MANDRILLS BKB_6071_20201213_id6071_feminf_(33).jpg;8
67;46;6071;MANDRILLS BKB_6071_20201213_id6071_feminf_(35).jpg;21
78;46;6071;MANDRILLS BKB_6071_20201213_id6071_feminf_(36).jpg;32
62;46;6071;MANDRILLS BKB_6071_20201213_id6071_feminf_(37).jpg;16
65;46;6071;MANDRILLS BKB_6071_20201213_id6071_feminf_(38).jpg;19
62;46;6071;MANDRILLS BKB_6071_20201213_id6071_feminf_(39).jpg;16
68;46;6071;MANDRILLS BKB_6071_20201213_id6071_feminf_(4).jpg;22
66;46;6071;MANDRILLS BKB_6071_20201213_id6071_feminf_(5).jpg;20
75;46;6071;MANDRILLS BKB_6071_20201213_id6071_feminf_(6).jpg;29
60;46;6071;MANDRILLS BKB_6071_20201213_id6071_feminf_(7).jpg;14
60;46;6071;MANDRILLS BKB_6071_20201213_id6071_feminf_(8).jpg;14
58;46;6071;MANDRILLS BKB_6071_20201213_id6071_feminf_(9).jpg;12
84;55;6071;MANDRILLS BKB_6071_20201222_id6071_feminf_(1).jpg;29
94;55;6071;MANDRILLS BKB_6071_20201222_id6071_feminf_(2).jpg;39
71;63;6071;MANDRILLS BKB_6071_20201230_id6071_feminf_(1).jpg;8
77;63;6071;MANDRILLS BKB_6071_20201230_id6071_feminf_(2).jpg;14
71;63;6071;MANDRILLS BKB_6071_20201230_id6071_feminf_(3).jpg;8
72;63;6071;MANDRILLS BKB_6071_20201230_id6071_feminf_(4).jpg;9
71;77;6071;MANDRILLS BKB_6071_20210113_id6071_feminf_(1).jpg;6
121;89;6071;MANDRILLS BKB_6071_20210125_id6071_feminf_(1).jpg;32
109;89;6071;MANDRILLS BKB_6071_20210125_id6071_feminf_(2).jpg;20
106;89;6071;MANDRILLS BKB_6071_20210125_id6071_feminf_(3).jpg;17
101;98;6071;MANDRILLS BKB_6071_20210203_id6071_feminf.jpg;3
83;101;6071;MANDRILLS BKB_6071_20210206_id6071_feminf.jpg;18
265;107;6071;MANDRILLS BKB_6071_20210212_id6071_feminf_(1).jpg;158
113;107;6071;MANDRILLS BKB_6071_20210212_id6071_feminf_(2).jpg;6
294;107;6071;MANDRILLS BKB_6071_20210212_id6071_feminf_(3).jpg;187
136;112;6071;MANDRILLS BKB_6071_20210217_id6071_feminf_(1).jpg;24
99;112;6071;MANDRILLS BKB_6071_20210217_id6071_feminf_(2).jpg;13
168;177;6071;MANDRILLS BKB_6071_20210423_id6071_feminf_(1).jpg;9
191;177;6071;MANDRILLS BKB_6071_20210423_id6071_feminf_(2).jpg;14
461;324;6071;MANDRILLS BKB_6071_20210917_id6071_feminf.jpg;137
304;334;6071;MANDRILLS BKB_6071_20210927_id6071_feminf.jpg;30
380;342;6071;MANDRILLS BKB_6071_20211005_id6071_feminf.jpg;38
421;416;6071;MANDRILLS BKB_6071_20211218_id6071_femjuv_(1).jpg;5
502;416;6071;MANDRILLS BKB_6071_20211218_id6071_femjuv_(2).jpg;86
446;416;6071;MANDRILLS BKB_6071_20211218_id6071_femjuv_(3).jpg;30
421;424;6071;MANDRILLS BKB_6071_20211226_id6071_femjuv_(1).jpg;3
502;424;6071;MANDRILLS BKB_6071_20211226_id6071_femjuv_(2).jpg;78
490;424;6071;MANDRILLS BKB_6071_20211226_id6071_femjuv_(3).jpg;66
669;507;6071;MANDRILLS BKB_6071_20220319_id6071_femjuv (1).jpg;162
631;507;6071;MANDRILLS BKB_6071_20220319_id6071_femjuv (2).jpg;124
604;507;6071;MANDRILLS BKB_6071_20220319_id6071_femjuv (4).jpg;97
607;510;6071;MANDRILLS BKB_6071_20220322_id6071_femjuv.jpg;97
580;515;6071;MANDRILLS BKB_6071_20220327_id6071_femjuv (1).jpg;65
458;515;6071;MANDRILLS BKB_6071_20220327_id6071_femjuv (2).jpg;57
593;544;6071;MANDRILLS BKB_6071_20220425_id6071_femjuv (1).jpg;49
576;544;6071;MANDRILLS BKB_6071_20220425_id6071_femjuv (2).jpg;32
580;544;6071;MANDRILLS BKB_6071_20220425_id6071_femjuv (4).jpg;36
728;558;6071;MANDRILLS BKB_6071_20220509_id6071_femjuv.jpg;170
581;582;6071;MANDRILLS BKB_6071_20220602_id6071.jpg;1
790;601;6071;MANDRILLS BKB_6071_20220621_id6071_femjuv.jpg;189
647;604;6071;MANDRILLS BKB_6071_20220624_id6071_femjuv (1).jpg;43
644;604;6071;MANDRILLS BKB_6071_20220624_id6071_femjuv (2).jpg;40
536;604;6071;MANDRILLS BKB_6071_20220624_id6071_femjuv (3).jpg;68
658;604;6071;MANDRILLS BKB_6071_20220624_id6071_femjuv (4).jpg;54
494;604;6071;MANDRILLS BKB_6071_20220624_id6071_femjuv (6).jpg;110
778;616;6071;MANDRILLS BKB_6071_20220706_id6071.jpg;162
674;653;6071;MANDRILLS BKB_6071_20220812_id6071.jpg;21
651;671;6071;MANDRILLS BKB_6071_20220830_id6071.jpg;20
632;684;6071;MANDRILLS BKB_6071_20220912_id6071 (1).jpg;52
728;684;6071;MANDRILLS BKB_6071_20220912_id6071 (2).jpg;44
687;684;6071;MANDRILLS BKB_6071_20220912_id6071 (3).jpg;3
623;684;6071;MANDRILLS BKB_6071_20220912_id6071 (4).jpg;61
927;732;6071;MANDRILLS BKB_6071_20221030_id6071.jpg;195
831;773;6071;MANDRILLS BKB_6071_20221210_id6071 (1).jpg;58
789;773;6071;MANDRILLS BKB_6071_20221210_id6071 (2).jpg;16
683;773;6071;MANDRILLS BKB_6071_20221210_id6071 (3).jpg;90
836;773;6071;MANDRILLS BKB_6071_20221210_id6071 (4).jpg;63
823;773;6071;MANDRILLS BKB_6071_20221210_id6071 (5).jpg;50
-12;0;6081;MANDRILLS BKB_6081_20201224_id6081_feminf_(1).jpg;12
-7;0;6081;MANDRILLS BKB_6081_20201224_id6081_feminf_(2).jpg;7
-12;0;6081;MANDRILLS BKB_6081_20201224_id6081_feminf_(3).jpg;12
-10;0;6081;MANDRILLS BKB_6081_20201224_id6081_feminf_(4).jpg;10
-19;0;6081;MANDRILLS BKB_6081_20201224_id6081_feminf_(5).jpg;19
7;0;6081;MANDRILLS BKB_6081_20201224_id6081_feminf_(6).jpg;7
7;13;6081;MANDRILLS BKB_6081_20210106_id6081_feminf.jpg;6
26;20;6081;MANDRILLS BKB_6081_20210113_id6081_feminf_(1).jpg;6
23;20;6081;MANDRILLS BKB_6081_20210113_id6081_feminf_(2).jpg;3
18;20;6081;MANDRILLS BKB_6081_20210113_id6081_feminf_(3).jpg;2
7;20;6081;MANDRILLS BKB_6081_20210113_id6081_feminf_(4).jpg;13
13;20;6081;MANDRILLS BKB_6081_20210113_id6081_feminf_(5).jpg;7
9;20;6081;MANDRILLS BKB_6081_20210113_id6081_feminf_(6).jpg;11
18;20;6081;MANDRILLS BKB_6081_20210113_id6081_feminf_(7).jpg;2
21;23;6081;MANDRILLS BKB_6081_20210116_id6081_feminf.jpg;2
23;35;6081;MANDRILLS BKB_6081_20210128_id6081_feminf_(1).jpg;12
69;35;6081;MANDRILLS BKB_6081_20210128_id6081_feminf_(2).jpg;34
26;36;6081;MANDRILLS BKB_6081_20210129_id6081_feminf.jpg;10
45;50;6081;MANDRILLS BKB_6081_20210212_id6081_feminf.jpg;5
155;138;6081;MANDRILLS BKB_6081_20210511_id6081_feminf_(1).jpg;17
148;138;6081;MANDRILLS BKB_6081_20210511_id6081_feminf_(2).jpg;10
200;138;6081;MANDRILLS BKB_6081_20210511_id6081_feminf_(3).jpg;62
202;138;6081;MANDRILLS BKB_6081_20210511_id6081_feminf_(4).jpg;64
168;138;6081;MANDRILLS BKB_6081_20210511_id6081_feminf_(5).jpg;30
151;138;6081;MANDRILLS BKB_6081_20210511_id6081_feminf_(6).jpg;13
140;138;6081;MANDRILLS BKB_6081_20210511_id6081_feminf_(7).jpg;2
224;154;6081;MANDRILLS BKB_6081_20210527_id6081_feminf.jpg;70
209;171;6081;MANDRILLS BKB_6081_20210613_id6081_feminf.jpg;38
271;178;6081;MANDRILLS BKB_6081_20210620_id6081_feminf_(1).jpg;93
218;178;6081;MANDRILLS BKB_6081_20210620_id6081_feminf_(2).jpg;40
166;209;6081;MANDRILLS BKB_6081_20210721_id6081_feminf_(1).jpg;43
257;209;6081;MANDRILLS BKB_6081_20210721_id6081_feminf_(2).jpg;48
271;254;6081;MANDRILLS BKB_6081_20210904_id6081_feminf (1).jpg;17
268;254;6081;MANDRILLS BKB_6081_20210904_id6081_feminf (2).jpg;14
327;269;6081;MANDRILLS BKB_6081_20210919_id6081_feminf.jpg;58
289;271;6081;MANDRILLS BKB_6081_20210921_id6081_feminf (1).jpg;18
300;271;6081;MANDRILLS BKB_6081_20210921_id6081_feminf (2).jpg;29
279;285;6081;MANDRILLS BKB_6081_20211005_id6081_feminf_(1).jpg;6
270;285;6081;MANDRILLS BKB_6081_20211005_id6081_feminf_(2).jpg;15
303;288;6081;MANDRILLS BKB_6081_20211008_id6081_feminf_(1).jpg;15
295;288;6081;MANDRILLS BKB_6081_20211008_id6081_feminf_(2).jpg;7
282;317;6081;MANDRILLS BKB_6081_20211106_id6081_feminf_(1).jpg;35
336;317;6081;MANDRILLS BKB_6081_20211106_id6081_feminf_(2).jpg;19
511;317;6081;MANDRILLS BKB_6081_20211106_id6081_feminf_(3).jpg;194
391;319;6081;MANDRILLS BKB_6081_20211108_id6081_feminf_(2).jpg;72
262;330;6081;MANDRILLS BKB_6081_20211119_id6081_feminf.jpg;68
394;354;6081;MANDRILLS BKB_6081_20211213_id6081_(2).jpg;40
334;354;6081;MANDRILLS BKB_6081_20211213_id6081_(3).jpg;20
412;401;6081;MANDRILLS BKB_6081_20220129_id6081 (1).jpg;11
282;401;6081;MANDRILLS BKB_6081_20220129_id6081.jpg;119
411;404;6081;MANDRILLS BKB_6081_20220201_id6081_femjuv (1).jpg;7
336;404;6081;MANDRILLS BKB_6081_20220201_id6081_femjuv (2).jpg;68
323;404;6081;MANDRILLS BKB_6081_20220201_id6081_femjuv (3).jpg;81
417;404;6081;MANDRILLS BKB_6081_20220201_id6081_femjuv (4).jpg;13
351;404;6081;MANDRILLS BKB_6081_20220201_id6081_femjuv (5).jpg;53
369;404;6081;MANDRILLS BKB_6081_20220201_id6081_femjuv (6).jpg;35
405;404;6081;MANDRILLS BKB_6081_20220201_id6081_femjuv (7).jpg;1
311;404;6081;MANDRILLS BKB_6081_20220201_id6081_femjuv (8).jpg;93
465;411;6081;MANDRILLS BKB_6081_20220208_id6081_femjuv (1).jpg;54
375;411;6081;MANDRILLS BKB_6081_20220208_id6081_femjuv (2).jpg;36
307;424;6081;MANDRILLS BKB_6081_20220221_id6081_femjuv (1).jpg;117
434;424;6081;MANDRILLS BKB_6081_20220221_id6081_femjuv (2).jpg;10
397;438;6081;MANDRILLS BKB_6081_20220307_id6081_femjuv.jpg;41
389;442;6081;MANDRILLS BKB_6081_20220311_id6081_femjuv (1).jpg;53
380;442;6081;MANDRILLS BKB_6081_20220311_id6081_femjuv (2).jpg;62
364;442;6081;MANDRILLS BKB_6081_20220311_id6081_femjuv (3).jpg;78
366;442;6081;MANDRILLS BKB_6081_20220311_id6081_femjuv (4).jpg;76
423;442;6081;MANDRILLS BKB_6081_20220311_id6081_femjuv (5).jpg;19
375;442;6081;MANDRILLS BKB_6081_20220311_id6081_femjuv (6).jpg;67
443;445;6081;MANDRILLS BKB_6081_20220314_id6081_femjuv (1).jpg;2
465;445;6081;MANDRILLS BKB_6081_20220314_id6081_femjuv (2).jpg;20
459;452;6081;MANDRILLS BKB_6081_20220321_id6081_femjuv.jpg;7
475;507;6081;MANDRILLS BKB_6081_20220515_id6081_femjuv.jpg;32
488;510;6081;MANDRILLS BKB_6081_20220518_id6081_femjuv.jpg;22
444;526;6081;MANDRILLS BKB_6081_20220603_id6081_femjuv (3).jpg;82
482;526;6081;MANDRILLS BKB_6081_20220603_id6081_femjuv (4).jpg;44
505;526;6081;MANDRILLS BKB_6081_20220603_id6081_femjuv (5).jpg;21
484;552;6081;MANDRILLS BKB_6081_20220629_id6081 (1).jpg;68
536;552;6081;MANDRILLS BKB_6081_20220629_id6081 (2).jpg;16
450;552;6081;MANDRILLS BKB_6081_20220629_id6081 (3).jpg;102
507;552;6081;MANDRILLS BKB_6081_20220629_id6081.jpg;45
431;554;6081;MANDRILLS BKB_6081_20220701_id6081 (1).jpg;123
442;554;6081;MANDRILLS BKB_6081_20220701_id6081 (2).jpg;112
509;554;6081;MANDRILLS BKB_6081_20220701_id6081.jpg;45
576;562;6081;MANDRILLS BKB_6081_20220709_id6081.jpg;14
449;567;6081;MANDRILLS BKB_6081_20220714_id6081_femjuv (1).jpg;118
464;567;6081;MANDRILLS BKB_6081_20220714_id6081_femjuv (2).jpg;103
489;567;6081;MANDRILLS BKB_6081_20220714_id6081_femjuv.jpg;78
453;569;6081;MANDRILLS BKB_6081_20220716_id6081_femjuv (1).jpg;116
514;572;6081;MANDRILLS BKB_6081_20220719_id6081.jpg;58
536;578;6081;MANDRILLS BKB_6081_20220725_id6081.jpg;42
502;596;6081;MANDRILLS BKB_6081_20220812_id6081 (1).jpg;94
651;596;6081;MANDRILLS BKB_6081_20220812_id6081 (2).jpg;55
603;610;6081;MANDRILLS BKB_6081_20220826_id6081 (1).jpg;7
533;610;6081;MANDRILLS BKB_6081_20220826_id6081 (2).jpg;77
552;610;6081;MANDRILLS BKB_6081_20220826_id6081 (3).jpg;58
579;610;6081;MANDRILLS BKB_6081_20220826_id6081 (4).jpg;31
555;610;6081;MANDRILLS BKB_6081_20220826_id6081 (5).jpg;55
595;624;6081;MANDRILLS BKB_6081_20220909_id6081 (2).jpg;29
606;624;6081;MANDRILLS BKB_6081_20220909_id6081.jpg;18
505;626;6081;MANDRILLS BKB_6081_20220911_id6081.jpg;121
519;627;6081;MANDRILLS BKB_6081_20220912_id6081.jpg;108
450;630;6081;MANDRILLS BKB_6081_20220915_id6081.jpg;180
622;667;6081;MANDRILLS BKB_6081_20221022_id6081 (1).jpg;45
735;672;6081;MANDRILLS BKB_6081_20221027_id6081.jpg;63
568;676;6081;MANDRILLS BKB_6081_20221031_id6081 (1).jpg;108
572;676;6081;MANDRILLS BKB_6081_20221031_id6081 (2).jpg;104
515;676;6081;MANDRILLS BKB_6081_20221031_id6081 (3).jpg;161
655;676;6081;MANDRILLS BKB_6081_20221031_id6081 (5).jpg;21
567;676;6081;MANDRILLS BKB_6081_20221031_id6081 (6).jpg;109
642;676;6081;MANDRILLS BKB_6081_20221031_id6081 (7).jpg;34
642;720;6081;MANDRILLS BKB_6081_20221214_id6081.jpg;78
39;18;6105;MANDRILLS BKB_6105_20201213_id6105_feminf.jpg;21
39;27;6105;MANDRILLS BKB_6105_20201222_id6105_feminf.jpg;12
48;33;6105;MANDRILLS BKB_6105_20201228_id6105_feminf_(1).jpg;15
49;33;6105;MANDRILLS BKB_6105_20201228_id6105_feminf_(2).jpg;16
113;79;6105;MANDRILLS BKB_6105_20210212_id6105_feminf_(1).jpg;34
110;79;6105;MANDRILLS BKB_6105_20210212_id6105_feminf_(2).jpg;31
116;84;6105;MANDRILLS BKB_6105_20210217_id6105_feminf_(5).jpg;32
169;128;6105;MANDRILLS BKB_6105_20210402_id6105_feminf_(1).jpg;41
231;128;6105;MANDRILLS BKB_6105_20210402_id6105_feminf_(2).jpg;103
161;128;6105;MANDRILLS BKB_6105_20210402_id6105_feminf_(3).jpg;33
173;128;6105;MANDRILLS BKB_6105_20210402_id6105_feminf_(4).jpg;45
157;128;6105;MANDRILLS BKB_6105_20210402_id6105_feminf_(5).jpg;29
232;136;6105;MANDRILLS BKB_6105_20210410_id6105_feminf_(1).jpg;96
203;136;6105;MANDRILLS BKB_6105_20210410_id6105_feminf_(2).jpg;67
179;145;6105;MANDRILLS BKB_6105_20210419_id6105_feminf.jpg;34
380;333;6105;MANDRILLS BKB_6105_20211024_id6105_feminf_(2).jpg;47
363;333;6105;MANDRILLS BKB_6105_20211024_id6105_feminf_(4).jpg;30
443;348;6105;MANDRILLS BKB_6105_20211108_id6105_feminf.jpg;95
589;474;6105;MANDRILLS BKB_6105_20220314_id6105_femjuv (1).jpg;115
550;474;6105;MANDRILLS BKB_6105_20220314_id6105_femjuv (2).jpg;76
509;489;6105;MANDRILLS BKB_6105_20220329_id6105_femjuv (1).jpg;20
586;489;6105;MANDRILLS BKB_6105_20220329_id6105_femjuv (2).jpg;97
732;581;6105;MANDRILLS BKB_6105_20220629_id6105 (1).jpg;151
563;581;6105;MANDRILLS BKB_6105_20220629_id6105 (2).jpg;18
617;581;6105;MANDRILLS BKB_6105_20220629_id6105 (3).jpg;36
618;581;6105;MANDRILLS BKB_6105_20220629_id6105 (4).jpg;37
656;581;6105;MANDRILLS BKB_6105_20220629_id6105 (5).jpg;75
621;581;6105;MANDRILLS BKB_6105_20220629_id6105 (6).jpg;40
634;593;6105;MANDRILLS BKB_6105_20220711_id6105.jpg;41
582;596;6105;MANDRILLS BKB_6105_20220714_id6105_femjuv (1).jpg;14
666;622;6105;MANDRILLS BKB_6105_20220809_id6105 (1).jpg;44
641;622;6105;MANDRILLS BKB_6105_20220809_id6105 (2).jpg;19
576;625;6105;MANDRILLS BKB_6105_20220812_id6105 (1).jpg;49
699;625;6105;MANDRILLS BKB_6105_20220812_id6105 (2).jpg;74
648;625;6105;MANDRILLS BKB_6105_20220812_id6105.jpg;23
688;631;6105;MANDRILLS BKB_6105_20220818_id6105 (1).jpg;57
636;631;6105;MANDRILLS BKB_6105_20220818_id6105 (2).jpg;5
603;643;6105;MANDRILLS BKB_6105_20220830_id6105 (1).jpg;40
654;643;6105;MANDRILLS BKB_6105_20220830_id6105 (2).jpg;11
572;649;6105;MANDRILLS BKB_6105_20220905_id6105.jpg;77
829;653;6105;MANDRILLS BKB_6105_20220909_id6105.jpg;176
554;656;6105;MANDRILLS BKB_6105_20220912_id6105.jpg;102
691;679;6105;MANDRILLS BKB_6105_20221005_id6105 (1).jpg;12
847;679;6105;MANDRILLS BKB_6105_20221005_id6105 (2).jpg;168
755;728;6105;MANDRILLS BKB_6105_20221123_id6105 (1).jpg;27
685;728;6105;MANDRILLS BKB_6105_20221123_id6105 (2).jpg;43
740;728;6105;MANDRILLS BKB_6105_20221123_id6105 (3).jpg;12
797;728;6105;MANDRILLS BKB_6105_20221123_id6105 (4).jpg;69
838;728;6105;MANDRILLS BKB_6105_20221123_id6105 (5).jpg;110
2;9;6126;MANDRILLS BKB_6126_20210329_id6126_feminf.jpg;7
2;13;6126;MANDRILLS BKB_6126_20210402_id6126_feminf_(1).jpg;11
4;13;6126;MANDRILLS BKB_6126_20210402_id6126_feminf_(2).jpg;9
14;13;6126;MANDRILLS BKB_6126_20210402_id6126_feminf_(3).jpg;1
-7;13;6126;MANDRILLS BKB_6126_20210402_id6126_feminf_(4).jpg;20
13;13;6126;MANDRILLS BKB_6126_20210402_id6126_feminf_(5).jpg;0
7;13;6126;MANDRILLS BKB_6126_20210402_id6126_feminf_(6).jpg;6
5;13;6126;MANDRILLS BKB_6126_20210402_id6126_feminf_(7).jpg;8
4;13;6126;MANDRILLS BKB_6126_20210402_id6126_feminf_(8).jpg;9
113;117;6126;MANDRILLS BKB_6126_20210715_id6126_feminf_(1).jpg;4
114;117;6126;MANDRILLS BKB_6126_20210715_id6126_feminf_(2).jpg;3
120;117;6126;MANDRILLS BKB_6126_20210715_id6126_feminf_(3).jpg;3
116;117;6126;MANDRILLS BKB_6126_20210715_id6126_feminf_(4).jpg;1
118;117;6126;MANDRILLS BKB_6126_20210715_id6126_feminf_(5).jpg;1
103;117;6126;MANDRILLS BKB_6126_20210715_id6126_feminf_(6).jpg;14
97;119;6126;MANDRILLS BKB_6126_20210717_id6126_feminf_(1).jpg;22
91;119;6126;MANDRILLS BKB_6126_20210717_id6126_feminf_(2).jpg;28
84;119;6126;MANDRILLS BKB_6126_20210717_id6126_feminf_(3).jpg;35
75;128;6126;MANDRILLS BKB_6126_20210726_id6126_feminf_(1).jpg;53
89;128;6126;MANDRILLS BKB_6126_20210726_id6126_feminf_(2).jpg;39
183;216;6126;MANDRILLS BKB_6126_20211022_id6126_feminf_(1).jpg;33
216;216;6126;MANDRILLS BKB_6126_20211022_id6126_feminf_(2).jpg;0
175;218;6126;MANDRILLS BKB_6126_20211024_id6126_feminf.jpg;43
352;231;6126;MANDRILLS BKB_6126_20211106_id6126_feminf_(1).jpg;121
265;231;6126;MANDRILLS BKB_6126_20211106_id6126_feminf_(2).jpg;34
181;231;6126;MANDRILLS BKB_6126_20211106_id6126_feminf_(3).jpg;50
354;317;6126;MANDRILLS BKB_6126_20220131_id6126.jpg;37
328;318;6126;MANDRILLS BKB_6126_20220201_id6126_feminf (1).jpg;10
330;318;6126;MANDRILLS BKB_6126_20220201_id6126_feminf (2).jpg;12
314;318;6126;MANDRILLS BKB_6126_20220201_id6126_feminf (3).jpg;4
369;318;6126;MANDRILLS BKB_6126_20220201_id6126_feminf (4).jpg;51
321;318;6126;MANDRILLS BKB_6126_20220201_id6126_feminf (5).jpg;3
354;318;6126;MANDRILLS BKB_6126_20220201_id6126_feminf (6).jpg;36
348;318;6126;MANDRILLS BKB_6126_20220201_id6126_feminf (7).jpg;30
488;318;6126;MANDRILLS BKB_6126_20220201_id6126_feminf (8).jpg;170
335;333;6126;MANDRILLS BKB_6126_20220216_id6126_feminf.jpg;2
413;338;6126;MANDRILLS BKB_6126_20220221_id6126_feminf.jpg;75
463;340;6126;MANDRILLS BKB_6126_20220223_id6126_feminf (2).jpg;123
424;340;6126;MANDRILLS BKB_6126_20220223_id6126_feminf.jpg;84
414;349;6126;MANDRILLS BKB_6126_20220304_id6126_feminf.jpg;65
426;358;6126;MANDRILLS BKB_6126_20220313_id6126_fem_inf (1).jpg;68
402;358;6126;MANDRILLS BKB_6126_20220313_id6126_fem_inf (2).jpg;44
443;358;6126;MANDRILLS BKB_6126_20220313_id6126_fem_inf (3).jpg;85
473;358;6126;MANDRILLS BKB_6126_20220313_id6126_fem_inf (4).jpg;115
412;402;6126;MANDRILLS BKB_6126_20220426_id6126_femjuv (1).jpg;10
458;402;6126;MANDRILLS BKB_6126_20220426_id6126_femjuv (2).jpg;56
423;402;6126;MANDRILLS BKB_6126_20220426_id6126_femjuv.jpg;21
456;403;6126;MANDRILLS BKB_6126_20220427_id6126_femjuv.jpg;53
405;422;6126;MANDRILLS BKB_6126_20220516_id6126_femjuv (1).jpg;17
400;422;6126;MANDRILLS BKB_6126_20220516_id6126_femjuv (2).jpg;22
485;422;6126;MANDRILLS BKB_6126_20220516_id6126_femjuv (3).jpg;63
421;422;6126;MANDRILLS BKB_6126_20220516_id6126_femjuv.jpg;1
417;430;6126;MANDRILLS BKB_6126_20220524_id6126_femjuv(1).jpg;13
500;430;6126;MANDRILLS BKB_6126_20220524_id6126_femjuv(2).jpg;70
579;461;6126;MANDRILLS BKB_6126_20220624_id6126_femjuv.jpg;118
462;466;6126;MANDRILLS BKB_6126_20220629_id6126 (1).jpg;4
597;466;6126;MANDRILLS BKB_6126_20220629_id6126 (2).jpg;131
459;466;6126;MANDRILLS BKB_6126_20220629_id6126.jpg;7
567;481;6126;MANDRILLS BKB_6126_20220714_id6126_femjuv (1).jpg;86
419;481;6126;MANDRILLS BKB_6126_20220714_id6126_femjuv (2).jpg;62
570;481;6126;MANDRILLS BKB_6126_20220714_id6126_femjuv (3).jpg;89
491;481;6126;MANDRILLS BKB_6126_20220714_id6126_femjuv (4).jpg;10
538;481;6126;MANDRILLS BKB_6126_20220714_id6126_femjuv.jpg;57
507;491;6126;MANDRILLS BKB_6126_20220724_id6126.jpg;16
523;492;6126;MANDRILLS BKB_6126_20220725_id6126.jpg;31
510;524;6126;MANDRILLS BKB_6126_20220826_id6126 (1).jpg;14
489;524;6126;MANDRILLS BKB_6126_20220826_id6126 (2).jpg;35
592;538;6126;MANDRILLS BKB_6126_20220909_id6126.jpg;54
619;590;6126;MANDRILLS BKB_6126_20221031_id6126.jpg;29
544;607;6126;MANDRILLS BKB_6126_20221117_id6126 (1).jpg;63
552;607;6126;MANDRILLS BKB_6126_20221117_id6126 (2).jpg;55
827;613;6126;MANDRILLS BKB_6126_20221123_id6126 (2).jpg;214
626;620;6126;MANDRILLS BKB_6126_20221130_id6126.jpg;6
9;4;6158;MANDRILLS BKB_6158_20201213_id6158_malinf_(1).jpg;5
8;4;6158;MANDRILLS BKB_6158_20201213_id6158_malinf_(10).jpg;4
18;4;6158;MANDRILLS BKB_6158_20201213_id6158_malinf_(11).jpg;14
-10;4;6158;MANDRILLS BKB_6158_20201213_id6158_malinf_(12).jpg;14
6;4;6158;MANDRILLS BKB_6158_20201213_id6158_malinf_(13).jpg;2
16;4;6158;MANDRILLS BKB_6158_20201213_id6158_malinf_(14).jpg;12
26;4;6158;MANDRILLS BKB_6158_20201213_id6158_malinf_(15).jpg;22
21;4;6158;MANDRILLS BKB_6158_20201213_id6158_malinf_(16).jpg;17
-4;4;6158;MANDRILLS BKB_6158_20201213_id6158_malinf_(2).jpg;8
14;4;6158;MANDRILLS BKB_6158_20201213_id6158_malinf_(3).jpg;10
14;4;6158;MANDRILLS BKB_6158_20201213_id6158_malinf_(4).jpg;10
2;4;6158;MANDRILLS BKB_6158_20201213_id6158_malinf_(5).jpg;2
13;4;6158;MANDRILLS BKB_6158_20201213_id6158_malinf_(6).jpg;9
4;4;6158;MANDRILLS BKB_6158_20201213_id6158_malinf_(7).jpg;0
14;4;6158;MANDRILLS BKB_6158_20201213_id6158_malinf_(8).jpg;10
8;4;6158;MANDRILLS BKB_6158_20201213_id6158_malinf_(9).jpg;4
11;7;6158;MANDRILLS BKB_6158_20201216_id6158_malinf_(1).jpg;4
3;7;6158;MANDRILLS BKB_6158_20201216_id6158_malinf_(2).jpg;4
7;7;6158;MANDRILLS BKB_6158_20201216_id6158_malinf_(3).jpg;0
11;7;6158;MANDRILLS BKB_6158_20201216_id6158_malinf_(4).jpg;4
13;8;6158;MANDRILLS BKB_6158_20201217_id6158_malinf_(1).jpg;5
22;8;6158;MANDRILLS BKB_6158_20201217_id6158_malinf_(2).jpg;14
10;8;6158;MANDRILLS BKB_6158_20201217_id6158_malinf_(3).jpg;2
12;8;6158;MANDRILLS BKB_6158_20201217_id6158_malinf_(4).jpg;4
29;8;6158;MANDRILLS BKB_6158_20201217_id6158_malinf_(5).jpg;21
10;9;6158;MANDRILLS BKB_6158_20201218_id6158_malinf.jpg;1
13;12;6158;MANDRILLS BKB_6158_20201221_id6158_malinf_(2).jpg;1
10;12;6158;MANDRILLS BKB_6158_20201221_id6158_malinf_(4).jpg;2
21;12;6158;MANDRILLS BKB_6158_20201221_id6158_malinf_(5).jpg;9
21;13;6158;MANDRILLS BKB_6158_20201222_id6158_malinf_(1).jpg;8
14;13;6158;MANDRILLS BKB_6158_20201222_id6158_malinf_(2).jpg;1
17;13;6158;MANDRILLS BKB_6158_20201222_id6158_malinf_(3).jpg;4
6;13;6158;MANDRILLS BKB_6158_20201222_id6158_malinf_(4).jpg;7
9;13;6158;MANDRILLS BKB_6158_20201222_id6158_malinf_(5).jpg;4
13;21;6158;MANDRILLS BKB_6158_20201230_id6158_malinf_(1).jpg;8
23;21;6158;MANDRILLS BKB_6158_20201230_id6158_malinf_(10).jpg;2
16;21;6158;MANDRILLS BKB_6158_20201230_id6158_malinf_(11).jpg;5
22;21;6158;MANDRILLS BKB_6158_20201230_id6158_malinf_(12).jpg;1
15;21;6158;MANDRILLS BKB_6158_20201230_id6158_malinf_(13).jpg;6
19;21;6158;MANDRILLS BKB_6158_20201230_id6158_malinf_(14).jpg;2
45;21;6158;MANDRILLS BKB_6158_20201230_id6158_malinf_(15).jpg;24
17;21;6158;MANDRILLS BKB_6158_20201230_id6158_malinf_(16).jpg;4
16;21;6158;MANDRILLS BKB_6158_20201230_id6158_malinf_(17).jpg;5
13;21;6158;MANDRILLS BKB_6158_20201230_id6158_malinf_(18).jpg;8
15;21;6158;MANDRILLS BKB_6158_20201230_id6158_malinf_(19).jpg;6
11;21;6158;MANDRILLS BKB_6158_20201230_id6158_malinf_(2).jpg;10
20;21;6158;MANDRILLS BKB_6158_20201230_id6158_malinf_(20).jpg;1
12;21;6158;MANDRILLS BKB_6158_20201230_id6158_malinf_(3).jpg;9
14;21;6158;MANDRILLS BKB_6158_20201230_id6158_malinf_(4).jpg;7
32;21;6158;MANDRILLS BKB_6158_20201230_id6158_malinf_(5).jpg;11
23;21;6158;MANDRILLS BKB_6158_20201230_id6158_malinf_(6).jpg;2
23;21;6158;MANDRILLS BKB_6158_20201230_id6158_malinf_(7).jpg;2
23;21;6158;MANDRILLS BKB_6158_20201230_id6158_malinf_(8).jpg;2
33;21;6158;MANDRILLS BKB_6158_20201230_id6158_malinf_(9).jpg;12
26;26;6158;MANDRILLS BKB_6158_20210104_id6158_malinf.jpg;0
43;38;6158;MANDRILLS BKB_6158_20210116_id6158_malinf_(1).jpg;5
35;38;6158;MANDRILLS BKB_6158_20210116_id6158_malinf_(2).jpg;3
33;38;6158;MANDRILLS BKB_6158_20210116_id6158_malinf_(3).jpg;5
38;38;6158;MANDRILLS BKB_6158_20210116_id6158_malinf_(4).jpg;0
40;38;6158;MANDRILLS BKB_6158_20210116_id6158_malinf_(5).jpg;2
38;38;6158;MANDRILLS BKB_6158_20210116_id6158_malinf_(6).jpg;0
50;51;6158;MANDRILLS BKB_6158_20210129_id6158_malinf_(1).jpg;1
63;51;6158;MANDRILLS BKB_6158_20210129_id6158_malinf_(2).jpg;12
76;51;6158;MANDRILLS BKB_6158_20210129_id6158_malinf_(3).jpg;25
56;51;6158;MANDRILLS BKB_6158_20210129_id6158_malinf_(4).jpg;5
54;51;6158;MANDRILLS BKB_6158_20210129_id6158_malinf_(5).jpg;3
46;51;6158;MANDRILLS BKB_6158_20210129_id6158_malinf_(6).jpg;5
61;51;6158;MANDRILLS BKB_6158_20210129_id6158_malinf_(7).jpg;10
56;51;6158;MANDRILLS BKB_6158_20210129_id6158_malinf_(8).jpg;5
57;54;6158;MANDRILLS BKB_6158_20210201_id6158_malinf_(1).jpg;3
50;54;6158;MANDRILLS BKB_6158_20210201_id6158_malinf_(2).jpg;4
73;70;6158;MANDRILLS BKB_6158_20210217_id6158_malinf_(1).jpg;3
66;70;6158;MANDRILLS BKB_6158_20210217_id6158_malinf_(2).jpg;4
70;70;6158;MANDRILLS BKB_6158_20210217_id6158_malinf_(3).jpg;0
51;70;6158;MANDRILLS BKB_6158_20210217_id6158_malinf_(4).jpg;19
76;71;6158;MANDRILLS BKB_6158_20210218_id6158_malinf_(1).jpg;5
82;71;6158;MANDRILLS BKB_6158_20210218_id6158_malinf_(2).jpg;11
62;71;6158;MANDRILLS BKB_6158_20210218_id6158_malinf_(3).jpg;9
77;79;6158;MANDRILLS BKB_6158_20210226_id6158_malinf.jpg;2
77;86;6158;MANDRILLS BKB_6158_20210305_id6158_malinf_(1).jpg;9
71;86;6158;MANDRILLS BKB_6158_20210305_id6158_malinf_(2).jpg;15
77;86;6158;MANDRILLS BKB_6158_20210305_id6158_malinf_(3).jpg;9
89;86;6158;MANDRILLS BKB_6158_20210305_id6158_malinf_(4).jpg;3
97;86;6158;MANDRILLS BKB_6158_20210305_id6158_malinf_(5).jpg;11
84;86;6158;MANDRILLS BKB_6158_20210305_id6158_malinf_(6).jpg;2
93;86;6158;MANDRILLS BKB_6158_20210305_id6158_malinf_(7).jpg;7
80;113;6158;MANDRILLS BKB_6158_20210401_id6158_malinf_(1).jpg;33
73;113;6158;MANDRILLS BKB_6158_20210401_id6158_malinf_(2).jpg;40
91;113;6158;MANDRILLS BKB_6158_20210401_id6158_malinf_(3).jpg;22
86;114;6158;MANDRILLS BKB_6158_20210402_id6158_malinf_(1).jpg;28
121;114;6158;MANDRILLS BKB_6158_20210402_id6158_malinf_(10).jpg;7
120;114;6158;MANDRILLS BKB_6158_20210402_id6158_malinf_(11).jpg;6
119;114;6158;MANDRILLS BKB_6158_20210402_id6158_malinf_(12).jpg;5
82;114;6158;MANDRILLS BKB_6158_20210402_id6158_malinf_(2).jpg;32
107;114;6158;MANDRILLS BKB_6158_20210402_id6158_malinf_(3).jpg;7
131;114;6158;MANDRILLS BKB_6158_20210402_id6158_malinf_(4).jpg;17
117;114;6158;MANDRILLS BKB_6158_20210402_id6158_malinf_(5).jpg;3
151;114;6158;MANDRILLS BKB_6158_20210402_id6158_malinf_(6).jpg;37
127;114;6158;MANDRILLS BKB_6158_20210402_id6158_malinf_(7).jpg;13
129;114;6158;MANDRILLS BKB_6158_20210402_id6158_malinf_(8).jpg;15
136;114;6158;MANDRILLS BKB_6158_20210402_id6158_malinf_(9).jpg;22
125;119;6158;MANDRILLS BKB_6158_20210407_id6158_malinf_(1).jpg;6
126;119;6158;MANDRILLS BKB_6158_20210407_id6158_malinf_(2).jpg;7
119;119;6158;MANDRILLS BKB_6158_20210407_id6158_malinf_(3).jpg;0
120;135;6158;MANDRILLS BKB_6158_20210423_id6158_malinf.jpg;15
365;317;6158;MANDRILLS BKB_6158_20211022_id6158_malinf_(1).jpg;48
365;317;6158;MANDRILLS BKB_6158_20211022_id6158_malinf_(2).jpg;48
360;319;6158;MANDRILLS BKB_6158_20211024_id6158_malinf_(1).jpg;41
411;319;6158;MANDRILLS BKB_6158_20211024_id6158_malinf_(2).jpg;92
426;319;6158;MANDRILLS BKB_6158_20211024_id6158_malinf_(3).jpg;107
421;332;6158;MANDRILLS BKB_6158_20211106_id6158_malinf.jpg;89
471;373;6158;MANDRILLS BKB_6158_20211217_id6158_maljuv.jpg;98
428;407;6158;MANDRILLS BKB_6158_20220120_id6158.jpg;21
333;413;6158;MANDRILLS BKB_6158_20220126_id6158.jpg;80
397;435;6158;MANDRILLS BKB_6158_20220217_id6158_maljuv (1).jpg;38
457;435;6158;MANDRILLS BKB_6158_20220217_id6158_maljuv (2).jpg;22
418;435;6158;MANDRILLS BKB_6158_20220217_id6158_maljuv (3).jpg;17
424;450;6158;MANDRILLS BKB_6158_20220304_id6158_maljuv.jpg;26
471;457;6158;MANDRILLS BKB_6158_20220311_id6158_maljuv (1).jpg;14
478;457;6158;MANDRILLS BKB_6158_20220311_id6158_maljuv (2).jpg;21
481;504;6158;MANDRILLS BKB_6158_20220427_id6158_maljuv (1).jpg;23
528;504;6158;MANDRILLS BKB_6158_20220427_id6158_maljuv (2).jpg;24
541;504;6158;MANDRILLS BKB_6158_20220427_id6158_maljuv (3).jpg;37
444;525;6158;MANDRILLS BKB_6158_20220518_id6158_maljuv.jpg;81
458;534;6158;MANDRILLS BKB_6158_20220527_id6158_maljuv (1).jpg;76
436;534;6158;MANDRILLS BKB_6158_20220527_id6158_maljuv (2).jpg;98
501;534;6158;MANDRILLS BKB_6158_20220527_id6158_maljuv (3).jpg;33
518;534;6158;MANDRILLS BKB_6158_20220527_id6158_maljuv (4).jpg;16
588;539;6158;MANDRILLS BKB_6158_20220601_id6158_maljuv.jpg;49
552;541;6158;MANDRILLS BKB_6158_20220603_id6158_maljuv.jpg;11
550;567;6158;MANDRILLS BKB_6158_20220629_id6158.jpg;17
510;579;6158;MANDRILLS BKB_6158_20220711_id6158.jpg;69
599;584;6158;MANDRILLS BKB_6158_20220716_id6158.jpg;15
533;584;6158;MANDRILLS BKB_6158_20220716_id6158_maljuv (1).jpg;51
503;584;6158;MANDRILLS BKB_6158_20220716_id6158_maljuv (2).jpg;81
470;584;6158;MANDRILLS BKB_6158_20220716_id6158_maljuv (3).jpg;114
512;584;6158;MANDRILLS BKB_6158_20220716_id6158_maljuv (4).jpg;72
544;584;6158;MANDRILLS BKB_6158_20220716_id6158_maljuv (5).jpg;40
604;584;6158;MANDRILLS BKB_6158_20220716_id6158_maljuv (6).jpg;20
615;594;6158;MANDRILLS BKB_6158_20220726_id6158.jpg;21
688;617;6158;MANDRILLS BKB_6158_20220818_id6158.jpg;71
615;625;6158;MANDRILLS BKB_6158_20220826_id6158.jpg;10
595;626;6158;MANDRILLS BKB_6158_20220827_id6158.jpg;31
548;639;6158;MANDRILLS BKB_6158_20220909_id6158.jpg;91
524;648;6158;MANDRILLS BKB_6158_20220918_id6158 (1).jpg;124
541;648;6158;MANDRILLS BKB_6158_20220918_id6158 (2).jpg;107
774;679;6158;MANDRILLS BKB_6158_20221019_id6158 (1).jpg;95
673;679;6158;MANDRILLS BKB_6158_20221019_id6158 (2).jpg;6
699;731;6158;MANDRILLS BKB_6158_20221210_id6158 (1).jpg;32
679;731;6158;MANDRILLS BKB_6158_20221210_id6158 (2).jpg;52
762;735;6158;MANDRILLS BKB_6158_20221214_id6158 (1).jpg;27
843;735;6158;MANDRILLS BKB_6158_20221214_id6158 (2).jpg;108
-31;0;6159;MANDRILLS BKB_6159_20201106_id6159_feminf_(1).jpg;31
-1;0;6159;MANDRILLS BKB_6159_20201106_id6159_feminf_(3).jpg;1
-8;15;6159;MANDRILLS BKB_6159_20201121_id6159_feminf_(1).jpg;23
7;15;6159;MANDRILLS BKB_6159_20201121_id6159_feminf_(2).jpg;8
2;15;6159;MANDRILLS BKB_6159_20201121_id6159_feminf_(3).jpg;13
13;15;6159;MANDRILLS BKB_6159_20201121_id6159_feminf_(4).jpg;2
4;15;6159;MANDRILLS BKB_6159_20201121_id6159_feminf_(5).jpg;11
11;15;6159;MANDRILLS BKB_6159_20201121_id6159_feminf_(6).jpg;4
4;18;6159;MANDRILLS BKB_6159_20201124_id6159_feminf_(1).jpg;14
12;18;6159;MANDRILLS BKB_6159_20201124_id6159_feminf_(2).jpg;6
7;18;6159;MANDRILLS BKB_6159_20201124_id6159_feminf_(3).jpg;11
9;19;6159;MANDRILLS BKB_6159_20201125_id6159_feminf_(1).jpg;10
12;19;6159;MANDRILLS BKB_6159_20201125_id6159_feminf_(2).jpg;7
47;37;6159;MANDRILLS BKB_6159_20201213_id6159_feminf_(1).jpg;10
52;37;6159;MANDRILLS BKB_6159_20201213_id6159_feminf_(2).jpg;15
57;37;6159;MANDRILLS BKB_6159_20201213_id6159_feminf_(3).jpg;20
52;40;6159;MANDRILLS BKB_6159_20201216_id6159_feminf_(1).jpg;12
49;40;6159;MANDRILLS BKB_6159_20201216_id6159_feminf_(2).jpg;9
55;40;6159;MANDRILLS BKB_6159_20201216_id6159_feminf_(3).jpg;15
52;40;6159;MANDRILLS BKB_6159_20201216_id6159_feminf_(4).jpg;12
66;40;6159;MANDRILLS BKB_6159_20201216_id6159_feminf_(5).jpg;26
45;40;6159;MANDRILLS BKB_6159_20201216_id6159_feminf_(6).jpg;5
36;42;6159;MANDRILLS BKB_6159_20201218_id6159_feminf_(1).jpg;6
77;42;6159;MANDRILLS BKB_6159_20201218_id6159_feminf_(2).jpg;35
41;42;6159;MANDRILLS BKB_6159_20201218_id6159_feminf_(3).jpg;1
44;42;6159;MANDRILLS BKB_6159_20201218_id6159_feminf_(4).jpg;2
56;46;6159;MANDRILLS BKB_6159_20201222_id6159_feminf_(1).jpg;10
81;46;6159;MANDRILLS BKB_6159_20201222_id6159_feminf_(2).jpg;35
64;46;6159;MANDRILLS BKB_6159_20201222_id6159_feminf_(3).jpg;18
64;46;6159;MANDRILLS BKB_6159_20201222_id6159_feminf_(4).jpg;18
67;46;6159;MANDRILLS BKB_6159_20201222_id6159_feminf_(5).jpg;21
53;57;6159;MANDRILLS BKB_6159_20210102_id6159_feminf.jpg;4
66;59;6159;MANDRILLS BKB_6159_20210104_id6159_feminf_(1).jpg;7
76;59;6159;MANDRILLS BKB_6159_20210104_id6159_feminf_(2).jpg;17
82;59;6159;MANDRILLS BKB_6159_20210104_id6159_feminf_(3).jpg;23
59;59;6159;MANDRILLS BKB_6159_20210104_id6159_feminf_(4).jpg;0
74;76;6159;MANDRILLS BKB_6159_20210121_id6159_feminf_(1).jpg;2
63;76;6159;MANDRILLS BKB_6159_20210121_id6159_feminf_(2).jpg;13
70;76;6159;MANDRILLS BKB_6159_20210121_id6159_feminf_(3).jpg;6
75;76;6159;MANDRILLS BKB_6159_20210121_id6159_feminf_(4).jpg;1
87;76;6159;MANDRILLS BKB_6159_20210121_id6159_feminf_(5).jpg;11
79;76;6159;MANDRILLS BKB_6159_20210121_id6159_feminf_(6).jpg;3
71;83;6159;MANDRILLS BKB_6159_20210128_id6159_feminf_(1).jpg;12
86;83;6159;MANDRILLS BKB_6159_20210128_id6159_feminf_(2).jpg;3
98;83;6159;MANDRILLS BKB_6159_20210128_id6159_feminf_(3).jpg;15
83;83;6159;MANDRILLS BKB_6159_20210128_id6159_feminf_(4).jpg;0
100;83;6159;MANDRILLS BKB_6159_20210128_id6159_feminf_(5).jpg;17
66;92;6159;MANDRILLS BKB_6159_20210206_id6159_feminf.jpg;26
104;96;6159;MANDRILLS BKB_6159_20210210_id6159_feminf_(1).jpg;8
96;104;6159;MANDRILLS BKB_6159_20210218_id6159_feminf_(1).jpg;8
104;104;6159;MANDRILLS BKB_6159_20210218_id6159_feminf_(2).jpg;0
86;104;6159;MANDRILLS BKB_6159_20210218_id6159_feminf_(3).jpg;18
91;104;6159;MANDRILLS BKB_6159_20210218_id6159_feminf_(4).jpg;13
94;104;6159;MANDRILLS BKB_6159_20210218_id6159_feminf_(5).jpg;10
98;104;6159;MANDRILLS BKB_6159_20210218_id6159_feminf_(6).jpg;6
105;112;6159;MANDRILLS BKB_6159_20210226_id6159_feminf_(1).jpg;7
117;112;6159;MANDRILLS BKB_6159_20210226_id6159_feminf_(2).jpg;5
106;112;6159;MANDRILLS BKB_6159_20210226_id6159_feminf_(3).jpg;6
147;112;6159;MANDRILLS BKB_6159_20210226_id6159_feminf_(4).jpg;35
108;112;6159;MANDRILLS BKB_6159_20210226_id6159_feminf_(5).jpg;4
117;112;6159;MANDRILLS BKB_6159_20210226_id6159_feminf_(6).jpg;5
172;146;6159;MANDRILLS BKB_6159_20210401_id6159_feminf_(1).jpg;26
176;146;6159;MANDRILLS BKB_6159_20210401_id6159_feminf_(2).jpg;30
281;235;6159;MANDRILLS BKB_6159_20210629_id6159_feminf.jpg;46
311;257;6159;MANDRILLS BKB_6159_20210721_id6159_feminf_(2).jpg;54
383;350;6159;MANDRILLS BKB_6159_20211022_id6159_feminf_(1).jpg;33
451;350;6159;MANDRILLS BKB_6159_20211022_id6159_feminf_(2).jpg;101
375;350;6159;MANDRILLS BKB_6159_20211022_id6159_feminf_(3).jpg;25
438;350;6159;MANDRILLS BKB_6159_20211022_id6159_feminf_(4).jpg;88
393;350;6159;MANDRILLS BKB_6159_20211022_id6159_feminf_(5).jpg;43
418;352;6159;MANDRILLS BKB_6159_20211024_id6159_feminf_(1).jpg;66
421;352;6159;MANDRILLS BKB_6159_20211024_id6159_feminf_(2).jpg;69
492;352;6159;MANDRILLS BKB_6159_20211024_id6159_feminf_(3).jpg;140
426;367;6159;MANDRILLS BKB_6159_20211108_id6159_femjuv_(1).jpg;59
411;367;6159;MANDRILLS BKB_6159_20211108_id6159_femjuv_(2).jpg;44
408;367;6159;MANDRILLS BKB_6159_20211108_id6159_femjuv_(3).jpg;41
519;408;6159;MANDRILLS BKB_6159_20211219_id6159_femjuv.jpg;111
520;467;6159;MANDRILLS BKB_6159_20220216_id6159_femjuv (1).jpg;53
517;467;6159;MANDRILLS BKB_6159_20220216_id6159_femjuv (2).jpg;50
459;467;6159;MANDRILLS BKB_6159_20220216_id6159_femjuv (3).jpg;8
485;490;6159;MANDRILLS BKB_6159_20220311_id6159_femjuv.jpg;5
510;506;6159;MANDRILLS BKB_6159_20220327_id6159_femjuv.jpg;4
635;535;6159;MANDRILLS BKB_6159_20220425_id6159_femjuv.jpg;100
576;566;6159;MANDRILLS BKB_6159_20220526_id6159_femjuv (2).jpg;10
565;566;6159;MANDRILLS BKB_6159_20220526_id6159_femjuv (3).jpg;1
650;600;6159;MANDRILLS BKB_6159_20220629_id6159 (1).jpg;50
651;600;6159;MANDRILLS BKB_6159_20220629_id6159 (2).jpg;51
642;600;6159;MANDRILLS BKB_6159_20220629_id6159.jpg;42
670;615;6159;MANDRILLS BKB_6159_20220714_id6159_femjuv (1).jpg;55
678;615;6159;MANDRILLS BKB_6159_20220714_id6159_femjuv (2).jpg;63
646;617;6159;MANDRILLS BKB_6159_20220716_id6159_femadu.jpg;29
707;629;6159;MANDRILLS BKB_6159_20220728_id6159.jpg;78
765;633;6159;MANDRILLS BKB_6159_20220801_id6159 (1).jpg;132
766;633;6159;MANDRILLS BKB_6159_20220801_id6159 (2).jpg;133
684;633;6159;MANDRILLS BKB_6159_20220801_id6159 (3).jpg;51
614;634;6159;MANDRILLS BKB_6159_20220802_id6159 (1).jpg;20
641;634;6159;MANDRILLS BKB_6159_20220802_id6159 (2).jpg;7
700;634;6159;MANDRILLS BKB_6159_20220802_id6159 (3).jpg;66
748;658;6159;MANDRILLS BKB_6159_20220826_id6159.jpg;90
756;674;6159;MANDRILLS BKB_6159_20220911_id6159 (2).jpg;82
790;712;6159;MANDRILLS BKB_6159_20221019_id6159.jpg;78
806;754;6159;MANDRILLS BKB_6159_20221130_id6159 (3).jpg;52
738;754;6159;MANDRILLS BKB_6159_20221130_id6159 (4).jpg;16
753;754;6159;MANDRILLS BKB_6159_20221130_id6159.jpg;1
916;764;6159;MANDRILLS BKB_6159_20221210_id6159.jpg;152
1;2;6161;MANDRILLS BKB_6161_20201213_id6161_malinf_(1).jpg;1
-6;2;6161;MANDRILLS BKB_6161_20201213_id6161_malinf_(2).jpg;8
2;5;6161;MANDRILLS BKB_6161_20201216_id6161_malinf_(1).jpg;3
21;5;6161;MANDRILLS BKB_6161_20201216_id6161_malinf_(2).jpg;16
8;5;6161;MANDRILLS BKB_6161_20201216_id6161_malinf_(3).jpg;3
19;5;6161;MANDRILLS BKB_6161_20201216_id6161_malinf_(4).jpg;14
3;5;6161;MANDRILLS BKB_6161_20201216_id6161_malinf_(5).jpg;2
10;16;6161;MANDRILLS BKB_6161_20201227_id6161_malinf.jpg;6
15;19;6161;MANDRILLS BKB_6161_20201230_id6161_malinf_(1).jpg;4
19;19;6161;MANDRILLS BKB_6161_20201230_id6161_malinf_(2).jpg;0
10;19;6161;MANDRILLS BKB_6161_20201230_id6161_malinf_(3).jpg;9
19;19;6161;MANDRILLS BKB_6161_20201230_id6161_malinf_(4).jpg;0
10;19;6161;MANDRILLS BKB_6161_20201230_id6161_malinf_(5).jpg;9
4;20;6161;MANDRILLS BKB_6161_20201231_id6161_malinf.jpg;16
16;24;6161;MANDRILLS BKB_6161_20210104_id6161_malinf.jpg;8
36;33;6161;MANDRILLS BKB_6161_20210113_id6161_malinf_(1).jpg;3
21;33;6161;MANDRILLS BKB_6161_20210113_id6161_malinf_(2).jpg;12
6;33;6161;MANDRILLS BKB_6161_20210113_id6161_malinf_(3).jpg;27
15;33;6161;MANDRILLS BKB_6161_20210113_id6161_malinf_(4).jpg;18
29;33;6161;MANDRILLS BKB_6161_20210113_id6161_malinf_(5).jpg;4
24;33;6161;MANDRILLS BKB_6161_20210113_id6161_malinf_(6).jpg;9
32;36;6161;MANDRILLS BKB_6161_20210116_id6161_malinf_(1).jpg;4
18;36;6161;MANDRILLS BKB_6161_20210116_id6161_malinf_(2).jpg;18
54;50;6161;MANDRILLS BKB_6161_20210130_id6161_malinf_(1).jpg;4
49;50;6161;MANDRILLS BKB_6161_20210130_id6161_malinf_(2).jpg;1
48;50;6161;MANDRILLS BKB_6161_20210130_id6161_malinf_(3).jpg;2
90;69;6161;MANDRILLS BKB_6161_20210218_id6161_malinf_(1).jpg;21
78;69;6161;MANDRILLS BKB_6161_20210218_id6161_malinf_(2).jpg;9
63;69;6161;MANDRILLS BKB_6161_20210218_id6161_malinf_(3).jpg;6
65;69;6161;MANDRILLS BKB_6161_20210218_id6161_malinf_(4).jpg;4
79;69;6161;MANDRILLS BKB_6161_20210218_id6161_malinf_(5).jpg;10
75;69;6161;MANDRILLS BKB_6161_20210218_id6161_malinf_(6).jpg;6
65;69;6161;MANDRILLS BKB_6161_20210218_id6161_malinf_(7).jpg;4
68;69;6161;MANDRILLS BKB_6161_20210218_id6161_malinf_(8).jpg;1
61;77;6161;MANDRILLS BKB_6161_20210226_id6161_malinf_(1).jpg;16
69;77;6161;MANDRILLS BKB_6161_20210226_id6161_malinf_(2).jpg;8
51;77;6161;MANDRILLS BKB_6161_20210226_id6161_malinf_(3).jpg;26
86;77;6161;MANDRILLS BKB_6161_20210226_id6161_malinf_(4).jpg;9
58;77;6161;MANDRILLS BKB_6161_20210226_id6161_malinf_(5).jpg;19
71;77;6161;MANDRILLS BKB_6161_20210226_id6161_malinf_(6).jpg;6
83;77;6161;MANDRILLS BKB_6161_20210226_id6161_malinf_(7).jpg;6
89;80;6161;MANDRILLS BKB_6161_20210301_id6161_malinf_(1).jpg;9
94;80;6161;MANDRILLS BKB_6161_20210301_id6161_malinf_(2).jpg;14
82;80;6161;MANDRILLS BKB_6161_20210301_id6161_malinf_(3).jpg;2
96;87;6161;MANDRILLS BKB_6161_20210308_id6161_malinf_(1).jpg;9
73;87;6161;MANDRILLS BKB_6161_20210308_id6161_malinf_(2).jpg;14
113;104;6161;MANDRILLS BKB_6161_20210325_id6161_malinf.jpg;9
93;108;6161;MANDRILLS BKB_6161_20210329_id6161_malinf.jpg;15
83;111;6161;MANDRILLS BKB_6161_20210401_id6161_malinf_(1).jpg;28
56;111;6161;MANDRILLS BKB_6161_20210401_id6161_malinf_(2).jpg;55
102;112;6161;MANDRILLS BKB_6161_20210402_id6161_malinf_(1).jpg;10
103;112;6161;MANDRILLS BKB_6161_20210402_id6161_malinf_(2).jpg;9
100;112;6161;MANDRILLS BKB_6161_20210402_id6161_malinf_(3).jpg;12
103;112;6161;MANDRILLS BKB_6161_20210402_id6161_malinf_(4).jpg;9
96;112;6161;MANDRILLS BKB_6161_20210402_id6161_malinf_(5).jpg;16
90;112;6161;MANDRILLS BKB_6161_20210402_id6161_malinf_(6).jpg;22
111;115;6161;MANDRILLS BKB_6161_20210405_id6161_malinf_(1).jpg;4
112;115;6161;MANDRILLS BKB_6161_20210405_id6161_malinf_(2).jpg;3
116;115;6161;MANDRILLS BKB_6161_20210405_id6161_malinf_(3).jpg;1
103;120;6161;MANDRILLS BKB_6161_20210410_id6161_malinf_(2).jpg;17
382;301;6161;MANDRILLS BKB_6161_20211008_id6161_malinf_(1).jpg;81
346;301;6161;MANDRILLS BKB_6161_20211008_id6161_malinf_(2).jpg;45
293;317;6161;MANDRILLS BKB_6161_20211024_id6161_malinf_(1).jpg;24
277;317;6161;MANDRILLS BKB_6161_20211024_id6161_malinf_(3).jpg;40
437;330;6161;MANDRILLS BKB_6161_20211106_id6161_malinf_(1).jpg;107
407;411;6161;MANDRILLS BKB_6161_20220126_id6161.jpg;4
454;451;6161;MANDRILLS BKB_6161_20220307_id6161_maljuv (1).jpg;3
476;451;6161;MANDRILLS BKB_6161_20220307_id6161_maljuv (2).jpg;25
529;451;6161;MANDRILLS BKB_6161_20220307_id6161_maljuv (3).jpg;78
478;451;6161;MANDRILLS BKB_6161_20220307_id6161_maljuv (4).jpg;27
435;455;6161;MANDRILLS BKB_6161_20220311_id6161_maljuv.jpg;20
442;463;6161;MANDRILLS BKB_6161_20220319_id6161_juvmal (1).jpg;21
438;463;6161;MANDRILLS BKB_6161_20220319_id6161_juvmal (2).jpg;25
508;485;6161;MANDRILLS BKB_6161_20220410_id6161_maljuv.jpg;23
674;508;6161;MANDRILLS BKB_6161_20220503_id6161_maljuv.jpg;166
513;514;6161;MANDRILLS BKB_6161_20220509_id6161_maljuv.jpg;1
553;516;6161;MANDRILLS BKB_6161_20220511_id6161_maljuv (1).jpg;37
512;516;6161;MANDRILLS BKB_6161_20220511_id6161_maljuv (2).jpg;4
436;521;6161;MANDRILLS BKB_6161_20220516_id6161_maljuv (1).jpg;85
393;521;6161;MANDRILLS BKB_6161_20220516_id6161_maljuv (2).jpg;128
542;543;6161;MANDRILLS BKB_6161_20220607_id6161_maljuv.jpg;1
511;565;6161;MANDRILLS BKB_6161_20220629_id6161 (1).jpg;54
497;565;6161;MANDRILLS BKB_6161_20220629_id6161 (2).jpg;68
596;565;6161;MANDRILLS BKB_6161_20220629_id6161 (3).jpg;31
508;565;6161;MANDRILLS BKB_6161_20220629_id6161 (4).jpg;57
586;565;6161;MANDRILLS BKB_6161_20220629_id6161 (5).jpg;21
506;565;6161;MANDRILLS BKB_6161_20220629_id6161 (6).jpg;59
535;565;6161;MANDRILLS BKB_6161_20220629_id6161 (7).jpg;30
539;567;6161;MANDRILLS BKB_6161_20220701_id6161.jpg;28
474;569;6161;MANDRILLS BKB_6161_20220703_id6161 (1).jpg;95
531;569;6161;MANDRILLS BKB_6161_20220703_id6161 (2).jpg;38
562;572;6161;MANDRILLS BKB_6161_20220706_id6161 (1).jpg;10
618;572;6161;MANDRILLS BKB_6161_20220706_id6161 (2).jpg;46
681;595;6161;MANDRILLS BKB_6161_20220729_id6161.jpg;86
622;609;6161;MANDRILLS BKB_6161_20220812_id6161.jpg;13
621;623;6161;MANDRILLS BKB_6161_20220826_id6161 (1).jpg;2
576;623;6161;MANDRILLS BKB_6161_20220826_id6161 (2).jpg;47
627;633;6161;MANDRILLS BKB_6161_20220905_id6161 (1).jpg;6
610;633;6161;MANDRILLS BKB_6161_20220905_id6161 (2).jpg;23
580;633;6161;MANDRILLS BKB_6161_20220905_id6161 (3).jpg;53
684;633;6161;MANDRILLS BKB_6161_20220905_id6161.jpg;51
713;640;6161;MANDRILLS BKB_6161_20220912_id6161 (1).jpg;73
686;640;6161;MANDRILLS BKB_6161_20220912_id6161 (2).jpg;46
626;640;6161;MANDRILLS BKB_6161_20220912_id6161.jpg;14
701;652;6161;MANDRILLS BKB_6161_20220924_id6161.jpg;49
644;689;6161;MANDRILLS BKB_6161_20221031_id6161.jpg;45
718;719;6161;MANDRILLS BKB_6161_20221130_id6161 (1).jpg;1
628;719;6161;MANDRILLS BKB_6161_20221130_id6161 (2).jpg;91
640;719;6161;MANDRILLS BKB_6161_20221130_id6161 (4).jpg;79
740;743;6161;MANDRILLS BKB_6161_20221224_id6161.jpg;3
-26;1;6164;MANDRILLS BKB_6164_20210401_id6164_malinf_(1).jpg;27
-56;1;6164;MANDRILLS BKB_6164_20210401_id6164_malinf_(2).jpg;57
-45;2;6164;MANDRILLS BKB_6164_20210402_id6164_malinf_(1).jpg;47
-17;2;6164;MANDRILLS BKB_6164_20210402_id6164_malinf_(2).jpg;19
14;20;6164;MANDRILLS BKB_6164_20210420_id6164_malinf_(1).jpg;6
10;20;6164;MANDRILLS BKB_6164_20210420_id6164_malinf_(2).jpg;10
14;20;6164;MANDRILLS BKB_6164_20210420_id6164_malinf_(3).jpg;6
12;20;6164;MANDRILLS BKB_6164_20210420_id6164_malinf_(4).jpg;8
14;20;6164;MANDRILLS BKB_6164_20210420_id6164_malinf_(5).jpg;6
12;23;6164;MANDRILLS BKB_6164_20210423_id6164_malinf_(1).jpg;11
15;23;6164;MANDRILLS BKB_6164_20210423_id6164_malinf_(2).jpg;8
4;23;6164;MANDRILLS BKB_6164_20210423_id6164_malinf_(3).jpg;19
39;23;6164;MANDRILLS BKB_6164_20210423_id6164_malinf_(4).jpg;16
17;23;6164;MANDRILLS BKB_6164_20210423_id6164_malinf_(5).jpg;6
177;188;6164;MANDRILLS BKB_6164_20211005_id6164_malinf_(1).jpg;11
214;188;6164;MANDRILLS BKB_6164_20211005_id6164_malinf_(2).jpg;26
176;188;6164;MANDRILLS BKB_6164_20211005_id6164_malinf_(3).jpg;12
225;205;6164;MANDRILLS BKB_6164_20211022_id6164_malinf_(1).jpg;20
203;205;6164;MANDRILLS BKB_6164_20211022_id6164_malinf_(2).jpg;2
255;222;6164;MANDRILLS BKB_6164_20211108_id6164_malinf_(1).jpg;33
244;222;6164;MANDRILLS BKB_6164_20211108_id6164_malinf_(10).jpg;22
339;222;6164;MANDRILLS BKB_6164_20211108_id6164_malinf_(11).jpg;117
348;222;6164;MANDRILLS BKB_6164_20211108_id6164_malinf_(12).jpg;126
241;222;6164;MANDRILLS BKB_6164_20211108_id6164_malinf_(13).jpg;19
369;222;6164;MANDRILLS BKB_6164_20211108_id6164_malinf_(14).jpg;147
286;222;6164;MANDRILLS BKB_6164_20211108_id6164_malinf_(2).jpg;64
315;222;6164;MANDRILLS BKB_6164_20211108_id6164_malinf_(3).jpg;93
277;222;6164;MANDRILLS BKB_6164_20211108_id6164_malinf_(4).jpg;55
315;222;6164;MANDRILLS BKB_6164_20211108_id6164_malinf_(6).jpg;93
284;222;6164;MANDRILLS BKB_6164_20211108_id6164_malinf_(7).jpg;62
259;307;6164;MANDRILLS BKB_6164_20220201_id6164_malinf (2).jpg;48
319;307;6164;MANDRILLS BKB_6164_20220201_id6164_malinf (3).jpg;12
366;307;6164;MANDRILLS BKB_6164_20220201_id6164_malinf (4).jpg;59
313;307;6164;MANDRILLS BKB_6164_20220201_id6164_malinf (5).jpg;6
321;307;6164;MANDRILLS BKB_6164_20220201_id6164_malinf (6).jpg;14
295;307;6164;MANDRILLS BKB_6164_20220201_id6164_malinf (7).jpg;12
318;307;6164;MANDRILLS BKB_6164_20220201_id6164_malinf (8).jpg;11
315;307;6164;MANDRILLS BKB_6164_20220201_id6164_malinf (9).jpg;8
399;345;6164;MANDRILLS BKB_6164_20220311_id6164_malinf (1).jpg;54
438;345;6164;MANDRILLS BKB_6164_20220311_id6164_malinf (2).jpg;93
424;345;6164;MANDRILLS BKB_6164_20220311_id6164_malinf (3).jpg;79
403;345;6164;MANDRILLS BKB_6164_20220311_id6164_malinf (4).jpg;58
452;345;6164;MANDRILLS BKB_6164_20220311_id6164_malinf (5).jpg;107
422;345;6164;MANDRILLS BKB_6164_20220311_id6164_malinf.jpg;77
365;353;6164;MANDRILLS BKB_6164_20220319_id6164_malinf.jpg;12
402;358;6164;MANDRILLS BKB_6164_20220324_id6164_malinf (1).jpg;44
429;358;6164;MANDRILLS BKB_6164_20220324_id6164_malinf (2).jpg;71
364;358;6164;MANDRILLS BKB_6164_20220324_id6164_malinf (4).jpg;6
356;361;6164;MANDRILLS BKB_6164_20220327_id6164_malinf.jpg;5
404;363;6164;MANDRILLS BKB_6164_20220329_id6164_malinf.jpg;41
345;391;6164;MANDRILLS BKB_6164_20220426_id6164_maljuv (1).jpg;46
366;391;6164;MANDRILLS BKB_6164_20220426_id6164_maljuv (2).jpg;25
421;404;6164;MANDRILLS BKB_6164_20220509_id6164_maljuv (1).jpg;17
443;404;6164;MANDRILLS BKB_6164_20220509_id6164_maljuv (2).jpg;39
387;404;6164;MANDRILLS BKB_6164_20220509_id6164_maljuv (3).jpg;17
431;404;6164;MANDRILLS BKB_6164_20220509_id6164_maljuv.jpg;27
409;413;6164;MANDRILLS BKB_6164_20220518_id6164_maljuv (1).jpg;4
398;413;6164;MANDRILLS BKB_6164_20220518_id6164_maljuv (2).jpg;15
327;413;6164;MANDRILLS BKB_6164_20220518_id6164_maljuv (3).jpg;86
404;413;6164;MANDRILLS BKB_6164_20220518_id6164_maljuv (4).jpg;9
389;413;6164;MANDRILLS BKB_6164_20220518_id6164_maljuv (5).jpg;24
314;413;6164;MANDRILLS BKB_6164_20220518_id6164_maljuv (6).jpg;99
429;428;6164;MANDRILLS BKB_6164_20220602_id6164_maljuv.jpg;1
343;429;6164;MANDRILLS BKB_6164_20220603_id6164_maljuv (3).jpg;86
386;429;6164;MANDRILLS BKB_6164_20220603_id6164_maljuv (4).jpg;43
288;429;6164;MANDRILLS BKB_6164_20220603_id6164_maljuv (5).jpg;141
477;432;6164;MANDRILLS BKB_6164_20220606_id6164_amaljuv.jpg;45
405;432;6164;MANDRILLS BKB_6164_20220606_id6164_maljuv.jpg;27
503;447;6164;MANDRILLS BKB_6164_20220621_id6164_maljuv (1).jpg;56
382;447;6164;MANDRILLS BKB_6164_20220621_id6164_maljuv (2).jpg;65
431;447;6164;MANDRILLS BKB_6164_20220621_id6164_maljuv.jpg;16
487;455;6164;MANDRILLS BKB_6164_20220629_id6164.jpg;32
485;457;6164;MANDRILLS BKB_6164_20220701_id6164 (1).jpg;28
491;457;6164;MANDRILLS BKB_6164_20220701_id6164 (2).jpg;34
543;488;6164;MANDRILLS BKB_6164_20220801_id6164.jpg;55
575;490;6164;MANDRILLS BKB_6164_20220803_id6164 (1).jpg;85
560;490;6164;MANDRILLS BKB_6164_20220803_id6164 (2).jpg;70
473;490;6164;MANDRILLS BKB_6164_20220803_id6164 (3).jpg;17
477;490;6164;MANDRILLS BKB_6164_20220803_id6164 (4).jpg;13
489;490;6164;MANDRILLS BKB_6164_20220803_id6164 (5).jpg;1
484;499;6164;MANDRILLS BKB_6164_20220812_id6164.jpg;15
547;510;6164;MANDRILLS BKB_6164_20220823_id6164.jpg;37
606;529;6164;MANDRILLS BKB_6164_20220911_id6164 (1).jpg;77
563;529;6164;MANDRILLS BKB_6164_20220911_id6164 (2).jpg;34
442;579;6164;MANDRILLS BKB_6164_20221031_id6164.jpg;137
-42;0;6169;MANDRILLS BKB_6169_20210405_id6169_feminf.jpg;42
31;18;6169;MANDRILLS BKB_6169_20210423_id6169_feminf_(1).jpg;13
16;18;6169;MANDRILLS BKB_6169_20210423_id6169_feminf_(2).jpg;2
168;185;6169;MANDRILLS BKB_6169_20211007_id6169_feminf_(1).jpg;17
219;185;6169;MANDRILLS BKB_6169_20211007_id6169_feminf_(2).jpg;34
225;202;6169;MANDRILLS BKB_6169_20211024_id6169_feminf_(2).jpg;23
205;202;6169;MANDRILLS BKB_6169_20211024_id6169_feminf_(3).jpg;3
158;207;6169;MANDRILLS BKB_6169_20211029_id6169_feminf.jpg;49
285;217;6169;MANDRILLS BKB_6169_20211108_id6169_feminf_(1).jpg;68
335;217;6169;MANDRILLS BKB_6169_20211108_id6169_feminf_(2).jpg;118
213;217;6169;MANDRILLS BKB_6169_20211108_id6169_feminf_(3).jpg;4
272;217;6169;MANDRILLS BKB_6169_20211108_id6169_feminf_(4).jpg;55
171;217;6169;MANDRILLS BKB_6169_20211108_id6169_feminf_(5).jpg;46
369;309;6169;MANDRILLS BKB_6169_20220208_id6169feminf (1).jpg;60
412;309;6169;MANDRILLS BKB_6169_20220208_id6169feminf (2).jpg;103
437;333;6169;MANDRILLS BKB_6169_20220304_id6169_feminf (1).jpg;104
408;333;6169;MANDRILLS BKB_6169_20220304_id6169_feminf (2).jpg;75
365;340;6169;MANDRILLS BKB_6169_20220311_id6169_feminf (1).jpg;25
434;340;6169;MANDRILLS BKB_6169_20220311_id6169_feminf (2).jpg;94
451;340;6169;MANDRILLS BKB_6169_20220311_id6169_feminf (3).jpg;111
421;340;6169;MANDRILLS BKB_6169_20220311_id6169_feminf (4).jpg;81
369;340;6169;MANDRILLS BKB_6169_20220311_id6169_feminf (6).jpg;29
388;356;6169;MANDRILLS BKB_6169_20220327_id6169_feminf (1).jpg;32
377;356;6169;MANDRILLS BKB_6169_20220327_id6169_feminf (2).jpg;21
470;356;6169;MANDRILLS BKB_6169_20220327_id6169_feminf (3).jpg;114
507;356;6169;MANDRILLS BKB_6169_20220327_id6169_feminf.jpg;151
415;358;6169;MANDRILLS BKB_6169_20220329_id6169_feminf (1).jpg;57
446;358;6169;MANDRILLS BKB_6169_20220329_id6169_feminf (2).jpg;88
512;358;6169;MANDRILLS BKB_6169_20220329_id6169_feminf (3).jpg;154
430;361;6169;MANDRILLS BKB_6169_20220401_id6169_feminf (1).jpg;69
407;361;6169;MANDRILLS BKB_6169_20220401_id6169_feminf (2).jpg;46
517;364;6169;MANDRILLS BKB_6169_20220404_id6169_feminf.jpg;153
472;385;6169;MANDRILLS BKB_6169_20220425_id6169_femjuv (1).jpg;87
474;385;6169;MANDRILLS BKB_6169_20220425_id6169_femjuv (2).jpg;89
450;385;6169;MANDRILLS BKB_6169_20220425_id6169_femjuv (3).jpg;65
509;385;6169;MANDRILLS BKB_6169_20220425_id6169_femjuv (4).jpg;124
459;385;6169;MANDRILLS BKB_6169_20220425_id6169_femjuv (5).jpg;74
508;385;6169;MANDRILLS BKB_6169_20220425_id6169_femjuv.jpg;123
501;406;6169;MANDRILLS BKB_6169_20220516_id6169_femjuv.jpg;95
486;408;6169;MANDRILLS BKB_6169_20220518_id6169_femjuv.jpg;78
846;420;6169;MANDRILLS BKB_6169_20220530_id6169_femjuv (2).jpg;426
441;450;6169;MANDRILLS BKB_6169_20220629_id6169 (1).jpg;9
597;450;6169;MANDRILLS BKB_6169_20220629_id6169 (2).jpg;147
512;450;6169;MANDRILLS BKB_6169_20220629_id6169 (3).jpg;62
618;450;6169;MANDRILLS BKB_6169_20220629_id6169 (4).jpg;168
490;450;6169;MANDRILLS BKB_6169_20220629_id6169 (5).jpg;40
616;456;6169;MANDRILLS BKB_6169_20220705_id6169 (2).jpg;160
716;456;6169;MANDRILLS BKB_6169_20220705_id6169 (3).jpg;260
579;456;6169;MANDRILLS BKB_6169_20220705_id6169.jpg;123
495;465;6169;MANDRILLS BKB_6169_20220714_id6169.jpg;30
498;465;6169;MANDRILLS BKB_6169_20220714_id6169_femjuv (1).jpg;33
547;465;6169;MANDRILLS BKB_6169_20220714_id6169_femjuv (5).jpg;82
473;465;6169;MANDRILLS BKB_6169_20220714_id6169_femjuv (6).jpg;8
684;467;6169;MANDRILLS BKB_6169_20220716_id6169_femjuv (1).jpg;217
474;467;6169;MANDRILLS BKB_6169_20220716_id6169_femjuv (2).jpg;7
545;472;6169;MANDRILLS BKB_6169_20220721_id6169 (1).jpg;73
637;472;6169;MANDRILLS BKB_6169_20220721_id6169 (3).jpg;165
542;476;6169;MANDRILLS BKB_6169_20220725_id6169 (2).jpg;66
554;476;6169;MANDRILLS BKB_6169_20220725_id6169.jpg;78
30;30;6179;MANDRILLS BKB_6179_20210401_id6179_feminf.jpg;0
33;31;6179;MANDRILLS BKB_6179_20210402_id6179_feminf.jpg;2
97;91;6179;MANDRILLS BKB_6179_20210601_id6179_feminf.jpg;6
96;94;6179;MANDRILLS BKB_6179_20210604_id6179_feminf.jpg;2
98;111;6179;MANDRILLS BKB_6179_20210621_id6179_feminf_(1).jpg;13
102;111;6179;MANDRILLS BKB_6179_20210621_id6179_feminf_(2).jpg;9
229;215;6179;MANDRILLS BKB_6179_20211003_id6179_feminf_(1).jpg;14
159;215;6179;MANDRILLS BKB_6179_20211003_id6179_feminf_(2).jpg;56
158;217;6179;MANDRILLS BKB_6179_20211005_id6179_feminf_(1).jpg;59
162;217;6179;MANDRILLS BKB_6179_20211005_id6179_feminf_(2).jpg;55
287;262;6179;MANDRILLS BKB_6179_20211119_id6179_feminf_(1).jpg;25
219;262;6179;MANDRILLS BKB_6179_20211119_id6179_feminf_(2).jpg;43
346;262;6179;MANDRILLS BKB_6179_20211119_id6179_feminf_(3).jpg;84
260;262;6179;MANDRILLS BKB_6179_20211119_id6179_feminf_(4).jpg;2
229;262;6179;MANDRILLS BKB_6179_20211119_id6179_feminf_(5).jpg;33
335;262;6179;MANDRILLS BKB_6179_20211119_id6179_feminf_(6).jpg;73
221;262;6179;MANDRILLS BKB_6179_20211119_id6179_feminf_(7).jpg;41
242;262;6179;MANDRILLS BKB_6179_20211119_id6179_feminf_(8).jpg;20
272;265;6179;MANDRILLS BKB_6179_20211122_id6179_feminf.jpg;7
250;286;6179;MANDRILLS BKB_6179_20211213_id6179_feminf.jpg;36
397;324;6179;MANDRILLS BKB_6179_20220120_id6179 (2).jpg;73
306;324;6179;MANDRILLS BKB_6179_20220120_id6179.jpg;18
308;352;6179;MANDRILLS BKB_6179_20220217_id6179_feminf.jpg;44
368;356;6179;MANDRILLS BKB_6179_20220221_id6179_feminf (1).jpg;12
363;356;6179;MANDRILLS BKB_6179_20220221_id6179_feminf (2).jpg;7
356;367;6179;MANDRILLS BKB_6179_20220304_id6179_fem_juv (1).jpg;11
405;367;6179;MANDRILLS BKB_6179_20220304_id6179_fem_juv (2).jpg;38
316;367;6179;MANDRILLS BKB_6179_20220304_id6179_fem_juv (3).jpg;51
337;367;6179;MANDRILLS BKB_6179_20220304_id6179_fem_juv (4).jpg;30
408;370;6179;MANDRILLS BKB_6179_20220307_id6179_femjuv (1).jpg;38
357;370;6179;MANDRILLS BKB_6179_20220307_id6179_femjuv (2).jpg;13
356;370;6179;MANDRILLS BKB_6179_20220307_id6179_femjuv (3).jpg;14
383;370;6179;MANDRILLS BKB_6179_20220307_id6179_femjuv (4).jpg;13
352;370;6179;MANDRILLS BKB_6179_20220307_id6179_femjuv (5).jpg;18
416;387;6179;MANDRILLS BKB_6179_20220324_id6179_femjuv (1).jpg;29
375;387;6179;MANDRILLS BKB_6179_20220324_id6179_femjuv (2).jpg;12
351;387;6179;MANDRILLS BKB_6179_20220324_id6179_femjuv.jpg;36
410;398;6179;MANDRILLS BKB_6179_20220404_id6179_femjuv.jpg;12
393;456;6179;MANDRILLS BKB_6179_20220601_id6179_femjuv.jpg;63
452;479;6179;MANDRILLS BKB_6179_20220624_id6179_femjuv (1).jpg;27
397;479;6179;MANDRILLS BKB_6179_20220624_id6179_femjuv (2).jpg;82
549;499;6179;MANDRILLS BKB_6179_20220714_id6179_femjuv (1).jpg;50
529;499;6179;MANDRILLS BKB_6179_20220714_id6179_femjuv (2).jpg;30
540;499;6179;MANDRILLS BKB_6179_20220714_id6179_femjuv.jpg;41
644;510;6179;MANDRILLS BKB_6179_20220725_id6179 (2).jpg;134
524;510;6179;MANDRILLS BKB_6179_20220725_id6179.jpg;14
586;543;6179;MANDRILLS BKB_6179_20220827_id6179.jpg;43
574;551;6179;MANDRILLS BKB_6179_20220904_id6179.jpg;23
468;555;6179;MANDRILLS BKB_6179_20220908_id6179 (1).jpg;87
705;555;6179;MANDRILLS BKB_6179_20220908_id6179 (2).jpg;150
523;556;6179;MANDRILLS BKB_6179_20220909_id6179.jpg;33
579;564;6179;MANDRILLS BKB_6179_20220917_id6179.jpg;15
540;598;6179;MANDRILLS BKB_6179_20221021_id6179.jpg;58
660;604;6179;MANDRILLS BKB_6179_20221027_id6179 (1).jpg;56
719;604;6179;MANDRILLS BKB_6179_20221027_id6179 (2).jpg;115
654;607;6179;MANDRILLS BKB_6179_20221030_id6179.jpg;47
675;638;6179;MANDRILLS BKB_6179_20221130_id6179 (1).jpg;37
675;638;6179;MANDRILLS BKB_6179_20221130_id6179 (2).jpg;37
-1;0;7018;MANDRILLS BKB_7018_20211110_id7018_feminf_(1).jpg;1
-26;0;7018;MANDRILLS BKB_7018_20211110_id7018_feminf_(10).jpg;26
5;0;7018;MANDRILLS BKB_7018_20211110_id7018_feminf_(11).jpg;5
-3;0;7018;MANDRILLS BKB_7018_20211110_id7018_feminf_(2).jpg;3
1;0;7018;MANDRILLS BKB_7018_20211110_id7018_feminf_(3).jpg;1
-11;0;7018;MANDRILLS BKB_7018_20211110_id7018_feminf_(4).jpg;11
-15;0;7018;MANDRILLS BKB_7018_20211110_id7018_feminf_(5).jpg;15
2;0;7018;MANDRILLS BKB_7018_20211110_id7018_feminf_(6).jpg;2
-14;0;7018;MANDRILLS BKB_7018_20211110_id7018_feminf_(7).jpg;14
-6;0;7018;MANDRILLS BKB_7018_20211110_id7018_feminf_(8).jpg;6
5;0;7018;MANDRILLS BKB_7018_20211110_id7018_feminf_(9).jpg;5
-9;11;7018;MANDRILLS BKB_7018_20211121_id7018_feminf_(1).jpg;20
4;11;7018;MANDRILLS BKB_7018_20211121_id7018_feminf_(2).jpg;7
3;11;7018;MANDRILLS BKB_7018_20211121_id7018_feminf_(3).jpg;8
-3;11;7018;MANDRILLS BKB_7018_20211121_id7018_feminf_(4).jpg;14
3;11;7018;MANDRILLS BKB_7018_20211121_id7018_feminf_(5).jpg;8
-2;11;7018;MANDRILLS BKB_7018_20211121_id7018_feminf_(6).jpg;13
3;11;7018;MANDRILLS BKB_7018_20211121_id7018_feminf_(7).jpg;8
3;11;7018;MANDRILLS BKB_7018_20211121_id7018_feminf_(8).jpg;8
4;11;7018;MANDRILLS BKB_7018_20211121_id7018_feminf_(9).jpg;7
49;39;7018;MANDRILLS BKB_7018_20211219_id7018_feminf.jpg;10
42;46;7018;MANDRILLS BKB_7018_20211226_id7018_feminf_(1).jpg;4
57;46;7018;MANDRILLS BKB_7018_20211226_id7018_feminf_(2).jpg;11
98;83;7018;MANDRILLS BKB_7018_20220201_id7018_feminf (1).jpg;15
104;83;7018;MANDRILLS BKB_7018_20220201_id7018_feminf (2).jpg;21
89;83;7018;MANDRILLS BKB_7018_20220201_id7018_feminf (3).jpg;6
98;90;7018;MANDRILLS BKB_7018_20220208_id7018_feminf.jpg;8
117;98;7018;MANDRILLS BKB_7018_20220216_id7018_feminf (1).jpg;19
112;98;7018;MANDRILLS BKB_7018_20220216_id7018_feminf (2).jpg;14
120;98;7018;MANDRILLS BKB_7018_20220216_id7018_feminf (3).jpg;22
270;121;7018;MANDRILLS BKB_7018_20220311_id7018_feminf (1).jpg;149
168;121;7018;MANDRILLS BKB_7018_20220311_id7018_feminf (2).jpg;47
169;129;7018;MANDRILLS BKB_7018_20220319_id7018_feminf (1).jpg;40
198;129;7018;MANDRILLS BKB_7018_20220319_id7018_feminf (2).jpg;69
161;129;7018;MANDRILLS BKB_7018_20220319_id7018_feminf (3).jpg;32
224;137;7018;MANDRILLS BKB_7018_20220327_id7018_feminf (1).jpg;87
180;137;7018;MANDRILLS BKB_7018_20220327_id7018_feminf (2).jpg;43
168;137;7018;MANDRILLS BKB_7018_20220327_id7018_feminf (3).jpg;31
259;137;7018;MANDRILLS BKB_7018_20220327_id7018_feminf (5).jpg;122
213;137;7018;MANDRILLS BKB_7018_20220327_id7018_feminf.jpg;76
230;195;7018;MANDRILLS BKB_7018_20220524_id7018_feminf (1).jpg;35
241;195;7018;MANDRILLS BKB_7018_20220524_id7018_feminf (2).jpg;46
286;195;7018;MANDRILLS BKB_7018_20220524_id7018_feminf (3).jpg;91
233;195;7018;MANDRILLS BKB_7018_20220524_id7018_feminf (4).jpg;38
253;200;7018;MANDRILLS BKB_7018_20220529_id7018_feminf (1).jpg;53
249;200;7018;MANDRILLS BKB_7018_20220529_id7018_feminf (2).jpg;49
494;204;7018;MANDRILLS BKB_7018_20220602_id7018_feminf (2).jpg;290
349;204;7018;MANDRILLS BKB_7018_20220602_id7018_feminf.jpg;145
326;226;7018;MANDRILLS BKB_7018_20220624_id7018_feminf (1).jpg;100
302;226;7018;MANDRILLS BKB_7018_20220624_id7018_feminf (10).jpg;76
303;226;7018;MANDRILLS BKB_7018_20220624_id7018_feminf (2).jpg;77
306;226;7018;MANDRILLS BKB_7018_20220624_id7018_feminf (3).jpg;80
304;226;7018;MANDRILLS BKB_7018_20220624_id7018_feminf (4).jpg;78
282;226;7018;MANDRILLS BKB_7018_20220624_id7018_feminf (5).jpg;56
318;226;7018;MANDRILLS BKB_7018_20220624_id7018_feminf (6).jpg;92
280;226;7018;MANDRILLS BKB_7018_20220624_id7018_feminf (7).jpg;54
285;226;7018;MANDRILLS BKB_7018_20220624_id7018_feminf (8).jpg;59
296;226;7018;MANDRILLS BKB_7018_20220624_id7018_feminf (9).jpg;70
276;246;7018;MANDRILLS BKB_7018_20220714_id7018_feminf (1).jpg;30
346;246;7018;MANDRILLS BKB_7018_20220714_id7018_feminf (3).jpg;100
253;248;7018;MANDRILLS BKB_7018_20220716_id7018 (1).jpg;5
292;248;7018;MANDRILLS BKB_7018_20220716_id7018 (2).jpg;44
275;250;7018;MANDRILLS BKB_7018_20220718_id7018 (2).jpg;25
275;250;7018;MANDRILLS BKB_7018_20220718_id7018.jpg;25
331;272;7018;MANDRILLS BKB_7018_20220809_id7018 (1).jpg;59
362;272;7018;MANDRILLS BKB_7018_20220809_id7018 (2).jpg;90
351;275;7018;MANDRILLS BKB_7018_20220812_id7018.jpg;76
396;298;7018;MANDRILLS BKB_7018_20220904_id7018 (1).jpg;98
357;298;7018;MANDRILLS BKB_7018_20220904_id7018 (2).jpg;59
353;298;7018;MANDRILLS BKB_7018_20220904_id7018 (3).jpg;55
433;298;7018;MANDRILLS BKB_7018_20220904_id7018 (4).jpg;135
501;312;7018;MANDRILLS BKB_7018_20220918_id7018 (1).jpg;189
390;312;7018;MANDRILLS BKB_7018_20220918_id7018 (2).jpg;78
376;312;7018;MANDRILLS BKB_7018_20220918_id7018 (3).jpg;64
324;322;7018;MANDRILLS BKB_7018_20220928_id7018.jpg;2
402;343;7018;MANDRILLS BKB_7018_20221019_id7018.jpg;59
416;345;7018;MANDRILLS BKB_7018_20221021_id7018 (1).jpg;71
374;354;7018;MANDRILLS BKB_7018_20221030_id7018 (1).jpg;20
341;354;7018;MANDRILLS BKB_7018_20221030_id7018 (2).jpg;13
415;354;7018;MANDRILLS BKB_7018_20221030_id7018 (3).jpg;61
428;354;7018;MANDRILLS BKB_7018_20221030_id7018 (4).jpg;74
378;355;7018;MANDRILLS BKB_7018_20221031_id7018.jpg;23
485;385;7018;MANDRILLS BKB_7018_20221130_id7018.jpg;100
-57;4;7093;MANDRILLS BKB_7093_20211226_id7093_malinf_(1).jpg;61
17;41;7093;MANDRILLS BKB_7093_20220201_id7093_malinf (1).jpg;24
33;41;7093;MANDRILLS BKB_7093_20220201_id7093_malinf (2).jpg;8
23;41;7093;MANDRILLS BKB_7093_20220201_id7093_malinf (3).jpg;18
43;41;7093;MANDRILLS BKB_7093_20220201_id7093_malinf (4).jpg;2
23;41;7093;MANDRILLS BKB_7093_20220201_id7093_malinf (5).jpg;18
31;41;7093;MANDRILLS BKB_7093_20220201_id7093_malinf (6).jpg;10
19;41;7093;MANDRILLS BKB_7093_20220201_id7093_malinf (7).jpg;22
38;41;7093;MANDRILLS BKB_7093_20220201_id7093_malinf (8).jpg;3
37;41;7093;MANDRILLS BKB_7093_20220201_id7093_malinf.jpg;4
40;56;7093;MANDRILLS BKB_7093_20220216_id7093_malinf (1).jpg;16
52;56;7093;MANDRILLS BKB_7093_20220216_id7093_malinf (10).jpg;4
48;56;7093;MANDRILLS BKB_7093_20220216_id7093_malinf (2).jpg;8
60;56;7093;MANDRILLS BKB_7093_20220216_id7093_malinf (3).jpg;4
53;56;7093;MANDRILLS BKB_7093_20220216_id7093_malinf (4).jpg;3
64;56;7093;MANDRILLS BKB_7093_20220216_id7093_malinf (5).jpg;8
41;56;7093;MANDRILLS BKB_7093_20220216_id7093_malinf (6).jpg;15
41;56;7093;MANDRILLS BKB_7093_20220216_id7093_malinf (7).jpg;15
52;56;7093;MANDRILLS BKB_7093_20220216_id7093_malinf (8).jpg;4
28;56;7093;MANDRILLS BKB_7093_20220216_id7093_malinf (9).jpg;28
40;56;7093;MANDRILLS BKB_7093_20220216_id7093_malinf.jpg;16
71;66;7093;MANDRILLS BKB_7093_20220226_id7093_malinf (2).jpg;5
72;66;7093;MANDRILLS BKB_7093_20220226_id7093_malinf (3).jpg;6
63;66;7093;MANDRILLS BKB_7093_20220226_id7093_malinf (4).jpg;3
69;66;7093;MANDRILLS BKB_7093_20220226_id7093_malinf (5).jpg;3
80;66;7093;MANDRILLS BKB_7093_20220226_id7093_malinf (6).jpg;14
72;66;7093;MANDRILLS BKB_7093_20220226_id7093_malinf (7).jpg;6
69;66;7093;MANDRILLS BKB_7093_20220226_id7093_malinf (8).jpg;3
70;66;7093;MANDRILLS BKB_7093_20220226_id7093_malinf.jpg;4
63;82;7093;MANDRILLS BKB_7093_20220314_id7093_malinf (1).jpg;19
76;82;7093;MANDRILLS BKB_7093_20220314_id7093_malinf (2).jpg;6
84;82;7093;MANDRILLS BKB_7093_20220314_id7093_malinf (3).jpg;2
77;82;7093;MANDRILLS BKB_7093_20220314_id7093_malinf (4).jpg;5
89;82;7093;MANDRILLS BKB_7093_20220314_id7093_malinf (5).jpg;7
140;125;7093;MANDRILLS BKB_7093_20220426_id7093_malinf (1).jpg;15
181;125;7093;MANDRILLS BKB_7093_20220426_id7093_malinf (10).jpg;56
132;125;7093;MANDRILLS BKB_7093_20220426_id7093_malinf (2).jpg;7
127;125;7093;MANDRILLS BKB_7093_20220426_id7093_malinf (3).jpg;2
151;125;7093;MANDRILLS BKB_7093_20220426_id7093_malinf (4).jpg;26
132;125;7093;MANDRILLS BKB_7093_20220426_id7093_malinf (5).jpg;7
164;125;7093;MANDRILLS BKB_7093_20220426_id7093_malinf (6).jpg;39
139;125;7093;MANDRILLS BKB_7093_20220426_id7093_malinf (7).jpg;14
161;125;7093;MANDRILLS BKB_7093_20220426_id7093_malinf (8).jpg;36
144;125;7093;MANDRILLS BKB_7093_20220426_id7093_malinf (9).jpg;19
131;127;7093;MANDRILLS BKB_7093_20220428_id7093_malinf (1).jpg;4
131;127;7093;MANDRILLS BKB_7093_20220428_id7093_malinf (2).jpg;4
163;139;7093;MANDRILLS BKB_7093_20220510_id7093_malinf (1).jpg;24
146;139;7093;MANDRILLS BKB_7093_20220510_id7093_malinf (2).jpg;7
172;139;7093;MANDRILLS BKB_7093_20220510_id7093_malinf (3).jpg;33
180;145;7093;MANDRILLS BKB_7093_20220516_id7093_malinf (1).jpg;35
206;145;7093;MANDRILLS BKB_7093_20220516_id7093_malinf (2).jpg;61
137;145;7093;MANDRILLS BKB_7093_20220516_id7093_malinf (3).jpg;8
113;145;7093;MANDRILLS BKB_7093_20220516_id7093_malinf (4).jpg;32
198;147;7093;MANDRILLS BKB_7093_20220518_id7093_malinf (1).jpg;51
175;147;7093;MANDRILLS BKB_7093_20220518_id7093_malinf (2).jpg;28
168;147;7093;MANDRILLS BKB_7093_20220518_id7093_malinf (3).jpg;21
213;147;7093;MANDRILLS BKB_7093_20220518_id7093_malinf (4).jpg;66
169;147;7093;MANDRILLS BKB_7093_20220518_id7093_malinf (5).jpg;22
197;147;7093;MANDRILLS BKB_7093_20220518_id7093_malinf (6).jpg;50
215;147;7093;MANDRILLS BKB_7093_20220518_id7093_malinf (7).jpg;68
163;153;7093;MANDRILLS BKB_7093_20220524_id7093_malinf (10).jpg;10
159;153;7093;MANDRILLS BKB_7093_20220524_id7093_malinf (8).jpg;6
197;153;7093;MANDRILLS BKB_7093_20220524_id7093_malinf (9).jpg;44
125;153;7093;MANDRILLS BKB_7093_20220524_id7093_malinf.jpg;28
151;162;7093;MANDRILLS BKB_7093_20220602_id7093_malinf (1).jpg;11
193;162;7093;MANDRILLS BKB_7093_20220602_id7093_malinf (2).jpg;31
198;166;7093;MANDRILLS BKB_7093_20220606_id7093_malinf (1).jpg;32
243;166;7093;MANDRILLS BKB_7093_20220606_id7093_malinf (2).jpg;77
203;166;7093;MANDRILLS BKB_7093_20220606_id7093_malinf (3).jpg;37
169;166;7093;MANDRILLS BKB_7093_20220606_id7093_malinf (4).jpg;3
204;166;7093;MANDRILLS BKB_7093_20220606_id7093_malinf (6).jpg;38
214;166;7093;MANDRILLS BKB_7093_20220606_id7093_malinf (7).jpg;48
177;166;7093;MANDRILLS BKB_7093_20220606_id7093_malinf (8).jpg;11
237;183;7093;MANDRILLS BKB_7093_20220623_id7093.jpg;54
208;184;7093;MANDRILLS BKB_7093_20220624_id7093_malinf (1).jpg;24
217;184;7093;MANDRILLS BKB_7093_20220624_id7093_malinf (10).jpg;33
209;184;7093;MANDRILLS BKB_7093_20220624_id7093_malinf (2).jpg;25
269;184;7093;MANDRILLS BKB_7093_20220624_id7093_malinf (3).jpg;85
226;184;7093;MANDRILLS BKB_7093_20220624_id7093_malinf (4).jpg;42
225;184;7093;MANDRILLS BKB_7093_20220624_id7093_malinf (5).jpg;41
224;184;7093;MANDRILLS BKB_7093_20220624_id7093_malinf (6).jpg;40
210;184;7093;MANDRILLS BKB_7093_20220624_id7093_malinf (7).jpg;26
198;184;7093;MANDRILLS BKB_7093_20220624_id7093_malinf (8).jpg;14
198;184;7093;MANDRILLS BKB_7093_20220624_id7093_malinf (9).jpg;14
200;189;7093;MANDRILLS BKB_7093_20220629_id7093 (1).jpg;11
262;189;7093;MANDRILLS BKB_7093_20220629_id7093 (2).jpg;73
235;189;7093;MANDRILLS BKB_7093_20220629_id7093 (3).jpg;46
239;189;7093;MANDRILLS BKB_7093_20220629_id7093 (4).jpg;50
235;189;7093;MANDRILLS BKB_7093_20220629_id7093 (5).jpg;46
204;189;7093;MANDRILLS BKB_7093_20220629_id7093 (6).jpg;15
253;189;7093;MANDRILLS BKB_7093_20220629_id7093 (7).jpg;64
281;189;7093;MANDRILLS BKB_7093_20220629_id7093 (8).jpg;92
210;196;7093;MANDRILLS BKB_7093_20220706_id7093 (1).jpg;14
249;196;7093;MANDRILLS BKB_7093_20220706_id7093 (2).jpg;53
234;201;7093;MANDRILLS BKB_7093_20220711_id7093.jpg;33
274;209;7093;MANDRILLS BKB_7093_20220719_id7093 (1).jpg;65
254;209;7093;MANDRILLS BKB_7093_20220719_id7093 (2).jpg;45
256;218;7093;MANDRILLS BKB_7093_20220728_id7093 (2).jpg;38
273;218;7093;MANDRILLS BKB_7093_20220728_id7093.jpg;55
253;233;7093;MANDRILLS BKB_7093_20220812_id7093 (1).jpg;20
242;233;7093;MANDRILLS BKB_7093_20220812_id7093 (2).jpg;9
271;233;7093;MANDRILLS BKB_7093_20220812_id7093 (3).jpg;38
308;233;7093;MANDRILLS BKB_7093_20220812_id7093 (4).jpg;75
321;233;7093;MANDRILLS BKB_7093_20220812_id7093 (5).jpg;88
296;233;7093;MANDRILLS BKB_7093_20220812_id7093 (6).jpg;63
291;233;7093;MANDRILLS BKB_7093_20220812_id7093 (7).jpg;58
298;257;7093;MANDRILLS BKB_7093_20220905_id7093 (1).jpg;41
330;257;7093;MANDRILLS BKB_7093_20220905_id7093 (2).jpg;73
251;257;7093;MANDRILLS BKB_7093_20220905_id7093 (3).jpg;6
284;257;7093;MANDRILLS BKB_7093_20220905_id7093 (5).jpg;27
322;257;7093;MANDRILLS BKB_7093_20220905_id7093 (6).jpg;65
280;263;7093;MANDRILLS BKB_7093_20220911_id7093 (2).jpg;17
274;263;7093;MANDRILLS BKB_7093_20220911_id7093.jpg;11
317;270;7093;MANDRILLS BKB_7093_20220918_id7093.jpg;47
384;313;7093;MANDRILLS BKB_7093_20221031_id7093 (1).jpg;71
334;313;7093;MANDRILLS BKB_7093_20221031_id7093 (2).jpg;21
362;328;7093;MANDRILLS BKB_7093_20221115_id7093 (1).jpg;34
323;328;7093;MANDRILLS BKB_7093_20221115_id7093 (2).jpg;5
374;353;7093;MANDRILLS BKB_7093_20221210_id7093 (1).jpg;21
416;353;7093;MANDRILLS BKB_7093_20221210_id7093 (2).jpg;63
-10;1;8006;MANDRILLS BKB_8006_20221209_id8006 (1).jpg;11
13;1;8006;MANDRILLS BKB_8006_20221209_id8006 (2).jpg;12
22;2;8139;MANDRILLS BKB_8139_20221210_id8139 (1).jpg;20
45;2;8139;MANDRILLS BKB_8139_20221210_id8139 (2).jpg;43
4;2;8139;MANDRILLS BKB_8139_20221210_id8139 (3).jpg;2
8;2;8139;MANDRILLS BKB_8139_20221210_id8139 (4).jpg;6
29;2;8139;MANDRILLS BKB_8139_20221210_id8139.jpg;27
24;6;8139;MANDRILLS BKB_8139_20221214_id8139.jpg;18
24;7;8139;MANDRILLS BKB_8139_20221215_id8139 (4).jpg;17
16;7;8139;MANDRILLS BKB_8139_20221215_id8139 (6).jpg;9
18;7;8139;MANDRILLS BKB_8139_20221215_id8139 (7).jpg;11
8;0;8145;MANDRILLS BKB_8145_20221123_id8145 (1).jpg;8
52;16;8145;MANDRILLS BKB_8145_20221209_id8145.jpg;36
23;17;8145;MANDRILLS BKB_8145_20221210_id8145 (1).jpg;6
19;17;8145;MANDRILLS BKB_8145_20221210_id8145 (3).jpg;2
21;17;8145;MANDRILLS BKB_8145_20221210_id8145 (5).jpg;4
31;17;8145;MANDRILLS BKB_8145_20221210_id8145 (6).jpg;14
26;17;8145;MANDRILLS BKB_8145_20221210_id8145 (7).jpg;9
36;17;8145;MANDRILLS BKB_8145_20221210_id8145 (8).jpg;19
32;21;8145;MANDRILLS BKB_8145_20221214_id8145 (2).jpg;11
-6;0;8166;MANDRILLS BKB_8166_20221030_id8166 (1).jpg;6
-7;0;8166;MANDRILLS BKB_8166_20221030_id8166 (2).jpg;7
2;0;8166;MANDRILLS BKB_8166_20221030_id8166 (3).jpg;2
-5;0;8166;MANDRILLS BKB_8166_20221030_id8166 (5).jpg;5
-22;1;8166;MANDRILLS BKB_8166_20221031_id8166.jpg;23
23;16;8166;MANDRILLS BKB_8166_20221115_id8166 (1).jpg;7
14;16;8166;MANDRILLS BKB_8166_20221115_id8166 (2).jpg;2
19;16;8166;MANDRILLS BKB_8166_20221115_id8166 (3).jpg;3
12;16;8166;MANDRILLS BKB_8166_20221115_id8166 (4).jpg;4
23;16;8166;MANDRILLS BKB_8166_20221115_id8166 (6).jpg;7
16;16;8166;MANDRILLS BKB_8166_20221115_id8166 (7).jpg;0
25;22;8166;MANDRILLS BKB_8166_20221121_id8166 (11).jpg;3
24;22;8166;MANDRILLS BKB_8166_20221121_id8166 (12).jpg;2
34;22;8166;MANDRILLS BKB_8166_20221121_id8166 (16).jpg;12
45;31;8166;MANDRILLS BKB_8166_20221130_id8166 (1).jpg;14
36;31;8166;MANDRILLS BKB_8166_20221130_id8166 (10).jpg;5
39;31;8166;MANDRILLS BKB_8166_20221130_id8166 (3).jpg;8
35;31;8166;MANDRILLS BKB_8166_20221130_id8166 (4).jpg;4
29;31;8166;MANDRILLS BKB_8166_20221130_id8166 (5).jpg;2
49;31;8166;MANDRILLS BKB_8166_20221130_id8166 (6).jpg;18
27;31;8166;MANDRILLS BKB_8166_20221130_id8166 (9).jpg;4
38;31;8166;MANDRILLS BKB_8166_20221130_id8166.jpg;7
32;40;8166;MANDRILLS BKB_8166_20221209_id8166.jpg;8
63;41;8166;MANDRILLS BKB_8166_20221210_id8166 (1).jpg;22
51;41;8166;MANDRILLS BKB_8166_20221210_id8166 (2).jpg;10
60;41;8166;MANDRILLS BKB_8166_20221210_id8166 (3).jpg;19
36;41;8166;MANDRILLS BKB_8166_20221210_id8166.jpg;5
53;42;8166;MANDRILLS BKB_8166_20221211_id8166 (2).jpg;11
41;42;8166;MANDRILLS BKB_8166_20221211_id8166 (3).jpg;1
-19;0;8224;MANDRILLS BKB_8224_20221121_id8224 (2).jpg;19
-7;0;8224;MANDRILLS BKB_8224_20221121_id8224.jpg;7
4;9;8224;MANDRILLS BKB_8224_20221130_id8224 (2).jpg;5
-14;9;8224;MANDRILLS BKB_8224_20221130_id8224 (3).jpg;23
-3;9;8224;MANDRILLS BKB_8224_20221130_id8224.jpg;12
25;19;8224;MANDRILLS BKB_8224_20221210_id8224.jpg;6
2;23;8224;MANDRILLS BKB_8224_20221214_id8224 (1).jpg;21
7;23;8224;MANDRILLS BKB_8224_20221214_id8224 (2).jpg;16
33;2;8228;MANDRILLS BKB_8228_20221215_id8228.jpg;31
530;480;86;MANDRILLS BKB_86_20140630_id86_maljuv_(1)_ORIGINAL.jpg;50
521;480;86;MANDRILLS BKB_86_20140630_id86_maljuv_(2)_ORIGINAL.jpg;41
467;480;86;MANDRILLS BKB_86_20140630_id86_maljuv_(3)_ORIGINAL.jpg;13
989;861;86;MANDRILLS BKB_86_20150716_id86_maljuv_(1)_ORIGINAL.jpg;128
738;861;86;MANDRILLS BKB_86_20150716_id86_maljuv_(2)_ORIGINAL.jpg;123
981;861;86;MANDRILLS BKB_86_20150716_id86_maljuv_(3)_ORIGINAL.jpg;120
877;861;86;MANDRILLS BKB_86_20150716_id86_maljuv_ORIGINAL.jpg;16
1185;1002;86;MANDRILLS BKB_86_20151204_id86_maljuv_(1)_ORIGINAL.jpg;183
1163;1002;86;MANDRILLS BKB_86_20151204_id86_maljuv_(2)_ORIGINAL.jpg;161
1451;1150;86;MANDRILLS BKB_86_20160430_id86_maljuv_ORIGINAL.jpg;301
1533;1233;86;MANDRILLS BKB_86_20160722_id86_maljuv_ORIGINAL.jpg;300
1438;1250;86;MANDRILLS BKB_86_20160808_id86_maljuv_ORIGINAL.jpg;188
1566;1286;86;MANDRILLS BKB_86_20160913_id86_maljuv_(1)_ORIGINAL.jpg;280
1554;1286;86;MANDRILLS BKB_86_20160913_id86_maljuv_(2)_ORIGINAL.jpg;268
1567;1286;86;MANDRILLS BKB_86_20160913_id86_maljuv_(3)_ORIGINAL.jpg;281
1837;1847;86;MANDRILLS BKB_86_20180328_id86_malado_(1)_ORIGINAL.jpg;10
1913;1847;86;MANDRILLS BKB_86_20180328_id86_malado_(2)_ORIGINAL.jpg;66
1971;1847;86;MANDRILLS BKB_86_20180328_id86_malado_(3)_ORIGINAL.jpg;124
1917;1847;86;MANDRILLS BKB_86_20180328_id86_malado_(4)_ORIGINAL.jpg;70
2054;1922;86;MANDRILLS BKB_86_20180611_id86_malado_(1)_ORIGINAL.jpg;132
1982;1922;86;MANDRILLS BKB_86_20180611_id86_malado_(2)_ORIGINAL.jpg;60
2101;1924;86;MANDRILLS BKB_86_20180613_id86_malado_(1)_ORIGINAL.jpg;177
2029;1924;86;MANDRILLS BKB_86_20180613_id86_malado_(10)_ORIGINAL.jpg;105
2008;1924;86;MANDRILLS BKB_86_20180613_id86_malado_(11)_ORIGINAL.jpg;84
1961;1924;86;MANDRILLS BKB_86_20180613_id86_malado_(12)_ORIGINAL.jpg;37
1969;1924;86;MANDRILLS BKB_86_20180613_id86_malado_(13)_ORIGINAL.jpg;45
2036;1924;86;MANDRILLS BKB_86_20180613_id86_malado_(14)_ORIGINAL.jpg;112
1993;1924;86;MANDRILLS BKB_86_20180613_id86_malado_(15)_ORIGINAL.jpg;69
2015;1924;86;MANDRILLS BKB_86_20180613_id86_malado_(16)_ORIGINAL.jpg;91
1985;1924;86;MANDRILLS BKB_86_20180613_id86_malado_(17)_ORIGINAL.jpg;61
2016;1924;86;MANDRILLS BKB_86_20180613_id86_malado_(18)_ORIGINAL.jpg;92
2118;1924;86;MANDRILLS BKB_86_20180613_id86_malado_(19)_ORIGINAL.jpg;194
2039;1924;86;MANDRILLS BKB_86_20180613_id86_malado_(2)_ORIGINAL.jpg;115
2116;1924;86;MANDRILLS BKB_86_20180613_id86_malado_(3)_ORIGINAL.jpg;192
2133;1924;86;MANDRILLS BKB_86_20180613_id86_malado_(4)_ORIGINAL.jpg;209
2110;1924;86;MANDRILLS BKB_86_20180613_id86_malado_(5)_ORIGINAL.jpg;186
2304;1924;86;MANDRILLS BKB_86_20180613_id86_malado_(6)_ORIGINAL.jpg;380
2064;1924;86;MANDRILLS BKB_86_20180613_id86_malado_(7)_ORIGINAL.jpg;140
2091;1924;86;MANDRILLS BKB_86_20180613_id86_malado_(8)_ORIGINAL.jpg;167
2081;1924;86;MANDRILLS BKB_86_20180613_id86_malado_(9)_ORIGINAL.jpg;157
2114;1925;86;MANDRILLS BKB_86_20180614_id86_malado_(1)_ORIGINAL.jpg;189
1943;1925;86;MANDRILLS BKB_86_20180614_id86_malado_(2)_ORIGINAL.jpg;18
2078;1927;86;MANDRILLS BKB_86_20180616_id86_malado_(1)_ORIGINAL.jpg;151
2214;1927;86;MANDRILLS BKB_86_20180616_id86_malado_(10)_ORIGINAL.jpg;287
2084;1927;86;MANDRILLS BKB_86_20180616_id86_malado_(11)_ORIGINAL.jpg;157
2138;1927;86;MANDRILLS BKB_86_20180616_id86_malado_(12)_ORIGINAL.jpg;211
2081;1927;86;MANDRILLS BKB_86_20180616_id86_malado_(16)_ORIGINAL.jpg;154
2124;1927;86;MANDRILLS BKB_86_20180616_id86_malado_(17)_ORIGINAL.jpg;197
2141;1927;86;MANDRILLS BKB_86_20180616_id86_malado_(18)_ORIGINAL.jpg;214
2138;1927;86;MANDRILLS BKB_86_20180616_id86_malado_(19)_ORIGINAL.jpg;211
2097;1927;86;MANDRILLS BKB_86_20180616_id86_malado_(20)_ORIGINAL.jpg;170
2208;1927;86;MANDRILLS BKB_86_20180616_id86_malado_(21)_ORIGINAL.jpg;281
2230;1927;86;MANDRILLS BKB_86_20180616_id86_malado_(22)_ORIGINAL.jpg;303
2163;1927;86;MANDRILLS BKB_86_20180616_id86_malado_(23)_ORIGINAL.jpg;236
2242;1927;86;MANDRILLS BKB_86_20180616_id86_malado_(24)_ORIGINAL.jpg;315
2159;1927;86;MANDRILLS BKB_86_20180616_id86_malado_(25)_ORIGINAL.jpg;232
2077;1927;86;MANDRILLS BKB_86_20180616_id86_malado_(26)_ORIGINAL.jpg;150
2039;1927;86;MANDRILLS BKB_86_20180616_id86_malado_(27)_ORIGINAL.jpg;112
2018;1927;86;MANDRILLS BKB_86_20180616_id86_malado_(28)_ORIGINAL.jpg;91
2131;1927;86;MANDRILLS BKB_86_20180616_id86_malado_(29)_ORIGINAL.jpg;204
2163;1927;86;MANDRILLS BKB_86_20180616_id86_malado_(3)_ORIGINAL.jpg;236
2166;1927;86;MANDRILLS BKB_86_20180616_id86_malado_(30)_ORIGINAL.jpg;239
2143;1927;86;MANDRILLS BKB_86_20180616_id86_malado_(31)_ORIGINAL.jpg;216
2184;1927;86;MANDRILLS BKB_86_20180616_id86_malado_(32)_ORIGINAL.jpg;257
2214;1927;86;MANDRILLS BKB_86_20180616_id86_malado_(33)_ORIGINAL.jpg;287
2252;1927;86;MANDRILLS BKB_86_20180616_id86_malado_(34)_ORIGINAL.jpg;325
2180;1927;86;MANDRILLS BKB_86_20180616_id86_malado_(35)_ORIGINAL.jpg;253
2170;1927;86;MANDRILLS BKB_86_20180616_id86_malado_(36)_ORIGINAL.jpg;243
2171;1927;86;MANDRILLS BKB_86_20180616_id86_malado_(37)_ORIGINAL.jpg;244
2161;1927;86;MANDRILLS BKB_86_20180616_id86_malado_(38)_ORIGINAL.jpg;234
2216;1927;86;MANDRILLS BKB_86_20180616_id86_malado_(39)_ORIGINAL.jpg;289
2095;1927;86;MANDRILLS BKB_86_20180616_id86_malado_(4)_ORIGINAL.jpg;168
2258;1927;86;MANDRILLS BKB_86_20180616_id86_malado_(40)_ORIGINAL.jpg;331
2161;1927;86;MANDRILLS BKB_86_20180616_id86_malado_(41)_ORIGINAL.jpg;234
2137;1927;86;MANDRILLS BKB_86_20180616_id86_malado_(42)_ORIGINAL.jpg;210
2260;1927;86;MANDRILLS BKB_86_20180616_id86_malado_(43)_ORIGINAL.jpg;333
2384;1927;86;MANDRILLS BKB_86_20180616_id86_malado_(44)_ORIGINAL.jpg;457
2416;1927;86;MANDRILLS BKB_86_20180616_id86_malado_(45)_ORIGINAL.jpg;489
2391;1927;86;MANDRILLS BKB_86_20180616_id86_malado_(46)_ORIGINAL.jpg;464
2525;1927;86;MANDRILLS BKB_86_20180616_id86_malado_(47)_ORIGINAL.jpg;598
2230;1927;86;MANDRILLS BKB_86_20180616_id86_malado_(48)_ORIGINAL.jpg;303
2233;1927;86;MANDRILLS BKB_86_20180616_id86_malado_(49)_ORIGINAL.jpg;306
2037;1927;86;MANDRILLS BKB_86_20180616_id86_malado_(5)_ORIGINAL.jpg;110
2058;1927;86;MANDRILLS BKB_86_20180616_id86_malado_(51)_ORIGINAL.jpg;131
2107;1927;86;MANDRILLS BKB_86_20180616_id86_malado_(52)_ORIGINAL.jpg;180
2043;1927;86;MANDRILLS BKB_86_20180616_id86_malado_(6)_ORIGINAL.jpg;116
2083;1927;86;MANDRILLS BKB_86_20180616_id86_malado_(7)_ORIGINAL.jpg;156
2087;1927;86;MANDRILLS BKB_86_20180616_id86_malado_(8)_ORIGINAL.jpg;160
2085;1927;86;MANDRILLS BKB_86_20180616_id86_malado_(9)_ORIGINAL.jpg;158
2051;1930;86;MANDRILLS BKB_86_20180619_id86_malado_(10)_ORIGINAL.jpg;121
2072;1930;86;MANDRILLS BKB_86_20180619_id86_malado_(2)_ORIGINAL.jpg;142
2017;1930;86;MANDRILLS BKB_86_20180619_id86_malado_(5)_ORIGINAL.jpg;87
2155;1930;86;MANDRILLS BKB_86_20180619_id86_malado_(6)_ORIGINAL.jpg;225
2151;1930;86;MANDRILLS BKB_86_20180619_id86_malado_(7)_ORIGINAL.jpg;221
2124;1930;86;MANDRILLS BKB_86_20180619_id86_malado_(8)_ORIGINAL.jpg;194
2142;1930;86;MANDRILLS BKB_86_20180619_id86_malado_(9)_ORIGINAL.jpg;212
2022;1932;86;MANDRILLS BKB_86_20180621_id86_malado_(1)_ORIGINAL.jpg;90
2056;1932;86;MANDRILLS BKB_86_20180621_id86_malado_(2)_ORIGINAL.jpg;124
2100;1938;86;MANDRILLS BKB_86_20180627_id86_malado_(1)_ORIGINAL.jpg;162
2043;1938;86;MANDRILLS BKB_86_20180627_id86_malado_(2)_ORIGINAL.jpg;105
2142;1938;86;MANDRILLS BKB_86_20180627_id86_malado_(3)_ORIGINAL.jpg;204
2059;1938;86;MANDRILLS BKB_86_20180627_id86_malado_(4)_ORIGINAL.jpg;121
2061;1938;86;MANDRILLS BKB_86_20180627_id86_malado_(5)_ORIGINAL.jpg;123
2014;1938;86;MANDRILLS BKB_86_20180627_id86_malado_(6)_ORIGINAL.jpg;76
2040;1938;86;MANDRILLS BKB_86_20180627_id86_malado_(7)_ORIGINAL.jpg;102
2147;2086;86;MANDRILLS BKB_86_20181122_id86_malado_(1)_ORIGINAL.jpg;61
2151;2086;86;MANDRILLS BKB_86_20181122_id86_malado_(2)_ORIGINAL.jpg;65
2173;2086;86;MANDRILLS BKB_86_20181122_id86_malado_(3)_ORIGINAL.jpg;87
2128;2086;86;MANDRILLS BKB_86_20181122_id86_malado_(4)_ORIGINAL.jpg;42
2134;2086;86;MANDRILLS BKB_86_20181122_id86_malado_(5)_ORIGINAL.jpg;48
2073;2086;86;MANDRILLS BKB_86_20181122_id86_malado_(6)_ORIGINAL.jpg;13
2285;2086;86;MANDRILLS BKB_86_20181122_id86_malado_(7)_ORIGINAL.jpg;199
2180;2086;86;MANDRILLS BKB_86_20181122_id86_malado_(8)_ORIGINAL.jpg;94
2208;2086;86;MANDRILLS BKB_86_20181122_id86_malado_(9)_ORIGINAL.jpg;122
2135;2088;86;MANDRILLS BKB_86_20181124_id86_malado_(1)_ORIGINAL.jpg;47
2076;2088;86;MANDRILLS BKB_86_20181124_id86_malado_(2)_ORIGINAL.jpg;12
2059;2088;86;MANDRILLS BKB_86_20181124_id86_malado_(3)_ORIGINAL.jpg;29
2245;2088;86;MANDRILLS BKB_86_20181124_id86_malado_(4)_ORIGINAL.jpg;157
2133;2088;86;MANDRILLS BKB_86_20181124_id86_malado_(5)_ORIGINAL.jpg;45
2091;2088;86;MANDRILLS BKB_86_20181124_id86_malado_(6)_ORIGINAL.jpg;3
1949;2088;86;MANDRILLS BKB_86_20181124_id86_malado_(7)_ORIGINAL.jpg;139
2063;2088;86;MANDRILLS BKB_86_20181124_id86_malado_(8)_ORIGINAL.jpg;25
2000;2088;86;MANDRILLS BKB_86_20181124_id86_malado_(9)_ORIGINAL.jpg;88
2338;2100;86;MANDRILLS BKB_86_20181206_id86_malado_(1)_ORIGINAL.jpg;238
2000;2100;86;MANDRILLS BKB_86_20181206_id86_malado_(10)_ORIGINAL.jpg;100
2052;2100;86;MANDRILLS BKB_86_20181206_id86_malado_(11)_ORIGINAL.jpg;48
2240;2100;86;MANDRILLS BKB_86_20181206_id86_malado_(12)_ORIGINAL.jpg;140
2324;2100;86;MANDRILLS BKB_86_20181206_id86_malado_(13)_ORIGINAL.jpg;224
2290;2100;86;MANDRILLS BKB_86_20181206_id86_malado_(14)_ORIGINAL.jpg;190
2090;2100;86;MANDRILLS BKB_86_20181206_id86_malado_(15)_ORIGINAL.jpg;10
2201;2100;86;MANDRILLS BKB_86_20181206_id86_malado_(16)_ORIGINAL.jpg;101
2214;2100;86;MANDRILLS BKB_86_20181206_id86_malado_(17)_ORIGINAL.jpg;114
2197;2100;86;MANDRILLS BKB_86_20181206_id86_malado_(18)_ORIGINAL.jpg;97
2222;2100;86;MANDRILLS BKB_86_20181206_id86_malado_(2)_ORIGINAL.jpg;122
2201;2100;86;MANDRILLS BKB_86_20181206_id86_malado_(3)_ORIGINAL.jpg;101
2050;2100;86;MANDRILLS BKB_86_20181206_id86_malado_(5)_ORIGINAL.jpg;50
2120;2100;86;MANDRILLS BKB_86_20181206_id86_malado_(6)_ORIGINAL.jpg;20
2162;2100;86;MANDRILLS BKB_86_20181206_id86_malado_(7)_ORIGINAL.jpg;62
2097;2100;86;MANDRILLS BKB_86_20181206_id86_malado_(8)_ORIGINAL.jpg;3
2259;2100;86;MANDRILLS BKB_86_20181206_id86_malado_(9)_ORIGINAL.jpg;159
2192;2145;86;MANDRILLS BKB_86_20190120_id86_malado_(10)_ORIGINAL.jpg;47
2245;2145;86;MANDRILLS BKB_86_20190120_id86_malado_(11)_ORIGINAL.jpg;100
2267;2145;86;MANDRILLS BKB_86_20190120_id86_malado_(12)_ORIGINAL.jpg;122
2356;2145;86;MANDRILLS BKB_86_20190120_id86_malado_(13)_ORIGINAL.jpg;211
2270;2145;86;MANDRILLS BKB_86_20190120_id86_malado_(14)_ORIGINAL.jpg;125
2219;2145;86;MANDRILLS BKB_86_20190120_id86_malado_(15)_ORIGINAL.jpg;74
2250;2145;86;MANDRILLS BKB_86_20190120_id86_malado_(16)_ORIGINAL.jpg;105
2196;2145;86;MANDRILLS BKB_86_20190120_id86_malado_(17)_ORIGINAL.jpg;51
2381;2145;86;MANDRILLS BKB_86_20190120_id86_malado_(3)_ORIGINAL.jpg;236
2351;2145;86;MANDRILLS BKB_86_20190120_id86_malado_(4)_ORIGINAL.jpg;206
2324;2145;86;MANDRILLS BKB_86_20190120_id86_malado_(5)_ORIGINAL.jpg;179
2361;2145;86;MANDRILLS BKB_86_20190120_id86_malado_(6)_ORIGINAL.jpg;216
2320;2145;86;MANDRILLS BKB_86_20190120_id86_malado_(7)_ORIGINAL.jpg;175
2323;2145;86;MANDRILLS BKB_86_20190120_id86_malado_(8)_ORIGINAL.jpg;178
2205;2145;86;MANDRILLS BKB_86_20190120_id86_malado_(9)_ORIGINAL.jpg;60
2234;2160;86;MANDRILLS BKB_86_20190204_id86_malado_(10)_ORIGINAL.jpg;74
2214;2160;86;MANDRILLS BKB_86_20190204_id86_malado_(11)_ORIGINAL.jpg;54
2212;2160;86;MANDRILLS BKB_86_20190204_id86_malado_(12)_ORIGINAL.jpg;52
2245;2160;86;MANDRILLS BKB_86_20190204_id86_malado_(13)_ORIGINAL.jpg;85
2223;2160;86;MANDRILLS BKB_86_20190204_id86_malado_(14)_ORIGINAL.jpg;63
2231;2160;86;MANDRILLS BKB_86_20190204_id86_malado_(15)_ORIGINAL.jpg;71
2314;2160;86;MANDRILLS BKB_86_20190204_id86_malado_(16)_ORIGINAL.jpg;154
2312;2160;86;MANDRILLS BKB_86_20190204_id86_malado_(17)_ORIGINAL.jpg;152
2265;2160;86;MANDRILLS BKB_86_20190204_id86_malado_(4)_ORIGINAL.jpg;105
2313;2160;86;MANDRILLS BKB_86_20190204_id86_malado_(5)_ORIGINAL.jpg;153
2287;2160;86;MANDRILLS BKB_86_20190204_id86_malado_(6)_ORIGINAL.jpg;127
2319;2160;86;MANDRILLS BKB_86_20190204_id86_malado_(7)_ORIGINAL.jpg;159
2358;2160;86;MANDRILLS BKB_86_20190204_id86_malado_(8)_ORIGINAL.jpg;198
2276;2160;86;MANDRILLS BKB_86_20190204_id86_malado_(9)_ORIGINAL.jpg;116
2218;2168;86;MANDRILLS BKB_86_20190212_id86_malado_(1)_ORIGINAL.jpg;50
2269;2168;86;MANDRILLS BKB_86_20190212_id86_malado_(2)_ORIGINAL.jpg;101
2368;2195;86;MANDRILLS BKB_86_20190311_id86_malado_ORIGINAL.jpg;173
2314;2197;86;MANDRILLS BKB_86_20190313_id86_malado_DROITE_(1).jpg;117
2305;2197;86;MANDRILLS BKB_86_20190313_id86_malado_DROITE_(2).jpg;108
2222;2197;86;MANDRILLS BKB_86_20190313_id86_malado_DROITE_(3).jpg;25
2262;2197;86;MANDRILLS BKB_86_20190313_id86_malado_DROITE_(4).jpg;65
2314;2197;86;MANDRILLS BKB_86_20190313_id86_malado_DROITE_(5).jpg;117
2342;2197;86;MANDRILLS BKB_86_20190313_id86_malado_DROITE_(6).jpg;145
2380;2197;86;MANDRILLS BKB_86_20190313_id86_malado_DROITE_(7).jpg;183
2067;2197;86;MANDRILLS BKB_86_20190313_id86_malado_GAUCHE_(1).jpg;130
1888;2197;86;MANDRILLS BKB_86_20190313_id86_malado_GAUCHE_(2).jpg;309
2312;2199;86;MANDRILLS BKB_86_20190315_id86_malado_(1).jpg;113
2296;2199;86;MANDRILLS BKB_86_20190315_id86_malado_(2).jpg;97
2394;2199;86;MANDRILLS BKB_86_20190315_id86_malado_(3).jpg;195
2412;2201;86;MANDRILLS BKB_86_20190317_id86_malado_(1).jpg;211
2423;2201;86;MANDRILLS BKB_86_20190317_id86_malado_(2).jpg;222
2550;2201;86;MANDRILLS BKB_86_20190317_id86_malado_(3).jpg;349
2286;2201;86;MANDRILLS BKB_86_20190317_id86_malado_(4).jpg;85
2407;2280;86;MANDRILLS BKB_86_20190604_id86_malado_(3).jpg;127
2435;2280;86;MANDRILLS BKB_86_20190604_id86_malado_(5).jpg;155
2291;2314;86;MANDRILLS BKB_86_20190708_id86_malado_(1).jpg;23
2428;2314;86;MANDRILLS BKB_86_20190708_id86_malado_(10).jpg;114
2363;2314;86;MANDRILLS BKB_86_20190708_id86_malado_(11).jpg;49
2349;2314;86;MANDRILLS BKB_86_20190708_id86_malado_(13).jpg;35
2421;2314;86;MANDRILLS BKB_86_20190708_id86_malado_(25).jpg;107
2518;2314;86;MANDRILLS BKB_86_20190708_id86_malado_(26).jpg;204
2219;2314;86;MANDRILLS BKB_86_20190708_id86_malado_(27).jpg;95
2138;2314;86;MANDRILLS BKB_86_20190708_id86_malado_(29).jpg;176
2441;2314;86;MANDRILLS BKB_86_20190708_id86_malado_(3).jpg;127
2197;2314;86;MANDRILLS BKB_86_20190708_id86_malado_(30).jpg;117
2406;2314;86;MANDRILLS BKB_86_20190708_id86_malado_(32).jpg;92
2341;2314;86;MANDRILLS BKB_86_20190708_id86_malado_(33).jpg;27
2316;2314;86;MANDRILLS BKB_86_20190708_id86_malado_(34).jpg;2
2370;2314;86;MANDRILLS BKB_86_20190708_id86_malado_(35).jpg;56
2448;2314;86;MANDRILLS BKB_86_20190708_id86_malado_(36).jpg;134
2402;2314;86;MANDRILLS BKB_86_20190708_id86_malado_(8).jpg;88
2425;2314;86;MANDRILLS BKB_86_20190708_id86_malado_(9).jpg;111
2813;2347;86;MANDRILLS BKB_86_20190810_id86_malado_(1).jpg;466
2404;2347;86;MANDRILLS BKB_86_20190810_id86_malado_(2).jpg;57
2707;2347;86;MANDRILLS BKB_86_20190810_id86_malado_(3).jpg;360
2780;2447;86;MANDRILLS BKB_86_20191118_id86_malado_(1).jpg;333
2807;2447;86;MANDRILLS BKB_86_20191118_id86_malado_(3).jpg;360
2094;1976;139;MANDRILLS BKB_139_20180629_id139_femadu_(1)_ORIGINAL.jpg;118
1956;1976;139;MANDRILLS BKB_139_20180629_id139_femadu_(3)_ORIGINAL.jpg;20
1931;1976;139;MANDRILLS BKB_139_20180629_id139_femadu_(4)_ORIGINAL.jpg;45
1961;1976;139;MANDRILLS BKB_139_20180629_id139_femadu_(6)_ORIGINAL.jpg;15
1889;1976;139;MANDRILLS BKB_139_20180629_id139_femadu_(7)_ORIGINAL.jpg;87
1975;1980;139;MANDRILLS BKB_139_20180703_id139_femadu_(1)_ORIGINAL.jpg;5
2162;1980;139;MANDRILLS BKB_139_20180703_id139_femadu_(2)_ORIGINAL.jpg;182
1985;1980;139;MANDRILLS BKB_139_20180703_id139_femadu_(3)_ORIGINAL.jpg;5
2125;1980;139;MANDRILLS BKB_139_20180703_id139_femadu_(5)_ORIGINAL.jpg;145
2057;1982;139;MANDRILLS BKB_139_20180705_id139_femadu_(1)_ORIGINAL.jpg;75
2195;1982;139;MANDRILLS BKB_139_20180705_id139_femadu_(10)_ORIGINAL.jpg;213
2093;1982;139;MANDRILLS BKB_139_20180705_id139_femadu_(11)_ORIGINAL.jpg;111
1980;1982;139;MANDRILLS BKB_139_20180705_id139_femadu_(12)_ORIGINAL.jpg;2
1968;1982;139;MANDRILLS BKB_139_20180705_id139_femadu_(13)_ORIGINAL.jpg;14
2013;1982;139;MANDRILLS BKB_139_20180705_id139_femadu_(14)_ORIGINAL.jpg;31
1917;1982;139;MANDRILLS BKB_139_20180705_id139_femadu_(15)_ORIGINAL.jpg;65
1969;1982;139;MANDRILLS BKB_139_20180705_id139_femadu_(16)_ORIGINAL.jpg;13
2112;1982;139;MANDRILLS BKB_139_20180705_id139_femadu_(17)_ORIGINAL.jpg;130
2040;1982;139;MANDRILLS BKB_139_20180705_id139_femadu_(18)_ORIGINAL.jpg;58
2329;1982;139;MANDRILLS BKB_139_20180705_id139_femadu_(2)_ORIGINAL.jpg;347
2290;1982;139;MANDRILLS BKB_139_20180705_id139_femadu_(3)_ORIGINAL.jpg;308
2270;1982;139;MANDRILLS BKB_139_20180705_id139_femadu_(4)_ORIGINAL.jpg;288
2520;1982;139;MANDRILLS BKB_139_20180705_id139_femadu_(5)_ORIGINAL.jpg;538
2535;1982;139;MANDRILLS BKB_139_20180705_id139_femadu_(6)_ORIGINAL.jpg;553
1753;1982;139;MANDRILLS BKB_139_20180705_id139_femadu_(7)_ORIGINAL.jpg;229
2026;1982;139;MANDRILLS BKB_139_20180705_id139_femadu_(8)_ORIGINAL.jpg;44
2136;1982;139;MANDRILLS BKB_139_20180705_id139_femadu_(9)_ORIGINAL.jpg;154
2023;1988;139;MANDRILLS BKB_139_20180711_id139_femadu_(10)_ORIGINAL.jpg;35
2068;1988;139;MANDRILLS BKB_139_20180711_id139_femadu_(11)_ORIGINAL.jpg;80
2054;1988;139;MANDRILLS BKB_139_20180711_id139_femadu_(12)_ORIGINAL.jpg;66
2056;1988;139;MANDRILLS BKB_139_20180711_id139_femadu_(13)_ORIGINAL.jpg;68
2142;1988;139;MANDRILLS BKB_139_20180711_id139_femadu_(14)_ORIGINAL.jpg;154
2126;1988;139;MANDRILLS BKB_139_20180711_id139_femadu_(15)_ORIGINAL.jpg;138
2108;1988;139;MANDRILLS BKB_139_20180711_id139_femadu_(16)_ORIGINAL.jpg;120
2118;1988;139;MANDRILLS BKB_139_20180711_id139_femadu_(17)_ORIGINAL.jpg;130
2091;1988;139;MANDRILLS BKB_139_20180711_id139_femadu_(18)_ORIGINAL.jpg;103
2177;1988;139;MANDRILLS BKB_139_20180711_id139_femadu_(19)_ORIGINAL.jpg;189
2148;1988;139;MANDRILLS BKB_139_20180711_id139_femadu_(2)_ORIGINAL.jpg;160
1936;1988;139;MANDRILLS BKB_139_20180711_id139_femadu_(20)_ORIGINAL.jpg;52
1917;1988;139;MANDRILLS BKB_139_20180711_id139_femadu_(21)_ORIGINAL.jpg;71
1970;1988;139;MANDRILLS BKB_139_20180711_id139_femadu_(22)_ORIGINAL.jpg;18
2089;1988;139;MANDRILLS BKB_139_20180711_id139_femadu_(23)_ORIGINAL.jpg;101
2155;1988;139;MANDRILLS BKB_139_20180711_id139_femadu_(24)_ORIGINAL.jpg;167
2137;1988;139;MANDRILLS BKB_139_20180711_id139_femadu_(25)_ORIGINAL.jpg;149
2179;1988;139;MANDRILLS BKB_139_20180711_id139_femadu_(26)_ORIGINAL.jpg;191
2154;1988;139;MANDRILLS BKB_139_20180711_id139_femadu_(27)_ORIGINAL.jpg;166
2027;1988;139;MANDRILLS BKB_139_20180711_id139_femadu_(28)_ORIGINAL.jpg;39
2053;1988;139;MANDRILLS BKB_139_20180711_id139_femadu_(29)_ORIGINAL.jpg;65
2115;1988;139;MANDRILLS BKB_139_20180711_id139_femadu_(3)_ORIGINAL.jpg;127
1982;1988;139;MANDRILLS BKB_139_20180711_id139_femadu_(30)_ORIGINAL.jpg;6
2020;1988;139;MANDRILLS BKB_139_20180711_id139_femadu_(31)_ORIGINAL.jpg;32
1968;1988;139;MANDRILLS BKB_139_20180711_id139_femadu_(32)_ORIGINAL.jpg;20
1982;1988;139;MANDRILLS BKB_139_20180711_id139_femadu_(33)_ORIGINAL.jpg;6
1967;1988;139;MANDRILLS BKB_139_20180711_id139_femadu_(34)_ORIGINAL.jpg;21
2097;1988;139;MANDRILLS BKB_139_20180711_id139_femadu_(35)_ORIGINAL.jpg;109
2228;1988;139;MANDRILLS BKB_139_20180711_id139_femadu_(36)_ORIGINAL.jpg;240
2179;1988;139;MANDRILLS BKB_139_20180711_id139_femadu_(37)_ORIGINAL.jpg;191
2090;1988;139;MANDRILLS BKB_139_20180711_id139_femadu_(38)_ORIGINAL.jpg;102
2082;1988;139;MANDRILLS BKB_139_20180711_id139_femadu_(39)_ORIGINAL.jpg;94
2154;1988;139;MANDRILLS BKB_139_20180711_id139_femadu_(4)_ORIGINAL.jpg;166
2156;1988;139;MANDRILLS BKB_139_20180711_id139_femadu_(47)_ORIGINAL.jpg;168
2233;1988;139;MANDRILLS BKB_139_20180711_id139_femadu_(48)_ORIGINAL.jpg;245
2241;1988;139;MANDRILLS BKB_139_20180711_id139_femadu_(49)_ORIGINAL.jpg;253
2088;1988;139;MANDRILLS BKB_139_20180711_id139_femadu_(5)_ORIGINAL.jpg;100
2315;1988;139;MANDRILLS BKB_139_20180711_id139_femadu_(51)_ORIGINAL.jpg;327
2203;1988;139;MANDRILLS BKB_139_20180711_id139_femadu_(52)_ORIGINAL.jpg;215
2217;1988;139;MANDRILLS BKB_139_20180711_id139_femadu_(53)_ORIGINAL.jpg;229
2157;1988;139;MANDRILLS BKB_139_20180711_id139_femadu_(54)_ORIGINAL.jpg;169
2205;1988;139;MANDRILLS BKB_139_20180711_id139_femadu_(55)_ORIGINAL.jpg;217
2239;1988;139;MANDRILLS BKB_139_20180711_id139_femadu_(57)_ORIGINAL.jpg;251
2230;1988;139;MANDRILLS BKB_139_20180711_id139_femadu_(59)_ORIGINAL.jpg;242
2037;1988;139;MANDRILLS BKB_139_20180711_id139_femadu_(6)_ORIGINAL.jpg;49
2074;1988;139;MANDRILLS BKB_139_20180711_id139_femadu_(7)_ORIGINAL.jpg;86
2009;1988;139;MANDRILLS BKB_139_20180711_id139_femadu_(8)_ORIGINAL.jpg;21
2095;1988;139;MANDRILLS BKB_139_20180711_id139_femadu_(9)_ORIGINAL.jpg;107
2081;2003;139;MANDRILLS BKB_139_20180726_id139_femaduGAUCHE_ORIGINAL.jpg;78
2160;2003;139;MANDRILLS BKB_139_20180726_id139_femadu_(1)_ORIGINAL.jpg;157
2216;2003;139;MANDRILLS BKB_139_20180726_id139_femadu_(2)_ORIGINAL.jpg;213
2100;2008;139;MANDRILLS BKB_139_20180731_id139_femadu_(12)_ORIGINAL.jpg;92
1974;2008;139;MANDRILLS BKB_139_20180731_id139_femadu_(13)_ORIGINAL.jpg;34
2861;2008;139;MANDRILLS BKB_139_20180731_id139_femadu_(14)_ORIGINAL.jpg;853
2006;2008;139;MANDRILLS BKB_139_20180731_id139_femadu_(15)_ORIGINAL.jpg;2
1878;2008;139;MANDRILLS BKB_139_20180731_id139_femadu_(17)_ORIGINAL.jpg;130
1701;2008;139;MANDRILLS BKB_139_20180731_id139_femadu_(21)_ORIGINAL.jpg;307
2061;2008;139;MANDRILLS BKB_139_20180731_id139_femadu_(3)_ORIGINAL.jpg;53
1957;2008;139;MANDRILLS BKB_139_20180731_id139_femadu_(4)_ORIGINAL.jpg;51
1997;2008;139;MANDRILLS BKB_139_20180731_id139_femadu_(5)_ORIGINAL.jpg;11
2064;2008;139;MANDRILLS BKB_139_20180731_id139_femadu_(6)_ORIGINAL.jpg;56
2339;2015;139;MANDRILLS BKB_139_20180807_id139_femadu_(1)_ORIGINAL.jpg;324
2392;2015;139;MANDRILLS BKB_139_20180807_id139_femadu_(2)_ORIGINAL.jpg;377
2318;2015;139;MANDRILLS BKB_139_20180807_id139_femadu_(3)_ORIGINAL.jpg;303
2336;2015;139;MANDRILLS BKB_139_20180807_id139_femadu_(4)_ORIGINAL.jpg;321
2074;2015;139;MANDRILLS BKB_139_20180807_id139_femadu_(5)_ORIGINAL.jpg;59
2212;2015;139;MANDRILLS BKB_139_20180807_id139_femadu_(6)_ORIGINAL.jpg;197
2145;2015;139;MANDRILLS BKB_139_20180807_id139_femadu_(7)_ORIGINAL.jpg;130
2631;2024;139;MANDRILLS BKB_139_20180816_id139_femadu_(10)_ORIGINAL.jpg;607
2127;2024;139;MANDRILLS BKB_139_20180816_id139_femadu_(3)_ORIGINAL.jpg;103
2103;2024;139;MANDRILLS BKB_139_20180816_id139_femadu_(4)_ORIGINAL.jpg;79
2182;2024;139;MANDRILLS BKB_139_20180816_id139_femadu_(6)_ORIGINAL.jpg;158
2405;2024;139;MANDRILLS BKB_139_20180816_id139_femadu_(7)_ORIGINAL.jpg;381
2614;2024;139;MANDRILLS BKB_139_20180816_id139_femadu_(8)_ORIGINAL.jpg;590
2704;2024;139;MANDRILLS BKB_139_20180816_id139_femadu_(9)_ORIGINAL.jpg;680
2257;2046;139;MANDRILLS BKB_139_20180907_id139_femadu_(1)_ORIGINAL.jpg;211
2049;2046;139;MANDRILLS BKB_139_20180907_id139_femadu_(10)_ORIGINAL.jpg;3
2031;2046;139;MANDRILLS BKB_139_20180907_id139_femadu_(11)_ORIGINAL.jpg;15
2278;2046;139;MANDRILLS BKB_139_20180907_id139_femadu_(12)_ORIGINAL.jpg;232
2562;2046;139;MANDRILLS BKB_139_20180907_id139_femadu_(13)_ORIGINAL.jpg;516
2387;2046;139;MANDRILLS BKB_139_20180907_id139_femadu_(2)_ORIGINAL.jpg;341
2215;2046;139;MANDRILLS BKB_139_20180907_id139_femadu_(3)_ORIGINAL.jpg;169
2137;2046;139;MANDRILLS BKB_139_20180907_id139_femadu_(4)_ORIGINAL.jpg;91
2233;2046;139;MANDRILLS BKB_139_20180907_id139_femadu_(5)_ORIGINAL.jpg;187
1987;2046;139;MANDRILLS BKB_139_20180907_id139_femadu_(6)_ORIGINAL.jpg;59
2118;2046;139;MANDRILLS BKB_139_20180907_id139_femadu_(7)_ORIGINAL.jpg;72
2102;2046;139;MANDRILLS BKB_139_20180907_id139_femadu_(8)_ORIGINAL.jpg;56
2017;2046;139;MANDRILLS BKB_139_20180907_id139_femadu_(9)_ORIGINAL.jpg;29
2375;2173;139;MANDRILLS BKB_139_20190112_id139_femadu_(10)_ORIGINAL.jpg;202
2334;2173;139;MANDRILLS BKB_139_20190112_id139_femadu_(11)_ORIGINAL.jpg;161
2364;2173;139;MANDRILLS BKB_139_20190112_id139_femadu_(12)_ORIGINAL.jpg;191
2486;2173;139;MANDRILLS BKB_139_20190112_id139_femadu_(13)_ORIGINAL.jpg;313
2425;2173;139;MANDRILLS BKB_139_20190112_id139_femadu_(14)_ORIGINAL.jpg;252
2190;2173;139;MANDRILLS BKB_139_20190112_id139_femadu_(3)_ORIGINAL.jpg;17
2347;2173;139;MANDRILLS BKB_139_20190112_id139_femadu_(4)_ORIGINAL.jpg;174
2213;2173;139;MANDRILLS BKB_139_20190112_id139_femadu_(5)_ORIGINAL.jpg;40
2237;2173;139;MANDRILLS BKB_139_20190112_id139_femadu_(6)_ORIGINAL.jpg;64
2425;2173;139;MANDRILLS BKB_139_20190112_id139_femadu_(7)_ORIGINAL.jpg;252
2479;2173;139;MANDRILLS BKB_139_20190112_id139_femadu_(8)_ORIGINAL.jpg;306
2363;2173;139;MANDRILLS BKB_139_20190112_id139_femadu_(9)_ORIGINAL.jpg;190
2370;2233;139;MANDRILLS BKB_139_20190313_id139_femadu_(2).jpg;137
2300;2233;139;MANDRILLS BKB_139_20190313_id139_femadu_(3).jpg;67
2299;2233;139;MANDRILLS BKB_139_20190313_id139_femadu_(4).jpg;66
2690;2233;139;MANDRILLS BKB_139_20190313_id139_femadu_(5).jpg;457
2039;2235;139;MANDRILLS BKB_139_20190315_id139_femadu_DROITE_(1).jpg;196
2139;2235;139;MANDRILLS BKB_139_20190315_id139_femadu_DROITE_(2).jpg;96
2313;2235;139;MANDRILLS BKB_139_20190315_id139_femadu_GAUCHE_(1).jpg;78
2674;2235;139;MANDRILLS BKB_139_20190315_id139_femadu_GAUCHE_(2).jpg;439
2460;2239;139;MANDRILLS BKB_139_20190319_id139_femadu.jpg;221
2010;2356;139;MANDRILLS BKB_139_20190714_id139_femadu_(10).jpg;346
2040;2356;139;MANDRILLS BKB_139_20190714_id139_femadu_(11).jpg;316
2075;2356;139;MANDRILLS BKB_139_20190714_id139_femadu_(12).jpg;281
1995;2356;139;MANDRILLS BKB_139_20190714_id139_femadu_(13).jpg;361
1984;2356;139;MANDRILLS BKB_139_20190714_id139_femadu_(14).jpg;372
2139;2356;139;MANDRILLS BKB_139_20190714_id139_femadu_(2).jpg;217
1929;2356;139;MANDRILLS BKB_139_20190714_id139_femadu_(23).jpg;427
1885;2356;139;MANDRILLS BKB_139_20190714_id139_femadu_(24).jpg;471
2011;2356;139;MANDRILLS BKB_139_20190714_id139_femadu_(25).jpg;345
2016;2356;139;MANDRILLS BKB_139_20190714_id139_femadu_(26).jpg;340
2071;2356;139;MANDRILLS BKB_139_20190714_id139_femadu_(27).jpg;285
2010;2356;139;MANDRILLS BKB_139_20190714_id139_femadu_(28).jpg;346
2036;2356;139;MANDRILLS BKB_139_20190714_id139_femadu_(29).jpg;320
1982;2356;139;MANDRILLS BKB_139_20190714_id139_femadu_(3).jpg;374
2093;2356;139;MANDRILLS BKB_139_20190714_id139_femadu_(30).jpg;263
2144;2356;139;MANDRILLS BKB_139_20190714_id139_femadu_(31).jpg;212
2147;2356;139;MANDRILLS BKB_139_20190714_id139_femadu_(32).jpg;209
2053;2356;139;MANDRILLS BKB_139_20190714_id139_femadu_(33).jpg;303
2152;2356;139;MANDRILLS BKB_139_20190714_id139_femadu_(34).jpg;204
2106;2356;139;MANDRILLS BKB_139_20190714_id139_femadu_(35).jpg;250
2078;2356;139;MANDRILLS BKB_139_20190714_id139_femadu_(36).jpg;278
2322;2356;139;MANDRILLS BKB_139_20190714_id139_femadu_(37).jpg;34
2117;2356;139;MANDRILLS BKB_139_20190714_id139_femadu_(38).jpg;239
1986;2356;139;MANDRILLS BKB_139_20190714_id139_femadu_(39).jpg;370
1967;2356;139;MANDRILLS BKB_139_20190714_id139_femadu_(4).jpg;389
2060;2356;139;MANDRILLS BKB_139_20190714_id139_femadu_(40).jpg;296
2077;2356;139;MANDRILLS BKB_139_20190714_id139_femadu_(41).jpg;279
2176;2356;139;MANDRILLS BKB_139_20190714_id139_femadu_(42).jpg;180
2295;2356;139;MANDRILLS BKB_139_20190714_id139_femadu_(46).jpg;61
2150;2356;139;MANDRILLS BKB_139_20190714_id139_femadu_(47).jpg;206
2066;2356;139;MANDRILLS BKB_139_20190714_id139_femadu_(48).jpg;290
2134;2356;139;MANDRILLS BKB_139_20190714_id139_femadu_(49).jpg;222
2104;2356;139;MANDRILLS BKB_139_20190714_id139_femadu_(5).jpg;252
2062;2356;139;MANDRILLS BKB_139_20190714_id139_femadu_(50).jpg;294
2123;2356;139;MANDRILLS BKB_139_20190714_id139_femadu_(51).jpg;233
2199;2356;139;MANDRILLS BKB_139_20190714_id139_femadu_(52).jpg;157
1907;2356;139;MANDRILLS BKB_139_20190714_id139_femadu_(6).jpg;449
2328;2356;139;MANDRILLS BKB_139_20190714_id139_femadu_(7).jpg;28
2168;2356;139;MANDRILLS BKB_139_20190714_id139_femadu_(8).jpg;188
2049;2356;139;MANDRILLS BKB_139_20190714_id139_femadu_(9).jpg;307
2219;2376;139;MANDRILLS BKB_139_20190803_id139_femadu_(1).jpg;157
2345;2376;139;MANDRILLS BKB_139_20190803_id139_femadu_(2).jpg;31
2286;2376;139;MANDRILLS BKB_139_20190803_id139_femadu_(3).jpg;90
2383;2376;139;MANDRILLS BKB_139_20190803_id139_femadu_(4).jpg;7
2407;2376;139;MANDRILLS BKB_139_20190803_id139_femadu_(5).jpg;31
2234;2376;139;MANDRILLS BKB_139_20190803_id139_femadu_(6).jpg;142
2197;2376;139;MANDRILLS BKB_139_20190803_id139_femadu_(7).jpg;179
2286;2408;139;MANDRILLS BKB_139_20190904_id139_femadu_(1).jpg;122
2580;2408;139;MANDRILLS BKB_139_20190904_id139_femadu_(2).jpg;172
2495;2430;139;MANDRILLS BKB_139_20190926_id139_femadu.jpg;65
2418;2479;139;MANDRILLS BKB_139_20191114_id139_femadu.jpg;61
2683;2533;139;MANDRILLS BKB_139_20200107_id139_femadu.jpg;150
2299;2575;139;MANDRILLS BKB_139_20200218_id139_femadu_(1).jpg;276
3157;2575;139;MANDRILLS BKB_139_20200218_id139_femadu_(2).jpg;582
2898;2653;139;MANDRILLS BKB_139_20200506_id139_femadu.jpg;245
2773;2653;139;MANDRILLS BKB_139_20200506_id139_femadu_(1).jpg;120
3070;2653;139;MANDRILLS BKB_139_20200506_id139_femadu_(2).jpg;417
3177;2820;139;MANDRILLS BKB_139_20201020_id139_femadu_(1).jpg;357
2950;2820;139;MANDRILLS BKB_139_20201020_id139_femadu_(2).jpg;130
2800;2822;139;MANDRILLS BKB_139_20201022_id139_femadu_(2).jpg;22
3388;2876;139;MANDRILLS BKB_139_20201215_id139_femadu.jpg;512
2392;2908;139;MANDRILLS BKB_139_20210116_id139_femadu.jpg;516
2970;2937;139;MANDRILLS BKB_139_20210214_id139_femadu_(1).jpg;33
2863;2937;139;MANDRILLS BKB_139_20210214_id139_femadu_(2).jpg;74
2861;2940;139;MANDRILLS BKB_139_20210217_id139_femadu_(1).jpg;79
3247;2940;139;MANDRILLS BKB_139_20210217_id139_femadu_(2).jpg;307
2961;2987;139;MANDRILLS BKB_139_20210405_id139_femadu_(1).jpg;26
3088;2987;139;MANDRILLS BKB_139_20210405_id139_femadu_(2).jpg;101
2952;2992;139;MANDRILLS BKB_139_20210410_id139_femadu.jpg;40
2856;3005;139;MANDRILLS BKB_139_20210423_id139_femadu_(1).jpg;149
3011;3005;139;MANDRILLS BKB_139_20210423_id139_femadu_(2).jpg;6
3043;3039;139;MANDRILLS BKB_139_20210527_id139_femadu.jpg;4
3091;3065;139;MANDRILLS BKB_139_20210622_id139_femadu.jpg;26
3260;3151;139;MANDRILLS BKB_139_20210916_id139_femadu.jpg;109
2713;3171;139;MANDRILLS BKB_139_20211006_id139_femadu.jpg;458
2925;3220;139;MANDRILLS BKB_139_20211124_id139_femadu.jpg;295
3022;3222;139;MANDRILLS BKB_139_20211126_id139_femadu.jpg;200
2720;3277;139;MANDRILLS BKB_139_20220120_id139.jpg;557
3092;3304;139;MANDRILLS BKB_139_20220216_id139_femadu.jpg;212
3174;3335;139;MANDRILLS BKB_139_20220319_id139_femadu (1).jpg;161
3154;3335;139;MANDRILLS BKB_139_20220319_id139_femadu (2).jpg;181
3298;3342;139;MANDRILLS BKB_139_20220326_id139_femadu (2).jpg;44
2832;3346;139;MANDRILLS BKB_139_20220330_id139_femadu (1).jpg;514
3338;3346;139;MANDRILLS BKB_139_20220330_id139_femadu (2).jpg;8
3146;3351;139;MANDRILLS BKB_139_20220404_id139_femadu.jpg;205
2801;3380;139;MANDRILLS BKB_139_20220503_id139_femadu.jpg;579
2769;3381;139;MANDRILLS BKB_139_20220504_id139_femadu.jpg;612
3403;3392;139;MANDRILLS BKB_139_20220515_id139_femadu (2).jpg;11
3499;3401;139;MANDRILLS BKB_139_20220524_id139_femadu (2).jpg;98
3163;3406;139;MANDRILLS BKB_139_20220529_id139_femadu.jpg;243
3376;3407;139;MANDRILLS BKB_139_20220530_id139_femadu.jpg;31
3035;3428;139;MANDRILLS BKB_139_20220620_id139_femadu (1).jpg;393
3158;3428;139;MANDRILLS BKB_139_20220620_id139_femadu (2).jpg;270
3457;3437;139;MANDRILLS BKB_139_20220629_id139 (1).jpg;20
3563;3437;139;MANDRILLS BKB_139_20220629_id139 (2).jpg;126
3503;3444;139;MANDRILLS BKB_139_20220706_id139 (1).jpg;59
3379;3444;139;MANDRILLS BKB_139_20220706_id139 (2).jpg;65
3254;3444;139;MANDRILLS BKB_139_20220706_id139 (3).jpg;190
3232;3452;139;MANDRILLS BKB_139_20220714_id139_femadu.jpg;220
3211;3462;139;MANDRILLS BKB_139_20220724_id139 (1).jpg;251
3151;3462;139;MANDRILLS BKB_139_20220724_id139 (2).jpg;311
3225;3462;139;MANDRILLS BKB_139_20220724_id139 (3).jpg;237
3265;3466;139;MANDRILLS BKB_139_20220728_id139.jpg;201
3531;3470;139;MANDRILLS BKB_139_20220801_id139 (1).jpg;61
2734;3470;139;MANDRILLS BKB_139_20220801_id139 (2).jpg;736
3039;3495;139;MANDRILLS BKB_139_20220826_id139 (2).jpg;456
3178;3497;139;MANDRILLS BKB_139_20220828_id139.jpg;319
3564;3504;139;MANDRILLS BKB_139_20220904_id139 (1).jpg;60
3069;3504;139;MANDRILLS BKB_139_20220904_id139 (2).jpg;435
3098;3505;139;MANDRILLS BKB_139_20220905_id139.jpg;407
3239;3593;139;MANDRILLS BKB_139_20221202_id139.jpg;354
3293;3600;139;MANDRILLS BKB_139_20221209_id139.jpg;307
3200;3601;139;MANDRILLS BKB_139_20221210_id139 (2).jpg;401
2981;3601;139;MANDRILLS BKB_139_20221210_id139.jpg;620
3289;3605;139;MANDRILLS BKB_139_20221214_id139 (2).jpg;316
3335;3605;139;MANDRILLS BKB_139_20221214_id139.jpg;270
3253;3606;139;MANDRILLS BKB_139_20221215_id139.jpg;353
3064;3609;139;MANDRILLS BKB_139_20221218_id139.jpg;545
2208;2017;150;MANDRILLS BKB_150_20180711_id150_femaduGAUCHE_(1)_ORIGINAL.jpg;191
2254;2017;150;MANDRILLS BKB_150_20180711_id150_femaduGAUCHE_(10)_ORIGINAL.jpg;237
1917;2017;150;MANDRILLS BKB_150_20180711_id150_femaduGAUCHE_(8)_ORIGINAL.jpg;100
2196;2017;150;MANDRILLS BKB_150_20180711_id150_femaduGAUCHE_(9)_ORIGINAL.jpg;179
2331;2017;150;MANDRILLS BKB_150_20180711_id150_femadu_(1)_ORIGINAL.jpg;314
2110;2017;150;MANDRILLS BKB_150_20180711_id150_femadu_(10)_ORIGINAL.jpg;93
2076;2017;150;MANDRILLS BKB_150_20180711_id150_femadu_(11)_ORIGINAL.jpg;59
1975;2017;150;MANDRILLS BKB_150_20180711_id150_femadu_(12)_ORIGINAL.jpg;42
1971;2017;150;MANDRILLS BKB_150_20180711_id150_femadu_(13)_ORIGINAL.jpg;46
2120;2017;150;MANDRILLS BKB_150_20180711_id150_femadu_(14)_ORIGINAL.jpg;103
1959;2017;150;MANDRILLS BKB_150_20180711_id150_femadu_(15)_ORIGINAL.jpg;58
2040;2017;150;MANDRILLS BKB_150_20180711_id150_femadu_(16)_ORIGINAL.jpg;23
2062;2017;150;MANDRILLS BKB_150_20180711_id150_femadu_(17)_ORIGINAL.jpg;45
2277;2017;150;MANDRILLS BKB_150_20180711_id150_femadu_(18)_ORIGINAL.jpg;260
2399;2017;150;MANDRILLS BKB_150_20180711_id150_femadu_(2)_ORIGINAL.jpg;382
2379;2017;150;MANDRILLS BKB_150_20180711_id150_femadu_(29)_ORIGINAL.jpg;362
2163;2017;150;MANDRILLS BKB_150_20180711_id150_femadu_(3)_ORIGINAL.jpg;146
2243;2017;150;MANDRILLS BKB_150_20180711_id150_femadu_(30)_ORIGINAL.jpg;226
2261;2017;150;MANDRILLS BKB_150_20180711_id150_femadu_(31)_ORIGINAL.jpg;244
2348;2017;150;MANDRILLS BKB_150_20180711_id150_femadu_(32)_ORIGINAL.jpg;331
2264;2017;150;MANDRILLS BKB_150_20180711_id150_femadu_(33)_ORIGINAL.jpg;247
2217;2017;150;MANDRILLS BKB_150_20180711_id150_femadu_(34)_ORIGINAL.jpg;200
1877;2017;150;MANDRILLS BKB_150_20180711_id150_femadu_(4)_ORIGINAL.jpg;140
2084;2017;150;MANDRILLS BKB_150_20180711_id150_femadu_(5)_ORIGINAL.jpg;67
2170;2017;150;MANDRILLS BKB_150_20180711_id150_femadu_(6)_ORIGINAL.jpg;153
2081;2017;150;MANDRILLS BKB_150_20180711_id150_femadu_(9)_ORIGINAL.jpg;64
2097;2024;150;MANDRILLS BKB_150_20180718_id150_femaduDROITE_(1)_ORIGINAL.jpg;73
2086;2024;150;MANDRILLS BKB_150_20180718_id150_femaduDROITE_(2)_ORIGINAL.jpg;62
1922;2024;150;MANDRILLS BKB_150_20180718_id150_femaduDROITE_(3)_ORIGINAL.jpg;102
2189;2024;150;MANDRILLS BKB_150_20180718_id150_femadu_(1)_ORIGINAL.jpg;165
2169;2024;150;MANDRILLS BKB_150_20180718_id150_femadu_(10)_ORIGINAL.jpg;145
1848;2024;150;MANDRILLS BKB_150_20180718_id150_femadu_(11)_ORIGINAL.jpg;176
2109;2024;150;MANDRILLS BKB_150_20180718_id150_femadu_(12)_ORIGINAL.jpg;85
2056;2024;150;MANDRILLS BKB_150_20180718_id150_femadu_(13)_ORIGINAL.jpg;32
2147;2024;150;MANDRILLS BKB_150_20180718_id150_femadu_(14)_ORIGINAL.jpg;123
2297;2024;150;MANDRILLS BKB_150_20180718_id150_femadu_(15)_ORIGINAL.jpg;273
2261;2024;150;MANDRILLS BKB_150_20180718_id150_femadu_(16)_ORIGINAL.jpg;237
2046;2024;150;MANDRILLS BKB_150_20180718_id150_femadu_(2)_ORIGINAL.jpg;22
2129;2024;150;MANDRILLS BKB_150_20180718_id150_femadu_(3)_ORIGINAL.jpg;105
2070;2024;150;MANDRILLS BKB_150_20180718_id150_femadu_(4)_ORIGINAL.jpg;46
2149;2024;150;MANDRILLS BKB_150_20180718_id150_femadu_(5)_ORIGINAL.jpg;125
2146;2024;150;MANDRILLS BKB_150_20180718_id150_femadu_(6)_ORIGINAL.jpg;122
2285;2024;150;MANDRILLS BKB_150_20180718_id150_femadu_(7)_ORIGINAL.jpg;261
2139;2024;150;MANDRILLS BKB_150_20180718_id150_femadu_(8)_ORIGINAL.jpg;115
2198;2024;150;MANDRILLS BKB_150_20180718_id150_femadu_(9)_ORIGINAL.jpg;174
2136;2025;150;MANDRILLS BKB_150_20180719_id150_femadu_(3)_ORIGINAL.jpg;111
1613;2025;150;MANDRILLS BKB_150_20180719_id150_femadu_(5)_ORIGINAL.jpg;412
2220;2025;150;MANDRILLS BKB_150_20180719_id150_femadu_(6)_ORIGINAL.jpg;195
2113;2032;150;MANDRILLS BKB_150_20180726_id150_femaduDROITE_(1)_ORIGINAL.jpg;81
2115;2032;150;MANDRILLS BKB_150_20180726_id150_femaduDROITE_(2)_ORIGINAL.jpg;83
1893;2032;150;MANDRILLS BKB_150_20180726_id150_femaduDROITE_(3)_ORIGINAL.jpg;139
2217;2032;150;MANDRILLS BKB_150_20180726_id150_femaduDROITE_(5)_ORIGINAL.jpg;185
2258;2032;150;MANDRILLS BKB_150_20180726_id150_femaduDROITE_(6)_ORIGINAL.jpg;226
2002;2032;150;MANDRILLS BKB_150_20180726_id150_femaduDROITE_(7)_ORIGINAL.jpg;30
2475;2033;150;MANDRILLS BKB_150_20180727_id150_femaduDROITE_(1)_ORIGINAL.jpg;442
2253;2033;150;MANDRILLS BKB_150_20180727_id150_femaduDROITE_(2)_ORIGINAL.jpg;220
2440;2033;150;MANDRILLS BKB_150_20180727_id150_femaduDROITE_(3)_ORIGINAL.jpg;407
2459;2033;150;MANDRILLS BKB_150_20180727_id150_femaduDROITE_(4)_ORIGINAL.jpg;426
2046;2033;150;MANDRILLS BKB_150_20180727_id150_femadu_(10)_ORIGINAL.jpg;13
1968;2033;150;MANDRILLS BKB_150_20180727_id150_femadu_(11)_ORIGINAL.jpg;65
2147;2033;150;MANDRILLS BKB_150_20180727_id150_femadu_(12)_ORIGINAL.jpg;114
2369;2033;150;MANDRILLS BKB_150_20180727_id150_femadu_(13)_ORIGINAL.jpg;336
2419;2033;150;MANDRILLS BKB_150_20180727_id150_femadu_(14)_ORIGINAL.jpg;386
2386;2033;150;MANDRILLS BKB_150_20180727_id150_femadu_(15)_ORIGINAL.jpg;353
2336;2033;150;MANDRILLS BKB_150_20180727_id150_femadu_(16)_ORIGINAL.jpg;303
2426;2033;150;MANDRILLS BKB_150_20180727_id150_femadu_(17)_ORIGINAL.jpg;393
2069;2033;150;MANDRILLS BKB_150_20180727_id150_femadu_(5)_ORIGINAL.jpg;36
2036;2033;150;MANDRILLS BKB_150_20180727_id150_femadu_(8)_ORIGINAL.jpg;3
2162;2033;150;MANDRILLS BKB_150_20180727_id150_femadu_(9)_ORIGINAL.jpg;129
2005;2037;150;MANDRILLS BKB_150_20180731_id150_femadu_ORIGINAL.jpg;32
1887;2180;150;MANDRILLS BKB_150_20181221_id150_femadu_(1)_ORIGINAL.jpg;293
1918;2180;150;MANDRILLS BKB_150_20181221_id150_femadu_(10)_ORIGINAL.jpg;262
2007;2180;150;MANDRILLS BKB_150_20181221_id150_femadu_(11)_ORIGINAL.jpg;173
1946;2180;150;MANDRILLS BKB_150_20181221_id150_femadu_(12)_ORIGINAL.jpg;234
1887;2180;150;MANDRILLS BKB_150_20181221_id150_femadu_(13)_ORIGINAL.jpg;293
2126;2180;150;MANDRILLS BKB_150_20181221_id150_femadu_(14)_ORIGINAL.jpg;54
1928;2180;150;MANDRILLS BKB_150_20181221_id150_femadu_(15)_ORIGINAL.jpg;252
2075;2180;150;MANDRILLS BKB_150_20181221_id150_femadu_(16)_ORIGINAL.jpg;105
1910;2180;150;MANDRILLS BKB_150_20181221_id150_femadu_(17)_ORIGINAL.jpg;270
2137;2180;150;MANDRILLS BKB_150_20181221_id150_femadu_(2)_ORIGINAL.jpg;43
2145;2180;150;MANDRILLS BKB_150_20181221_id150_femadu_(20)_ORIGINAL.jpg;35
2022;2180;150;MANDRILLS BKB_150_20181221_id150_femadu_(24)_ORIGINAL.jpg;158
1959;2180;150;MANDRILLS BKB_150_20181221_id150_femadu_(25)_ORIGINAL.jpg;221
2114;2180;150;MANDRILLS BKB_150_20181221_id150_femadu_(26)_ORIGINAL.jpg;66
2146;2180;150;MANDRILLS BKB_150_20181221_id150_femadu_(3)_ORIGINAL.jpg;34
2087;2180;150;MANDRILLS BKB_150_20181221_id150_femadu_(4)_ORIGINAL.jpg;93
2014;2180;150;MANDRILLS BKB_150_20181221_id150_femadu_(5)_ORIGINAL.jpg;166
1993;2180;150;MANDRILLS BKB_150_20181221_id150_femadu_(6)_ORIGINAL.jpg;187
2187;2180;150;MANDRILLS BKB_150_20181221_id150_femadu_(7)_ORIGINAL.jpg;7
1961;2180;150;MANDRILLS BKB_150_20181221_id150_femadu_(8)_ORIGINAL.jpg;219
2139;2180;150;MANDRILLS BKB_150_20181221_id150_femadu_(9)_ORIGINAL.jpg;41
2284;2198;150;MANDRILLS BKB_150_20190108_id150_femadu_DEVANT_(2)_ORIGINAL.jpg;86
2231;2244;150;MANDRILLS BKB_150_20190223_id150_femadu_(1)_ORIGINAL.jpg;13
2258;2244;150;MANDRILLS BKB_150_20190223_id150_femadu_(10)_ORIGINAL.jpg;14
2123;2244;150;MANDRILLS BKB_150_20190223_id150_femadu_(2)_ORIGINAL.jpg;121
2290;2244;150;MANDRILLS BKB_150_20190223_id150_femadu_(3)_ORIGINAL.jpg;46
2176;2244;150;MANDRILLS BKB_150_20190223_id150_femadu_(5)_ORIGINAL.jpg;68
2095;2244;150;MANDRILLS BKB_150_20190223_id150_femadu_(6)_ORIGINAL.jpg;149
2259;2244;150;MANDRILLS BKB_150_20190223_id150_femadu_(7)_ORIGINAL.jpg;15
2367;2244;150;MANDRILLS BKB_150_20190223_id150_femadu_(8)_ORIGINAL.jpg;123
2299;2244;150;MANDRILLS BKB_150_20190223_id150_femadu_DROITE_(1)_ORIGINAL.jpg;55
2232;2244;150;MANDRILLS BKB_150_20190223_id150_femadu_DROITE_(2)_ORIGINAL.jpg;12
2083;2244;150;MANDRILLS BKB_150_20190223_id150_femadu_GAUCHE_(1)_ORIGINAL.jpg;161
2211;2244;150;MANDRILLS BKB_150_20190223_id150_femadu_GAUCHE_(10)_ORIGINAL.jpg;33
2069;2244;150;MANDRILLS BKB_150_20190223_id150_femadu_GAUCHE_(11)_ORIGINAL.jpg;175
2025;2244;150;MANDRILLS BKB_150_20190223_id150_femadu_GAUCHE_(13)_ORIGINAL.jpg;219
1989;2244;150;MANDRILLS BKB_150_20190223_id150_femadu_GAUCHE_(14)_ORIGINAL.jpg;255
2375;2244;150;MANDRILLS BKB_150_20190223_id150_femadu_GAUCHE_(15)_ORIGINAL.jpg;131
2095;2244;150;MANDRILLS BKB_150_20190223_id150_femadu_GAUCHE_(2)_ORIGINAL.jpg;149
2192;2244;150;MANDRILLS BKB_150_20190223_id150_femadu_GAUCHE_(3)_ORIGINAL.jpg;52
2194;2244;150;MANDRILLS BKB_150_20190223_id150_femadu_GAUCHE_(4)_ORIGINAL.jpg;50
2113;2244;150;MANDRILLS BKB_150_20190223_id150_femadu_GAUCHE_(5)_ORIGINAL.jpg;131
2060;2244;150;MANDRILLS BKB_150_20190223_id150_femadu_GAUCHE_(6)_ORIGINAL.jpg;184
2046;2244;150;MANDRILLS BKB_150_20190223_id150_femadu_GAUCHE_(8)_ORIGINAL.jpg;198
2171;2244;150;MANDRILLS BKB_150_20190223_id150_femadu_GAUCHE_(9)_ORIGINAL.jpg;73
2241;2244;150;MANDRILLS BKB_150_20190223_id150_femadu_HAUT_(1)_ORIGINAL.jpg;3
2110;2244;150;MANDRILLS BKB_150_20190223_id150_femadu_HAUT_(3)_ORIGINAL.jpg;134
2074;2262;150;MANDRILLS BKB_150_20190313_id150_femadu_DEVANT_(1).jpg;188
2100;2262;150;MANDRILLS BKB_150_20190313_id150_femadu_DEVANT_(10).jpg;162
2184;2262;150;MANDRILLS BKB_150_20190313_id150_femadu_DEVANT_(11).jpg;78
1996;2262;150;MANDRILLS BKB_150_20190313_id150_femadu_DEVANT_(2).jpg;266
2372;2262;150;MANDRILLS BKB_150_20190313_id150_femadu_DEVANT_(4).jpg;110
2252;2262;150;MANDRILLS BKB_150_20190313_id150_femadu_DEVANT_(5).jpg;10
2241;2262;150;MANDRILLS BKB_150_20190313_id150_femadu_DEVANT_(7).jpg;21
2051;2262;150;MANDRILLS BKB_150_20190313_id150_femadu_DROITE_(1).jpg;211
2435;2262;150;MANDRILLS BKB_150_20190313_id150_femadu_DROITE_(10).jpg;173
2435;2262;150;MANDRILLS BKB_150_20190313_id150_femadu_DROITE_(2).jpg;173
2016;2262;150;MANDRILLS BKB_150_20190313_id150_femadu_DROITE_(3).jpg;246
2425;2262;150;MANDRILLS BKB_150_20190313_id150_femadu_DROITE_(7).jpg;163
2490;2262;150;MANDRILLS BKB_150_20190313_id150_femadu_DROITE_(8).jpg;228
2450;2262;150;MANDRILLS BKB_150_20190313_id150_femadu_DROITE_(9).jpg;188
2031;2262;150;MANDRILLS BKB_150_20190313_id150_femadu_GAUCHE.jpg;231
2260;2262;150;MANDRILLS BKB_150_20190313_id150_femadu_HAUT_(1).jpg;2
2099;2262;150;MANDRILLS BKB_150_20190313_id150_femadu_HAUT_(10).jpg;163
2239;2262;150;MANDRILLS BKB_150_20190313_id150_femadu_HAUT_(11).jpg;23
2174;2262;150;MANDRILLS BKB_150_20190313_id150_femadu_HAUT_(2).jpg;88
2091;2262;150;MANDRILLS BKB_150_20190313_id150_femadu_HAUT_(3).jpg;171
2267;2262;150;MANDRILLS BKB_150_20190313_id150_femadu_HAUT_(4).jpg;5
2247;2262;150;MANDRILLS BKB_150_20190313_id150_femadu_HAUT_(5).jpg;15
2243;2262;150;MANDRILLS BKB_150_20190313_id150_femadu_HAUT_(6).jpg;19
2197;2262;150;MANDRILLS BKB_150_20190313_id150_femadu_HAUT_(8).jpg;65
2251;2262;150;MANDRILLS BKB_150_20190313_id150_femadu_HAUT_(9).jpg;11
1965;2266;150;MANDRILLS BKB_150_20190317_id150_femadu_GAUCHE_(1).jpg;301
1917;2266;150;MANDRILLS BKB_150_20190317_id150_femadu_GAUCHE_(3).jpg;349
2078;2266;150;MANDRILLS BKB_150_20190317_id150_femadu_GAUCHE_(5).jpg;188
2282;2266;150;MANDRILLS BKB_150_20190317_id150_femadu_GAUCHE_(6).jpg;16
2109;2266;150;MANDRILLS BKB_150_20190317_id150_femadu_GAUCHE_(7).jpg;157
1909;2266;150;MANDRILLS BKB_150_20190317_id150_femadu_GAUCHE_(8).jpg;357
2367;2266;150;MANDRILLS BKB_150_20190317_id150_femadu_HAUT_(1).jpg;101
2367;2266;150;MANDRILLS BKB_150_20190317_id150_femadu_HAUT_(2).jpg;101
2209;2273;150;MANDRILLS BKB_150_20190324_id150_femadu_(1).jpg;64
2276;2273;150;MANDRILLS BKB_150_20190324_id150_femadu_(3).jpg;3
2195;2273;150;MANDRILLS BKB_150_20190324_id150_femadu_(4).jpg;78
2070;2273;150;MANDRILLS BKB_150_20190324_id150_femadu_(5).jpg;203
2587;2273;150;MANDRILLS BKB_150_20190324_id150_femadu_GAUCHE.jpg;314
2531;2379;150;MANDRILLS BKB_150_20190708_id150_femadu_(1).jpg;152
2431;2379;150;MANDRILLS BKB_150_20190708_id150_femadu_(10).jpg;52
2545;2379;150;MANDRILLS BKB_150_20190708_id150_femadu_(12).jpg;166
2316;2379;150;MANDRILLS BKB_150_20190708_id150_femadu_(13).jpg;63
2390;2379;150;MANDRILLS BKB_150_20190708_id150_femadu_(14).jpg;11
2477;2379;150;MANDRILLS BKB_150_20190708_id150_femadu_(15).jpg;98
2514;2379;150;MANDRILLS BKB_150_20190708_id150_femadu_(16).jpg;135
2433;2379;150;MANDRILLS BKB_150_20190708_id150_femadu_(17).jpg;54
2289;2379;150;MANDRILLS BKB_150_20190708_id150_femadu_(18).jpg;90
2219;2379;150;MANDRILLS BKB_150_20190708_id150_femadu_(19).jpg;160
2544;2379;150;MANDRILLS BKB_150_20190708_id150_femadu_(2).jpg;165
2242;2379;150;MANDRILLS BKB_150_20190708_id150_femadu_(20).jpg;137
2324;2379;150;MANDRILLS BKB_150_20190708_id150_femadu_(21).jpg;55
2287;2379;150;MANDRILLS BKB_150_20190708_id150_femadu_(23).jpg;92
2354;2379;150;MANDRILLS BKB_150_20190708_id150_femadu_(24).jpg;25
2209;2379;150;MANDRILLS BKB_150_20190708_id150_femadu_(25).jpg;170
2249;2379;150;MANDRILLS BKB_150_20190708_id150_femadu_(26).jpg;130
2241;2379;150;MANDRILLS BKB_150_20190708_id150_femadu_(27).jpg;138
2155;2379;150;MANDRILLS BKB_150_20190708_id150_femadu_(28).jpg;224
2294;2379;150;MANDRILLS BKB_150_20190708_id150_femadu_(29).jpg;85
2510;2379;150;MANDRILLS BKB_150_20190708_id150_femadu_(3).jpg;131
2233;2379;150;MANDRILLS BKB_150_20190708_id150_femadu_(30).jpg;146
2214;2379;150;MANDRILLS BKB_150_20190708_id150_femadu_(36).jpg;165
2184;2379;150;MANDRILLS BKB_150_20190708_id150_femadu_(37).jpg;195
2323;2379;150;MANDRILLS BKB_150_20190708_id150_femadu_(38).jpg;56
2338;2379;150;MANDRILLS BKB_150_20190708_id150_femadu_(39).jpg;41
2429;2379;150;MANDRILLS BKB_150_20190708_id150_femadu_(4).jpg;50
2369;2379;150;MANDRILLS BKB_150_20190708_id150_femadu_(40).jpg;10
2260;2379;150;MANDRILLS BKB_150_20190708_id150_femadu_(41).jpg;119
2316;2379;150;MANDRILLS BKB_150_20190708_id150_femadu_(42).jpg;63
2421;2379;150;MANDRILLS BKB_150_20190708_id150_femadu_(43).jpg;42
2382;2379;150;MANDRILLS BKB_150_20190708_id150_femadu_(44).jpg;3
2213;2379;150;MANDRILLS BKB_150_20190708_id150_femadu_(45).jpg;166
2633;2379;150;MANDRILLS BKB_150_20190708_id150_femadu_(46).jpg;254
2319;2379;150;MANDRILLS BKB_150_20190708_id150_femadu_(47).jpg;60
2181;2379;150;MANDRILLS BKB_150_20190708_id150_femadu_(48).jpg;198
2192;2379;150;MANDRILLS BKB_150_20190708_id150_femadu_(49).jpg;187
2424;2379;150;MANDRILLS BKB_150_20190708_id150_femadu_(5).jpg;45
2259;2379;150;MANDRILLS BKB_150_20190708_id150_femadu_(50).jpg;120
2514;2379;150;MANDRILLS BKB_150_20190708_id150_femadu_(6).jpg;135
2717;2379;150;MANDRILLS BKB_150_20190708_id150_femadu_(7).jpg;338
2561;2379;150;MANDRILLS BKB_150_20190708_id150_femadu_(8).jpg;182
2716;2379;150;MANDRILLS BKB_150_20190708_id150_femadu_(9).jpg;337
2620;2532;150;MANDRILLS BKB_150_20191208_id150_femadu.jpg;88
2099;2593;150;MANDRILLS BKB_150_20200207_id150_femadu_(1).jpg;494
2183;2593;150;MANDRILLS BKB_150_20200207_id150_femadu_(2).jpg;410
2498;2682;150;MANDRILLS BKB_150_20200506_id150_femadu_(1).jpg;184
2635;2682;150;MANDRILLS BKB_150_20200506_id150_femadu_(2).jpg;47
2486;2682;150;MANDRILLS BKB_150_20200506_id150_femadu_(3).jpg;196
2453;2847;150;MANDRILLS BKB_150_20201018_id150_femadu_(1).jpg;394
2639;2847;150;MANDRILLS BKB_150_20201018_id150_femadu_(2).jpg;208
2578;2847;150;MANDRILLS BKB_150_20201018_id150_femadu_(3).jpg;269
2567;2847;150;MANDRILLS BKB_150_20201018_id150_femadu_(4).jpg;280
2651;2881;150;MANDRILLS BKB_150_20201121_id150_femadu.jpg;230
2427;2882;150;MANDRILLS BKB_150_20201122_id150_femadu.jpg;455
2617;2883;150;MANDRILLS BKB_150_20201123_id150_femadu_(1).jpg;266
2557;2883;150;MANDRILLS BKB_150_20201123_id150_femadu_(2).jpg;326
2620;2883;150;MANDRILLS BKB_150_20201123_id150_femadu_(3).jpg;263
2826;2911;150;MANDRILLS BKB_150_20201221_id150_femadu_(2).jpg;85
2216;2911;150;MANDRILLS BKB_150_20201221_id150_femadu_(3).jpg;695
2363;2912;150;MANDRILLS BKB_150_20201222_id150_femadu_(1).jpg;549
2392;2912;150;MANDRILLS BKB_150_20201222_id150_femadu_(2).jpg;520
1789;2912;150;MANDRILLS BKB_150_20201222_id150_femadu_(3).jpg;1123
2317;2912;150;MANDRILLS BKB_150_20201222_id150_femadu_(4).jpg;595
2383;2912;150;MANDRILLS BKB_150_20201222_id150_femadu_(5).jpg;529
2620;2912;150;MANDRILLS BKB_150_20201222_id150_femadu_(6).jpg;292
2160;2912;150;MANDRILLS BKB_150_20201222_id150_femadu_(7).jpg;752
2475;2912;150;MANDRILLS BKB_150_20201222_id150_femadu_(8).jpg;437
2262;2912;150;MANDRILLS BKB_150_20201222_id150_femadu_(9).jpg;650
2540;2924;150;MANDRILLS BKB_150_20210103_id150_femadu_(1).jpg;384
2389;2924;150;MANDRILLS BKB_150_20210103_id150_femadu_(3).jpg;535
2410;2924;150;MANDRILLS BKB_150_20210103_id150_femadu_(4).jpg;514
2395;2925;150;MANDRILLS BKB_150_20210104_id150_femadu_(2).jpg;530
2435;2925;150;MANDRILLS BKB_150_20210104_id150_femadu_(3).jpg;490
2478;2925;150;MANDRILLS BKB_150_20210104_id150_femadu_(4).jpg;447
2182;2950;150;MANDRILLS BKB_150_20210129_id150_femadu_(1).jpg;768
2494;2950;150;MANDRILLS BKB_150_20210129_id150_femadu_(2).jpg;456
2452;2950;150;MANDRILLS BKB_150_20210129_id150_femadu_(3).jpg;498
2742;2951;150;MANDRILLS BKB_150_20210130_id150_femadu_(1).jpg;209
2564;2951;150;MANDRILLS BKB_150_20210130_id150_femadu_(2).jpg;387
2962;2958;150;MANDRILLS BKB_150_20210206_id150_femadu_(1).jpg;4
2816;2958;150;MANDRILLS BKB_150_20210206_id150_femadu_(2).jpg;142
2546;3009;150;MANDRILLS BKB_150_20210329_id150_femadu_(1).jpg;463
2486;3009;150;MANDRILLS BKB_150_20210329_id150_femadu_(2).jpg;523
2632;3012;150;MANDRILLS BKB_150_20210401_id150_femadu.jpg;380
2642;3016;150;MANDRILLS BKB_150_20210405_id150_femadu_(1).jpg;374
2871;3016;150;MANDRILLS BKB_150_20210405_id150_femadu_(2).jpg;145
2562;3021;150;MANDRILLS BKB_150_20210410_id150_femadu_(1).jpg;459
2669;3021;150;MANDRILLS BKB_150_20210410_id150_femadu_(2).jpg;352
2568;3173;150;MANDRILLS BKB_150_20210909_id150_femadu (1).jpg;605
2534;3173;150;MANDRILLS BKB_150_20210909_id150_femadu (2).jpg;639
2457;3173;150;MANDRILLS BKB_150_20210909_id150_femadu_(1).jpg;716
2532;3173;150;MANDRILLS BKB_150_20210909_id150_femadu_(2).jpg;641
2812;3181;150;MANDRILLS BKB_150_20210917_id150_femadu.jpg;369
2559;3213;150;MANDRILLS BKB_150_20211019_id150_femadu.jpg;654
2547;3236;150;MANDRILLS BKB_150_20211111_id150_femadu.jpg;689
2780;3244;150;MANDRILLS BKB_150_20211119_id150_femadu_(1).jpg;464
2799;3244;150;MANDRILLS BKB_150_20211119_id150_femadu_(2).jpg;445
2566;3251;150;MANDRILLS BKB_150_20211126_id150_femadu.jpg;685
2666;3275;150;MANDRILLS BKB_150_20211220_ID150_femadu_(1).jpg;609
2971;3275;150;MANDRILLS BKB_150_20211220_ID150_femadu_(2).jpg;304
2314;3275;150;MANDRILLS BKB_150_20211220_ID150_femadu_(3).jpg;961
2840;3306;150;MANDRILLS BKB_150_20220120_id150 (1).jpg;466
2642;3306;150;MANDRILLS BKB_150_20220120_id150 (2).jpg;664
2838;3308;150;MANDRILLS BKB_150_20220122_id150 (1).jpg;470
2810;3308;150;MANDRILLS BKB_150_20220122_id150 (2).jpg;498
2792;3308;150;MANDRILLS BKB_150_20220122_id150 (3).jpg;516
2688;3316;150;MANDRILLS BKB_150_20220130_id150 (2).jpg;628
2589;3316;150;MANDRILLS BKB_150_20220130_id150 (3).jpg;727
3009;3316;150;MANDRILLS BKB_150_20220130_id150.jpg;307
2826;3386;150;MANDRILLS BKB_150_20220410_id150_femadu.jpg;560
3269;3423;150;MANDRILLS BKB_150_20220517_id150_femadu (1).jpg;154
3012;3423;150;MANDRILLS BKB_150_20220517_id150_femadu (2).jpg;411
3022;3424;150;MANDRILLS BKB_150_20220518_id150_femadu.jpg;402
3033;3430;150;MANDRILLS BKB_150_20220524_id150_femadu.jpg;397
3041;3440;150;MANDRILLS BKB_150_20220603_id150_femadu.jpg;399
3050;3444;150;MANDRILLS BKB_150_20220607_id150_femadu.jpg;394
2993;3461;150;MANDRILLS BKB_150_20220624_id150_femadu (1).jpg;468
2934;3461;150;MANDRILLS BKB_150_20220624_id150_femadu (2).jpg;527
3098;3466;150;MANDRILLS BKB_150_20220629_id150 (1).jpg;368
3126;3466;150;MANDRILLS BKB_150_20220629_id150 (2).jpg;340
3092;3468;150;MANDRILLS BKB_150_20220701_id150 (2).jpg;376
3094;3468;150;MANDRILLS BKB_150_20220701_id150.jpg;374
3039;3478;150;MANDRILLS BKB_150_20220711_id150.jpg;439
3023;3481;150;MANDRILLS BKB_150_20220714_id150_femadu.jpg;458
3155;3483;150;MANDRILLS BKB_150_20220716_id150_femadu (1).jpg;328
3012;3483;150;MANDRILLS BKB_150_20220716_id150_femadu (2).jpg;471
2852;3491;150;MANDRILLS BKB_150_20220724_id150 (2).jpg;639
2552;3491;150;MANDRILLS BKB_150_20220724_id150 (3).jpg;939
3069;3492;150;MANDRILLS BKB_150_20220725_id150.jpg;423
2844;3506;150;MANDRILLS BKB_150_20220808_id150 (1).jpg;662
2847;3506;150;MANDRILLS BKB_150_20220808_id150 (2).jpg;659
2806;3506;150;MANDRILLS BKB_150_20220808_id150 (3).jpg;700
3167;3516;150;MANDRILLS BKB_150_20220818_id150.jpg;349
3055;3521;150;MANDRILLS BKB_150_20220823_id150 (2).jpg;466
3031;3525;150;MANDRILLS BKB_150_20220827_id150.jpg;494
3178;3533;150;MANDRILLS BKB_150_20220904_id150.jpg;355
3025;3536;150;MANDRILLS BKB_150_20220907_id150 (2).jpg;511
3099;3537;150;MANDRILLS BKB_150_20220908_id150.jpg;438
3136;3547;150;MANDRILLS BKB_150_20220918_id150.jpg;411
3167;3555;150;MANDRILLS BKB_150_20220926_id150.jpg;388
2577;3613;150;MANDRILLS BKB_150_20221123_id150.jpg;1036
3124;3615;150;MANDRILLS BKB_150_20221125_id150 (1).jpg;491
3132;3615;150;MANDRILLS BKB_150_20221125_id150.jpg;483
2968;3638;150;MANDRILLS BKB_150_20221218_id150 (2).jpg;670
2709;3638;150;MANDRILLS BKB_150_20221218_id150 (3).jpg;929
2876;3638;150;MANDRILLS BKB_150_20221218_id150.jpg;762
2228;1827;156;MANDRILLS BKB_156_20181212_id156_femadu_(1)_ORIGINAL.jpg;401
2434;1827;156;MANDRILLS BKB_156_20181212_id156_femadu_(10)_ORIGINAL.jpg;607
2462;1827;156;MANDRILLS BKB_156_20181212_id156_femadu_(11)_ORIGINAL.jpg;635
2444;1827;156;MANDRILLS BKB_156_20181212_id156_femadu_(12)_ORIGINAL.jpg;617
2288;1827;156;MANDRILLS BKB_156_20181212_id156_femadu_(13)_ORIGINAL.jpg;461
2047;1827;156;MANDRILLS BKB_156_20181212_id156_femadu_(14)_ORIGINAL.jpg;220
2181;1827;156;MANDRILLS BKB_156_20181212_id156_femadu_(15)_ORIGINAL.jpg;354
2034;1827;156;MANDRILLS BKB_156_20181212_id156_femadu_(16)_ORIGINAL.jpg;207
2202;1827;156;MANDRILLS BKB_156_20181212_id156_femadu_(17)_ORIGINAL.jpg;375
2150;1827;156;MANDRILLS BKB_156_20181212_id156_femadu_(18)_ORIGINAL.jpg;323
2305;1827;156;MANDRILLS BKB_156_20181212_id156_femadu_(19)_ORIGINAL.jpg;478
2373;1827;156;MANDRILLS BKB_156_20181212_id156_femadu_(2)_ORIGINAL.jpg;546
2323;1827;156;MANDRILLS BKB_156_20181212_id156_femadu_(20)_ORIGINAL.jpg;496
2465;1827;156;MANDRILLS BKB_156_20181212_id156_femadu_(21)_ORIGINAL.jpg;638
2332;1827;156;MANDRILLS BKB_156_20181212_id156_femadu_(22)_ORIGINAL.jpg;505
2397;1827;156;MANDRILLS BKB_156_20181212_id156_femadu_(23)_ORIGINAL.jpg;570
2423;1827;156;MANDRILLS BKB_156_20181212_id156_femadu_(24)_ORIGINAL.jpg;596
2442;1827;156;MANDRILLS BKB_156_20181212_id156_femadu_(25)_ORIGINAL.jpg;615
2344;1827;156;MANDRILLS BKB_156_20181212_id156_femadu_(26)_ORIGINAL.jpg;517
2327;1827;156;MANDRILLS BKB_156_20181212_id156_femadu_(27)_ORIGINAL.jpg;500
2309;1827;156;MANDRILLS BKB_156_20181212_id156_femadu_(28)_ORIGINAL.jpg;482
2272;1827;156;MANDRILLS BKB_156_20181212_id156_femadu_(29)_ORIGINAL.jpg;445
2384;1827;156;MANDRILLS BKB_156_20181212_id156_femadu_(3)_ORIGINAL.jpg;557
2422;1827;156;MANDRILLS BKB_156_20181212_id156_femadu_(30)_ORIGINAL.jpg;595
2298;1827;156;MANDRILLS BKB_156_20181212_id156_femadu_(31)_ORIGINAL.jpg;471
2267;1827;156;MANDRILLS BKB_156_20181212_id156_femadu_(32)_ORIGINAL.jpg;440
2196;1827;156;MANDRILLS BKB_156_20181212_id156_femadu_(33)_ORIGINAL.jpg;369
2235;1827;156;MANDRILLS BKB_156_20181212_id156_femadu_(34)_ORIGINAL.jpg;408
2247;1827;156;MANDRILLS BKB_156_20181212_id156_femadu_(35)_ORIGINAL.jpg;420
2166;1827;156;MANDRILLS BKB_156_20181212_id156_femadu_(36)_ORIGINAL.jpg;339
2285;1827;156;MANDRILLS BKB_156_20181212_id156_femadu_(37)_ORIGINAL.jpg;458
2291;1827;156;MANDRILLS BKB_156_20181212_id156_femadu_(38)_ORIGINAL.jpg;464
2268;1827;156;MANDRILLS BKB_156_20181212_id156_femadu_(39)_ORIGINAL.jpg;441
2306;1827;156;MANDRILLS BKB_156_20181212_id156_femadu_(4)_ORIGINAL.jpg;479
2311;1827;156;MANDRILLS BKB_156_20181212_id156_femadu_(40)_ORIGINAL.jpg;484
2350;1827;156;MANDRILLS BKB_156_20181212_id156_femadu_(41)_ORIGINAL.jpg;523
2354;1827;156;MANDRILLS BKB_156_20181212_id156_femadu_(5)_ORIGINAL.jpg;527
2419;1827;156;MANDRILLS BKB_156_20181212_id156_femadu_(7)_ORIGINAL.jpg;592
2303;1827;156;MANDRILLS BKB_156_20181212_id156_femadu_(8)_ORIGINAL.jpg;476
2319;1827;156;MANDRILLS BKB_156_20181212_id156_femadu_(9)_ORIGINAL.jpg;492
2129;1827;156;MANDRILLS BKB_156_20181212_id156_femadu_HAUT_(1)_ORIGINAL.jpg;302
2332;1827;156;MANDRILLS BKB_156_20181212_id156_femadu_HAUT_(10)_ORIGINAL.jpg;505
2301;1827;156;MANDRILLS BKB_156_20181212_id156_femadu_HAUT_(11)_ORIGINAL.jpg;474
2504;1827;156;MANDRILLS BKB_156_20181212_id156_femadu_HAUT_(12)_ORIGINAL.jpg;677
2282;1827;156;MANDRILLS BKB_156_20181212_id156_femadu_HAUT_(13)_ORIGINAL.jpg;455
2284;1827;156;MANDRILLS BKB_156_20181212_id156_femadu_HAUT_(14)_ORIGINAL.jpg;457
2323;1827;156;MANDRILLS BKB_156_20181212_id156_femadu_HAUT_(15)_ORIGINAL.jpg;496
2262;1827;156;MANDRILLS BKB_156_20181212_id156_femadu_HAUT_(16)_ORIGINAL.jpg;435
2250;1827;156;MANDRILLS BKB_156_20181212_id156_femadu_HAUT_(17)_ORIGINAL.jpg;423
2163;1827;156;MANDRILLS BKB_156_20181212_id156_femadu_HAUT_(18)_ORIGINAL.jpg;336
2102;1827;156;MANDRILLS BKB_156_20181212_id156_femadu_HAUT_(19)_ORIGINAL.jpg;275
2218;1827;156;MANDRILLS BKB_156_20181212_id156_femadu_HAUT_(2)_ORIGINAL.jpg;391
2264;1827;156;MANDRILLS BKB_156_20181212_id156_femadu_HAUT_(3)_ORIGINAL.jpg;437
2153;1827;156;MANDRILLS BKB_156_20181212_id156_femadu_HAUT_(4)_ORIGINAL.jpg;326
2200;1827;156;MANDRILLS BKB_156_20181212_id156_femadu_HAUT_(5)_ORIGINAL.jpg;373
2258;1827;156;MANDRILLS BKB_156_20181212_id156_femadu_HAUT_(6)_ORIGINAL.jpg;431
2303;1827;156;MANDRILLS BKB_156_20181212_id156_femadu_HAUT_(7)_ORIGINAL.jpg;476
2144;1827;156;MANDRILLS BKB_156_20181212_id156_femadu_HAUT_(8)_ORIGINAL.jpg;317
2294;1827;156;MANDRILLS BKB_156_20181212_id156_femadu_HAUT_(9)_ORIGINAL.jpg;467
2171;1864;156;MANDRILLS BKB_156_20190118_id156_femadu_CENTRE_(1)_ORIGINAL.jpg;307
2214;1864;156;MANDRILLS BKB_156_20190118_id156_femadu_CENTRE_(10)_ORIGINAL.jpg;350
2203;1864;156;MANDRILLS BKB_156_20190118_id156_femadu_CENTRE_(11)_ORIGINAL.jpg;339
2301;1864;156;MANDRILLS BKB_156_20190118_id156_femadu_CENTRE_(12)_ORIGINAL.jpg;437
2254;1864;156;MANDRILLS BKB_156_20190118_id156_femadu_CENTRE_(13)_ORIGINAL.jpg;390
2277;1864;156;MANDRILLS BKB_156_20190118_id156_femadu_CENTRE_(14)_ORIGINAL.jpg;413
2221;1864;156;MANDRILLS BKB_156_20190118_id156_femadu_CENTRE_(15)_ORIGINAL.jpg;357
2074;1864;156;MANDRILLS BKB_156_20190118_id156_femadu_CENTRE_(16)_ORIGINAL.jpg;210
2217;1864;156;MANDRILLS BKB_156_20190118_id156_femadu_CENTRE_(17)_ORIGINAL.jpg;353
2211;1864;156;MANDRILLS BKB_156_20190118_id156_femadu_CENTRE_(18)_ORIGINAL.jpg;347
2043;1864;156;MANDRILLS BKB_156_20190118_id156_femadu_CENTRE_(19)_ORIGINAL.jpg;179
2089;1864;156;MANDRILLS BKB_156_20190118_id156_femadu_CENTRE_(2)_ORIGINAL.jpg;225
2005;1864;156;MANDRILLS BKB_156_20190118_id156_femadu_CENTRE_(20)_ORIGINAL.jpg;141
2215;1864;156;MANDRILLS BKB_156_20190118_id156_femadu_CENTRE_(21)_ORIGINAL.jpg;351
2178;1864;156;MANDRILLS BKB_156_20190118_id156_femadu_CENTRE_(22)_ORIGINAL.jpg;314
2099;1864;156;MANDRILLS BKB_156_20190118_id156_femadu_CENTRE_(23)_ORIGINAL.jpg;235
2151;1864;156;MANDRILLS BKB_156_20190118_id156_femadu_CENTRE_(27)_ORIGINAL.jpg;287
2125;1864;156;MANDRILLS BKB_156_20190118_id156_femadu_CENTRE_(28)_ORIGINAL.jpg;261
2285;1864;156;MANDRILLS BKB_156_20190118_id156_femadu_CENTRE_(29)_ORIGINAL.jpg;421
2165;1864;156;MANDRILLS BKB_156_20190118_id156_femadu_CENTRE_(3)_ORIGINAL.jpg;301
2112;1864;156;MANDRILLS BKB_156_20190118_id156_femadu_CENTRE_(30)_ORIGINAL.jpg;248
2144;1864;156;MANDRILLS BKB_156_20190118_id156_femadu_CENTRE_(31)_ORIGINAL.jpg;280
2119;1864;156;MANDRILLS BKB_156_20190118_id156_femadu_CENTRE_(32)_ORIGINAL.jpg;255
2149;1864;156;MANDRILLS BKB_156_20190118_id156_femadu_CENTRE_(33)_ORIGINAL.jpg;285
2202;1864;156;MANDRILLS BKB_156_20190118_id156_femadu_CENTRE_(4)_ORIGINAL.jpg;338
2173;1864;156;MANDRILLS BKB_156_20190118_id156_femadu_CENTRE_(5)_ORIGINAL.jpg;309
2158;1864;156;MANDRILLS BKB_156_20190118_id156_femadu_CENTRE_(6)_ORIGINAL.jpg;294
2204;1864;156;MANDRILLS BKB_156_20190118_id156_femadu_CENTRE_(7)_ORIGINAL.jpg;340
2224;1864;156;MANDRILLS BKB_156_20190118_id156_femadu_CENTRE_(8)_ORIGINAL.jpg;360
2204;1864;156;MANDRILLS BKB_156_20190118_id156_femadu_CENTRE_(9)_ORIGINAL.jpg;340
1944;1920;156;MANDRILLS BKB_156_20190315_id156_femadu_GAUCHE_(3).jpg;24
2654;1924;156;MANDRILLS BKB_156_20190319_id156_femadu_(1).jpg;730
2507;1924;156;MANDRILLS BKB_156_20190319_id156_femadu_(10).jpg;583
2037;1924;156;MANDRILLS BKB_156_20190319_id156_femadu_(11).jpg;113
2047;1924;156;MANDRILLS BKB_156_20190319_id156_femadu_(12).jpg;123
2174;1924;156;MANDRILLS BKB_156_20190319_id156_femadu_(14).jpg;250
2600;1924;156;MANDRILLS BKB_156_20190319_id156_femadu_(2).jpg;676
2403;1924;156;MANDRILLS BKB_156_20190319_id156_femadu_(3).jpg;479
2259;1924;156;MANDRILLS BKB_156_20190319_id156_femadu_(4).jpg;335
2316;1924;156;MANDRILLS BKB_156_20190319_id156_femadu_(5).jpg;392
2065;1924;156;MANDRILLS BKB_156_20190319_id156_femadu_(6).jpg;141
2448;1924;156;MANDRILLS BKB_156_20190319_id156_femadu_(7).jpg;524
2183;1924;156;MANDRILLS BKB_156_20190319_id156_femadu_(8).jpg;259
2205;1924;156;MANDRILLS BKB_156_20190319_id156_femadu_(9).jpg;281
2567;1924;156;MANDRILLS BKB_156_20190319_id156_femadu_HAUT_(1).jpg;643
3019;1924;156;MANDRILLS BKB_156_20190319_id156_femadu_HAUT_(2).jpg;1095
2086;1924;156;MANDRILLS BKB_156_20190319_id156_femadu_HAUT_(4).jpg;162
2446;1924;156;MANDRILLS BKB_156_20190319_id156_femadu_HAUT_(5).jpg;522
2133;2041;156;MANDRILLS BKB_156_20190714_id156_femadu_(1).jpg;92
2503;2041;156;MANDRILLS BKB_156_20190714_id156_femadu_(2).jpg;462
2314;2041;156;MANDRILLS BKB_156_20190714_id156_femadu_(3).jpg;273
2177;2041;156;MANDRILLS BKB_156_20190714_id156_femadu_(4).jpg;136
2018;2041;156;MANDRILLS BKB_156_20190714_id156_femadu_(5).jpg;23
2708;2261;156;MANDRILLS BKB_156_20200219_id156_femadu_(1).jpg;447
2316;2261;156;MANDRILLS BKB_156_20200219_id156_femadu_(2).jpg;55
2684;2261;156;MANDRILLS BKB_156_20200219_id156_femadu_(3).jpg;423
2350;2261;156;MANDRILLS BKB_156_20200219_id156_femadu_(4).jpg;89
2882;2283;156;MANDRILLS BKB_156_20200312_id156_femadu_(1).jpg;599
2990;2283;156;MANDRILLS BKB_156_20200312_id156_femadu_(2).jpg;707
2545;2283;156;MANDRILLS BKB_156_20200312_id156_femadu_(3).jpg;262
2368;2335;156;MANDRILLS BKB_156_20200503_id156_femadu.jpg;33
2262;2337;156;MANDRILLS BKB_156_20200505_id156_femadu_(1).jpg;75
2851;2337;156;MANDRILLS BKB_156_20200505_id156_femadu_(2).jpg;514
2821;2337;156;MANDRILLS BKB_156_20200505_id156_femadu_(3).jpg;484
3026;2337;156;MANDRILLS BKB_156_20200505_id156_femadu_(5).jpg;689
2606;2338;156;MANDRILLS BKB_156_20200506_id156_femadu.jpg;268
2634;2507;156;MANDRILLS BKB_156_20201022_id156_femadu_(1).jpg;127
2801;2507;156;MANDRILLS BKB_156_20201022_id156_femadu_(2).jpg;294
2645;2507;156;MANDRILLS BKB_156_20201022_id156_femadu_(3).jpg;138
2759;2522;156;MANDRILLS BKB_156_20201106_id156_femadu.jpg;237
2446;2561;156;MANDRILLS BKB_156_20201215_id156_femadu_(1).jpg;115
2537;2561;156;MANDRILLS BKB_156_20201215_id156_femadu_(2).jpg;24
2748;2568;156;MANDRILLS BKB_156_20201222_id156_femadu_(1).jpg;180
2853;2568;156;MANDRILLS BKB_156_20201222_id156_femadu_(2).jpg;285
2889;2568;156;MANDRILLS BKB_156_20201222_id156_femadu_(3).jpg;321
2643;2581;156;MANDRILLS BKB_156_20210104_id156_femadu.jpg;62
2966;2584;156;MANDRILLS BKB_156_20210107_id156_femadu_(1).jpg;382
3153;2584;156;MANDRILLS BKB_156_20210107_id156_femadu_(2).jpg;569
3116;2584;156;MANDRILLS BKB_156_20210107_id156_femadu_(3).jpg;532
3051;2584;156;MANDRILLS BKB_156_20210107_id156_femadu_(4).jpg;467
2771;2586;156;MANDRILLS BKB_156_20210109_id156_femadu_(1).jpg;185
2749;2586;156;MANDRILLS BKB_156_20210109_id156_femadu_(2).jpg;163
2550;2594;156;MANDRILLS BKB_156_20210117_id156_femadu.jpg;44
2731;2603;156;MANDRILLS BKB_156_20210126_id156_femadu_(1).jpg;128
2714;2603;156;MANDRILLS BKB_156_20210126_id156_femadu_(2).jpg;111
3166;2605;156;MANDRILLS BKB_156_20210128_id156_femadu.jpg;561
2413;2606;156;MANDRILLS BKB_156_20210129_id156_femadu_(1).jpg;193
2841;2606;156;MANDRILLS BKB_156_20210129_id156_femadu_(3).jpg;235
2723;2634;156;MANDRILLS BKB_156_20210226_id156_femadu_(1).jpg;89
2857;2634;156;MANDRILLS BKB_156_20210226_id156_femadu_(2).jpg;223
2864;2634;156;MANDRILLS BKB_156_20210226_id156_femadu_(3).jpg;230
2664;2634;156;MANDRILLS BKB_156_20210226_id156_femadu_(4).jpg;30
2322;2634;156;MANDRILLS BKB_156_20210226_id156_femadu_(5).jpg;312
2568;2634;156;MANDRILLS BKB_156_20210226_id156_femadu_(6).jpg;66
2646;2677;156;MANDRILLS BKB_156_20210410_id156_femadu.jpg;31
2859;2686;156;MANDRILLS BKB_156_20210419_id156_femadu.jpg;173
2995;2690;156;MANDRILLS BKB_156_20210423_id156_femadu_(1).jpg;305
3020;2784;156;MANDRILLS BKB_156_20210726_id156_femadu_(2).jpg;236
2981;2784;156;MANDRILLS BKB_156_20210726_id156_femadu_(3).jpg;197
3073;2784;156;MANDRILLS BKB_156_20210726_id156_femadu_(4).jpg;289
3050;2784;156;MANDRILLS BKB_156_20210726_id156_femadu_(5).jpg;266
2570;2784;156;MANDRILLS BKB_156_20210726_id156_femadu_(6).jpg;214
2776;2784;156;MANDRILLS BKB_156_20210726_id156_femadu_(9).jpg;8
2852;2829;156;MANDRILLS BKB_156_20210909_id156_femadu.jpg;23
3151;2842;156;MANDRILLS BKB_156_20210922_id156_femadu.jpg;309
3175;2866;156;MANDRILLS BKB_156_20211016_id156_femadu.jpg;309
3072;2883;156;MANDRILLS BKB_156_20211102_id156_femadu_(1).jpg;189
3112;2892;156;MANDRILLS BKB_156_20211111_id156_femadu.jpg;220
3120;2900;156;MANDRILLS BKB_156_20211119_id156_femadu.jpg;220
3192;2915;156;MANDRILLS BKB_156_20211204_ID156_femadu_(1).jpg;277
3057;2915;156;MANDRILLS BKB_156_20211204_ID156_femadu_(2).jpg;142
3044;2927;156;MANDRILLS BKB_156_20211216_ID156_femadu_(1).jpg;117
2670;2927;156;MANDRILLS BKB_156_20211216_ID156_femadu_(2).jpg;257
3131;2964;156;MANDRILLS BKB_156_20220122_id156 (1).jpg;167
3020;2964;156;MANDRILLS BKB_156_20220122_id156 (2).jpg;56
2895;3020;156;MANDRILLS BKB_156_20220319_id156_femadu (1).jpg;125
3026;3020;156;MANDRILLS BKB_156_20220319_id156_femadu (2).jpg;6
3135;3020;156;MANDRILLS BKB_156_20220319_id156_femadu (3).jpg;115
3191;3024;156;MANDRILLS BKB_156_20220323_id156_femadu (1).jpg;167
3252;3024;156;MANDRILLS BKB_156_20220323_id156_femadu (2).jpg;228
3190;3065;156;MANDRILLS BKB_156_20220503_id156_femadu (2).jpg;125
3322;3065;156;MANDRILLS BKB_156_20220503_id156_femadu.jpg;257
2891;3071;156;MANDRILLS BKB_156_20220509_id156_femadu (1).jpg;180
2930;3071;156;MANDRILLS BKB_156_20220509_id156_femadu (2).jpg;141
3115;3071;156;MANDRILLS BKB_156_20220509_id156_femadu (3).jpg;44
3136;3071;156;MANDRILLS BKB_156_20220509_id156_femadu (4).jpg;65
3074;3071;156;MANDRILLS BKB_156_20220509_id156_femadu (5).jpg;3
3158;3079;156;MANDRILLS BKB_156_20220517_id156_fem_adu.jpg;79
3000;3083;156;MANDRILLS BKB_156_20220521_id156_femadu.jpg;83
2386;3117;156;MANDRILLS BKB_156_20220624_id156_femadu (1).jpg;731
3039;3117;156;MANDRILLS BKB_156_20220624_id156_femadu (2).jpg;78
3135;3117;156;MANDRILLS BKB_156_20220624_id156_femadu (3).jpg;18
3390;3124;156;MANDRILLS BKB_156_20220701_id156.jpg;266
2969;3128;156;MANDRILLS BKB_156_20220705_id156 (1).jpg;159
1241;3128;156;MANDRILLS BKB_156_20220705_id156 (2).jpg;1887
3125;3134;156;MANDRILLS BKB_156_20220711_id156 (2).jpg;9
3095;3134;156;MANDRILLS BKB_156_20220711_id156.jpg;39
3306;3135;156;MANDRILLS BKB_156_20220712_id156 (1).jpg;171
2965;3135;156;MANDRILLS BKB_156_20220712_id156 (2).jpg;170
3316;3137;156;MANDRILLS BKB_156_20220714_id156_femadu.jpg;179
3180;3142;156;MANDRILLS BKB_156_20220719_id156.jpg;38
3070;3144;156;MANDRILLS BKB_156_20220721_id156.jpg;74
3188;3162;156;MANDRILLS BKB_156_20220808_id156.jpg;26
3237;3180;156;MANDRILLS BKB_156_20220826_id156 (1).jpg;57
3261;3180;156;MANDRILLS BKB_156_20220826_id156 (2).jpg;81
3317;3189;156;MANDRILLS BKB_156_20220904_id156.jpg;128
3263;3192;156;MANDRILLS BKB_156_20220907_id156.jpg;71
3429;3196;156;MANDRILLS BKB_156_20220911_id156.jpg;233
3438;3197;156;MANDRILLS BKB_156_20220912_id156 (1).jpg;241
3211;3197;156;MANDRILLS BKB_156_20220912_id156 (2).jpg;14
3195;3213;156;MANDRILLS BKB_156_20220928_id156.jpg;18
3305;3220;156;MANDRILLS BKB_156_20221005_id156 (1).jpg;85
3382;3220;156;MANDRILLS BKB_156_20221005_id156 (2).jpg;162
3474;3220;156;MANDRILLS BKB_156_20221005_id156 (3).jpg;254
3297;3245;156;MANDRILLS BKB_156_20221030_id156.jpg;52
3253;3265;156;MANDRILLS BKB_156_20221119_id156.jpg;12
3209;3269;156;MANDRILLS BKB_156_20221123_id156.jpg;60
3200;3271;156;MANDRILLS BKB_156_20221125_id156 (1).jpg;71
3210;3271;156;MANDRILLS BKB_156_20221125_id156 (2).jpg;61
3201;3276;156;MANDRILLS BKB_156_20221130_id156.jpg;75
3282;3285;156;MANDRILLS BKB_156_20221209_id156.jpg;3
3331;3290;156;MANDRILLS BKB_156_20221214_id156.jpg;41
3190;3294;156;MANDRILLS BKB_156_20221218_id156.jpg;104
1607;1627;159;MANDRILLS BKB_159_20180711_id159_femadu_(10)_ORIGINAL.jpg;20
1653;1627;159;MANDRILLS BKB_159_20180711_id159_femadu_(11)_ORIGINAL.jpg;26
1649;1627;159;MANDRILLS BKB_159_20180711_id159_femadu_(12)_ORIGINAL.jpg;22
1699;1627;159;MANDRILLS BKB_159_20180711_id159_femadu_(13)_ORIGINAL.jpg;72
1655;1627;159;MANDRILLS BKB_159_20180711_id159_femadu_(14)_ORIGINAL.jpg;28
1597;1627;159;MANDRILLS BKB_159_20180711_id159_femadu_(15)_ORIGINAL.jpg;30
1520;1627;159;MANDRILLS BKB_159_20180711_id159_femadu_(16)_ORIGINAL.jpg;107
1525;1627;159;MANDRILLS BKB_159_20180711_id159_femadu_(17)_ORIGINAL.jpg;102
1560;1627;159;MANDRILLS BKB_159_20180711_id159_femadu_(2)_ORIGINAL.jpg;67
1908;1627;159;MANDRILLS BKB_159_20180711_id159_femadu_(3)_ORIGINAL.jpg;281
2043;1627;159;MANDRILLS BKB_159_20180711_id159_femadu_(4)_ORIGINAL.jpg;416
1912;1627;159;MANDRILLS BKB_159_20180711_id159_femadu_(5)_ORIGINAL.jpg;285
1695;1627;159;MANDRILLS BKB_159_20180711_id159_femadu_(6)_ORIGINAL.jpg;68
1643;1627;159;MANDRILLS BKB_159_20180711_id159_femadu_(7)_ORIGINAL.jpg;16
1656;1627;159;MANDRILLS BKB_159_20180711_id159_femadu_(8)_ORIGINAL.jpg;29
1591;1627;159;MANDRILLS BKB_159_20180711_id159_femadu_(9)_ORIGINAL.jpg;36
1725;1790;159;MANDRILLS BKB_159_20181221_id159_femadu_HAUT_(1)_ORIGINAL.jpg;65
1830;1790;159;MANDRILLS BKB_159_20181221_id159_femadu_HAUT_(2)_ORIGINAL.jpg;40
1761;1790;159;MANDRILLS BKB_159_20181221_id159_femadu_HAUT_(3)_ORIGINAL.jpg;29
1647;1790;159;MANDRILLS BKB_159_20181221_id159_femadu_HAUT_(4)_ORIGINAL.jpg;143
1832;1790;159;MANDRILLS BKB_159_20181221_id159_femadu_HAUT_(5)_ORIGINAL.jpg;42
1567;1790;159;MANDRILLS BKB_159_20181221_id159_femadu_HAUT_(6)_ORIGINAL.jpg;223
1808;1790;159;MANDRILLS BKB_159_20181221_id159_femadu_HAUT_(7)_ORIGINAL.jpg;18
1808;1812;159;MANDRILLS BKB_159_20190112_id159_femadu_(1)_ORIGINAL.jpg;4
1757;1812;159;MANDRILLS BKB_159_20190112_id159_femadu_(10)_ORIGINAL.jpg;55
1730;1812;159;MANDRILLS BKB_159_20190112_id159_femadu_(11)_ORIGINAL.jpg;82
1767;1812;159;MANDRILLS BKB_159_20190112_id159_femadu_(12)_ORIGINAL.jpg;45
1799;1812;159;MANDRILLS BKB_159_20190112_id159_femadu_(13)_ORIGINAL.jpg;13
1796;1812;159;MANDRILLS BKB_159_20190112_id159_femadu_(14)_ORIGINAL.jpg;16
1866;1812;159;MANDRILLS BKB_159_20190112_id159_femadu_(15)_ORIGINAL.jpg;54
1830;1812;159;MANDRILLS BKB_159_20190112_id159_femadu_(16)_ORIGINAL.jpg;18
1753;1812;159;MANDRILLS BKB_159_20190112_id159_femadu_(2)_ORIGINAL.jpg;59
1745;1812;159;MANDRILLS BKB_159_20190112_id159_femadu_(3)_ORIGINAL.jpg;67
1814;1812;159;MANDRILLS BKB_159_20190112_id159_femadu_(4)_ORIGINAL.jpg;2
1726;1812;159;MANDRILLS BKB_159_20190112_id159_femadu_(5)_ORIGINAL.jpg;86
1706;1812;159;MANDRILLS BKB_159_20190112_id159_femadu_(6)_ORIGINAL.jpg;106
1794;1812;159;MANDRILLS BKB_159_20190112_id159_femadu_(7)_ORIGINAL.jpg;18
1764;1812;159;MANDRILLS BKB_159_20190112_id159_femadu_(8)_ORIGINAL.jpg;48
1760;1812;159;MANDRILLS BKB_159_20190112_id159_femadu_(9)_ORIGINAL.jpg;52
1796;1812;159;MANDRILLS BKB_159_20190112_id159_femadu_HAUT_(2)_ORIGINAL.jpg;16
1739;1812;159;MANDRILLS BKB_159_20190112_id159_femadu_HAUT_(3)_ORIGINAL.jpg;73
1765;1812;159;MANDRILLS BKB_159_20190112_id159_femadu_HAUT_(4)_ORIGINAL.jpg;47
1813;1812;159;MANDRILLS BKB_159_20190112_id159_femadu_HAUT_(5)_ORIGINAL.jpg;1
1812;1812;159;MANDRILLS BKB_159_20190112_id159_femadu_HAUT_(6)_ORIGINAL.jpg;0
1844;1812;159;MANDRILLS BKB_159_20190112_id159_femadu_HAUT_(7)_ORIGINAL.jpg;32
1836;1864;159;MANDRILLS BKB_159_20190305_id159_femaduHAUT_ORIGINAL.jpg;28
2151;1874;159;MANDRILLS BKB_159_20190315_id159_femadu_(1).jpg;277
1699;1874;159;MANDRILLS BKB_159_20190315_id159_femadu_(2).jpg;175
2128;1874;159;MANDRILLS BKB_159_20190315_id159_femadu_(3).jpg;254
2099;1950;159;MANDRILLS BKB_159_20190530_id159_femadu.jpg;149
2261;1955;159;MANDRILLS BKB_159_20190604_id159_femadu_(1).jpg;306
1607;1987;159;MANDRILLS BKB_159_20190706_id159_femadu_(1).jpg;380
2098;1987;159;MANDRILLS BKB_159_20190706_id159_femadu_(10).jpg;111
2084;1987;159;MANDRILLS BKB_159_20190706_id159_femadu_(11).jpg;97
2067;1987;159;MANDRILLS BKB_159_20190706_id159_femadu_(13).jpg;80
2030;1987;159;MANDRILLS BKB_159_20190706_id159_femadu_(3).jpg;43
2324;1987;159;MANDRILLS BKB_159_20190706_id159_femadu_(4).jpg;337
2506;1987;159;MANDRILLS BKB_159_20190706_id159_femadu_(5).jpg;519
2430;1987;159;MANDRILLS BKB_159_20190706_id159_femadu_(6).jpg;443
2261;1987;159;MANDRILLS BKB_159_20190706_id159_femadu_(7).jpg;274
1605;1987;159;MANDRILLS BKB_159_20190706_id159_femadu_(8).jpg;382
2124;1987;159;MANDRILLS BKB_159_20190706_id159_femadu_(9).jpg;137
2488;1987;159;MANDRILLS BKB_159_20190706_id159_femadu_DROITE.jpg;501
2041;2245;159;MANDRILLS BKB_159_20200320_id159_femadu_(1).jpg;204
2609;2245;159;MANDRILLS BKB_159_20200320_id159_femadu_(2).jpg;364
2384;2245;159;MANDRILLS BKB_159_20200320_id159_femadu_(3).jpg;139
2528;2287;159;MANDRILLS BKB_159_20200501_id159_femadu.jpg;241
2462;2292;159;MANDRILLS BKB_159_20200506_id159_femadu_(1).jpg;170
2260;2292;159;MANDRILLS BKB_159_20200506_id159_femadu_(2).jpg;32
2293;2292;159;MANDRILLS BKB_159_20200506_id159_femadu_(3).jpg;1
2144;2461;159;MANDRILLS BKB_159_20201022_id159_femadu_(1).jpg;317
2081;2461;159;MANDRILLS BKB_159_20201022_id159_femadu_(2).jpg;380
2210;2461;159;MANDRILLS BKB_159_20201022_id159_femadu_(4).jpg;251
2402;2461;159;MANDRILLS BKB_159_20201022_id159_femadu_(5).jpg;59
2812;2494;159;MANDRILLS BKB_159_20201124_id159_femadu_(1).jpg;318
2117;2494;159;MANDRILLS BKB_159_20201124_id159_femadu_(2).jpg;377
2517;2494;159;MANDRILLS BKB_159_20201124_id159_femadu_(3).jpg;23
2510;2494;159;MANDRILLS BKB_159_20201124_id159_femadu_(4).jpg;16
2517;2494;159;MANDRILLS BKB_159_20201124_id159_femadu_(5).jpg;23
2594;2495;159;MANDRILLS BKB_159_20201125_id159_femadu_(1).jpg;99
2438;2495;159;MANDRILLS BKB_159_20201125_id159_femadu_(2).jpg;57
2529;2495;159;MANDRILLS BKB_159_20201125_id159_femadu_(4).jpg;34
2514;2495;159;MANDRILLS BKB_159_20201125_id159_femadu_(5).jpg;19
2488;2495;159;MANDRILLS BKB_159_20201125_id159_femadu_(6).jpg;7
2694;2513;159;MANDRILLS BKB_159_20201213_id159_femadu_(1).jpg;181
2899;2513;159;MANDRILLS BKB_159_20201213_id159_femadu_(2).jpg;386
2680;2513;159;MANDRILLS BKB_159_20201213_id159_femadu_(3).jpg;167
2645;2513;159;MANDRILLS BKB_159_20201213_id159_femadu_(4).jpg;132
2465;2516;159;MANDRILLS BKB_159_20201216_id159_femadu_(1).jpg;51
2256;2516;159;MANDRILLS BKB_159_20201216_id159_femadu_(2).jpg;260
2316;2516;159;MANDRILLS BKB_159_20201216_id159_femadu_(3).jpg;200
2577;2518;159;MANDRILLS BKB_159_20201218_id159_femadu.jpg;59
2552;2522;159;MANDRILLS BKB_159_20201222_id159_femadu.jpg;30
2699;2535;159;MANDRILLS BKB_159_20210104_id159_femadu_(1).jpg;164
2667;2535;159;MANDRILLS BKB_159_20210104_id159_femadu_(2).jpg;132
2634;2535;159;MANDRILLS BKB_159_20210104_id159_femadu_(3).jpg;99
2660;2535;159;MANDRILLS BKB_159_20210104_id159_femadu_(4).jpg;125
2502;2560;159;MANDRILLS BKB_159_20210129_id159_femadu_(1).jpg;58
2566;2560;159;MANDRILLS BKB_159_20210129_id159_femadu_(2).jpg;6
2624;2571;159;MANDRILLS BKB_159_20210209_id159_femadu.jpg;53
2522;2572;159;MANDRILLS BKB_159_20210210_id159_femadu.jpg;50
2380;2640;159;MANDRILLS BKB_159_20210419_id159_femadu.jpg;260
2722;2796;159;MANDRILLS BKB_159_20210922_id159_femadu.jpg;74
2590;2854;159;MANDRILLS BKB_159_20211119_id159_femadu.jpg;264
2586;2884;159;MANDRILLS BKB_159_20211219_id159_femadu.jpg;298
2823;2892;159;MANDRILLS BKB_159_20211227_id159_femadu_(1).jpg;69
2742;2892;159;MANDRILLS BKB_159_20211227_id159_femadu_(2).jpg;150
2754;2938;159;MANDRILLS BKB_159_20220211_id159_femadu (1).jpg;184
2536;2938;159;MANDRILLS BKB_159_20220211_id159_femadu (2).jpg;402
2875;2943;159;MANDRILLS BKB_159_20220216_id159_femadu.jpg;68
3003;2950;159;MANDRILLS BKB_159_20220223_id159_femadu.jpg;53
2804;2977;159;MANDRILLS BKB_159_20220322_id159_femadu.jpg;173
2764;3012;159;MANDRILLS BKB_159_20220426_id159_femadu (2).jpg;248
2786;3033;159;MANDRILLS BKB_159_20220517_id159_femadu.jpg;247
3079;3070;159;MANDRILLS BKB_159_20220623_id159_femadu.jpg;9
2018;3076;159;MANDRILLS BKB_159_20220629_id159 (1).jpg;1058
2964;3076;159;MANDRILLS BKB_159_20220629_id159 (2).jpg;112
3047;3076;159;MANDRILLS BKB_159_20220629_id159.jpg;29
2766;3080;159;MANDRILLS BKB_159_20220703_id159.jpg;314
2923;3091;159;MANDRILLS BKB_159_20220714_id159_femadu.jpg;168
2810;3095;159;MANDRILLS BKB_159_20220718_id159.jpg;285
2915;3102;159;MANDRILLS BKB_159_20220725_id159 (2).jpg;187
3018;3102;159;MANDRILLS BKB_159_20220725_id159.jpg;84
3106;3120;159;MANDRILLS BKB_159_20220812_id159.jpg;14
3032;3143;159;MANDRILLS BKB_159_20220904_id159 (2).jpg;111
3070;3144;159;MANDRILLS BKB_159_20220905_id159 (1).jpg;74
3231;3144;159;MANDRILLS BKB_159_20220905_id159 (2).jpg;87
3067;3146;159;MANDRILLS BKB_159_20220907_id159.jpg;79
3158;3150;159;MANDRILLS BKB_159_20220911_id159.jpg;8
2934;3199;159;MANDRILLS BKB_159_20221030_id159.jpg;265
2991;3230;159;MANDRILLS BKB_159_20221130_id159.jpg;239
2874;3231;159;MANDRILLS BKB_159_20221201_id159.jpg;357
2745;3239;159;MANDRILLS BKB_159_20221209_id159 (1).jpg;494
2853;3239;159;MANDRILLS BKB_159_20221209_id159 (3).jpg;386
2892;3240;159;MANDRILLS BKB_159_20221210_id159.jpg;348
2905;3244;159;MANDRILLS BKB_159_20221214_id159.jpg;339
1546;1634;164;MANDRILLS BKB_164_20180705_id164_femadu_ORIGINAL.jpg;88
1710;1640;164;MANDRILLS BKB_164_20180711_id164_femadu_(1)_ORIGINAL.jpg;70
1912;1640;164;MANDRILLS BKB_164_20180711_id164_femadu_(10)_ORIGINAL.jpg;272
1578;1640;164;MANDRILLS BKB_164_20180711_id164_femadu_(11)_ORIGINAL.jpg;62
1749;1640;164;MANDRILLS BKB_164_20180711_id164_femadu_(12)_ORIGINAL.jpg;109
1625;1640;164;MANDRILLS BKB_164_20180711_id164_femadu_(13)_ORIGINAL.jpg;15
1511;1640;164;MANDRILLS BKB_164_20180711_id164_femadu_(14)_ORIGINAL.jpg;129
1774;1640;164;MANDRILLS BKB_164_20180711_id164_femadu_(18)_ORIGINAL.jpg;134
1743;1640;164;MANDRILLS BKB_164_20180711_id164_femadu_(19)_ORIGINAL.jpg;103
1694;1640;164;MANDRILLS BKB_164_20180711_id164_femadu_(2)_ORIGINAL.jpg;54
1796;1640;164;MANDRILLS BKB_164_20180711_id164_femadu_(20)_ORIGINAL.jpg;156
1816;1640;164;MANDRILLS BKB_164_20180711_id164_femadu_(21)_ORIGINAL.jpg;176
1788;1640;164;MANDRILLS BKB_164_20180711_id164_femadu_(22)_ORIGINAL.jpg;148
1692;1640;164;MANDRILLS BKB_164_20180711_id164_femadu_(23)_ORIGINAL.jpg;52
1795;1640;164;MANDRILLS BKB_164_20180711_id164_femadu_(24)_ORIGINAL.jpg;155
1700;1640;164;MANDRILLS BKB_164_20180711_id164_femadu_(25)_ORIGINAL.jpg;60
1752;1640;164;MANDRILLS BKB_164_20180711_id164_femadu_(26)_ORIGINAL.jpg;112
1828;1640;164;MANDRILLS BKB_164_20180711_id164_femadu_(27)_ORIGINAL.jpg;188
1553;1640;164;MANDRILLS BKB_164_20180711_id164_femadu_(28)_ORIGINAL.jpg;87
1535;1640;164;MANDRILLS BKB_164_20180711_id164_femadu_(29)_ORIGINAL.jpg;105
1689;1640;164;MANDRILLS BKB_164_20180711_id164_femadu_(3)_ORIGINAL.jpg;49
1533;1640;164;MANDRILLS BKB_164_20180711_id164_femadu_(30)_ORIGINAL.jpg;107
1560;1640;164;MANDRILLS BKB_164_20180711_id164_femadu_(31)_ORIGINAL.jpg;80
1661;1640;164;MANDRILLS BKB_164_20180711_id164_femadu_(32)_ORIGINAL.jpg;21
1787;1640;164;MANDRILLS BKB_164_20180711_id164_femadu_(33)_ORIGINAL.jpg;147
1772;1640;164;MANDRILLS BKB_164_20180711_id164_femadu_(34)_ORIGINAL.jpg;132
1800;1640;164;MANDRILLS BKB_164_20180711_id164_femadu_(35)_ORIGINAL.jpg;160
1714;1640;164;MANDRILLS BKB_164_20180711_id164_femadu_(36)_ORIGINAL.jpg;74
1642;1640;164;MANDRILLS BKB_164_20180711_id164_femadu_(4)_ORIGINAL.jpg;2
1621;1640;164;MANDRILLS BKB_164_20180711_id164_femadu_(8)_ORIGINAL.jpg;19
1797;1640;164;MANDRILLS BKB_164_20180711_id164_femadu_(9)_ORIGINAL.jpg;157
1447;1645;164;MANDRILLS BKB_164_20180716_id164_femadu_(1)_ORIGINAL.jpg;198
1700;1645;164;MANDRILLS BKB_164_20180716_id164_femadu_(4)_ORIGINAL.jpg;55
1684;1698;164;MANDRILLS BKB_164_20180907_id164_femadu_(1)_ORIGINAL.jpg;14
1538;1698;164;MANDRILLS BKB_164_20180907_id164_femadu_(10)_ORIGINAL.jpg;160
1530;1698;164;MANDRILLS BKB_164_20180907_id164_femadu_(11)_ORIGINAL.jpg;168
1775;1698;164;MANDRILLS BKB_164_20180907_id164_femadu_(12)_ORIGINAL.jpg;77
1691;1698;164;MANDRILLS BKB_164_20180907_id164_femadu_(13)_ORIGINAL.jpg;7
1702;1698;164;MANDRILLS BKB_164_20180907_id164_femadu_(14)_ORIGINAL.jpg;4
1641;1698;164;MANDRILLS BKB_164_20180907_id164_femadu_(15)_ORIGINAL.jpg;57
1607;1698;164;MANDRILLS BKB_164_20180907_id164_femadu_(16)_ORIGINAL.jpg;91
1595;1698;164;MANDRILLS BKB_164_20180907_id164_femadu_(17)_ORIGINAL.jpg;103
1730;1698;164;MANDRILLS BKB_164_20180907_id164_femadu_(18)_ORIGINAL.jpg;32
1675;1698;164;MANDRILLS BKB_164_20180907_id164_femadu_(19)_ORIGINAL.jpg;23
1752;1698;164;MANDRILLS BKB_164_20180907_id164_femadu_(2)_ORIGINAL.jpg;54
1773;1698;164;MANDRILLS BKB_164_20180907_id164_femadu_(3)_ORIGINAL.jpg;75
1705;1698;164;MANDRILLS BKB_164_20180907_id164_femadu_(4)_ORIGINAL.jpg;7
1674;1698;164;MANDRILLS BKB_164_20180907_id164_femadu_(5)_ORIGINAL.jpg;24
1784;1698;164;MANDRILLS BKB_164_20180907_id164_femadu_(6)_ORIGINAL.jpg;86
1556;1698;164;MANDRILLS BKB_164_20180907_id164_femadu_(7)_ORIGINAL.jpg;142
1583;1698;164;MANDRILLS BKB_164_20180907_id164_femadu_(8)_ORIGINAL.jpg;115
1568;1698;164;MANDRILLS BKB_164_20180907_id164_femadu_(9)_ORIGINAL.jpg;130
1784;1848;164;MANDRILLS BKB_164_20190204_id164_femadu_(1)_ORIGINAL.jpg;64
1464;1848;164;MANDRILLS BKB_164_20190204_id164_femadu_(11)_ORIGINAL.jpg;384
1571;1848;164;MANDRILLS BKB_164_20190204_id164_femadu_(12)_ORIGINAL.jpg;277
1700;1848;164;MANDRILLS BKB_164_20190204_id164_femadu_(13)_ORIGINAL.jpg;148
1920;1848;164;MANDRILLS BKB_164_20190204_id164_femadu_(14)_ORIGINAL.jpg;72
1894;1848;164;MANDRILLS BKB_164_20190204_id164_femadu_(15)_ORIGINAL.jpg;46
1871;1848;164;MANDRILLS BKB_164_20190204_id164_femadu_(17)_ORIGINAL.jpg;23
1715;1848;164;MANDRILLS BKB_164_20190204_id164_femadu_(18)_ORIGINAL.jpg;133
1880;1848;164;MANDRILLS BKB_164_20190204_id164_femadu_(2)_ORIGINAL.jpg;32
1773;1848;164;MANDRILLS BKB_164_20190204_id164_femadu_(21)_ORIGINAL.jpg;75
1717;1848;164;MANDRILLS BKB_164_20190204_id164_femadu_(29)_ORIGINAL.jpg;131
1684;1848;164;MANDRILLS BKB_164_20190204_id164_femadu_(3)_ORIGINAL.jpg;164
1632;1848;164;MANDRILLS BKB_164_20190204_id164_femadu_(5)_ORIGINAL.jpg;216
1458;1848;164;MANDRILLS BKB_164_20190204_id164_femadu_(6)_ORIGINAL.jpg;390
1414;1848;164;MANDRILLS BKB_164_20190204_id164_femadu_(7)_ORIGINAL.jpg;434
1567;1848;164;MANDRILLS BKB_164_20190204_id164_femadu_(8)_ORIGINAL.jpg;281
1791;1856;164;MANDRILLS BKB_164_20190212_id164_femadu_(1)_ORIGINAL.jpg;65
1658;1856;164;MANDRILLS BKB_164_20190212_id164_femadu_(11)_ORIGINAL.jpg;198
1514;1856;164;MANDRILLS BKB_164_20190212_id164_femadu_(13)_ORIGINAL.jpg;342
1634;1856;164;MANDRILLS BKB_164_20190212_id164_femadu_(14)_ORIGINAL.jpg;222
1669;1856;164;MANDRILLS BKB_164_20190212_id164_femadu_(15)_ORIGINAL.jpg;187
1364;1856;164;MANDRILLS BKB_164_20190212_id164_femadu_(16)_ORIGINAL.jpg;492
2007;1856;164;MANDRILLS BKB_164_20190212_id164_femadu_(17)_ORIGINAL.jpg;151
1814;1856;164;MANDRILLS BKB_164_20190212_id164_femadu_(18)_ORIGINAL.jpg;42
1936;1856;164;MANDRILLS BKB_164_20190212_id164_femadu_(19)_ORIGINAL.jpg;80
2043;1856;164;MANDRILLS BKB_164_20190212_id164_femadu_(20)_ORIGINAL.jpg;187
2148;1856;164;MANDRILLS BKB_164_20190212_id164_femadu_(21)_ORIGINAL.jpg;292
2037;1856;164;MANDRILLS BKB_164_20190212_id164_femadu_(22)_ORIGINAL.jpg;181
2032;1856;164;MANDRILLS BKB_164_20190212_id164_femadu_(23)_ORIGINAL.jpg;176
2093;1856;164;MANDRILLS BKB_164_20190212_id164_femadu_(24)_ORIGINAL.jpg;237
1913;1856;164;MANDRILLS BKB_164_20190212_id164_femadu_(25)_ORIGINAL.jpg;57
1816;1856;164;MANDRILLS BKB_164_20190212_id164_femadu_(26)_ORIGINAL.jpg;40
1912;1856;164;MANDRILLS BKB_164_20190212_id164_femadu_(27)_ORIGINAL.jpg;56
1710;1856;164;MANDRILLS BKB_164_20190212_id164_femadu_(28)_ORIGINAL.jpg;146
1664;1856;164;MANDRILLS BKB_164_20190212_id164_femadu_(29)_ORIGINAL.jpg;192
1807;1856;164;MANDRILLS BKB_164_20190212_id164_femadu_(30)_ORIGINAL.jpg;49
2121;1856;164;MANDRILLS BKB_164_20190212_id164_femadu_(31)_ORIGINAL.jpg;265
2207;1856;164;MANDRILLS BKB_164_20190212_id164_femadu_(32)_ORIGINAL.jpg;351
1988;1856;164;MANDRILLS BKB_164_20190212_id164_femadu_(33)_ORIGINAL.jpg;132
1877;1877;164;MANDRILLS BKB_164_20190305_id164femadu_(10)_ORIGINAL.jpg;0
1771;1877;164;MANDRILLS BKB_164_20190305_id164femadu_(11)_ORIGINAL.jpg;106
1865;1877;164;MANDRILLS BKB_164_20190305_id164femadu_(12)_ORIGINAL.jpg;12
1841;1877;164;MANDRILLS BKB_164_20190305_id164femadu_(13)_ORIGINAL.jpg;36
1851;1877;164;MANDRILLS BKB_164_20190305_id164femadu_(14)_ORIGINAL.jpg;26
1880;1877;164;MANDRILLS BKB_164_20190305_id164femadu_(15)_ORIGINAL.jpg;3
1818;1877;164;MANDRILLS BKB_164_20190305_id164femadu_(16)_ORIGINAL.jpg;59
2072;1877;164;MANDRILLS BKB_164_20190305_id164femadu_(2)_ORIGINAL.jpg;195
1981;1877;164;MANDRILLS BKB_164_20190305_id164femadu_(3)_ORIGINAL.jpg;104
1874;1877;164;MANDRILLS BKB_164_20190305_id164femadu_(4)_ORIGINAL.jpg;3
1842;1877;164;MANDRILLS BKB_164_20190305_id164femadu_(5)_ORIGINAL.jpg;35
1796;1877;164;MANDRILLS BKB_164_20190305_id164femadu_(6)_ORIGINAL.jpg;81
1872;1877;164;MANDRILLS BKB_164_20190305_id164femadu_(7)_ORIGINAL.jpg;5
1947;1877;164;MANDRILLS BKB_164_20190305_id164femadu_(8)_ORIGINAL.jpg;70
1866;1877;164;MANDRILLS BKB_164_20190305_id164femadu_(9)_ORIGINAL.jpg;11
2015;1877;164;MANDRILLS BKB_164_20190305_id164_femadu_(1)_ORIGINAL.jpg;138
2001;1877;164;MANDRILLS BKB_164_20190305_id164_femadu_(10)_ORIGINAL.jpg;124
2058;1877;164;MANDRILLS BKB_164_20190305_id164_femadu_(11)_ORIGINAL.jpg;181
1976;1877;164;MANDRILLS BKB_164_20190305_id164_femadu_(2)_ORIGINAL.jpg;99
1873;1877;164;MANDRILLS BKB_164_20190305_id164_femadu_(3)_ORIGINAL.jpg;4
1930;1877;164;MANDRILLS BKB_164_20190305_id164_femadu_(4)_ORIGINAL.jpg;53
1998;1877;164;MANDRILLS BKB_164_20190305_id164_femadu_(5)_ORIGINAL.jpg;121
1945;1877;164;MANDRILLS BKB_164_20190305_id164_femadu_(6)_ORIGINAL.jpg;68
2054;1877;164;MANDRILLS BKB_164_20190305_id164_femadu_(7)_ORIGINAL.jpg;177
2005;1877;164;MANDRILLS BKB_164_20190305_id164_femadu_(8)_ORIGINAL.jpg;128
2017;1877;164;MANDRILLS BKB_164_20190305_id164_femadu_(9)_ORIGINAL.jpg;140
2024;1887;164;MANDRILLS BKB_164_20190315_id164_femadu_(1).jpg;137
1725;1887;164;MANDRILLS BKB_164_20190315_id164_femadu_(2).jpg;162
1875;1887;164;MANDRILLS BKB_164_20190315_id164_femadu_(3).jpg;12
2066;1887;164;MANDRILLS BKB_164_20190315_id164_femadu_CENTRE.jpg;179
1863;1887;164;MANDRILLS BKB_164_20190315_id164_femadu_DROITE_(12).jpg;24
1869;1887;164;MANDRILLS BKB_164_20190315_id164_femadu_DROITE_(13).jpg;18
1883;1887;164;MANDRILLS BKB_164_20190315_id164_femadu_DROITE_(2).jpg;4
1719;1887;164;MANDRILLS BKB_164_20190315_id164_femadu_DROITE_(4).jpg;168
1544;1887;164;MANDRILLS BKB_164_20190315_id164_femadu_GAUCHE.jpg;343
1814;1887;164;MANDRILLS BKB_164_20190315_id164_femadu_HAUT_(1).jpg;73
1905;1887;164;MANDRILLS BKB_164_20190315_id164_femadu_HAUT_(3).jpg;18
1969;1891;164;MANDRILLS BKB_164_20190319_id164_femadu_HAUT_(1).jpg;78
2020;1891;164;MANDRILLS BKB_164_20190319_id164_femadu_HAUT_(2).jpg;129
1720;1892;164;MANDRILLS BKB_164_20190320_id164_femadu_douteberta.jpg;172
2213;1933;164;MANDRILLS BKB_164_20190430_id164_femadu_DROITE_(1).jpg;280
1787;1985;164;MANDRILLS BKB_164_20190621_id164_femadu_(1).jpg;198
1827;1985;164;MANDRILLS BKB_164_20190621_id164_femadu_(3).jpg;158
2068;2008;164;MANDRILLS BKB_164_20190714_id164_femadu_(1).jpg;60
1703;2008;164;MANDRILLS BKB_164_20190714_id164_femadu_(2).jpg;305
1828;2008;164;MANDRILLS BKB_164_20190714_id164_femadu_(3).jpg;180
1813;2008;164;MANDRILLS BKB_164_20190714_id164_femadu_(6).jpg;195
2022;2008;164;MANDRILLS BKB_164_20190714_id164_femadu_(7).jpg;14
2134;2008;164;MANDRILLS BKB_164_20190714_id164_femadu_(8).jpg;126
2157;2008;164;MANDRILLS BKB_164_20190714_id164_femadu_(9).jpg;149
2168;2031;164;MANDRILLS BKB_164_20190806_id164_femadu_(1).jpg;137
2041;2031;164;MANDRILLS BKB_164_20190806_id164_femadu_(2).jpg;10
2078;2031;164;MANDRILLS BKB_164_20190806_id164_femadu_(3).jpg;47
1929;2031;164;MANDRILLS BKB_164_20190806_id164_femadu_(4).jpg;102
1932;2082;164;MANDRILLS BKB_164_20190926_id164_femadu_(2).jpg;150
1851;2082;164;MANDRILLS BKB_164_20190926_id164_femadu_(3).jpg;231
1924;2082;164;MANDRILLS BKB_164_20190926_id164_femadu_(4).jpg;158
2166;2178;164;MANDRILLS BKB_164_20191231_id164_femadu_(1).jpg;12
2250;2178;164;MANDRILLS BKB_164_20191231_id164_femadu_(2).jpg;72
2063;2185;164;MANDRILLS BKB_164_20200107_id164_femadu.jpg;122
2045;2256;164;MANDRILLS BKB_164_20200318_id164_femadu.jpg;211
1985;2302;164;MANDRILLS BKB_164_20200503_id164_femadu_(1).jpg;317
2035;2302;164;MANDRILLS BKB_164_20200503_id164_femadu_(2).jpg;267
2320;2469;164;MANDRILLS BKB_164_20201017_id164_femadu.jpg;149
1951;2471;164;MANDRILLS BKB_164_20201019_id164_femadu.jpg;520
2159;2490;164;MANDRILLS BKB_164_20201107_id164_femadu.jpg;331
2515;2506;164;MANDRILLS BKB_164_20201123_id164_femadu_(1).jpg;9
2562;2506;164;MANDRILLS BKB_164_20201123_id164_femadu_(2).jpg;56
2664;2506;164;MANDRILLS BKB_164_20201123_id164_femadu_(3).jpg;158
1405;2506;164;MANDRILLS BKB_164_20201123_id164_femadu_(4).jpg;1101
2194;2506;164;MANDRILLS BKB_164_20201123_id164_femadu_(5).jpg;312
2337;2508;164;MANDRILLS BKB_164_20201125_id164_femadu.jpg;171
2642;2528;164;MANDRILLS BKB_164_20201215_id164_femadu.jpg;114
2579;2529;164;MANDRILLS BKB_164_20201216_id164_femadu_(2).jpg;50
2470;2529;164;MANDRILLS BKB_164_20201216_id164_femadu_(3).jpg;59
2515;2532;164;MANDRILLS BKB_164_20201219_id164_femadu_(1).jpg;17
2463;2535;164;MANDRILLS BKB_164_20201222_id164_femadu_(1).jpg;72
2461;2557;164;MANDRILLS BKB_164_20210113_id164_femadu_(1).jpg;96
2421;2557;164;MANDRILLS BKB_164_20210113_id164_femadu_(2).jpg;136
2357;2573;164;MANDRILLS BKB_164_20210129_id164_femadu.jpg;216
2329;2635;164;MANDRILLS BKB_164_20210401_id164_femadu_(1).jpg;306
2288;2635;164;MANDRILLS BKB_164_20210401_id164_femadu_(2).jpg;347
2574;2635;164;MANDRILLS BKB_164_20210401_id164_femadu_(3).jpg;61
2481;2635;164;MANDRILLS BKB_164_20210401_id164_femadu_(4).jpg;154
1905;2641;164;MANDRILLS BKB_164_20210407_id164_femadu_(1).jpg;736
2179;2641;164;MANDRILLS BKB_164_20210407_id164_femadu_(2).jpg;462
2280;2641;164;MANDRILLS BKB_164_20210407_id164_femadu_(3).jpg;361
2189;2641;164;MANDRILLS BKB_164_20210407_id164_femadu_(4).jpg;452
2354;2644;164;MANDRILLS BKB_164_20210410_id164_femadu_(1).jpg;290
2495;2644;164;MANDRILLS BKB_164_20210410_id164_femadu_(2).jpg;149
2566;2746;164;MANDRILLS BKB_164_20210721_id164_femadu_(1).jpg;180
2614;2746;164;MANDRILLS BKB_164_20210721_id164_femadu_(2).jpg;132
2389;2833;164;MANDRILLS BKB_164_20211016_id164_femadu_(1).jpg;444
2440;2833;164;MANDRILLS BKB_164_20211016_id164_femadu_(2).jpg;393
2242;2839;164;MANDRILLS BKB_164_20211022_id164_femadu.jpg;597
2582;2867;164;MANDRILLS BKB_164_20211119_id164_femadu_(2).jpg;285
2355;2941;164;MANDRILLS BKB_164_20220201_id164_femadu (1).jpg;586
2057;2941;164;MANDRILLS BKB_164_20220201_id164_femadu (2).jpg;884
2148;2942;164;MANDRILLS BKB_164_20220202_id164_femadu.jpg;794
2657;2951;164;MANDRILLS BKB_164_20220211_id164_femadu (1).jpg;294
2414;2951;164;MANDRILLS BKB_164_20220211_id164_femadu (2).jpg;537
2809;2982;164;MANDRILLS BKB_164_20220314_id164_femadu.jpg;173
2245;2992;164;MANDRILLS BKB_164_20220324_id164_femadu.jpg;747
2527;2998;164;MANDRILLS BKB_164_20220330_id164_femadu (2).jpg;471
2161;3000;164;MANDRILLS BKB_164_20220401_id164_femadu (1).jpg;839
2740;3000;164;MANDRILLS BKB_164_20220401_id164_femadu (2).jpg;260
2745;3000;164;MANDRILLS BKB_164_20220401_id164_femadu (3).jpg;255
2572;3000;164;MANDRILLS BKB_164_20220401_id164_femadu (4).jpg;428
2828;3038;164;MANDRILLS BKB_164_20220509_id164_femadu.jpg;210
2658;3047;164;MANDRILLS BKB_164_20220518_id164_femadu (1).jpg;389
2857;3047;164;MANDRILLS BKB_164_20220518_id164_femadu (2).jpg;190
2656;3047;164;MANDRILLS BKB_164_20220518_id164_femadu (3).jpg;391
2879;3055;164;MANDRILLS BKB_164_20220526_id164_femadu (1).jpg;176
2567;3055;164;MANDRILLS BKB_164_20220526_id164_femadu (2).jpg;488
2342;3063;164;MANDRILLS BKB_164_20220603_id164_ femadu (2).jpg;721
2201;3063;164;MANDRILLS BKB_164_20220603_id164_ femadu (3).jpg;862
2841;3082;164;MANDRILLS BKB_164_20220622_id164_femadu.jpg;241
2346;3089;164;MANDRILLS BKB_164_20220629_id164 (1).jpg;743
2267;3089;164;MANDRILLS BKB_164_20220629_id164 (2).jpg;822
2745;3089;164;MANDRILLS BKB_164_20220629_id164 (3).jpg;344
2162;3089;164;MANDRILLS BKB_164_20220629_id164 (4).jpg;927
2861;3091;164;MANDRILLS BKB_164_20220701_id164 (2).jpg;230
2263;3091;164;MANDRILLS BKB_164_20220701_id164.jpg;828
2548;3101;164;MANDRILLS BKB_164_20220711_id164 (2).jpg;553
2593;3101;164;MANDRILLS BKB_164_20220711_id164.jpg;508
2363;3104;164;MANDRILLS BKB_164_20220714_id164_femadu (1).jpg;741
2859;3104;164;MANDRILLS BKB_164_20220714_id164_femadu (2).jpg;245
2942;3139;164;MANDRILLS BKB_164_20220818_id164 (1).jpg;197
2706;3139;164;MANDRILLS BKB_164_20220818_id164 (2).jpg;433
2756;3139;164;MANDRILLS BKB_164_20220818_id164 (3).jpg;383
2787;3144;164;MANDRILLS BKB_164_20220823_id164 (2).jpg;357
2619;3144;164;MANDRILLS BKB_164_20220823_id164 (3).jpg;525
2989;3144;164;MANDRILLS BKB_164_20220823_id164.jpg;155
3032;3163;164;MANDRILLS BKB_164_20220911_id164.jpg;131
2933;3187;164;MANDRILLS BKB_164_20221005_id164.jpg;254
2174;3222;164;MANDRILLS BKB_164_20221109_id164.jpg;1048
2977;3227;164;MANDRILLS BKB_164_20221114_id164.jpg;250
2704;3229;164;MANDRILLS BKB_164_20221116_id164 (1).jpg;525
2295;3229;164;MANDRILLS BKB_164_20221116_id164 (2).jpg;934
2620;3243;164;MANDRILLS BKB_164_20221130_id164.jpg;623
2963;3257;164;MANDRILLS BKB_164_20221214_id164.jpg;294
557;598;184;MANDRILLS BKB_184_20160812_id914_maljuv_(1)_ORIGINAL.jpg;41
510;598;184;MANDRILLS BKB_184_20160812_id914_maljuv_(2)_ORIGINAL.jpg;88
490;598;184;MANDRILLS BKB_184_20160812_id914_maljuv_(3)_ORIGINAL.jpg;108
1583;1547;184;MANDRILLS BKB_184_20190319_id914_malado_(1).jpg;36
1467;1547;184;MANDRILLS BKB_184_20190319_id914_malado_(10).jpg;80
1463;1547;184;MANDRILLS BKB_184_20190319_id914_malado_(11).jpg;84
1449;1547;184;MANDRILLS BKB_184_20190319_id914_malado_(12).jpg;98
1675;1547;184;MANDRILLS BKB_184_20190319_id914_malado_(13).jpg;128
1468;1547;184;MANDRILLS BKB_184_20190319_id914_malado_(14).jpg;79
1495;1547;184;MANDRILLS BKB_184_20190319_id914_malado_(15).jpg;52
1620;1547;184;MANDRILLS BKB_184_20190319_id914_malado_(16).jpg;73
1520;1547;184;MANDRILLS BKB_184_20190319_id914_malado_(17).jpg;27
1564;1547;184;MANDRILLS BKB_184_20190319_id914_malado_(18).jpg;17
1570;1547;184;MANDRILLS BKB_184_20190319_id914_malado_(19).jpg;23
1484;1547;184;MANDRILLS BKB_184_20190319_id914_malado_(20).jpg;63
1627;1547;184;MANDRILLS BKB_184_20190319_id914_malado_(21).jpg;80
1476;1547;184;MANDRILLS BKB_184_20190319_id914_malado_(4).jpg;71
1435;1547;184;MANDRILLS BKB_184_20190319_id914_malado_(5).jpg;112
1493;1547;184;MANDRILLS BKB_184_20190319_id914_malado_(6).jpg;54
1503;1547;184;MANDRILLS BKB_184_20190319_id914_malado_(7).jpg;44
1461;1547;184;MANDRILLS BKB_184_20190319_id914_malado_(8).jpg;86
1444;1547;184;MANDRILLS BKB_184_20190319_id914_malado_(9).jpg;103
1416;1547;184;MANDRILLS BKB_184_20190319_id914_malado_GAUCHE_(1).jpg;131
1605;1547;184;MANDRILLS BKB_184_20190319_id914_malado_GAUCHE_(2).jpg;58
1544;1547;184;MANDRILLS BKB_184_20190319_id914_malado_GAUCHE_(3).jpg;3
1598;1552;184;MANDRILLS BKB_184_20190324_id914_malado_(1).jpg;46
1569;1552;184;MANDRILLS BKB_184_20190324_id914_malado_(2).jpg;17
1570;1638;184;MANDRILLS BKB_184_20190618_id184_malado.jpg;68
1557;1699;184;MANDRILLS BKB_184_20190818_id184_malado_(1).jpg;142
1584;1699;184;MANDRILLS BKB_184_20190818_id184_malado_(2).jpg;115
1554;1699;184;MANDRILLS BKB_184_20190818_id184_malado_(3).jpg;145
1619;1699;184;MANDRILLS BKB_184_20190818_id184_malado_(6).jpg;80
1621;1699;184;MANDRILLS BKB_184_20190818_id184_malado_(7).jpg;78
1738;1699;184;MANDRILLS BKB_184_20190818_id184_malado_(8).jpg;39
1535;1699;184;MANDRILLS BKB_184_20190818_id184_malado_(9).jpg;164
1561;1703;184;MANDRILLS BKB_184_20190822_id184_malado_(3).jpg;142
1562;1718;184;MANDRILLS BKB_184_20190906_id184_malado_(1).jpg;156
1545;1718;184;MANDRILLS BKB_184_20190906_id184_malado_(2).jpg;173
1558;1718;184;MANDRILLS BKB_184_20190906_id184_malado_(3).jpg;160
1775;1718;184;MANDRILLS BKB_184_20190906_id184_malado_(5).jpg;57
1626;1718;184;MANDRILLS BKB_184_20190906_id184_malado_(6).jpg;92
1811;1889;184;MANDRILLS BKB_184_20200224_id184_malado_(1).jpg;78
1788;1889;184;MANDRILLS BKB_184_20200224_id184_malado_(2).jpg;101
1733;1889;184;MANDRILLS BKB_184_20200224_id184_malado_(3).jpg;156
1727;1929;184;MANDRILLS BKB_184_20200404_id184_malado_(1).jpg;202
1808;1929;184;MANDRILLS BKB_184_20200404_id184_malado_(2).jpg;121
1755;1929;184;MANDRILLS BKB_184_20200404_id184_malado_(3).jpg;174
1829;1956;184;MANDRILLS BKB_184_20200501_id184_malado_(1).jpg;127
1846;1956;184;MANDRILLS BKB_184_20200501_id184_malado_(2).jpg;110
1762;1961;184;MANDRILLS BKB_184_20200506_id184_malado_(1).jpg;199
1804;1961;184;MANDRILLS BKB_184_20200506_id184_malado_(2).jpg;157
1948;2125;184;MANDRILLS BKB_184_20201017_id184_malado_(1).jpg;177
1907;2125;184;MANDRILLS BKB_184_20201017_id184_malado_(2).jpg;218
2068;2125;184;MANDRILLS BKB_184_20201017_id184_malado_(3).jpg;57
1971;2125;184;MANDRILLS BKB_184_20201017_id184_malado_(4).jpg;154
1963;2125;184;MANDRILLS BKB_184_20201017_id184_malado_(5).jpg;162
2008;2125;184;MANDRILLS BKB_184_20201017_id184_malado_(6).jpg;117
1885;2125;184;MANDRILLS BKB_184_20201017_id184_malado_(7).jpg;240
2051;2126;184;MANDRILLS BKB_184_20201018_id184_malado_(1).jpg;75
1998;2126;184;MANDRILLS BKB_184_20201018_id184_malado_(2).jpg;128
1984;2126;184;MANDRILLS BKB_184_20201018_id184_malado_(3).jpg;142
1967;2126;184;MANDRILLS BKB_184_20201018_id184_malado_(4).jpg;159
1987;2126;184;MANDRILLS BKB_184_20201018_id184_malado_(5).jpg;139
2018;2160;184;MANDRILLS BKB_184_20201121_id184_malado_(1).jpg;142
1987;2160;184;MANDRILLS BKB_184_20201121_id184_malado_(2).jpg;173
1987;2160;184;MANDRILLS BKB_184_20201121_id184_malado_(3).jpg;173
2048;2160;184;MANDRILLS BKB_184_20201121_id184_malado_(4).jpg;112
2025;2160;184;MANDRILLS BKB_184_20201121_id184_malado_(5).jpg;135
1989;2160;184;MANDRILLS BKB_184_20201121_id184_malado_(6).jpg;171
1981;2160;184;MANDRILLS BKB_184_20201121_id184_malado_(7).jpg;179
2036;2160;184;MANDRILLS BKB_184_20201121_id184_malado_(8).jpg;124
2048;2163;184;MANDRILLS BKB_184_20201124_id184_malado_(1).jpg;115
1958;2163;184;MANDRILLS BKB_184_20201124_id184_malado_(2).jpg;205
2108;2164;184;MANDRILLS BKB_184_20201125_id184_malado_(1).jpg;56
2019;2164;184;MANDRILLS BKB_184_20201125_id184_malado_(2).jpg;145
2018;2164;184;MANDRILLS BKB_184_20201125_id184_malado_(3).jpg;146
2051;2204;184;MANDRILLS BKB_184_20210104_id184_malado_(1).jpg;153
2107;2204;184;MANDRILLS BKB_184_20210104_id184_malado_(2).jpg;97
2114;2208;184;MANDRILLS BKB_184_20210108_id184_malado_(1).jpg;94
2046;2208;184;MANDRILLS BKB_184_20210108_id184_malado_(2).jpg;162
2217;2210;184;MANDRILLS BKB_184_20210110_id184_malado.jpg;7
2100;2220;184;MANDRILLS BKB_184_20210120_id184_malado.jpg;120
2029;2230;184;MANDRILLS BKB_184_20210130_id184_malado.jpg;201
2184;2292;184;MANDRILLS BKB_184_20210402_id184_malado_(1).jpg;108
2241;2292;184;MANDRILLS BKB_184_20210402_id184_malado_(2).jpg;51
2122;2310;184;MANDRILLS BKB_184_20210420_id184_malado.jpg;188
2311;2311;184;MANDRILLS BKB_184_20210421_id184_malaso.jpg;0
2219;2347;184;MANDRILLS BKB_184_20210527_id184_malado.jpg;128
2207;2352;184;MANDRILLS BKB_184_20210601_id184_malado_(1).jpg;145
2357;2352;184;MANDRILLS BKB_184_20210601_id184_malado_(2).jpg;5
2319;2352;184;MANDRILLS BKB_184_20210601_id184_malado_(3).jpg;33
2394;2404;184;MANDRILLS BKB_184_20210723_id184_malado_(1).jpg;10
2424;2404;184;MANDRILLS BKB_184_20210723_id184_malado_(2).jpg;20
2373;2404;184;MANDRILLS BKB_184_20210723_id184_malado_(3).jpg;31
2410;2404;184;MANDRILLS BKB_184_20210723_id184_malado_(4).jpg;6
2377;2404;184;MANDRILLS BKB_184_20210723_id184_malado_(5).jpg;27
2335;2407;184;MANDRILLS BKB_184_20210726_id184_malado.jpg;72
2279;2465;184;MANDRILLS BKB_184_20210922_id184_malado (1).jpg;186
2324;2465;184;MANDRILLS BKB_184_20210922_id184_malado (3).jpg;141
2423;2479;184;MANDRILLS BKB_184_20211006_id184_malado.jpg;56
2521;2490;184;MANDRILLS BKB_184_20211017_id184_malado_(1).jpg;31
2407;2490;184;MANDRILLS BKB_184_20211017_id184_malado_(2).jpg;83
1686;1758;189;MANDRILLS BKB_189_20190918_id189_malado_(1).jpg;72
1557;1778;189;MANDRILLS BKB_189_20191008_id189_malado.jpg;221
1867;1793;189;MANDRILLS BKB_189_20191023_id189_malado_(1).jpg;74
1933;1793;189;MANDRILLS BKB_189_20191023_id189_malado_(2).jpg;140
1740;1815;189;MANDRILLS BKB_189_20191114_id189_malado.jpg;75
1789;1815;189;MANDRILLS BKB_189_20191114_id189_malado_(1).jpg;26
1890;1917;189;MANDRILLS BKB_189_20200224_id189_malado.jpg;27
2113;2155;189;MANDRILLS BKB_189_20201019_id189_malado_(2).jpg;42
2226;2158;189;MANDRILLS BKB_189_20201022_id189_malado_(2).jpg;68
2179;2158;189;MANDRILLS BKB_189_20201022_id189_malado_(3).jpg;21
2193;2158;189;MANDRILLS BKB_189_20201022_id189_malado_(4).jpg;35
2240;2191;189;MANDRILLS BKB_189_20201124_id189_malado.jpg;49
2161;2210;189;MANDRILLS BKB_189_20201213_id189_malado.jpg;49
2254;2228;189;MANDRILLS BKB_189_20201231_id189_malado_(1).jpg;26
2241;2228;189;MANDRILLS BKB_189_20201231_id189_malado_(2).jpg;13
2133;2228;189;MANDRILLS BKB_189_20201231_id189_malado_(3).jpg;95
2239;2228;189;MANDRILLS BKB_189_20201231_id189_malado_(4).jpg;11
2256;2260;189;MANDRILLS BKB_189_20210201_id189_malado_(1).jpg;4
2168;2260;189;MANDRILLS BKB_189_20210201_id189_malado_(10).jpg;92
2132;2260;189;MANDRILLS BKB_189_20210201_id189_malado_(11).jpg;128
2124;2260;189;MANDRILLS BKB_189_20210201_id189_malado_(12).jpg;136
2165;2260;189;MANDRILLS BKB_189_20210201_id189_malado_(2).jpg;95
2093;2260;189;MANDRILLS BKB_189_20210201_id189_malado_(3).jpg;167
2138;2260;189;MANDRILLS BKB_189_20210201_id189_malado_(4).jpg;122
2134;2260;189;MANDRILLS BKB_189_20210201_id189_malado_(5).jpg;126
2113;2260;189;MANDRILLS BKB_189_20210201_id189_malado_(6).jpg;147
2128;2260;189;MANDRILLS BKB_189_20210201_id189_malado_(7).jpg;132
2104;2260;189;MANDRILLS BKB_189_20210201_id189_malado_(8).jpg;156
2103;2260;189;MANDRILLS BKB_189_20210201_id189_malado_(9).jpg;157
2124;2265;189;MANDRILLS BKB_189_20210206_id189_malado_(1).jpg;141
2171;2265;189;MANDRILLS BKB_189_20210206_id189_malado_(2).jpg;94
2121;2268;189;MANDRILLS BKB_189_20210209_id189_malado_(1).jpg;147
2134;2268;189;MANDRILLS BKB_189_20210209_id189_malado_(2).jpg;134
2075;2268;189;MANDRILLS BKB_189_20210209_id189_malado_(3).jpg;193
736;630;191;MANDRILLS BKB_191_20190904_id191_femjuv_(1).jpg;106
652;630;191;MANDRILLS BKB_191_20190904_id191_femjuv_(11).jpg;22
580;630;191;MANDRILLS BKB_191_20190904_id191_femjuv_(12).jpg;50
526;630;191;MANDRILLS BKB_191_20190904_id191_femjuv_(13).jpg;104
578;630;191;MANDRILLS BKB_191_20190904_id191_femjuv_(14).jpg;52
517;630;191;MANDRILLS BKB_191_20190904_id191_femjuv_(15).jpg;113
712;630;191;MANDRILLS BKB_191_20190904_id191_femjuv_(16).jpg;82
783;630;191;MANDRILLS BKB_191_20190904_id191_femjuv_(17).jpg;153
711;630;191;MANDRILLS BKB_191_20190904_id191_femjuv_(18).jpg;81
541;630;191;MANDRILLS BKB_191_20190904_id191_femjuv_(19).jpg;89
664;630;191;MANDRILLS BKB_191_20190904_id191_femjuv_(20).jpg;34
722;630;191;MANDRILLS BKB_191_20190904_id191_femjuv_(25).jpg;92
642;630;191;MANDRILLS BKB_191_20190904_id191_femjuv_(26).jpg;12
669;630;191;MANDRILLS BKB_191_20190904_id191_femjuv_(27).jpg;39
685;630;191;MANDRILLS BKB_191_20190904_id191_femjuv_(28).jpg;55
697;630;191;MANDRILLS BKB_191_20190904_id191_femjuv_(29).jpg;67
701;630;191;MANDRILLS BKB_191_20190904_id191_femjuv_(3).jpg;71
614;630;191;MANDRILLS BKB_191_20190904_id191_femjuv_(30).jpg;16
678;630;191;MANDRILLS BKB_191_20190904_id191_femjuv_(4).jpg;48
647;630;191;MANDRILLS BKB_191_20190904_id191_femjuv_(5).jpg;17
640;630;191;MANDRILLS BKB_191_20190904_id191_femjuv_(6).jpg;10
778;630;191;MANDRILLS BKB_191_20190904_id191_femjuv_(7).jpg;148
716;630;191;MANDRILLS BKB_191_20190904_id191_femjuv_(8).jpg;86
779;635;191;MANDRILLS BKB_191_20190909_id191_femjuv_(4).jpg;144
1196;786;191;MANDRILLS BKB_191_20200207_id191_femjuv.jpg;410
1012;875;191;MANDRILLS BKB_191_20200506_id191_femjuv.jpg;137
1213;1040;191;MANDRILLS BKB_191_20201018_id191_femjuv_(1).jpg;173
606;1040;191;MANDRILLS BKB_191_20201018_id191_femjuv_(4).jpg;434
985;1044;191;MANDRILLS BKB_191_20201022_id191_femjuv_(1).jpg;59
1063;1044;191;MANDRILLS BKB_191_20201022_id191_femjuv_(2).jpg;19
1058;1044;191;MANDRILLS BKB_191_20201022_id191_femjuv_(3).jpg;14
1013;1044;191;MANDRILLS BKB_191_20201022_id191_femjuv_(4).jpg;31
1179;1044;191;MANDRILLS BKB_191_20201022_id191_femjuv_(5).jpg;135
1232;1077;191;MANDRILLS BKB_191_20201124_id191_femjuv.jpg;155
1030;1104;191;MANDRILLS BKB_191_20201221_id191_femjuv_(1).jpg;74
1224;1104;191;MANDRILLS BKB_191_20201221_id191_femjuv_(2).jpg;120
1184;1104;191;MANDRILLS BKB_191_20201221_id191_femjuv_(3).jpg;80
1472;1114;191;MANDRILLS BKB_191_20201231_id191_femjuv.jpg;358
1148;1127;191;MANDRILLS BKB_191_20210113_id191_femjuv_(1).jpg;21
1193;1127;191;MANDRILLS BKB_191_20210113_id191_femjuv_(2).jpg;66
1213;1127;191;MANDRILLS BKB_191_20210113_id191_femjuv_(3).jpg;86
1221;1127;191;MANDRILLS BKB_191_20210113_id191_femjuv_(4).jpg;94
1254;1131;191;MANDRILLS BKB_191_20210117_id191_femjuv_(1).jpg;123
1254;1131;191;MANDRILLS BKB_191_20210117_id191_femjuv_(2).jpg;123
1282;1131;191;MANDRILLS BKB_191_20210117_id191_femjuv_(3).jpg;151
1217;1131;191;MANDRILLS BKB_191_20210117_id191_femjuv_(4).jpg;86
1197;1131;191;MANDRILLS BKB_191_20210117_id191_femjuv_(5).jpg;66
1150;1131;191;MANDRILLS BKB_191_20210117_id191_femjuv_(6).jpg;19
1237;1131;191;MANDRILLS BKB_191_20210117_id191_femjuv_(7).jpg;106
1335;1143;191;MANDRILLS BKB_191_20210129_id191_femjuv_(1).jpg;192
1353;1143;191;MANDRILLS BKB_191_20210129_id191_femjuv_(2).jpg;210
1249;1143;191;MANDRILLS BKB_191_20210129_id191_femjuv_(3).jpg;106
1123;1143;191;MANDRILLS BKB_191_20210129_id191_femjuv_(4).jpg;20
1273;1174;191;MANDRILLS BKB_191_20210301_id191_femjuv_(1).jpg;99
1240;1174;191;MANDRILLS BKB_191_20210301_id191_femjuv_(2).jpg;66
1185;1174;191;MANDRILLS BKB_191_20210301_id191_femjuv_(3).jpg;11
1287;1174;191;MANDRILLS BKB_191_20210301_id191_femjuv_(4).jpg;113
1287;1214;191;MANDRILLS BKB_191_20210410_id191_femjuv.jpg;73
1261;1269;191;MANDRILLS BKB_191_20210604_id191_femjuv.jpg;8
1385;1361;191;MANDRILLS BKB_191_20210904_id191_femjuv (1).jpg;24
1436;1361;191;MANDRILLS BKB_191_20210904_id191_femjuv (2).jpg;75
1425;1376;191;MANDRILLS BKB_191_20210919_id191_femjuv.jpg;49
1593;1390;191;MANDRILLS BKB_191_20211003_id191_femjuv_(1).jpg;203
1504;1468;191;MANDRILLS BKB_191_20211220_ID191_femadu_(1).jpg;36
1577;1475;191;MANDRILLS BKB_191_20211227_id191_femadu_(1).jpg;102
1555;1495;191;MANDRILLS BKB_191_20220116_id191_femadu.jpg;60
1428;1505;191;MANDRILLS BKB_191_20220126_id191.jpg;77
1564;1511;191;MANDRILLS BKB_191_20220201_id191_femadu (1).jpg;53
1682;1511;191;MANDRILLS BKB_191_20220201_id191_femadu (2).jpg;171
1537;1511;191;MANDRILLS BKB_191_20220201_id191_femadu (3).jpg;26
1416;1511;191;MANDRILLS BKB_191_20220201_id191_femadu (4).jpg;95
1464;1511;191;MANDRILLS BKB_191_20220201_id191_femadu (5).jpg;47
1571;1511;191;MANDRILLS BKB_191_20220201_id191_femadu (6).jpg;60
2306;1511;191;MANDRILLS BKB_191_20220201_id191_femadu (7).jpg;795
1558;1542;191;MANDRILLS BKB_191_20220304_id191_femadu (1).jpg;16
1539;1542;191;MANDRILLS BKB_191_20220304_id191_femadu (2).jpg;3
1482;1542;191;MANDRILLS BKB_191_20220304_id191_femadu (3).jpg;60
1702;1547;191;MANDRILLS BKB_191_20220309_id191_femadu (1).jpg;155
1722;1547;191;MANDRILLS BKB_191_20220309_id191_femadu (2).jpg;175
1642;1547;191;MANDRILLS BKB_191_20220309_id191_femadu (3).jpg;95
1421;1564;191;MANDRILLS BKB_191_20220326_id191_femadu.jpg;143
1510;1570;191;MANDRILLS BKB_191_20220401_id191_femadu.jpg;60
1746;1614;191;MANDRILLS BKB_191_20220515_id191_femadu.jpg;132
1613;1651;191;MANDRILLS BKB_191_20220621_id191_femadu.jpg;38
1758;1661;191;MANDRILLS BKB_191_20220701_id191.jpg;97
1896;1671;191;MANDRILLS BKB_191_20220711_id191.jpg;225
1853;1692;191;MANDRILLS BKB_191_20220801_id191 (1).jpg;161
2315;1692;191;MANDRILLS BKB_191_20220801_id191 (2).jpg;623
1438;1727;191;MANDRILLS BKB_191_20220905_id191.jpg;289
1707;1771;191;MANDRILLS BKB_191_20221019_id191.jpg;64
1790;1774;191;MANDRILLS BKB_191_20221022_id191.jpg;16
1812;1779;191;MANDRILLS BKB_191_20221027_id191 (1).jpg;33
1744;1779;191;MANDRILLS BKB_191_20221027_id191 (2).jpg;35
1922;1782;191;MANDRILLS BKB_191_20221030_id191.jpg;140
2036;1806;191;MANDRILLS BKB_191_20221123_id191.jpg;230
1863;1813;191;MANDRILLS BKB_191_20221130_id191.jpg;50
171;150;209;MANDRILLS BKB_209_20150516_id939_malinf_(1)_ORIGINAL.jpg;21
152;150;209;MANDRILLS BKB_209_20150516_id939_malinf_(2)_ORIGINAL.jpg;2
134;150;209;MANDRILLS BKB_209_20150516_id939_malinf_(3)_ORIGINAL.jpg;16
191;150;209;MANDRILLS BKB_209_20150516_id939_malinf_(4)_ORIGINAL.jpg;41
174;150;209;MANDRILLS BKB_209_20150516_id939_malinf_(5)_ORIGINAL.jpg;24
385;601;209;MANDRILLS BKB_209_20160809_id939_maljuv_ORIGINAL.jpg;216
584;669;209;MANDRILLS BKB_209_20161016_id939_maljuv_(1)_ORIGINAL.jpg;85
420;669;209;MANDRILLS BKB_209_20161016_id939_maljuv_(2)_ORIGINAL.jpg;249
1038;1209;209;MANDRILLS BKB_209_20180409_id939_maljuv_(1)_ORIGINAL.jpg;171
1033;1209;209;MANDRILLS BKB_209_20180409_id939_maljuv_(2)_ORIGINAL.jpg;176
1079;1209;209;MANDRILLS BKB_209_20180409_id939_maljuv_(3)_ORIGINAL.jpg;130
1034;1209;209;MANDRILLS BKB_209_20180409_id939_maljuv_(4)_ORIGINAL.jpg;175
1022;1209;209;MANDRILLS BKB_209_20180409_id939_maljuv_(5)_ORIGINAL.jpg;187
1018;1272;209;MANDRILLS BKB_209_20180611_id939_maljuv_(1)_ORIGINAL.jpg;254
1043;1272;209;MANDRILLS BKB_209_20180611_id939_maljuv_(10)_ORIGINAL.jpg;229
1092;1272;209;MANDRILLS BKB_209_20180611_id939_maljuv_(11)_ORIGINAL.jpg;180
1126;1272;209;MANDRILLS BKB_209_20180611_id939_maljuv_(2)_ORIGINAL.jpg;146
1066;1272;209;MANDRILLS BKB_209_20180611_id939_maljuv_(3)_ORIGINAL.jpg;206
1095;1272;209;MANDRILLS BKB_209_20180611_id939_maljuv_(4)_ORIGINAL.jpg;177
1040;1272;209;MANDRILLS BKB_209_20180611_id939_maljuv_(5)_ORIGINAL.jpg;232
1075;1272;209;MANDRILLS BKB_209_20180611_id939_maljuv_(6)_ORIGINAL.jpg;197
1049;1272;209;MANDRILLS BKB_209_20180611_id939_maljuv_(7)_ORIGINAL.jpg;223
1118;1272;209;MANDRILLS BKB_209_20180611_id939_maljuv_(8)_ORIGINAL.jpg;154
1035;1272;209;MANDRILLS BKB_209_20180611_id939_maljuv_(9)_ORIGINAL.jpg;237
1056;1273;209;MANDRILLS BKB_209_20180612_id939_maljuv_(1)_ORIGINAL.jpg;217
1083;1273;209;MANDRILLS BKB_209_20180612_id939_maljuv_(2)_ORIGINAL.jpg;190
1097;1273;209;MANDRILLS BKB_209_20180612_id939_maljuv_(3)_ORIGINAL.jpg;176
1163;1275;209;MANDRILLS BKB_209_20180614_id939_maljuv_(1)_ORIGINAL.jpg;112
1114;1275;209;MANDRILLS BKB_209_20180614_id939_maljuv_(2)_ORIGINAL.jpg;161
1172;1275;209;MANDRILLS BKB_209_20180614_id939_maljuv_(3)_ORIGINAL.jpg;103
1104;1275;209;MANDRILLS BKB_209_20180614_id939_maljuv_(4)_ORIGINAL.jpg;171
1066;1275;209;MANDRILLS BKB_209_20180614_id939_maljuv_(5)_ORIGINAL.jpg;209
1174;1275;209;MANDRILLS BKB_209_20180614_id939_maljuv_(6)_ORIGINAL.jpg;101
1053;1288;209;MANDRILLS BKB_209_20180627_id939_maljuv_(1)_ORIGINAL.jpg;235
1148;1288;209;MANDRILLS BKB_209_20180627_id939_maljuv_(2)_ORIGINAL.jpg;140
1111;1288;209;MANDRILLS BKB_209_20180627_id939_maljuv_(3)_ORIGINAL.jpg;177
1087;1288;209;MANDRILLS BKB_209_20180627_id939_maljuv_(4)_ORIGINAL.jpg;201
1089;1288;209;MANDRILLS BKB_209_20180627_id939_maljuv_(5)_ORIGINAL.jpg;199
986;1298;209;MANDRILLS BKB_209_20180707_id939_maljuv_(1)_ORIGINAL.jpg;312
1062;1298;209;MANDRILLS BKB_209_20180707_id939_maljuv_(2)_ORIGINAL.jpg;236
973;1298;209;MANDRILLS BKB_209_20180707_id939_maljuv_(3)_ORIGINAL.jpg;325
1074;1298;209;MANDRILLS BKB_209_20180707_id939_maljuv_(4)_ORIGINAL.jpg;224
1011;1298;209;MANDRILLS BKB_209_20180707_id939_maljuv_(5)_ORIGINAL.jpg;287
1055;1298;209;MANDRILLS BKB_209_20180707_id939_maljuv_(7)_ORIGINAL.jpg;243
1031;1298;209;MANDRILLS BKB_209_20180707_id939_maljuv_(9)_ORIGINAL.jpg;267
1068;1310;209;MANDRILLS BKB_209_20180719_id939_maljuv_ORIGINAL.jpg;242
1071;1314;209;MANDRILLS BKB_209_20180723_id939_maljuv_(1)_ORIGINAL.jpg;243
1125;1314;209;MANDRILLS BKB_209_20180723_id939_maljuv_(2)_ORIGINAL.jpg;189
1108;1314;209;MANDRILLS BKB_209_20180723_id939_maljuv_(3)_ORIGINAL.jpg;206
1120;1314;209;MANDRILLS BKB_209_20180723_id939_maljuv_(4)_ORIGINAL.jpg;194
1070;1345;209;MANDRILLS BKB_209_20180823_id939_maljuv_(1)_ORIGINAL.jpg;275
988;1345;209;MANDRILLS BKB_209_20180823_id939_maljuv_(2)_ORIGINAL.jpg;357
1118;1345;209;MANDRILLS BKB_209_20180823_id939_maljuv_(3)_ORIGINAL.jpg;227
1050;1345;209;MANDRILLS BKB_209_20180823_id939_maljuv_(4)_ORIGINAL.jpg;295
1071;1345;209;MANDRILLS BKB_209_20180823_id939_maljuv_(5)_ORIGINAL.jpg;274
1101;1345;209;MANDRILLS BKB_209_20180823_id939_maljuv_(6)_ORIGINAL.jpg;244
1243;1456;209;MANDRILLS BKB_209_20181212_id939_maljuv_(1)_ORIGINAL.jpg;213
1243;1456;209;MANDRILLS BKB_209_20181212_id939_maljuv_(2)_ORIGINAL.jpg;213
1341;1456;209;MANDRILLS BKB_209_20181212_id939_maljuv_(3)_ORIGINAL.jpg;115
1260;1456;209;MANDRILLS BKB_209_20181212_id939_maljuv_(4)_ORIGINAL.jpg;196
1196;1456;209;MANDRILLS BKB_209_20181212_id939_maljuv_(5)_ORIGINAL.jpg;260
1245;1456;209;MANDRILLS BKB_209_20181212_id939_maljuv_(6)_ORIGINAL.jpg;211
1174;1456;209;MANDRILLS BKB_209_20181212_id939_maljuv_(7)_ORIGINAL.jpg;282
1140;1456;209;MANDRILLS BKB_209_20181212_id939_maljuv_(8)_ORIGINAL.jpg;316
1159;1456;209;MANDRILLS BKB_209_20181212_id939_maljuv_(9)_ORIGINAL.jpg;297
1494;1495;209;MANDRILLS BKB_209_20190120_id939_malado_(1)_ORIGINAL.jpg;1
1452;1495;209;MANDRILLS BKB_209_20190120_id939_malado_(2)_ORIGINAL.jpg;43
1413;1495;209;MANDRILLS BKB_209_20190120_id939_malado_(3)_ORIGINAL.jpg;82
1509;1495;209;MANDRILLS BKB_209_20190120_id939_malado_(4)_ORIGINAL.jpg;14
1468;1495;209;MANDRILLS BKB_209_20190120_id939_malado_(5)_ORIGINAL.jpg;27
1243;1510;209;MANDRILLS BKB_209_20190204_id939_malado_(1)_ORIGINAL.jpg;267
1420;1510;209;MANDRILLS BKB_209_20190204_id939_malado_(10)_ORIGINAL.jpg;90
1444;1510;209;MANDRILLS BKB_209_20190204_id939_malado_(12)_ORIGINAL.jpg;66
1346;1510;209;MANDRILLS BKB_209_20190204_id939_malado_(13)_ORIGINAL.jpg;164
1347;1510;209;MANDRILLS BKB_209_20190204_id939_malado_(14)_ORIGINAL.jpg;163
1325;1510;209;MANDRILLS BKB_209_20190204_id939_malado_(18)_ORIGINAL.jpg;185
1342;1510;209;MANDRILLS BKB_209_20190204_id939_malado_(21)_ORIGINAL.jpg;168
1379;1510;209;MANDRILLS BKB_209_20190204_id939_malado_(22)_ORIGINAL.jpg;131
1421;1510;209;MANDRILLS BKB_209_20190204_id939_malado_(3)_ORIGINAL.jpg;89
1325;1510;209;MANDRILLS BKB_209_20190204_id939_malado_(31)_ORIGINAL.jpg;185
1354;1510;209;MANDRILLS BKB_209_20190204_id939_malado_(32)_ORIGINAL.jpg;156
1159;1510;209;MANDRILLS BKB_209_20190204_id939_malado_(34)_ORIGINAL.jpg;351
1183;1510;209;MANDRILLS BKB_209_20190204_id939_malado_(35)_ORIGINAL.jpg;327
1215;1510;209;MANDRILLS BKB_209_20190204_id939_malado_(38)_ORIGINAL.jpg;295
1205;1510;209;MANDRILLS BKB_209_20190204_id939_malado_(39)_ORIGINAL.jpg;305
1358;1510;209;MANDRILLS BKB_209_20190204_id939_malado_(4)_ORIGINAL.jpg;152
1172;1510;209;MANDRILLS BKB_209_20190204_id939_malado_(40)_ORIGINAL.jpg;338
1222;1510;209;MANDRILLS BKB_209_20190204_id939_malado_(41)_ORIGINAL.jpg;288
1233;1510;209;MANDRILLS BKB_209_20190204_id939_malado_(42)_ORIGINAL.jpg;277
1332;1510;209;MANDRILLS BKB_209_20190204_id939_malado_(5)_ORIGINAL.jpg;178
1418;1510;209;MANDRILLS BKB_209_20190204_id939_malado_(7)_ORIGINAL.jpg;92
1405;1510;209;MANDRILLS BKB_209_20190204_id939_malado_(8)_ORIGINAL.jpg;105
1429;1510;209;MANDRILLS BKB_209_20190204_id939_malado_(9)_ORIGINAL.jpg;81
1424;1549;209;MANDRILLS BKB_209_20190315_id939_malado_(1).jpg;125
1208;1549;209;MANDRILLS BKB_209_20190315_id939_malado_(2).jpg;341
1381;1549;209;MANDRILLS BKB_209_20190315_id939_malado_(4).jpg;168
1387;1573;209;MANDRILLS BKB_209_20190408_id939_malado.jpg;186
1578;1664;209;MANDRILLS BKB_209_20190708_id939_malado_(2).jpg;86
1514;1664;209;MANDRILLS BKB_209_20190708_id939_malado_(3).jpg;150
1546;1664;209;MANDRILLS BKB_209_20190708_id939_malado_(4).jpg;118
1606;1664;209;MANDRILLS BKB_209_20190708_id939_malado_(5).jpg;58
1427;1664;209;MANDRILLS BKB_209_20190708_id939_malado_(6).jpg;237
1367;1664;209;MANDRILLS BKB_209_20190708_id939_malado_(7).jpg;297
1376;1664;209;MANDRILLS BKB_209_20190708_id939_malado_(8).jpg;288
1373;1664;209;MANDRILLS BKB_209_20190708_id939_malado_(9).jpg;291
1517;1693;209;MANDRILLS BKB_209_20190806_id939_malado_(1).jpg;176
1571;1693;209;MANDRILLS BKB_209_20190806_id939_malado_(2).jpg;122
1459;1697;209;MANDRILLS BKB_209_20190810_id939_malado_(1).jpg;238
1590;1697;209;MANDRILLS BKB_209_20190810_id939_malado_(2).jpg;107
1586;1697;209;MANDRILLS BKB_209_20190810_id939_malado_(3).jpg;111
1628;1790;209;MANDRILLS BKB_209_20191111_id939_malado.jpg;162
1659;1792;209;MANDRILLS BKB_209_20191113_id939_malado.jpg;133
1716;1878;209;MANDRILLS BKB_209_20200207_id939_malado_(2).jpg;162
1795;1878;209;MANDRILLS BKB_209_20200207_id939_malado_(4).jpg;83
1930;1904;209;MANDRILLS BKB_209_20200304_id939_malado.jpg;26
1924;1946;209;MANDRILLS BKB_209_20200415_id939_malado.jpg;22
1977;1966;209;MANDRILLS BKB_209_20200505_id939_malado.jpg;11
2140;2134;209;MANDRILLS BKB_209_20201020_id209_malado_(1).jpg;6
2132;2134;209;MANDRILLS BKB_209_20201020_id209_malado_(2).jpg;2
2038;2142;209;MANDRILLS BKB_209_20201028_id209_malado.jpg;104
2166;2166;209;MANDRILLS BKB_209_20201121_id209_malado_(1).jpg;0
2131;2166;209;MANDRILLS BKB_209_20201121_id209_malado_(2).jpg;35
2096;2166;209;MANDRILLS BKB_209_20201121_id209_malado_(3).jpg;70
2136;2166;209;MANDRILLS BKB_209_20201121_id209_malado_(4).jpg;30
2178;2169;209;MANDRILLS BKB_209_20201124_id209_malado_(1).jpg;9
2169;2169;209;MANDRILLS BKB_209_20201124_id209_malado_(10).jpg;0
2137;2169;209;MANDRILLS BKB_209_20201124_id209_malado_(2).jpg;32
2103;2169;209;MANDRILLS BKB_209_20201124_id209_malado_(3).jpg;66
2204;2169;209;MANDRILLS BKB_209_20201124_id209_malado_(4).jpg;35
2195;2169;209;MANDRILLS BKB_209_20201124_id209_malado_(5).jpg;26
2152;2169;209;MANDRILLS BKB_209_20201124_id209_malado_(6).jpg;17
2120;2169;209;MANDRILLS BKB_209_20201124_id209_malado_(7).jpg;49
2126;2169;209;MANDRILLS BKB_209_20201124_id209_malado_(9).jpg;43
241;222;213;MANDRILLS BKB_213_20160808_id1016_feminf_(1)_ORIGINAL.jpg;19
229;222;213;MANDRILLS BKB_213_20160808_id1016_feminf_(2)_ORIGINAL.jpg;7
290;226;213;MANDRILLS BKB_213_20160812_id1016_feminf_(1)_ORIGINAL.jpg;64
260;226;213;MANDRILLS BKB_213_20160812_id1016_feminf_(2)_ORIGINAL.jpg;34
246;226;213;MANDRILLS BKB_213_20160812_id1016_feminf_(3)_ORIGINAL.jpg;20
286;226;213;MANDRILLS BKB_213_20160812_id1016_feminf_(4)_ORIGINAL.jpg;60
285;226;213;MANDRILLS BKB_213_20160812_id1016_feminf_(5)_ORIGINAL.jpg;59
323;291;213;MANDRILLS BKB_213_20161016_id1016_feminf_ORIGINAL.jpg;32
337;320;213;MANDRILLS BKB_213_20161114_id1016_feminf_(1)_ORIGINAL.jpg;17
350;320;213;MANDRILLS BKB_213_20161114_id1016_feminf_(2)_ORIGINAL.jpg;30
317;320;213;MANDRILLS BKB_213_20161114_id1016_feminf_(3)_ORIGINAL.jpg;3
689;917;213;MANDRILLS BKB_213_20180704_id_1016_femjuvGAUCHE_(1)_ORIGINAL.jpg;228
745;917;213;MANDRILLS BKB_213_20180704_id_1016_femjuvGAUCHE_(10)_ORIGINAL.jpg;172
719;917;213;MANDRILLS BKB_213_20180704_id_1016_femjuvGAUCHE_(11)_ORIGINAL.jpg;198
564;917;213;MANDRILLS BKB_213_20180704_id_1016_femjuvGAUCHE_(12)_ORIGINAL.jpg;353
679;917;213;MANDRILLS BKB_213_20180704_id_1016_femjuvGAUCHE_(13)_ORIGINAL.jpg;238
743;917;213;MANDRILLS BKB_213_20180704_id_1016_femjuvGAUCHE_(14)_ORIGINAL.jpg;174
705;917;213;MANDRILLS BKB_213_20180704_id_1016_femjuvGAUCHE_(2)_ORIGINAL.jpg;212
727;917;213;MANDRILLS BKB_213_20180704_id_1016_femjuvGAUCHE_(3)_ORIGINAL.jpg;190
841;917;213;MANDRILLS BKB_213_20180704_id_1016_femjuvGAUCHE_(4)_ORIGINAL.jpg;76
682;917;213;MANDRILLS BKB_213_20180704_id_1016_femjuvGAUCHE_(5)_ORIGINAL.jpg;235
828;917;213;MANDRILLS BKB_213_20180704_id_1016_femjuvGAUCHE_(6)_ORIGINAL.jpg;89
837;917;213;MANDRILLS BKB_213_20180704_id_1016_femjuvGAUCHE_(7)_ORIGINAL.jpg;80
719;917;213;MANDRILLS BKB_213_20180704_id_1016_femjuvGAUCHE_(8)_ORIGINAL.jpg;198
752;917;213;MANDRILLS BKB_213_20180704_id_1016_femjuvGAUCHE_(9)_ORIGINAL.jpg;165
788;929;213;MANDRILLS BKB_213_20180716_id1016_femjuvDROITE_(1)_ORIGINAL.jpg;141
827;929;213;MANDRILLS BKB_213_20180716_id1016_femjuvDROITE_(2)_ORIGINAL.jpg;102
841;929;213;MANDRILLS BKB_213_20180716_id1016_femjuvDROITE_(3)_ORIGINAL.jpg;88
863;929;213;MANDRILLS BKB_213_20180716_id1016_femjuv_(1)_ORIGINAL.jpg;66
774;929;213;MANDRILLS BKB_213_20180716_id1016_femjuv_(10)_ORIGINAL.jpg;155
1032;929;213;MANDRILLS BKB_213_20180716_id1016_femjuv_(2)_ORIGINAL.jpg;103
810;929;213;MANDRILLS BKB_213_20180716_id1016_femjuv_(3)_ORIGINAL.jpg;119
756;929;213;MANDRILLS BKB_213_20180716_id1016_femjuv_(4)_ORIGINAL.jpg;173
765;929;213;MANDRILLS BKB_213_20180716_id1016_femjuv_(8)_ORIGINAL.jpg;164
786;929;213;MANDRILLS BKB_213_20180716_id1016_femjuv_(9)_ORIGINAL.jpg;143
1111;1140;213;MANDRILLS BKB_213_20190212_id1016_femjuv_(1)_ORIGINAL.jpg;29
1007;1140;213;MANDRILLS BKB_213_20190212_id1016_femjuv_(10)_ORIGINAL.jpg;133
1011;1140;213;MANDRILLS BKB_213_20190212_id1016_femjuv_(2)_ORIGINAL.jpg;129
969;1140;213;MANDRILLS BKB_213_20190212_id1016_femjuv_(3)_ORIGINAL.jpg;171
977;1140;213;MANDRILLS BKB_213_20190212_id1016_femjuv_(4)_ORIGINAL.jpg;163
928;1140;213;MANDRILLS BKB_213_20190212_id1016_femjuv_(5)_ORIGINAL.jpg;212
1066;1140;213;MANDRILLS BKB_213_20190212_id1016_femjuv_(6)_ORIGINAL.jpg;74
998;1140;213;MANDRILLS BKB_213_20190212_id1016_femjuv_(7)_ORIGINAL.jpg;142
1074;1140;213;MANDRILLS BKB_213_20190212_id1016_femjuv_(8)_ORIGINAL.jpg;66
1021;1140;213;MANDRILLS BKB_213_20190212_id1016_femjuv_(9)_ORIGINAL.jpg;119
1043;1173;213;MANDRILLS BKB_213_20190317_id1016_femjuv_(2).jpg;130
1104;1175;213;MANDRILLS BKB_213_20190319_id1016_femjuv_(1).jpg;71
1100;1296;213;MANDRILLS BKB_213_20190718_id1016_femjuv_(2).jpg;196
1169;1296;213;MANDRILLS BKB_213_20190718_id1016_femjuv_(3).jpg;127
1146;1296;213;MANDRILLS BKB_213_20190718_id1016_femjuv_(4).jpg;150
1435;1296;213;MANDRILLS BKB_213_20190718_id1016_femjuv_(5).jpg;139
1348;1319;213;MANDRILLS BKB_213_20190810_id1016_femjuv_HAUT_(1).jpg;29
1276;1319;213;MANDRILLS BKB_213_20190810_id1016_femjuv_HAUT_(2).jpg;43
1356;1319;213;MANDRILLS BKB_213_20190810_id1016_femjuv_HAUT_(3).jpg;37
1383;1319;213;MANDRILLS BKB_213_20190810_id1016_femjuv_HAUT_(4).jpg;64
1319;1319;213;MANDRILLS BKB_213_20190810_id1016_femjuv_HAUT_(5).jpg;0
1320;1319;213;MANDRILLS BKB_213_20190810_id1016_femjuv_HAUT_(6).jpg;1
1316;1319;213;MANDRILLS BKB_213_20190810_id1016_femjuv_HAUT_(7).jpg;3
1401;1319;213;MANDRILLS BKB_213_20190810_id1016_femjuv_HAUT_(8).jpg;82
1418;1433;213;MANDRILLS BKB_213_20191202_id1016_femjuv_(1).jpg;15
1331;1433;213;MANDRILLS BKB_213_20191202_id1016_femjuv_(2).jpg;102
1291;1433;213;MANDRILLS BKB_213_20191202_id1016_femjuv_(3).jpg;142
1762;1534;213;MANDRILLS BKB_213_20200312_id1016_femadu_(1).jpg;228
1483;1534;213;MANDRILLS BKB_213_20200312_id1016_femadu_(2).jpg;51
1504;1534;213;MANDRILLS BKB_213_20200312_id1016_femadu_(3).jpg;30
1362;1534;213;MANDRILLS BKB_213_20200312_id1016_femadu_(4).jpg;172
1779;1788;213;MANDRILLS BKB_213_20201121_id213_femadu_(1).jpg;9
1559;1788;213;MANDRILLS BKB_213_20201121_id213_femadu_(10).jpg;229
1535;1788;213;MANDRILLS BKB_213_20201121_id213_femadu_(2).jpg;253
1594;1788;213;MANDRILLS BKB_213_20201121_id213_femadu_(3).jpg;194
1819;1788;213;MANDRILLS BKB_213_20201121_id213_femadu_(4).jpg;31
1534;1788;213;MANDRILLS BKB_213_20201121_id213_femadu_(5).jpg;254
1674;1788;213;MANDRILLS BKB_213_20201121_id213_femadu_(6).jpg;114
1581;1788;213;MANDRILLS BKB_213_20201121_id213_femadu_(7).jpg;207
1673;1788;213;MANDRILLS BKB_213_20201121_id213_femadu_(8).jpg;115
1578;1788;213;MANDRILLS BKB_213_20201121_id213_femadu_(9).jpg;210
1768;1814;213;MANDRILLS BKB_213_20201217_id213_femadu.jpg;46
1527;1818;213;MANDRILLS BKB_213_20201221_id213_femadu.jpg;291
1612;1832;213;MANDRILLS BKB_213_20210104_id213_femadu.jpg;220
1534;1833;213;MANDRILLS BKB_213_20210105_id213_femadu_(1).jpg;299
1481;1833;213;MANDRILLS BKB_213_20210105_id213_femadu_(2).jpg;352
1639;1848;213;MANDRILLS BKB_213_20210120_id213_femadu_(1).jpg;209
1607;1848;213;MANDRILLS BKB_213_20210120_id213_femadu_(2).jpg;241
1770;1848;213;MANDRILLS BKB_213_20210120_id213_femadu_(3).jpg;78
1674;1848;213;MANDRILLS BKB_213_20210120_id213_femadu_(4).jpg;174
1697;1848;213;MANDRILLS BKB_213_20210120_id213_femadu_(5).jpg;151
1646;1848;213;MANDRILLS BKB_213_20210120_id213_femadu_(6).jpg;202
1704;1848;213;MANDRILLS BKB_213_20210120_id213_femadu_(7).jpg;144
1714;1849;213;MANDRILLS BKB_213_20210121_id213_femadu_(1).jpg;135
1740;1849;213;MANDRILLS BKB_213_20210121_id213_femadu_(2).jpg;109
1671;1849;213;MANDRILLS BKB_213_20210121_id213_femadu_(3).jpg;178
1725;1849;213;MANDRILLS BKB_213_20210121_id213_femadu_(4).jpg;124
1716;1849;213;MANDRILLS BKB_213_20210121_id213_femadu_(5).jpg;133
1769;1849;213;MANDRILLS BKB_213_20210121_id213_femadu_(6).jpg;80
1665;1849;213;MANDRILLS BKB_213_20210121_id213_femadu_(7).jpg;184
1523;1849;213;MANDRILLS BKB_213_20210121_id213_femadu_(8).jpg;326
1908;1856;213;MANDRILLS BKB_213_20210128_id213_femadu.jpg;52
1394;1857;213;MANDRILLS BKB_213_20210129_id213_femadu_(10).jpg;463
1780;1857;213;MANDRILLS BKB_213_20210129_id213_femadu_(2).jpg;77
1702;1857;213;MANDRILLS BKB_213_20210129_id213_femadu_(3).jpg;155
1886;1857;213;MANDRILLS BKB_213_20210129_id213_femadu_(4).jpg;29
1761;1857;213;MANDRILLS BKB_213_20210129_id213_femadu_(5).jpg;96
1750;1857;213;MANDRILLS BKB_213_20210129_id213_femadu_(6).jpg;107
1846;1857;213;MANDRILLS BKB_213_20210129_id213_femadu_(7).jpg;11
1909;1857;213;MANDRILLS BKB_213_20210129_id213_femadu_(9).jpg;52
1881;1858;213;MANDRILLS BKB_213_20210130_id213_femadu.jpg;23
1647;1869;213;MANDRILLS BKB_213_20210210_id213_femadu.jpg;222
1651;1869;213;MANDRILLS BKB_213_20210210_id213_femadu_(1).jpg;218
1559;1869;213;MANDRILLS BKB_213_20210210_id213_femadu_(2).jpg;310
1617;1869;213;MANDRILLS BKB_213_20210210_id213_femadu_(3).jpg;252
1623;1876;213;MANDRILLS BKB_213_20210217_id213_femadu_(1).jpg;253
1813;1876;213;MANDRILLS BKB_213_20210217_id213_femadu_(3).jpg;63
1657;1919;213;MANDRILLS BKB_213_20210401_id213_femadu_(1).jpg;262
1620;1919;213;MANDRILLS BKB_213_20210401_id213_femadu_(2).jpg;299
1713;1923;213;MANDRILLS BKB_213_20210405_id213_femadu_(1).jpg;210
1704;1923;213;MANDRILLS BKB_213_20210405_id213_femadu_(2).jpg;219
1714;1923;213;MANDRILLS BKB_213_20210405_id213_femadu_(3).jpg;209
1939;1928;213;MANDRILLS BKB_213_20210410_id213_femadu_(1).jpg;11
1552;1928;213;MANDRILLS BKB_213_20210410_id213_femadu_(2).jpg;376
1523;1928;213;MANDRILLS BKB_213_20210410_id213_femadu_(3).jpg;405
1916;2001;213;MANDRILLS BKB_213_20210622_id213_femadu_(2).jpg;85
1921;2001;213;MANDRILLS BKB_213_20210622_id213_femadu_(3).jpg;80
1995;2001;213;MANDRILLS BKB_213_20210622_id213_femadu_(4).jpg;6
1624;2088;213;MANDRILLS BKB_213_20210917_id213_femadu.jpg;464
1820;2093;213;MANDRILLS BKB_213_20210922_id213_femadu.jpg;273
2054;2117;213;MANDRILLS BKB_213_20211016_id213_femadu.jpg;63
1930;2120;213;MANDRILLS BKB_213_20211019_id213_femadu.jpg;190
1957;2123;213;MANDRILLS BKB_213_20211022_id213_femadu.jpg;166
1934;2125;213;MANDRILLS BKB_213_20211024_id213_femadu.jpg;191
2297;2151;213;MANDRILLS BKB_213_20211119_id213_femadu.jpg;146
1862;2158;213;MANDRILLS BKB_213_20211126_id213_femadu.jpg;296
1870;2179;213;MANDRILLS BKB_213_20211217_id213_femadu_(1).jpg;309
2096;2179;213;MANDRILLS BKB_213_20211217_id213_femadu_(2).jpg;83
2013;2179;213;MANDRILLS BKB_213_20211217_id213_femadu_(3).jpg;166
1883;2179;213;MANDRILLS BKB_213_20211217_id213_femadu_(4).jpg;296
2026;2188;213;MANDRILLS BKB_213_20211226_id213_femadu.jpg;162
1947;2215;213;MANDRILLS BKB_213_20220122_id213 (1).jpg;268
2002;2215;213;MANDRILLS BKB_213_20220122_id213 (2).jpg;213
2056;2215;213;MANDRILLS BKB_213_20220122_id213 (3).jpg;159
2031;2215;213;MANDRILLS BKB_213_20220122_id213 (4).jpg;184
2338;2259;213;MANDRILLS BKB_213_20220307_id213_femadu.jpg;79
2024;2278;213;MANDRILLS BKB_213_20220326_id213_femadu.jpg;254
2334;2303;213;MANDRILLS BKB_213_20220420_id213_femadu.jpg;31
2123;2317;213;MANDRILLS BKB_213_20220504_id213_femadu (1).jpg;194
2892;2317;213;MANDRILLS BKB_213_20220504_id213_femadu (2).jpg;575
3493;2328;213;MANDRILLS BKB_213_20220515_id213_femadu.jpg;1165
2226;2331;213;MANDRILLS BKB_213_20220518_id213_femadu.jpg;105
1366;2334;213;MANDRILLS BKB_213_20220521_id213_femadu (2).jpg;968
2787;2334;213;MANDRILLS BKB_213_20220521_id213_femadu (4).jpg;453
2172;2334;213;MANDRILLS BKB_213_20220521_id213_femadu.jpg;162
2313;2345;213;MANDRILLS BKB_213_20220601_id213_femadu (1).jpg;32
2357;2345;213;MANDRILLS BKB_213_20220601_id213_femadu (2).jpg;12
2438;2345;213;MANDRILLS BKB_213_20220601_id213_femadu (3).jpg;93
2666;2345;213;MANDRILLS BKB_213_20220601_id213_femadu.jpg;321
2097;2348;213;MANDRILLS BKB_213_20220604_id213_femadu.jpg;251
2017;2351;213;MANDRILLS BKB_213_20220607_id213_femadu.jpg;334
1792;2358;213;MANDRILLS BKB_213_20220614_id213_femadu (1).jpg;566
2202;2358;213;MANDRILLS BKB_213_20220614_id213_femadu (3).jpg;156
2350;2359;213;MANDRILLS BKB_213_20220615_id213_femadu.jpg;9
2169;2373;213;MANDRILLS BKB_213_20220629_id213.jpg;204
2274;2375;213;MANDRILLS BKB_213_20220701_id213 (2).jpg;101
2362;2375;213;MANDRILLS BKB_213_20220701_id213 (3).jpg;13
3165;2375;213;MANDRILLS BKB_213_20220701_id213.jpg;790
2170;2380;213;MANDRILLS BKB_213_20220706_id213 (1).jpg;210
2731;2380;213;MANDRILLS BKB_213_20220706_id213 (2).jpg;351
2505;2382;213;MANDRILLS BKB_213_20220708_id213.jpg;123
2101;2383;213;MANDRILLS BKB_213_20220709_id213.jpg;282
2429;2409;213;MANDRILLS BKB_213_20220804_id213.jpg;20
2520;2412;213;MANDRILLS BKB_213_20220807_id213 (2).jpg;108
2422;2412;213;MANDRILLS BKB_213_20220807_id213 (3).jpg;10
2379;2412;213;MANDRILLS BKB_213_20220807_id213 (4).jpg;33
2113;2412;213;MANDRILLS BKB_213_20220807_id213 (6).jpg;299
2296;2412;213;MANDRILLS BKB_213_20220807_id213 (7).jpg;116
1506;2412;213;MANDRILLS BKB_213_20220807_id213.jpg;906
2292;2417;213;MANDRILLS BKB_213_20220812_id213.jpg;125
3402;2423;213;MANDRILLS BKB_213_20220818_id213.jpg;979
2502;2428;213;MANDRILLS BKB_213_20220823_id213 (2).jpg;74
1937;2428;213;MANDRILLS BKB_213_20220823_id213.jpg;491
2254;2440;213;MANDRILLS BKB_213_20220904_id213 (1).jpg;186
2266;2440;213;MANDRILLS BKB_213_20220904_id213 (2).jpg;174
3084;2454;213;MANDRILLS BKB_213_20220918_id213 (1).jpg;630
2148;2454;213;MANDRILLS BKB_213_20220918_id213 (2).jpg;306
2960;2471;213;MANDRILLS BKB_213_20221005_id213.jpg;489
2711;2487;213;MANDRILLS BKB_213_20221021_id213.jpg;224
2447;2488;213;MANDRILLS BKB_213_20221022_id213.jpg;41
2514;2511;213;MANDRILLS BKB_213_20221114_id213.jpg;3
2433;2513;213;MANDRILLS BKB_213_20221116_id213.jpg;80
2794;2518;213;MANDRILLS BKB_213_20221121_id213.jpg;276
2480;2522;213;MANDRILLS BKB_213_20221125_id213 (4).jpg;42
2401;2522;213;MANDRILLS BKB_213_20221125_id213.jpg;121
2610;2527;213;MANDRILLS BKB_213_20221130_id213 (1).jpg;83
2819;2527;213;MANDRILLS BKB_213_20221130_id213 (2).jpg;292
2327;2536;213;MANDRILLS BKB_213_20221209_id213 (1).jpg;209
2557;2536;213;MANDRILLS BKB_213_20221209_id213 (2).jpg;21
2498;2536;213;MANDRILLS BKB_213_20221209_id213 (3).jpg;38
2669;2537;213;MANDRILLS BKB_213_20221210_id213 (1).jpg;132
2254;2537;213;MANDRILLS BKB_213_20221210_id213.jpg;283
3090;2545;213;MANDRILLS BKB_213_20221218_id213 (1).jpg;545
2200;2545;213;MANDRILLS BKB_213_20221218_id213 (2).jpg;345
2348;2545;213;MANDRILLS BKB_213_20221218_id213.jpg;197
2510;2551;213;MANDRILLS BKB_213_20221224_id213.jpg;41
1697;1799;234;MANDRILLS BKB_234_20190926_id234_mal.jpg;102
1701;1842;234;MANDRILLS BKB_234_20191108_id234_mal.jpg;141
1670;1872;234;MANDRILLS BKB_234_20191208_id234_mal.jpg;202
1928;2186;234;MANDRILLS BKB_234_20201017_id234_mal.jpg;258
1981;2191;234;MANDRILLS BKB_234_20201022_id234_mal.jpg;210
2055;2265;234;MANDRILLS BKB_234_20210104_id234_mal.jpg;210
1950;2266;234;MANDRILLS BKB_234_20210105_id234_mal.jpg;316
1952;2274;234;MANDRILLS BKB_234_20210113_id234_mal.jpg;322
1998;2287;234;MANDRILLS BKB_234_20210126_id234_(1).jpg;289
1968;2287;234;MANDRILLS BKB_234_20210126_id234_(2).jpg;319
1911;2287;234;MANDRILLS BKB_234_20210126_id234_(3).jpg;376
2049;2318;234;MANDRILLS BKB_234_20210226_id234_mal_(1).jpg;269
2083;2318;234;MANDRILLS BKB_234_20210226_id234_mal_(2).jpg;235
2339;2352;234;MANDRILLS BKB_234_20210401_id234_mal_(3).jpg;13
2170;2352;234;MANDRILLS BKB_234_20210401_id234_mal_(4).jpg;182
2180;2352;234;MANDRILLS BKB_234_20210401_id234_mal_(5).jpg;172
2104;2352;234;MANDRILLS BKB_234_20210401_id234_mal_(6).jpg;248
2123;2352;234;MANDRILLS BKB_234_20210401_id234_mal_(7).jpg;229
2127;2352;234;MANDRILLS BKB_234_20210401_id234_mal_(8).jpg;225
2151;2352;234;MANDRILLS BKB_234_20210401_id234_mal_(9).jpg;201
2206;2374;234;MANDRILLS BKB_234_20210423_id234_mal.jpg;168
2198;2460;234;MANDRILLS BKB_234_20210718_id234_malado_(1).jpg;262
2221;2460;234;MANDRILLS BKB_234_20210718_id234_malado_(2).jpg;239
2147;2460;234;MANDRILLS BKB_234_20210718_id234_malado_(3).jpg;313
2226;2465;234;MANDRILLS BKB_234_20210723_id234_malado_(1).jpg;239
2302;2465;234;MANDRILLS BKB_234_20210723_id234_malado_(2).jpg;163
2347;2465;234;MANDRILLS BKB_234_20210723_id234_malado_(3).jpg;118
2300;2465;234;MANDRILLS BKB_234_20210723_id234_malado_(4).jpg;165
2322;2465;234;MANDRILLS BKB_234_20210723_id234_malado_(5).jpg;143
2331;2527;234;MANDRILLS BKB_234_20210923_id234_malsub (2).jpg;196
2374;2540;234;MANDRILLS BKB_234_20211006_id234_malsub.jpg;166
501;576;249;MANDRILLS BKB_249_20190718_id249_mal_(1).jpg;75
502;576;249;MANDRILLS BKB_249_20190718_id249_mal_(2).jpg;74
496;678;249;MANDRILLS BKB_249_20191028_id249_mal.jpg;182
839;1044;249;MANDRILLS BKB_249_20201028_id249_mal.jpg;205
893;1090;249;MANDRILLS BKB_249_20201213_id249_maljuv.jpg;197
1056;1094;249;MANDRILLS BKB_249_20201217_id249_maljuv.jpg;38
881;1134;249;MANDRILLS BKB_249_20210126_id249_mal_(1).jpg;253
921;1134;249;MANDRILLS BKB_249_20210126_id249_mal_(2).jpg;213
824;1134;249;MANDRILLS BKB_249_20210126_id249_mal_(3).jpg;310
981;1134;249;MANDRILLS BKB_249_20210126_id249_mal_(4).jpg;153
780;1137;249;MANDRILLS BKB_249_20210129_id249_mal_(2).jpg;357
910;1137;249;MANDRILLS BKB_249_20210129_id249_mal_(3).jpg;227
831;1137;249;MANDRILLS BKB_249_20210129_id249_mal_(4).jpg;306
1009;1165;249;MANDRILLS BKB_249_20210226_id249_mal.jpg;156
965;1200;249;MANDRILLS BKB_249_20210402_id249_mal_(1).jpg;235
968;1200;249;MANDRILLS BKB_249_20210402_id249_mal_(2).jpg;232
985;1200;249;MANDRILLS BKB_249_20210402_id249_mal_(3).jpg;215
1062;1200;249;MANDRILLS BKB_249_20210402_id249_mal_(4).jpg;138
1120;1204;249;MANDRILLS BKB_249_20210406_id249_mal_(1).jpg;84
1153;1204;249;MANDRILLS BKB_249_20210406_id249_mal_(2).jpg;51
1027;1204;249;MANDRILLS BKB_249_20210406_id249_mal_(3).jpg;177
1117;1294;249;MANDRILLS BKB_249_20210705_id249_maljuv.jpg;177
1230;1433;249;MANDRILLS BKB_249_20211121_id249_maljuv_(1).jpg;203
1312;1433;249;MANDRILLS BKB_249_20211121_id249_maljuv_(2).jpg;121
1243;1433;249;MANDRILLS BKB_249_20211121_id249_maljuv_(3).jpg;190
1179;1433;249;MANDRILLS BKB_249_20211121_id249_maljuv_(4).jpg;254
1334;1500;249;MANDRILLS BKB_249_20220127_id249 (2).jpg;166
1273;1500;249;MANDRILLS BKB_249_20220127_id249.jpg;227
1410;1505;249;MANDRILLS BKB_249_20220201_id249_malado (1).jpg;95
1359;1505;249;MANDRILLS BKB_249_20220201_id249_malado (2).jpg;146
1297;1515;249;MANDRILLS BKB_249_20220211_id249malado.jpg;218
1425;1524;249;MANDRILLS BKB_249_20220220_id249_malado.jpg;99
1455;1541;249;MANDRILLS BKB_249_20220309_id249_malado (1).jpg;86
1243;1541;249;MANDRILLS BKB_249_20220309_id249_malado (2).jpg;298
1396;1541;249;MANDRILLS BKB_249_20220309_id249_malado (3).jpg;145
1357;1558;249;MANDRILLS BKB_249_20220326_id249_malado.jpg;201
1400;1564;249;MANDRILLS BKB_249_20220401_id249_malado (1).jpg;164
1407;1564;249;MANDRILLS BKB_249_20220401_id249_malado (2).jpg;157
1375;1564;249;MANDRILLS BKB_249_20220401_id249_malado (3).jpg;189
1320;1602;249;MANDRILLS BKB_249_20220509_id249_malado (2).jpg;282
1441;1602;249;MANDRILLS BKB_249_20220509_id249_malado (3).jpg;161
1459;1602;249;MANDRILLS BKB_249_20220509_id249_malado (6).jpg;143
1199;1610;249;MANDRILLS BKB_249_20220517_id249_malado (1).jpg;411
1463;1610;249;MANDRILLS BKB_249_20220517_id249_malado (2).jpg;147
1590;1628;249;MANDRILLS BKB_249_20220604_id249_malado (1).jpg;38
1572;1628;249;MANDRILLS BKB_249_20220604_id249_malado (2).jpg;56
1349;1628;249;MANDRILLS BKB_249_20220604_id249_malado (3).jpg;279
1405;1631;249;MANDRILLS BKB_249_20220607_id249_malado.jpg;226
1482;1645;249;MANDRILLS BKB_249_20220621_id249_malado (1).jpg;163
1497;1645;249;MANDRILLS BKB_249_20220621_id249_malado (2).jpg;148
1292;1645;249;MANDRILLS BKB_249_20220621_id249_malado (3).jpg;353
1480;1645;249;MANDRILLS BKB_249_20220621_id249_malado (4).jpg;165
1444;1657;249;MANDRILLS BKB_249_20220703_id249 (1).jpg;213
1312;1657;249;MANDRILLS BKB_249_20220703_id249 (2).jpg;345
1553;1657;249;MANDRILLS BKB_249_20220703_id249 (3).jpg;104
1424;1657;249;MANDRILLS BKB_249_20220703_id249 (4).jpg;233
1534;1665;249;MANDRILLS BKB_249_20220711_id249.jpg;131
1466;1667;249;MANDRILLS BKB_249_20220713_id249.jpg;201
1522;1680;249;MANDRILLS BKB_249_20220726_id249.jpg;158
1635;1689;249;MANDRILLS BKB_249_20220804_id249.jpg;54
1478;1697;249;MANDRILLS BKB_249_20220812_id249 (1).jpg;219
1433;1697;249;MANDRILLS BKB_249_20220812_id249 (2).jpg;264
1481;1711;249;MANDRILLS BKB_249_20220826_id249 (1).jpg;230
1484;1711;249;MANDRILLS BKB_249_20220826_id249 (2).jpg;227
1501;1711;249;MANDRILLS BKB_249_20220826_id249.jpg;210
1575;1721;249;MANDRILLS BKB_249_20220905_id249.jpg;146
1614;1751;249;MANDRILLS BKB_249_20221005_id249.jpg;137
1609;1767;249;MANDRILLS BKB_249_20221021_id249 (1).jpg;158
1506;1767;249;MANDRILLS BKB_249_20221021_id249 (2).jpg;261
1565;1776;249;MANDRILLS BKB_249_20221030_id249.jpg;211
1803;1821;249;MANDRILLS BKB_249_20221214_id249 (2).jpg;18
2015;1829;249;MANDRILLS BKB_249_20221222_id249.jpg;186
3899;4278;25;MANDRILLS BKB_25_20120731_id25_femadu_(1)_ORIGINAL.jpg;379
3833;4278;25;MANDRILLS BKB_25_20120731_id25_femadu_(10)_ORIGINAL.jpg;445
3825;4278;25;MANDRILLS BKB_25_20120731_id25_femadu_(11)_ORIGINAL.jpg;453
3242;4278;25;MANDRILLS BKB_25_20120731_id25_femadu_(12)_ORIGINAL.jpg;1036
3820;4278;25;MANDRILLS BKB_25_20120731_id25_femadu_(2)_ORIGINAL.jpg;458
3838;4278;25;MANDRILLS BKB_25_20120731_id25_femadu_(3)_ORIGINAL.jpg;440
3867;4278;25;MANDRILLS BKB_25_20120731_id25_femadu_(4)_ORIGINAL.jpg;411
3799;4278;25;MANDRILLS BKB_25_20120731_id25_femadu_(6)_ORIGINAL.jpg;479
3840;4278;25;MANDRILLS BKB_25_20120731_id25_femadu_(8)_ORIGINAL.jpg;438
3914;4278;25;MANDRILLS BKB_25_20120731_id25_femadu_(9)_ORIGINAL.jpg;364
3540;4334;25;MANDRILLS BKB_25_20120925_id25_femadu_(1)_ORIGINAL.jpg;794
3577;4334;25;MANDRILLS BKB_25_20120925_id25_femadu_(3)_ORIGINAL.jpg;757
212;209;254;MANDRILLS BKB_254_20180626_id254_malinfDROITE_(1)_ORIGINAL.jpg;3
252;209;254;MANDRILLS BKB_254_20180626_id254_malinfDROITE_(10)_ORIGINAL.jpg;43
256;209;254;MANDRILLS BKB_254_20180626_id254_malinfDROITE_(2)_ORIGINAL.jpg;47
253;209;254;MANDRILLS BKB_254_20180626_id254_malinfDROITE_(3)_ORIGINAL.jpg;44
237;209;254;MANDRILLS BKB_254_20180626_id254_malinfDROITE_(4)_ORIGINAL.jpg;28
270;209;254;MANDRILLS BKB_254_20180626_id254_malinfDROITE_(7)_ORIGINAL.jpg;61
292;209;254;MANDRILLS BKB_254_20180626_id254_malinfDROITE_(8)_ORIGINAL.jpg;83
274;209;254;MANDRILLS BKB_254_20180626_id254_malinfDROITE_(9)_ORIGINAL.jpg;65
295;230;254;MANDRILLS BKB_254_20180717_id254_malinf_(18)_ORIGINAL.jpg;65
277;230;254;MANDRILLS BKB_254_20180717_id254_malinf_(19)_ORIGINAL.jpg;47
322;278;254;MANDRILLS BKB_254_20180903_id254_malinf_(1)_ORIGINAL.jpg;44
327;278;254;MANDRILLS BKB_254_20180903_id254_malinf_(10)_ORIGINAL.jpg;49
303;278;254;MANDRILLS BKB_254_20180903_id254_malinf_(11)_ORIGINAL.jpg;25
307;278;254;MANDRILLS BKB_254_20180903_id254_malinf_(12)_ORIGINAL.jpg;29
328;278;254;MANDRILLS BKB_254_20180903_id254_malinf_(15)_ORIGINAL.jpg;50
274;278;254;MANDRILLS BKB_254_20180903_id254_malinf_(17)_ORIGINAL.jpg;4
272;278;254;MANDRILLS BKB_254_20180903_id254_malinf_(18)_ORIGINAL.jpg;6
307;278;254;MANDRILLS BKB_254_20180903_id254_malinf_(19)_ORIGINAL.jpg;29
309;278;254;MANDRILLS BKB_254_20180903_id254_malinf_(2)_ORIGINAL.jpg;31
302;278;254;MANDRILLS BKB_254_20180903_id254_malinf_(20)_ORIGINAL.jpg;24
298;278;254;MANDRILLS BKB_254_20180903_id254_malinf_(21)_ORIGINAL.jpg;20
293;278;254;MANDRILLS BKB_254_20180903_id254_malinf_(22)_ORIGINAL.jpg;15
302;278;254;MANDRILLS BKB_254_20180903_id254_malinf_(23)_ORIGINAL.jpg;24
318;278;254;MANDRILLS BKB_254_20180903_id254_malinf_(26)_ORIGINAL.jpg;40
307;278;254;MANDRILLS BKB_254_20180903_id254_malinf_(27)_ORIGINAL.jpg;29
303;278;254;MANDRILLS BKB_254_20180903_id254_malinf_(28)_ORIGINAL.jpg;25
289;278;254;MANDRILLS BKB_254_20180903_id254_malinf_(29)_ORIGINAL.jpg;11
273;278;254;MANDRILLS BKB_254_20180903_id254_malinf_(3)_ORIGINAL.jpg;5
369;278;254;MANDRILLS BKB_254_20180903_id254_malinf_(31)_ORIGINAL.jpg;91
314;278;254;MANDRILLS BKB_254_20180903_id254_malinf_(34)_ORIGINAL.jpg;36
296;278;254;MANDRILLS BKB_254_20180903_id254_malinf_(36)_ORIGINAL.jpg;18
302;278;254;MANDRILLS BKB_254_20180903_id254_malinf_(37)_ORIGINAL.jpg;24
340;278;254;MANDRILLS BKB_254_20180903_id254_malinf_(4)_ORIGINAL.jpg;62
332;278;254;MANDRILLS BKB_254_20180903_id254_malinf_(5)_ORIGINAL.jpg;54
323;278;254;MANDRILLS BKB_254_20180903_id254_malinf_(6)_ORIGINAL.jpg;45
325;278;254;MANDRILLS BKB_254_20180903_id254_malinf_(7)_ORIGINAL.jpg;47
338;278;254;MANDRILLS BKB_254_20180903_id254_malinf_(8)_ORIGINAL.jpg;60
317;278;254;MANDRILLS BKB_254_20180903_id254_malinf_(9)_ORIGINAL.jpg;39
280;300;254;MANDRILLS BKB_254_20180925_id254_malinfGAUCHE_(1)_ORIGINAL.jpg;20
311;300;254;MANDRILLS BKB_254_20180925_id254_malinfGAUCHE_(10)_ORIGINAL.jpg;11
307;300;254;MANDRILLS BKB_254_20180925_id254_malinfGAUCHE_(12)_ORIGINAL.jpg;7
281;300;254;MANDRILLS BKB_254_20180925_id254_malinfGAUCHE_(17)_ORIGINAL.jpg;19
262;300;254;MANDRILLS BKB_254_20180925_id254_malinfGAUCHE_(2)_ORIGINAL.jpg;38
280;300;254;MANDRILLS BKB_254_20180925_id254_malinfGAUCHE_(20)_ORIGINAL.jpg;20
300;300;254;MANDRILLS BKB_254_20180925_id254_malinfGAUCHE_(21)_ORIGINAL.jpg;0
363;300;254;MANDRILLS BKB_254_20180925_id254_malinfGAUCHE_(22)_ORIGINAL.jpg;63
351;300;254;MANDRILLS BKB_254_20180925_id254_malinfGAUCHE_(24)_ORIGINAL.jpg;51
325;300;254;MANDRILLS BKB_254_20180925_id254_malinfGAUCHE_(25)_ORIGINAL.jpg;25
240;300;254;MANDRILLS BKB_254_20180925_id254_malinfGAUCHE_(28)_ORIGINAL.jpg;60
252;300;254;MANDRILLS BKB_254_20180925_id254_malinfGAUCHE_(29)_ORIGINAL.jpg;48
277;300;254;MANDRILLS BKB_254_20180925_id254_malinfGAUCHE_(3)_ORIGINAL.jpg;23
241;300;254;MANDRILLS BKB_254_20180925_id254_malinfGAUCHE_(30)_ORIGINAL.jpg;59
235;300;254;MANDRILLS BKB_254_20180925_id254_malinfGAUCHE_(31)_ORIGINAL.jpg;65
264;300;254;MANDRILLS BKB_254_20180925_id254_malinfGAUCHE_(32)_ORIGINAL.jpg;36
257;300;254;MANDRILLS BKB_254_20180925_id254_malinfGAUCHE_(33)_ORIGINAL.jpg;43
229;300;254;MANDRILLS BKB_254_20180925_id254_malinfGAUCHE_(34)_ORIGINAL.jpg;71
230;300;254;MANDRILLS BKB_254_20180925_id254_malinfGAUCHE_(35)_ORIGINAL.jpg;70
244;300;254;MANDRILLS BKB_254_20180925_id254_malinfGAUCHE_(36)_ORIGINAL.jpg;56
245;300;254;MANDRILLS BKB_254_20180925_id254_malinfGAUCHE_(37)_ORIGINAL.jpg;55
255;300;254;MANDRILLS BKB_254_20180925_id254_malinfGAUCHE_(38)_ORIGINAL.jpg;45
279;300;254;MANDRILLS BKB_254_20180925_id254_malinfGAUCHE_(39)_ORIGINAL.jpg;21
286;300;254;MANDRILLS BKB_254_20180925_id254_malinfGAUCHE_(4)_ORIGINAL.jpg;14
256;300;254;MANDRILLS BKB_254_20180925_id254_malinfGAUCHE_(40)_ORIGINAL.jpg;44
292;300;254;MANDRILLS BKB_254_20180925_id254_malinfGAUCHE_(41)_ORIGINAL.jpg;8
308;300;254;MANDRILLS BKB_254_20180925_id254_malinfGAUCHE_(42)_ORIGINAL.jpg;8
282;300;254;MANDRILLS BKB_254_20180925_id254_malinfGAUCHE_(43)_ORIGINAL.jpg;18
286;300;254;MANDRILLS BKB_254_20180925_id254_malinfGAUCHE_(44)_ORIGINAL.jpg;14
230;300;254;MANDRILLS BKB_254_20180925_id254_malinfGAUCHE_(47)_ORIGINAL.jpg;70
242;300;254;MANDRILLS BKB_254_20180925_id254_malinfGAUCHE_(50)_ORIGINAL.jpg;58
268;300;254;MANDRILLS BKB_254_20180925_id254_malinfGAUCHE_(7)_ORIGINAL.jpg;32
385;475;254;MANDRILLS BKB_254_20190319_id254_maljuv_DROITE_(1).jpg;90
615;475;254;MANDRILLS BKB_254_20190319_id254_maljuv_DROITE_(2).jpg;140
562;586;254;MANDRILLS BKB_254_20190708_id254_maljuv_DROITE_(1).jpg;24
552;586;254;MANDRILLS BKB_254_20190708_id254_maljuv_DROITE_(2).jpg;34
597;586;254;MANDRILLS BKB_254_20190708_id254_maljuv_DROITE_(3).jpg;11
545;586;254;MANDRILLS BKB_254_20190708_id254_maljuv_DROITE_(4).jpg;41
571;586;254;MANDRILLS BKB_254_20190708_id254_maljuv_DROITE_(5).jpg;15
611;586;254;MANDRILLS BKB_254_20190708_id254_maljuv_DROITE_(6).jpg;25
547;586;254;MANDRILLS BKB_254_20190708_id254_maljuv_DROITE_(7).jpg;39
607;586;254;MANDRILLS BKB_254_20190708_id254_maljuv_DROITE_(9).jpg;21
635;646;254;MANDRILLS BKB_254_20190906_id254_maljuv_(1).jpg;11
526;646;254;MANDRILLS BKB_254_20190906_id254_maljuv_(10).jpg;120
610;646;254;MANDRILLS BKB_254_20190906_id254_maljuv_(11).jpg;36
687;646;254;MANDRILLS BKB_254_20190906_id254_maljuv_(2).jpg;41
586;646;254;MANDRILLS BKB_254_20190906_id254_maljuv_(3).jpg;60
653;646;254;MANDRILLS BKB_254_20190906_id254_maljuv_(4).jpg;7
585;646;254;MANDRILLS BKB_254_20190906_id254_maljuv_(5).jpg;61
624;646;254;MANDRILLS BKB_254_20190906_id254_maljuv_(6).jpg;22
631;646;254;MANDRILLS BKB_254_20190906_id254_maljuv_(7).jpg;15
647;646;254;MANDRILLS BKB_254_20190906_id254_maljuv_(8).jpg;1
714;651;254;MANDRILLS BKB_254_20190911_id254_maljuv.jpg;63
785;651;254;MANDRILLS BKB_254_20190911_id254_maljuv_DROITE.jpg;134
682;686;254;MANDRILLS BKB_254_20191016_id254_maljuv_(1).jpg;4
642;686;254;MANDRILLS BKB_254_20191016_id254_maljuv_(2).jpg;44
577;686;254;MANDRILLS BKB_254_20191016_id254_maljuv_(3).jpg;109
791;803;254;MANDRILLS BKB_254_20200210_id254_maljuv_(1).jpg;12
614;803;254;MANDRILLS BKB_254_20200210_id254_maljuv_(2).jpg;189
649;803;254;MANDRILLS BKB_254_20200210_id254_maljuv_(3).jpg;154
929;817;254;MANDRILLS BKB_254_20200224_id254_maljuv_(1).jpg;112
912;817;254;MANDRILLS BKB_254_20200224_id254_maljuv_(2).jpg;95
676;842;254;MANDRILLS BKB_254_20200320_id254_maljuv_(1).jpg;166
617;842;254;MANDRILLS BKB_254_20200320_id254_maljuv_(2).jpg;225
700;842;254;MANDRILLS BKB_254_20200320_id254_maljuv_(3).jpg;142
910;886;254;MANDRILLS BKB_254_20200503_id254_maljuv.jpg;24
973;889;254;MANDRILLS BKB_254_20200506_id254_maljuv.jpg;84
971;889;254;MANDRILLS BKB_254_20200506_id254_maljuv_(1).jpg;82
912;889;254;MANDRILLS BKB_254_20200506_id254_maljuv_(2).jpg;23
1043;1056;254;MANDRILLS BKB_254_20201020_id254_maljuv_(1).jpg;13
1001;1056;254;MANDRILLS BKB_254_20201020_id254_maljuv_(2).jpg;55
1010;1056;254;MANDRILLS BKB_254_20201020_id254_maljuv_(3).jpg;46
960;1064;254;MANDRILLS BKB_254_20201028_id254_maljuv.jpg;104
979;1064;254;MANDRILLS BKB_254_20201028_id254_maljuv_(1).jpg;85
1002;1064;254;MANDRILLS BKB_254_20201028_id254_maljuv_(2).jpg;62
1037;1074;254;MANDRILLS BKB_254_20201107_id254_maljuv.jpg;37
1041;1126;254;MANDRILLS BKB_254_20201229_id254_maljuv.jpg;85
1149;1132;254;MANDRILLS BKB_254_20210104_id254_maljuv.jpg;17
1314;1144;254;MANDRILLS BKB_254_20210116_id254_maljuv_(1).jpg;170
1232;1144;254;MANDRILLS BKB_254_20210116_id254_maljuv_(2).jpg;88
1238;1153;254;MANDRILLS BKB_254_20210125_id254_maljuv_(1).jpg;85
1229;1153;254;MANDRILLS BKB_254_20210125_id254_maljuv_(2).jpg;76
1085;1156;254;MANDRILLS BKB_254_20210128_id254_maljuv_(1).jpg;71
1126;1156;254;MANDRILLS BKB_254_20210128_id254_maljuv_(2).jpg;30
1260;1156;254;MANDRILLS BKB_254_20210128_id254_maljuv_(3).jpg;104
1207;1156;254;MANDRILLS BKB_254_20210128_id254_maljuv_(4).jpg;51
1113;1156;254;MANDRILLS BKB_254_20210128_id254_maljuv_(5).jpg;43
1175;1156;254;MANDRILLS BKB_254_20210128_id254_maljuv_(6).jpg;19
1211;1157;254;MANDRILLS BKB_254_20210129_id254_maljuv.jpg;54
1085;1157;254;MANDRILLS BKB_254_20210129_id254_maljuv_(2).jpg;72
1072;1157;254;MANDRILLS BKB_254_20210129_id254_maljuv_(3).jpg;85
1070;1157;254;MANDRILLS BKB_254_20210129_id254_maljuv_(4).jpg;87
1103;1157;254;MANDRILLS BKB_254_20210129_id254_maljuv_(5).jpg;54
1150;1157;254;MANDRILLS BKB_254_20210129_id254_maljuv_(6).jpg;7
1116;1157;254;MANDRILLS BKB_254_20210129_id254_maljuv_(7).jpg;41
1246;1158;254;MANDRILLS BKB_254_20210130_id254_maljuv_(1).jpg;88
1284;1158;254;MANDRILLS BKB_254_20210130_id254_maljuv_(2).jpg;126
1215;1158;254;MANDRILLS BKB_254_20210130_id254_maljuv_(3).jpg;57
1166;1158;254;MANDRILLS BKB_254_20210130_id3094_maljuv_(1).jpg;8
1228;1158;254;MANDRILLS BKB_254_20210130_id3094_maljuv_(2).jpg;70
1070;1162;254;MANDRILLS BKB_254_20210203_id254_maljuv_(2).jpg;92
1249;1195;254;MANDRILLS BKB_254_20210308_id254_maljuv.jpg;54
1187;1216;254;MANDRILLS BKB_254_20210329_id254_maljuv_(1).jpg;29
1316;1216;254;MANDRILLS BKB_254_20210329_id254_maljuv_(2).jpg;100
1241;1216;254;MANDRILLS BKB_254_20210329_id254_maljuv_(3).jpg;25
1141;1216;254;MANDRILLS BKB_254_20210329_id254_maljuv_(4).jpg;75
1163;1228;254;MANDRILLS BKB_254_20210410_id254_maljuv.jpg;65
1500;1275;254;MANDRILLS BKB_254_20210527_id254_maljuv.jpg;225
1275;1299;254;MANDRILLS BKB_254_20210620_id254_maljuv_(2).jpg;24
1383;1301;254;MANDRILLS BKB_254_20210622_id254_maljuv_(1).jpg;82
1356;1301;254;MANDRILLS BKB_254_20210622_id254_maljuv_(2).jpg;55
1391;1301;254;MANDRILLS BKB_254_20210622_id254_maljuv_(3).jpg;90
1382;1301;254;MANDRILLS BKB_254_20210622_id254_maljuv_(4).jpg;81
1323;1369;254;MANDRILLS BKB_254_20210829_id254_maljuv.jpg;46
1459;1406;254;MANDRILLS BKB_254_20211005_id254_maljuv.jpg;53
1516;1420;254;MANDRILLS BKB_254_20211019_id254_(1).jpg;96
1405;1420;254;MANDRILLS BKB_254_20211019_id254_maljuv_(1).jpg;15
1410;1475;254;MANDRILLS BKB_254_20211213_id254_malado_(1).jpg;65
1335;1479;254;MANDRILLS BKB_254_20211217_id254_malado_(3).jpg;144
1541;1483;254;MANDRILLS BKB_254_20211221_id254_malado.jpg;58
1504;1513;254;MANDRILLS BKB_254_20220120_id254 (2).jpg;9
1564;1513;254;MANDRILLS BKB_254_20220120_id254 (3).jpg;51
1436;1513;254;MANDRILLS BKB_254_20220120_id254 (4).jpg;77
1508;1513;254;MANDRILLS BKB_254_20220120_id254.jpg;5
1510;1523;254;MANDRILLS BKB_254_20220130_id254 (2).jpg;13
1539;1523;254;MANDRILLS BKB_254_20220130_id254 (3).jpg;16
1521;1523;254;MANDRILLS BKB_254_20220130_id254.jpg;2
1452;1525;254;MANDRILLS BKB_254_20220201_id254_malado (1).jpg;73
1381;1525;254;MANDRILLS BKB_254_20220201_id254_malado (10).jpg;144
1521;1525;254;MANDRILLS BKB_254_20220201_id254_malado (11).jpg;4
1472;1525;254;MANDRILLS BKB_254_20220201_id254_malado (2).jpg;53
1425;1525;254;MANDRILLS BKB_254_20220201_id254_malado (3).jpg;100
1480;1525;254;MANDRILLS BKB_254_20220201_id254_malado (4).jpg;45
1529;1525;254;MANDRILLS BKB_254_20220201_id254_malado (6).jpg;4
1509;1525;254;MANDRILLS BKB_254_20220201_id254_malado (7).jpg;16
1511;1525;254;MANDRILLS BKB_254_20220201_id254_malado (8).jpg;14
1555;1525;254;MANDRILLS BKB_254_20220201_id254_malado (9).jpg;30
1404;1525;254;MANDRILLS BKB_254_20220201_id254_malado.jpg;121
1610;1578;254;MANDRILLS BKB_254_20220326_id254_malado.jpg;32
1561;1609;254;MANDRILLS BKB_254_20220426_id254_malado (2).jpg;48
1556;1609;254;MANDRILLS BKB_254_20220426_id254_malado.jpg;53
1704;1616;254;MANDRILLS BKB_254_20220503_id254_malado.jpg;88
1566;1628;254;MANDRILLS BKB_254_20220515_id254_malado.jpg;62
1595;1640;254;MANDRILLS BKB_254_20220527_id254_malado (2).jpg;45
1708;1640;254;MANDRILLS BKB_254_20220527_id254_malado (3).jpg;68
1683;1646;254;MANDRILLS BKB_254_20220602_id254_malado.jpg;37
1643;1651;254;MANDRILLS BKB_254_20220607_id254_maldo.jpg;8
1684;1654;254;MANDRILLS BKB_254_20220610_id254_malado.jpg;30
1708;1658;254;MANDRILLS BKB_254_20220614_id254_malado (1).jpg;50
1584;1658;254;MANDRILLS BKB_254_20220614_id254_malado (2).jpg;74
1557;1658;254;MANDRILLS BKB_254_20220614_id254_malado (3).jpg;101
1585;1661;254;MANDRILLS BKB_254_20220617_id254_malado.jpg;76
1898;1665;254;MANDRILLS BKB_254_20220621_id254_malado (1).jpg;233
1764;1665;254;MANDRILLS BKB_254_20220621_id254_malado (2).jpg;99
1680;1668;254;MANDRILLS BKB_254_20220624_id254_malado (1).jpg;12
1816;1668;254;MANDRILLS BKB_254_20220624_id254_malado (2).jpg;148
1616;1673;254;MANDRILLS BKB_254_20220629_id254 (2).jpg;57
1516;1673;254;MANDRILLS BKB_254_20220629_id254.jpg;157
1591;1675;254;MANDRILLS BKB_254_20220701_id254 (2).jpg;84
1569;1675;254;MANDRILLS BKB_254_20220701_id254.jpg;106
1617;1680;254;MANDRILLS BKB_254_20220706_id254.jpg;63
1717;1687;254;MANDRILLS BKB_254_20220713_id254 (1).jpg;30
1688;1687;254;MANDRILLS BKB_254_20220713_id254 (2).jpg;1
1703;1688;254;MANDRILLS BKB_254_20220714_id254_malado (1).jpg;15
1804;1688;254;MANDRILLS BKB_254_20220714_id254_malado (2).jpg;116
1634;1700;254;MANDRILLS BKB_254_20220726_id254 (2).jpg;66
1731;1700;254;MANDRILLS BKB_254_20220726_id254.jpg;31
1704;1723;254;MANDRILLS BKB_254_20220818_id254.jpg;19
1723;1731;254;MANDRILLS BKB_254_20220826_id254.jpg;8
1640;1747;254;MANDRILLS BKB_254_20220911_id254 (1).jpg;107
1679;1747;254;MANDRILLS BKB_254_20220911_id254 (2).jpg;68
1616;1747;254;MANDRILLS BKB_254_20220911_id254 (3).jpg;131
1653;1771;254;MANDRILLS BKB_254_20221005_id254.jpg;118
1666;1787;254;MANDRILLS BKB_254_20221021_id254 (1).jpg;121
1777;1787;254;MANDRILLS BKB_254_20221021_id254 (2).jpg;10
1678;1787;254;MANDRILLS BKB_254_20221021_id254 (3).jpg;109
1778;1813;254;MANDRILLS BKB_254_20221116_id254 (2).jpg;35
1819;1813;254;MANDRILLS BKB_254_20221116_id254.jpg;6
1932;1820;254;MANDRILLS BKB_254_20221123_id254 (1).jpg;112
1809;1822;254;MANDRILLS BKB_254_20221125_id254 (1).jpg;13
1733;1829;254;MANDRILLS BKB_254_20221202_id254.jpg;96
1772;1848;254;MANDRILLS BKB_254_20221221_id254.jpg;76
1316;1392;258;MANDRILLS BKB_258_20210924_id258_maljuv.jpg;76
1484;1448;258;MANDRILLS BKB_258_20211119_id258_maljuv_(1).jpg;36
1323;1455;258;MANDRILLS BKB_258_20211126_id258_maljuv.jpg;132
1448;1465;258;MANDRILLS BKB_258_20211206_id258_malado.jpg;17
1639;1522;258;MANDRILLS BKB_258_20220201_id258_malado (1).jpg;117
1563;1522;258;MANDRILLS BKB_258_20220201_id258_malado (2).jpg;41
1548;1522;258;MANDRILLS BKB_258_20220201_id258_malado.jpg;26
1575;1523;258;MANDRILLS BKB_258_20220202_id258_malado (1).jpg;52
1481;1523;258;MANDRILLS BKB_258_20220202_id258_malado (2).jpg;42
1476;1532;258;MANDRILLS BKB_258_20220211_id258_malado (1).jpg;56
1464;1532;258;MANDRILLS BKB_258_20220211_id258_malado (2).jpg;68
1489;1536;258;MANDRILLS BKB_258_20220215_id258_malado (1).jpg;47
1552;1536;258;MANDRILLS BKB_258_20220215_id258_malado (2).jpg;16
1427;1536;258;MANDRILLS BKB_258_20220215_id258_malado (3).jpg;109
1440;1536;258;MANDRILLS BKB_258_20220215_id258_malado (4).jpg;96
1456;1544;258;MANDRILLS BKB_258_20220223_id258_malado.jpg;88
1464;1553;258;MANDRILLS BKB_258_20220304_id258_malado (1).jpg;89
1423;1553;258;MANDRILLS BKB_258_20220304_id258_malado (2).jpg;130
1521;1575;258;MANDRILLS BKB_258_20220326_id258_malado.jpg;54
1595;1579;258;MANDRILLS BKB_258_20220330_id258_malado (1).jpg;16
1494;1579;258;MANDRILLS BKB_258_20220330_id258_malado (2).jpg;85
1615;1579;258;MANDRILLS BKB_258_20220330_id258_malado (4).jpg;36
1603;1579;258;MANDRILLS BKB_258_20220330_id258_malado (5).jpg;24
1551;1581;258;MANDRILLS BKB_258_20220401_id258_malado.jpg;30
1629;1626;258;MANDRILLS BKB_258_20220516_id258_malado (1).jpg;3
1574;1626;258;MANDRILLS BKB_258_20220516_id258_malado (2).jpg;52
1811;1645;258;MANDRILLS BKB_258_20220604_id258_malado (1).jpg;166
1668;1645;258;MANDRILLS BKB_258_20220604_id258_malado (2).jpg;23
1590;1645;258;MANDRILLS BKB_258_20220604_id258_malado (3).jpg;55
1580;1662;258;MANDRILLS BKB_258_20220621_id258_malado (1).jpg;82
1594;1662;258;MANDRILLS BKB_258_20220621_id258_malado (2).jpg;68
1735;1664;258;MANDRILLS BKB_258_20220623_id258_malado (1).jpg;71
1655;1664;258;MANDRILLS BKB_258_20220623_id258_malado (2).jpg;9
1592;1665;258;MANDRILLS BKB_258_20220624_id258_malado (1).jpg;73
1609;1665;258;MANDRILLS BKB_258_20220624_id258_malado (2).jpg;56
1700;1665;258;MANDRILLS BKB_258_20220624_id258_malado (3).jpg;35
1550;1665;258;MANDRILLS BKB_258_20220624_id258_malado.jpg;115
1736;1685;258;MANDRILLS BKB_258_20220714_id258_malado.jpg;51
1660;1687;258;MANDRILLS BKB_258_20220716_id258 (2).jpg;27
1668;1687;258;MANDRILLS BKB_258_20220716_id258.jpg;19
1663;1700;258;MANDRILLS BKB_258_20220729_id258 (1).jpg;37
1576;1700;258;MANDRILLS BKB_258_20220729_id258 (2).jpg;124
1636;1705;258;MANDRILLS BKB_258_20220803_id258.jpg;69
1581;1709;258;MANDRILLS BKB_258_20220807_id258.jpg;128
1714;1717;258;MANDRILLS BKB_258_20220815_id258.jpg;3
1649;1737;258;MANDRILLS BKB_258_20220904_id258 (1).jpg;88
1600;1737;258;MANDRILLS BKB_258_20220904_id258 (2).jpg;137
1786;1738;258;MANDRILLS BKB_258_20220905_id258.jpg;48
1476;1744;258;MANDRILLS BKB_258_20220911_id258.jpg;268
1569;1753;258;MANDRILLS BKB_258_20220920_id258 (3).jpg;184
1747;1773;258;MANDRILLS BKB_258_20221010_id258.jpg;26
1710;1782;258;MANDRILLS BKB_258_20221019_id258.jpg;72
1678;1810;258;MANDRILLS BKB_258_20221116_id258.jpg;132
1695;1824;258;MANDRILLS BKB_258_20221130_id258 (1).jpg;129
1723;1824;258;MANDRILLS BKB_258_20221130_id258 (3).jpg;101
1647;1826;258;MANDRILLS BKB_258_20221202_id258.jpg;179
1792;1833;258;MANDRILLS BKB_258_20221209_id258 (1).jpg;41
1751;1833;258;MANDRILLS BKB_258_20221209_id258 (2).jpg;82
1886;1848;258;MANDRILLS BKB_258_20221224_id258.jpg;38
613;726;264;MANDRILLS BKB_264_20191114_id3056_femjuv_(1).jpg;113
613;726;264;MANDRILLS BKB_264_20191114_id3056_femjuv_(2).jpg;113
1094;1069;264;MANDRILLS BKB_264_20201022_id3056_femjuv_(2).jpg;25
1200;1099;264;MANDRILLS BKB_264_20201121_id3056_femjuv_(1).jpg;101
1262;1099;264;MANDRILLS BKB_264_20201121_id3056_femjuv_(2).jpg;163
1161;1099;264;MANDRILLS BKB_264_20201121_id3056_femjuv_(3).jpg;62
1154;1099;264;MANDRILLS BKB_264_20201121_id3056_femjuv_(4).jpg;55
1046;1099;264;MANDRILLS BKB_264_20201121_id3056_femjuv_(5).jpg;53
896;1099;264;MANDRILLS BKB_264_20201121_id3056_femjuv_(7).jpg;203
1197;1099;264;MANDRILLS BKB_264_20201121_id3056_femjuv_(8).jpg;98
1111;1103;264;MANDRILLS BKB_264_20201125_id3056_femjuv_(1).jpg;8
1120;1103;264;MANDRILLS BKB_264_20201125_id3056_femjuv_(2).jpg;17
1246;1103;264;MANDRILLS BKB_264_20201125_id3056_femjuv_(3).jpg;143
782;1136;264;MANDRILLS BKB_264_20201228_id3056_femjuv.jpg;354
1035;1167;264;MANDRILLS BKB_264_20210128_id3056_femjuv_(1).jpg;132
1135;1167;264;MANDRILLS BKB_264_20210128_id3056_femjuv_(2).jpg;32
1131;1167;264;MANDRILLS BKB_264_20210128_id3056_femjuv_(3).jpg;36
1238;1167;264;MANDRILLS BKB_264_20210128_id3056_femjuv_(4).jpg;71
1178;1167;264;MANDRILLS BKB_264_20210128_id3056_femjuv_(5).jpg;11
1128;1167;264;MANDRILLS BKB_264_20210128_id3056_femjuv_(6).jpg;39
1172;1167;264;MANDRILLS BKB_264_20210128_id3056_femjuv_(7).jpg;5
1393;1168;264;MANDRILLS BKB_264_20210129_id3056_femjuv.jpg;225
1281;1186;264;MANDRILLS BKB_264_20210216_id3056_femjuv.jpg;95
1280;1196;264;MANDRILLS BKB_264_20210226_id3056_femjuv_(1).jpg;84
1227;1196;264;MANDRILLS BKB_264_20210226_id3056_femjuv_(2).jpg;31
1248;1203;264;MANDRILLS BKB_264_20210305_id3056_femjuv.jpg;45
1180;1231;264;MANDRILLS BKB_264_20210402_id3056_femjuv_(1).jpg;51
1187;1231;264;MANDRILLS BKB_264_20210402_id3056_femjuv_(2).jpg;44
1232;1231;264;MANDRILLS BKB_264_20210402_id3056_femjuv_(3).jpg;1
1162;1231;264;MANDRILLS BKB_264_20210402_id3056_femjuv_(4).jpg;69
1385;1331;264;MANDRILLS BKB_264_20210711_id264_femjuv.jpg;54
1371;1348;264;MANDRILLS BKB_264_20210728_id264_femjuv_(1).jpg;23
1385;1348;264;MANDRILLS BKB_264_20210728_id264_femjuv_(2).jpg;37
1456;1393;264;MANDRILLS BKB_264_20210911_id264_femjuv.jpg;63
1477;1417;264;MANDRILLS BKB_264_20211005_id264_femjuv.jpg;60
1416;1429;264;MANDRILLS BKB_264_20211017_id264_femjuv_(1).jpg;13
1390;1429;264;MANDRILLS BKB_264_20211017_id264_femjuv_(2).jpg;39
1339;1436;264;MANDRILLS BKB_264_20211024_id264_femjuv.jpg;97
1368;1462;264;MANDRILLS BKB_264_20211119_id264_femadu_(1).jpg;94
1354;1462;264;MANDRILLS BKB_264_20211119_id264_femadu_(2).jpg;108
1470;1490;264;MANDRILLS BKB_264_20211217_id264_femadu_(1).jpg;20
1511;1493;264;MANDRILLS BKB_264_20211220_id264_femadu_(1).jpg;18
1617;1499;264;MANDRILLS BKB_264_20211226_id264_femadu.jpg;118
1445;1536;264;MANDRILLS BKB_264_20220201_id264_femadu.jpg;91
1481;1556;264;MANDRILLS BKB_264_20220221_id264_femadu.jpg;75
1525;1561;264;MANDRILLS BKB_264_20220226_id264_femadu.jpg;36
1486;1572;264;MANDRILLS BKB_264_20220309_id264_femadu.jpg;86
1698;1590;264;MANDRILLS BKB_264_20220327_id254_femadu (3).jpg;108
1642;1590;264;MANDRILLS BKB_264_20220327_id264_femadu (1).jpg;52
1494;1590;264;MANDRILLS BKB_264_20220327_id264_femadu (2).jpg;96
1692;1641;264;MANDRILLS BKB_264_20220517_id264_femadu.jpg;51
1665;1673;264;MANDRILLS BKB_264_20220618_id264_femadu.jpg;8
1603;1676;264;MANDRILLS BKB_264_20220621_id264_femadu.jpg;73
1586;1678;264;MANDRILLS BKB_264_20220623_id264_femadu.jpg;92
1726;1679;264;MANDRILLS BKB_264_20220624_id264_femadu.jpg;47
1664;1684;264;MANDRILLS BKB_264_20220629_id264.jpg;20
1661;1698;264;MANDRILLS BKB_264_20220713_id264 (1).jpg;37
1543;1698;264;MANDRILLS BKB_264_20220713_id264 (2).jpg;155
1611;1698;264;MANDRILLS BKB_264_20220713_id264 (3).jpg;87
1768;1704;264;MANDRILLS BKB_264_20220719_id264 (1).jpg;64
1722;1704;264;MANDRILLS BKB_264_20220719_id264 (2).jpg;18
1532;1725;264;MANDRILLS BKB_264_20220809_id264 (1).jpg;193
1729;1725;264;MANDRILLS BKB_264_20220809_id264 (2).jpg;4
1972;1739;264;MANDRILLS BKB_264_20220823_id264 (1).jpg;233
1860;1739;264;MANDRILLS BKB_264_20220823_id264 (2).jpg;121
1812;1739;264;MANDRILLS BKB_264_20220823_id264 (3).jpg;73
1802;1739;264;MANDRILLS BKB_264_20220823_id264.jpg;63
1780;1751;264;MANDRILLS BKB_264_20220904_id264.jpg;29
1701;1752;264;MANDRILLS BKB_264_20220905_id264.jpg;51
1732;1756;264;MANDRILLS BKB_264_20220909_id264.jpg;24
1861;1838;264;MANDRILLS BKB_264_20221130_id264.jpg;23
1737;1840;264;MANDRILLS BKB_264_20221202_id264.jpg;103
1739;1847;264;MANDRILLS BKB_264_20221209_id264.jpg;108
1833;1848;264;MANDRILLS BKB_264_20221210_id264.jpg;15
1879;1856;264;MANDRILLS BKB_264_20221218_id264 (2).jpg;23
1697;1856;264;MANDRILLS BKB_264_20221218_id264.jpg;159
43;51;265;MANDRILLS BKB_265_20180907_id3070_feminfDROITE_(1)_ORIGINAL.jpg;8
39;51;265;MANDRILLS BKB_265_20180907_id3070_feminfDROITE_(2)_ORIGINAL.jpg;12
123;131;265;MANDRILLS BKB_265_20181126_id3070_feminf_(1)_ORIGINAL.jpg;8
103;131;265;MANDRILLS BKB_265_20181126_id3070_feminf_(10)_ORIGINAL.jpg;28
99;131;265;MANDRILLS BKB_265_20181126_id3070_feminf_(11)_ORIGINAL.jpg;32
94;131;265;MANDRILLS BKB_265_20181126_id3070_feminf_(12)_ORIGINAL.jpg;37
118;131;265;MANDRILLS BKB_265_20181126_id3070_feminf_(13)_ORIGINAL.jpg;13
138;131;265;MANDRILLS BKB_265_20181126_id3070_feminf_(14)_ORIGINAL.jpg;7
105;131;265;MANDRILLS BKB_265_20181126_id3070_feminf_(15)_ORIGINAL.jpg;26
116;131;265;MANDRILLS BKB_265_20181126_id3070_feminf_(16)_ORIGINAL.jpg;15
123;131;265;MANDRILLS BKB_265_20181126_id3070_feminf_(2)_ORIGINAL.jpg;8
100;131;265;MANDRILLS BKB_265_20181126_id3070_feminf_(4)_ORIGINAL.jpg;31
113;131;265;MANDRILLS BKB_265_20181126_id3070_feminf_(5)_ORIGINAL.jpg;18
101;131;265;MANDRILLS BKB_265_20181126_id3070_feminf_(6)_ORIGINAL.jpg;30
103;131;265;MANDRILLS BKB_265_20181126_id3070_feminf_(7)_ORIGINAL.jpg;28
108;131;265;MANDRILLS BKB_265_20181126_id3070_feminf_(8)_ORIGINAL.jpg;23
102;131;265;MANDRILLS BKB_265_20181126_id3070_feminf_(9)_ORIGINAL.jpg;29
286;415;265;MANDRILLS BKB_265_20190906_id3070_femjuv.jpg;129
367;418;265;MANDRILLS BKB_265_20190909_id3070_femjuv_(17).jpg;51
227;418;265;MANDRILLS BKB_265_20190909_id3070_femjuv_(18).jpg;191
309;418;265;MANDRILLS BKB_265_20190909_id3070_femjuv_(19).jpg;109
283;418;265;MANDRILLS BKB_265_20190909_id3070_femjuv_(20).jpg;135
322;418;265;MANDRILLS BKB_265_20190909_id3070_femjuv_(4).jpg;96
290;418;265;MANDRILLS BKB_265_20190909_id3070_femjuv_(5).jpg;128
291;418;265;MANDRILLS BKB_265_20190909_id3070_femjuv_(6).jpg;127
372;418;265;MANDRILLS BKB_265_20190909_id3070_femjuv_(7).jpg;46
720;823;265;MANDRILLS BKB_265_20201018_id3070_femjuv_(1).jpg;103
696;823;265;MANDRILLS BKB_265_20201018_id3070_femjuv_(2).jpg;127
711;823;265;MANDRILLS BKB_265_20201018_id3070_femjuv_(3).jpg;112
671;824;265;MANDRILLS BKB_265_20201019_id3070_femjuv_(1).jpg;153
558;824;265;MANDRILLS BKB_265_20201019_id3070_femjuv_(2).jpg;266
623;824;265;MANDRILLS BKB_265_20201019_id3070_femjuv_(3).jpg;201
602;824;265;MANDRILLS BKB_265_20201019_id3070_femjuv_(4).jpg;222
576;824;265;MANDRILLS BKB_265_20201019_id3070_femjuv_(5).jpg;248
698;824;265;MANDRILLS BKB_265_20201019_id3070_femjuv_(6).jpg;126
693;827;265;MANDRILLS BKB_265_20201022_id3070_femjuv_(1).jpg;134
638;827;265;MANDRILLS BKB_265_20201022_id3070_femjuv_(2).jpg;189
719;827;265;MANDRILLS BKB_265_20201022_id3070_femjuv_(3).jpg;108
683;833;265;MANDRILLS BKB_265_20201028_id3070_femjuv_(1).jpg;150
743;833;265;MANDRILLS BKB_265_20201028_id3070_femjuv_(2).jpg;90
789;833;265;MANDRILLS BKB_265_20201028_id3070_femjuv_(3).jpg;44
740;846;265;MANDRILLS BKB_265_20201110_id3070_femjuv.jpg;106
729;883;265;MANDRILLS BKB_265_20201217_id3070_femjuv_(1).jpg;154
661;883;265;MANDRILLS BKB_265_20201217_id3070_femjuv_(2).jpg;222
767;897;265;MANDRILLS BKB_265_20201231_id3070_femjuv.jpg;130
725;904;265;MANDRILLS BKB_265_20210107_id3070_femjuv.jpg;179
958;917;265;MANDRILLS BKB_265_20210120_id3070_femjuv.jpg;41
1024;1161;265;MANDRILLS BKB_265_20210921_id265_femjuv.jpg;137
1236;1163;265;MANDRILLS BKB_265_20210923_id265_femjuv.jpg;73
1056;1175;265;MANDRILLS BKB_265_20211005_id265_femjuv.jpg;119
1104;1209;265;MANDRILLS BKB_265_20211108_id265_femjuv_(1).jpg;105
1199;1209;265;MANDRILLS BKB_265_20211108_id265_femjuv_(2).jpg;10
1064;1209;265;MANDRILLS BKB_265_20211108_id265_femjuv_(3).jpg;145
1043;1209;265;MANDRILLS BKB_265_20211108_id265_femjuv_(4).jpg;166
1090;1209;265;MANDRILLS BKB_265_20211108_id265_femjuv_(5).jpg;119
1171;1209;265;MANDRILLS BKB_265_20211108_id265_femjuv_(6).jpg;38
1156;1220;265;MANDRILLS BKB_265_20211119_id265_femjuv_(1).jpg;64
1283;1220;265;MANDRILLS BKB_265_20211119_id265_femjuv_(2).jpg;63
1317;1282;265;MANDRILLS BKB_265_20220120_id265 (1).jpg;35
1180;1282;265;MANDRILLS BKB_265_20220120_id265.jpg;102
1128;1294;265;MANDRILLS BKB_265_20220201_id265_femjuv (1).jpg;166
1118;1294;265;MANDRILLS BKB_265_20220201_id265_femjuv (2).jpg;176
1187;1294;265;MANDRILLS BKB_265_20220201_id265_femjuv (3).jpg;107
1270;1294;265;MANDRILLS BKB_265_20220201_id265_femjuv (4).jpg;24
1251;1294;265;MANDRILLS BKB_265_20220201_id265_femjuv (5).jpg;43
1260;1294;265;MANDRILLS BKB_265_20220201_id265_femjuv (6).jpg;34
1258;1294;265;MANDRILLS BKB_265_20220201_id265_femjuv (7).jpg;36
1142;1294;265;MANDRILLS BKB_265_20220201_id265_femjuv (8).jpg;152
1276;1314;265;MANDRILLS BKB_265_20220221_id265_femjuv.jpg;38
1263;1341;265;MANDRILLS BKB_265_20220320_id265_femjuv.jpg;78
1177;1348;265;MANDRILLS BKB_265_20220327_id265_femjuv (1).jpg;171
1324;1348;265;MANDRILLS BKB_265_20220327_id265_femjuv (2).jpg;24
1561;1362;265;MANDRILLS BKB_265_20220410_id265_femjuv (2).jpg;199
1313;1362;265;MANDRILLS BKB_265_20220410_id265_femjuv.jpg;49
1389;1406;265;MANDRILLS BKB_265_20220524_id265_femjuv.jpg;17
1281;1408;265;MANDRILLS BKB_265_20220526_id265_femjuv.jpg;127
1368;1409;265;MANDRILLS BKB_265_20220527_id265_femjuv.jpg;41
1366;1417;265;MANDRILLS BKB_265_20220604_id265_femjuv (1).jpg;51
1304;1430;265;MANDRILLS BKB_265_20220617_id265_femjuv.jpg;126
1388;1434;265;MANDRILLS BKB_265_20220621_id265_femjuv (1).jpg;46
1202;1434;265;MANDRILLS BKB_265_20220621_id265_femjuv (2).jpg;232
1393;1434;265;MANDRILLS BKB_265_20220621_id265_femjuv (3).jpg;41
1328;1444;265;MANDRILLS BKB_265_20220701_id265 (2).jpg;116
1199;1444;265;MANDRILLS BKB_265_20220701_id265.jpg;245
1161;1451;265;MANDRILLS BKB_265_20220708_id265.jpg;290
1375;1457;265;MANDRILLS BKB_265_20220714_id265_femjuv.jpg;82
1450;1459;265;MANDRILLS BKB_265_20220716_id265.jpg;9
1366;1461;265;MANDRILLS BKB_265_20220718_id265.jpg;95
1389;1464;265;MANDRILLS BKB_265_20220721_id265 (2).jpg;75
1444;1464;265;MANDRILLS BKB_265_20220721_id265 (3).jpg;20
1404;1464;265;MANDRILLS BKB_265_20220721_id265.jpg;60
1478;1486;265;MANDRILLS BKB_265_20220812_id265.jpg;8
1488;1492;265;MANDRILLS BKB_265_20220818_id265.jpg;4
1417;1501;265;MANDRILLS BKB_265_20220827_id265.jpg;84
1470;1509;265;MANDRILLS BKB_265_20220904_id265.jpg;39
1310;1510;265;MANDRILLS BKB_265_20220905_id265 (1).jpg;200
1484;1510;265;MANDRILLS BKB_265_20220905_id265 (2).jpg;26
1484;1514;265;MANDRILLS BKB_265_20220909_id265.jpg;30
1542;1540;265;MANDRILLS BKB_265_20221005_id265.jpg;2
1528;1556;265;MANDRILLS BKB_265_20221021_id265 (1).jpg;28
1412;1556;265;MANDRILLS BKB_265_20221021_id265 (2).jpg;144
1693;1558;265;MANDRILLS BKB_265_20221023_id265.jpg;135
1545;1562;265;MANDRILLS BKB_265_20221027_id265.jpg;17
1623;1580;265;MANDRILLS BKB_265_20221114_id265.jpg;43
1470;1583;265;MANDRILLS BKB_265_20221117_id265.jpg;113
1566;1587;265;MANDRILLS BKB_265_20221121_id265 (2).jpg;21
1493;1587;265;MANDRILLS BKB_265_20221121_id265.jpg;94
1549;1591;265;MANDRILLS BKB_265_20221125_id265.jpg;42
1532;1596;265;MANDRILLS BKB_265_20221130_id265 (1).jpg;64
1486;1605;265;MANDRILLS BKB_265_20221209_id265 (1).jpg;119
1767;1605;265;MANDRILLS BKB_265_20221209_id265 (2).jpg;162
1596;1610;265;MANDRILLS BKB_265_20221214_id265.jpg;14
1521;1614;265;MANDRILLS BKB_265_20221218_id265(1).jpg;93
1448;1614;265;MANDRILLS BKB_265_20221218_id265.jpg;166
1543;1617;265;MANDRILLS BKB_265_20221221_id265.jpg;74
1481;1623;265;MANDRILLS BKB_265_20221227_id265.jpg;142
112;87;281;MANDRILLS BKB_281_20190120_id4016_malinf_CENTRE_(1)_ORIGINAL.jpg;25
99;87;281;MANDRILLS BKB_281_20190120_id4016_malinf_CENTRE_(3)_ORIGINAL.jpg;12
87;87;281;MANDRILLS BKB_281_20190120_id4016_malinf_CENTRE_(4)_ORIGINAL.jpg;0
98;87;281;MANDRILLS BKB_281_20190120_id4016_malinf_DROITE_(1)_ORIGINAL.jpg;11
97;87;281;MANDRILLS BKB_281_20190120_id4016_malinf_DROITE_(3)_ORIGINAL.jpg;10
102;87;281;MANDRILLS BKB_281_20190120_id4016_malinf_DROITE_(4)_ORIGINAL.jpg;15
98;87;281;MANDRILLS BKB_281_20190120_id4016_malinf_DROITE_(5)_ORIGINAL.jpg;11
288;264;281;MANDRILLS BKB_281_20190716_id4016_malinf_(1).jpg;24
366;264;281;MANDRILLS BKB_281_20190716_id4016_malinf_(3).jpg;102
435;289;281;MANDRILLS BKB_281_20190810_id4016_malinf.jpg;146
426;321;281;MANDRILLS BKB_281_20190911_id4016_malinf_(1).jpg;105
421;321;281;MANDRILLS BKB_281_20190911_id4016_malinf_(2).jpg;100
421;321;281;MANDRILLS BKB_281_20190911_id4016_malinf_(4).jpg;100
408;391;281;MANDRILLS BKB_281_20191120_id4016_maljuv.jpg;17
438;396;281;MANDRILLS BKB_281_20191125_id4016_maljuv_(1).jpg;42
501;396;281;MANDRILLS BKB_281_20191125_id4016_maljuv_(2).jpg;105
584;447;281;MANDRILLS BKB_281_20200115_id4016_maljuv_(1).jpg;137
651;447;281;MANDRILLS BKB_281_20200115_id4016_maljuv_(2).jpg;204
614;470;281;MANDRILLS BKB_281_20200207_id4016_maljuv_(1).jpg;144
688;470;281;MANDRILLS BKB_281_20200207_id4016_maljuv_(2).jpg;218
585;481;281;MANDRILLS BKB_281_20200218_id4016_maljuv.jpg;104
570;559;281;MANDRILLS BKB_281_20200506_id4016_maljuv.jpg;11
738;722;281;MANDRILLS BKB_281_20201016_id4016_maljuv.jpg;16
765;723;281;MANDRILLS BKB_281_20201017_id4016_maljuv.jpg;42
756;725;281;MANDRILLS BKB_281_20201019_id4016_maljuv_(1).jpg;31
961;725;281;MANDRILLS BKB_281_20201019_id4016_maljuv_(2).jpg;236
801;728;281;MANDRILLS BKB_281_20201022_id4016_maljuv_(1).jpg;73
766;728;281;MANDRILLS BKB_281_20201022_id4016_maljuv_(2).jpg;38
810;783;281;MANDRILLS BKB_281_20201216_id4016_maljuv_(1).jpg;27
887;783;281;MANDRILLS BKB_281_20201216_id4016_maljuv_(2).jpg;104
906;783;281;MANDRILLS BKB_281_20201216_id4016_maljuv_(4).jpg;123
945;789;281;MANDRILLS BKB_281_20201222_id4016_maljuv_(1).jpg;156
1029;789;281;MANDRILLS BKB_281_20201222_id4016_maljuv_(2).jpg;240
1032;789;281;MANDRILLS BKB_281_20201222_id4016_maljuv_(3).jpg;243
853;794;281;MANDRILLS BKB_281_20201227_id4016_(1).jpg;59
820;794;281;MANDRILLS BKB_281_20201227_id4016_(2).jpg;26
859;802;281;MANDRILLS BKB_281_20210104_id4016_maljuv.jpg;57
853;818;281;MANDRILLS BKB_281_20210120_id4016_maljuv.jpg;35
804;818;281;MANDRILLS BKB_281_20210120_id4016_maljuv_(1).jpg;14
879;818;281;MANDRILLS BKB_281_20210120_id4016_maljuv_(2).jpg;61
757;818;281;MANDRILLS BKB_281_20210120_id4016_maljuv_(3).jpg;61
803;818;281;MANDRILLS BKB_281_20210120_id4016_maljuv_(4).jpg;15
782;819;281;MANDRILLS BKB_281_20210121_id4016_maljuv_(1).jpg;37
850;819;281;MANDRILLS BKB_281_20210121_id4016_maljuv_(2).jpg;31
841;826;281;MANDRILLS BKB_281_20210128_id4016_maljuv_(1).jpg;15
950;826;281;MANDRILLS BKB_281_20210128_id4016_maljuv_(2).jpg;124
840;826;281;MANDRILLS BKB_281_20210128_id4016_maljuv_(3).jpg;14
798;826;281;MANDRILLS BKB_281_20210128_id4016_maljuv_(4).jpg;28
889;826;281;MANDRILLS BKB_281_20210128_id4016_maljuv_(5).jpg;63
830;827;281;MANDRILLS BKB_281_20210129_id4016_maljuv_(1).jpg;3
919;827;281;MANDRILLS BKB_281_20210129_id4016_maljuv_(2).jpg;92
832;830;281;MANDRILLS BKB_281_20210201_id4016_maljuv.jpg;2
858;845;281;MANDRILLS BKB_281_20210216_id4016_maljuv_(1).jpg;13
889;845;281;MANDRILLS BKB_281_20210216_id4016_maljuv_(2).jpg;44
1104;845;281;MANDRILLS BKB_281_20210216_id4016_maljuv_(3).jpg;259
897;845;281;MANDRILLS BKB_281_20210216_id4016_maljuv_(4).jpg;52
987;889;281;MANDRILLS BKB_281_20210401_id4016_maljuv.jpg;98
1055;1045;281;MANDRILLS BKB_281_20210904_id4016_maljuv.jpg;10
1093;1145;281;MANDRILLS BKB_281_20211213_id4016_maljuv.jpg;52
1116;1149;281;MANDRILLS BKB_281_20211217_id4016_maljuv_(1).jpg;33
1202;1149;281;MANDRILLS BKB_281_20211217_id4016_maljuv_(2).jpg;53
1064;1149;281;MANDRILLS BKB_281_20211217_id4016_maljuv_(3).jpg;85
1188;1183;281;MANDRILLS BKB_281_20220120_id4016.jpg;5
1103;1186;281;MANDRILLS BKB_281_20220123_id4016.jpg;83
1344;1226;281;MANDRILLS BKB_281_20220304_id4016_maljuv (1).jpg;118
1137;1226;281;MANDRILLS BKB_281_20220304_id4016_maljuv (2).jpg;89
1254;1249;281;MANDRILLS BKB_281_20220327_id4016_maljuv (1).jpg;5
1361;1249;281;MANDRILLS BKB_281_20220327_id4016_maljuv (2).jpg;112
1236;1249;281;MANDRILLS BKB_281_20220327_id4016_maljuv (3).jpg;13
1236;1251;281;MANDRILLS BKB_281_20220329_id4016_maljuv (1).jpg;15
1208;1251;281;MANDRILLS BKB_281_20220329_id4016_maljuv (2).jpg;43
1269;1251;281;MANDRILLS BKB_281_20220329_id4016_maljuv (3).jpg;18
1194;1286;281;MANDRILLS BKB_281_20220503_id4016_maljuv.jpg;92
1241;1299;281;MANDRILLS BKB_281_20220516_id4016_maljuv (2).jpg;58
1309;1299;281;MANDRILLS BKB_281_20220516_id4016_maljuv (3).jpg;10
1276;1299;281;MANDRILLS BKB_281_20220516_id4016_maljuv (4).jpg;23
1311;1299;281;MANDRILLS BKB_281_20220516_id4016_maljuv (5).jpg;12
1342;1299;281;MANDRILLS BKB_281_20220516_id4016_maljuv (6).jpg;43
1353;1300;281;MANDRILLS BKB_281_20220517_id4016_maljuv (1).jpg;53
1330;1300;281;MANDRILLS BKB_281_20220517_id4016_maljuv (2).jpg;30
1342;1300;281;MANDRILLS BKB_281_20220517_id4016_maljuv (3).jpg;42
1306;1343;281;MANDRILLS BKB_281_20220629_id4016 (2).jpg;37
1304;1343;281;MANDRILLS BKB_281_20220629_id4016.jpg;39
1206;1345;281;MANDRILLS BKB_281_20220701_id4016.jpg;139
1351;1358;281;MANDRILLS BKB_281_20220714_id4016_maljuv (1).jpg;7
1194;1358;281;MANDRILLS BKB_281_20220714_id4016_maljuv (2).jpg;164
1345;1401;281;MANDRILLS BKB_281_20220826_id4016.jpg;56
1385;1418;281;MANDRILLS BKB_281_20220912_id4016.jpg;33
1442;1457;281;MANDRILLS BKB_281_20221021_id4016 (1).jpg;15
1508;1457;281;MANDRILLS BKB_281_20221021_id4016 (2).jpg;51
1370;1463;281;MANDRILLS BKB_281_20221027_id4016 (1).jpg;93
1421;1463;281;MANDRILLS BKB_281_20221027_id4016 (2).jpg;42
1437;1488;281;MANDRILLS BKB_281_20221121_id4016.jpg;51
1376;1511;281;MANDRILLS BKB_281_20221214_id281.jpg;135
1399;1521;281;MANDRILLS BKB_281_20221224_id281.jpg;122
163;193;291;MANDRILLS BKB_291_20190718_id4143_malinf_(1).jpg;30
164;193;291;MANDRILLS BKB_291_20190718_id4143_malinf_(2).jpg;29
194;193;291;MANDRILLS BKB_291_20190718_id4143_malinf_GAUCHE_(1).jpg;1
300;243;291;MANDRILLS BKB_291_20190906_id4143_malinf_(1).jpg;57
336;243;291;MANDRILLS BKB_291_20190906_id4143_malinf_(2).jpg;93
292;243;291;MANDRILLS BKB_291_20190906_id4143_malinf_(3).jpg;49
295;243;291;MANDRILLS BKB_291_20190906_id4143_malinf_(4).jpg;52
272;243;291;MANDRILLS BKB_291_20190906_id4143_malinf_(5).jpg;29
270;243;291;MANDRILLS BKB_291_20190906_id4143_malinf_(6).jpg;27
248;243;291;MANDRILLS BKB_291_20190906_id4143_malinf_(7).jpg;5
295;243;291;MANDRILLS BKB_291_20190906_id4143_malinf_(8).jpg;52
270;248;291;MANDRILLS BKB_291_20190911_id4143_malinf_(1).jpg;22
249;248;291;MANDRILLS BKB_291_20190911_id4143_malinf_(2).jpg;1
240;248;291;MANDRILLS BKB_291_20190911_id4143_malinf_(3).jpg;8
255;248;291;MANDRILLS BKB_291_20190911_id4143_malinf_(4).jpg;7
298;248;291;MANDRILLS BKB_291_20190911_id4143_malinf_(5).jpg;50
280;248;291;MANDRILLS BKB_291_20190911_id4143_malinf_(6).jpg;32
286;296;291;MANDRILLS BKB_291_20191029_id4143_malinf.jpg;10
316;312;291;MANDRILLS BKB_291_20191114_id4143_malinf.jpg;4
440;409;291;MANDRILLS BKB_291_20200219_id4143_maljuv_(1).jpg;31
400;423;291;MANDRILLS BKB_291_20200304_id4143_maljuv_(1).jpg;23
395;423;291;MANDRILLS BKB_291_20200304_id4143_maljuv_(2).jpg;28
424;431;291;MANDRILLS BKB_291_20200312_id4143_maljuv.jpg;7
785;655;291;MANDRILLS BKB_291_20201022_id4143_maljuv_(1).jpg;130
673;655;291;MANDRILLS BKB_291_20201022_id4143_maljuv_(10).jpg;18
623;655;291;MANDRILLS BKB_291_20201022_id4143_maljuv_(3).jpg;32
613;655;291;MANDRILLS BKB_291_20201022_id4143_maljuv_(4).jpg;42
631;655;291;MANDRILLS BKB_291_20201022_id4143_maljuv_(5).jpg;24
570;655;291;MANDRILLS BKB_291_20201022_id4143_maljuv_(6).jpg;85
529;655;291;MANDRILLS BKB_291_20201022_id4143_maljuv_(7).jpg;126
685;655;291;MANDRILLS BKB_291_20201022_id4143_maljuv_(8).jpg;30
681;655;291;MANDRILLS BKB_291_20201022_id4143_maljuv_(9).jpg;26
687;674;291;MANDRILLS BKB_291_20201110_id4143_maljuv.jpg;13
725;731;291;MANDRILLS BKB_291_20210106_id4143_maljuv_(1).jpg;6
699;731;291;MANDRILLS BKB_291_20210106_id4143_maljuv_(3).jpg;32
682;741;291;MANDRILLS BKB_291_20210116_id4143_maljuv_(1).jpg;59
611;741;291;MANDRILLS BKB_291_20210116_id4143_maljuv_(2).jpg;130
655;741;291;MANDRILLS BKB_291_20210116_id4143_maljuv_(3).jpg;86
728;746;291;MANDRILLS BKB_291_20210121_id4143_maljuv_(1).jpg;18
751;746;291;MANDRILLS BKB_291_20210121_id4143_maljuv_(2).jpg;5
770;770;291;MANDRILLS BKB_291_20210214_id4143_maljuv.jpg;0
783;858;291;MANDRILLS BKB_291_20210513_id4143_maljuv_(1).jpg;75
897;858;291;MANDRILLS BKB_291_20210513_id4143_maljuv_(2).jpg;39
880;932;291;MANDRILLS BKB_291_20210726_id4143_maljuv_(3).jpg;52
1010;1022;291;MANDRILLS BKB_291_20211024_id4143_maljuv.jpg;12
1101;1037;291;MANDRILLS BKB_291_20211108_id4143_maljuv.jpg;64
1094;1076;291;MANDRILLS BKB_291_20211217_id4143_maljuv_(1).jpg;18
1152;1076;291;MANDRILLS BKB_291_20211217_id4143_maljuv_(2).jpg;76
1071;1106;291;MANDRILLS BKB_291_20220116_id4143_maljuv.jpg;35
1220;1185;291;MANDRILLS BKB_291_20220405_id4143_maljuv (1).jpg;35
1244;1185;291;MANDRILLS BKB_291_20220405_id4143_maljuv (2).jpg;59
1208;1206;291;MANDRILLS BKB_291_20220426_id4143_maljuv.jpg;2
1183;1226;291;MANDRILLS BKB_291_20220516_id4143_maljuv (1).jpg;43
1222;1226;291;MANDRILLS BKB_291_20220516_id4143_maljuv (2).jpg;4
1137;1226;291;MANDRILLS BKB_291_20220516_id4143_maljuv (3).jpg;89
1267;1236;291;MANDRILLS BKB_291_20220526_id4143_maljuv (2).jpg;31
1249;1236;291;MANDRILLS BKB_291_20220526_id4143_maljuv (3).jpg;13
1216;1276;291;MANDRILLS BKB_291_20220705_id4143.jpg;60
1205;1285;291;MANDRILLS BKB_291_20220714_id4143_maljuv.jpg;80
1178;1292;291;MANDRILLS BKB_291_20220721_id4143.jpg;114
1222;1307;291;MANDRILLS BKB_291_20220805_id4143.jpg;85
1357;1314;291;MANDRILLS BKB_291_20220812_id4143.jpg;43
1224;1328;291;MANDRILLS BKB_291_20220826_id4143.jpg;104
1205;1329;291;MANDRILLS BKB_291_20220827_id4143.jpg;124
1276;1337;291;MANDRILLS BKB_291_20220904_id4143.jpg;61
1245;1338;291;MANDRILLS BKB_291_20220905_id4143 (1).jpg;93
1256;1338;291;MANDRILLS BKB_291_20220905_id4143 (2).jpg;82
1324;1338;291;MANDRILLS BKB_291_20220905_id4143.jpg;14
1257;1345;291;MANDRILLS BKB_291_20220912_id4143 (1).jpg;88
1340;1345;291;MANDRILLS BKB_291_20220912_id4143 (3).jpg;5
1305;1351;291;MANDRILLS BKB_291_20220918_id4143.jpg;46
1259;1390;291;MANDRILLS BKB_291_20221027_id4143.jpg;131
1270;1438;291;MANDRILLS BKB_291_20221214_id291.jpg;168
262;226;249;MANDRILLS BKB_3059_20180802_id3059_malinfDROITE_(1)_ORIGINAL.jpg;36
252;226;249;MANDRILLS BKB_3059_20180802_id3059_malinfDROITE_(2)_ORIGINAL.jpg;26
212;226;249;MANDRILLS BKB_3059_20180802_id3059_malinfDROITE_(3)_ORIGINAL.jpg;14
270;226;249;MANDRILLS BKB_3059_20180802_id3059_malinf_(3)_ORIGINAL.jpg;44
3118;3668;38;MANDRILLS BKB_38_20120216_id38_femadu_ORIGINAL.jpg;550
3944;3682;38;MANDRILLS BKB_38_20120301_id38_femaduCENTRE_(1)_ORIGINAL.jpg;262
3672;3682;38;MANDRILLS BKB_38_20120301_id38_femaduCENTRE_(13)_ORIGINAL.jpg;10
3724;3682;38;MANDRILLS BKB_38_20120301_id38_femaduCENTRE_(15)_ORIGINAL.jpg;42
3714;3682;38;MANDRILLS BKB_38_20120301_id38_femaduCENTRE_(17)_ORIGINAL.jpg;32
3748;3682;38;MANDRILLS BKB_38_20120301_id38_femaduCENTRE_(19)_ORIGINAL.jpg;66
3889;3682;38;MANDRILLS BKB_38_20120301_id38_femaduCENTRE_(20)_ORIGINAL.jpg;207
3843;3682;38;MANDRILLS BKB_38_20120301_id38_femaduCENTRE_(23)_ORIGINAL.jpg;161
3781;3682;38;MANDRILLS BKB_38_20120301_id38_femaduCENTRE_(24)_ORIGINAL.jpg;99
3645;3682;38;MANDRILLS BKB_38_20120301_id38_femaduCENTRE_(26)_ORIGINAL.jpg;37
3392;3682;38;MANDRILLS BKB_38_20120301_id38_femaduCENTRE_(28)_ORIGINAL.jpg;290
3265;3682;38;MANDRILLS BKB_38_20120301_id38_femaduCENTRE_(29)_ORIGINAL.jpg;417
3693;3682;38;MANDRILLS BKB_38_20120301_id38_femaduCENTRE_(30)_ORIGINAL.jpg;11
3579;3682;38;MANDRILLS BKB_38_20120301_id38_femaduCENTRE_(31)_ORIGINAL.jpg;103
3706;3682;38;MANDRILLS BKB_38_20120301_id38_femaduCENTRE_(32)_ORIGINAL.jpg;24
3739;3682;38;MANDRILLS BKB_38_20120301_id38_femaduGAUCHE_(1)_ORIGINAL.jpg;57
3738;3682;38;MANDRILLS BKB_38_20120301_id38_femaduGAUCHE_(2)_ORIGINAL.jpg;56
3615;3682;38;MANDRILLS BKB_38_20120301_id38_femaduGAUCHE_(3)_ORIGINAL.jpg;67
3668;3682;38;MANDRILLS BKB_38_20120301_id38_femaduGAUCHE_(4)_ORIGINAL.jpg;14
3200;3682;38;MANDRILLS BKB_38_20120301_id38_femaduGAUCHE_(7)_ORIGINAL.jpg;482
3787;3682;38;MANDRILLS BKB_38_20120301_id38_femadu_(25)_ORIGINAL.jpg;105
3757;3682;38;MANDRILLS BKB_38_20120301_id38_femadu_(26)_ORIGINAL.jpg;75
3710;3682;38;MANDRILLS BKB_38_20120301_id38_femadu_(27)_ORIGINAL.jpg;28
3611;3682;38;MANDRILLS BKB_38_20120301_id38_femadu_(28)_ORIGINAL.jpg;71
3546;3682;38;MANDRILLS BKB_38_20120301_id38_femadu_(29)_ORIGINAL.jpg;136
3502;3682;38;MANDRILLS BKB_38_20120301_id38_femadu_(30)_ORIGINAL.jpg;180
3503;3682;38;MANDRILLS BKB_38_20120301_id38_femadu_(31)_ORIGINAL.jpg;179
3497;3682;38;MANDRILLS BKB_38_20120301_id38_femadu_(32)_ORIGINAL.jpg;185
3678;3682;38;MANDRILLS BKB_38_20120301_id38_femadu_(33)_ORIGINAL.jpg;4
2697;3682;38;MANDRILLS BKB_38_20120301_id38_femadu_(55)_ORIGINAL.jpg;985
3258;3682;38;MANDRILLS BKB_38_20120301_id38_femadu_(56)_ORIGINAL.jpg;424
3327;3686;38;MANDRILLS BKB_38_20120305_id38_femaduMINI_ORIGINAL.jpg;359
3182;3737;38;MANDRILLS BKB_38_20120425_id38_femaduDROITE_(1)_ORIGINAL.jpg;555
3119;3737;38;MANDRILLS BKB_38_20120425_id38_femaduDROITE_(2)_ORIGINAL.jpg;618
3332;3737;38;MANDRILLS BKB_38_20120425_id38_femaduDROITE_(3)_ORIGINAL.jpg;405
2434;3737;38;MANDRILLS BKB_38_20120425_id38_femaduDROITE_(4)_ORIGINAL.jpg;1303
3458;3737;38;MANDRILLS BKB_38_20120425_id38_femadu_(1)_ORIGINAL.jpg;279
3535;3737;38;MANDRILLS BKB_38_20120425_id38_femadu_(2)_ORIGINAL.jpg;202
3405;3737;38;MANDRILLS BKB_38_20120425_id38_femadu_(3)_ORIGINAL.jpg;332
3546;3754;38;MANDRILLS BKB_38_20120512_id38_femaduDERRIERE_ORIGINAL.jpg;208
3586;3754;38;MANDRILLS BKB_38_20120512_id38_femaduDEVANT_ORIGINAL.jpg;168
3403;3754;38;MANDRILLS BKB_38_20120512_id38_femaduGAUCHE_(1)_ORIGINAL.jpg;351
2408;3754;38;MANDRILLS BKB_38_20120512_id38_femaduGAUCHE_(2)_ORIGINAL.jpg;1346
3326;3754;38;MANDRILLS BKB_38_20120512_id38_femaduGAUCHE_(3)_ORIGINAL.jpg;428
3533;3754;38;MANDRILLS BKB_38_20120512_id38_femadu_(10)_ORIGINAL.jpg;221
3444;3754;38;MANDRILLS BKB_38_20120512_id38_femadu_(11)_ORIGINAL.jpg;310
3502;3754;38;MANDRILLS BKB_38_20120512_id38_femadu_(12)_ORIGINAL.jpg;252
3480;3754;38;MANDRILLS BKB_38_20120512_id38_femadu_(13)_ORIGINAL.jpg;274
3629;3754;38;MANDRILLS BKB_38_20120512_id38_femadu_(14)_ORIGINAL.jpg;125
3761;3754;38;MANDRILLS BKB_38_20120512_id38_femadu_(15)_ORIGINAL.jpg;7
3491;3754;38;MANDRILLS BKB_38_20120512_id38_femadu_(16)_ORIGINAL.jpg;263
3395;3754;38;MANDRILLS BKB_38_20120512_id38_femadu_(17)_ORIGINAL.jpg;359
3634;3754;38;MANDRILLS BKB_38_20120512_id38_femadu_(5)_ORIGINAL.jpg;120
3650;3754;38;MANDRILLS BKB_38_20120512_id38_femadu_(6)_ORIGINAL.jpg;104
3467;3754;38;MANDRILLS BKB_38_20120512_id38_femadu_(7)_ORIGINAL.jpg;287
3496;3754;38;MANDRILLS BKB_38_20120512_id38_femadu_(8)_ORIGINAL.jpg;258
3585;3754;38;MANDRILLS BKB_38_20120512_id38_femadu_(9)_ORIGINAL.jpg;169
3647;3756;38;MANDRILLS BKB_38_20120514_id38_feaduCENTRE_(2)_ORIGINAL.jpg;109
3502;3756;38;MANDRILLS BKB_38_20120514_id38_femaduCENTRE_(1)_ORIGINAL.jpg;254
3547;3756;38;MANDRILLS BKB_38_20120514_id38_femaduCENTRE_ORIGINAL.jpg;209
3525;3756;38;MANDRILLS BKB_38_20120514_id38_femaduDEVANT_(1)_ORIGINAL.jpg;231
3458;3756;38;MANDRILLS BKB_38_20120514_id38_femaduDEVANT_(2)_ORIGINAL.jpg;298
3684;3756;38;MANDRILLS BKB_38_20120514_id38_femaduDROITE_ORIGINAL.jpg;72
3454;3756;38;MANDRILLS BKB_38_20120514_id38_femadu_(1)_ORIGINAL.jpg;302
3467;3756;38;MANDRILLS BKB_38_20120514_id38_femadu_(2)_ORIGINAL.jpg;289
3317;3772;38;MANDRILLS BKB_38_20120530_id38_femaduDEVANT_(1)_ORIGINAL.jpg;455
3193;3772;38;MANDRILLS BKB_38_20120530_id38_femaduDEVANT_(2)_ORIGINAL.jpg;579
3628;3772;38;MANDRILLS BKB_38_20120530_id38_femaduGAUCHE_(1)_ORIGINAL.jpg;144
3510;3772;38;MANDRILLS BKB_38_20120530_id38_femaduGAUCHE_(2)_ORIGINAL.jpg;262
3608;3772;38;MANDRILLS BKB_38_20120530_id38_femadu_ORIGINAL.jpg;164
3575;3780;38;MANDRILLS BKB_38_20120607_id38_femaduDERRIERE_ORIGINAL.jpg;205
3521;3784;38;MANDRILLS BKB_38_20120611_id38_femaduDERRIERE_ORIGINAL.jpg;263
3568;3886;38;MANDRILLS BKB_38_20120921_id38_femadu_(1)_ORIGINAL.jpg;318
39;69;4059;MANDRILLS BKB_4059_20190604_id4059_malinf.jpg;30
91;113;4059;MANDRILLS BKB_4059_20190718_id4059_malinf_(10).jpg;22
81;113;4059;MANDRILLS BKB_4059_20190718_id4059_malinf_DROITE_(1).jpg;32
118;113;4059;MANDRILLS BKB_4059_20190718_id4059_malinf_GAUCHE.jpg;5
147;131;4059;MANDRILLS BKB_4059_20190805_id4059_malinf.jpg;16
115;131;4059;MANDRILLS BKB_4059_20190805_id4059_malinf_GAUCHE.jpg;16
150;168;4059;MANDRILLS BKB_4059_20190911_id4059_malinf_(10).jpg;18
176;168;4059;MANDRILLS BKB_4059_20190911_id4059_malinf_(12).jpg;8
195;168;4059;MANDRILLS BKB_4059_20190911_id4059_malinf_(13).jpg;27
181;168;4059;MANDRILLS BKB_4059_20190911_id4059_malinf_(14).jpg;13
184;168;4059;MANDRILLS BKB_4059_20190911_id4059_malinf_(15).jpg;16
153;168;4059;MANDRILLS BKB_4059_20190911_id4059_malinf_(16).jpg;15
172;168;4059;MANDRILLS BKB_4059_20190911_id4059_malinf_(3).jpg;4
166;168;4059;MANDRILLS BKB_4059_20190911_id4059_malinf_(6).jpg;2
182;175;4059;MANDRILLS BKB_4059_20190918_id4059_malinf.jpg;7
232;183;4059;MANDRILLS BKB_4059_20190926_id4059_malinf.jpg;49
265;231;4059;MANDRILLS BKB_4059_20191113_id4059_malinf.jpg;34
319;249;4059;MANDRILLS BKB_4059_20191201_id4059_malinf.jpg;70
353;328;4059;MANDRILLS BKB_4059_20200218_id4059_malinf.jpg;25
461;401;4059;MANDRILLS BKB_4059_20200501_id4059_maljuv_(1).jpg;60
446;401;4059;MANDRILLS BKB_4059_20200501_id4059_maljuv_(2).jpg;45
485;401;4059;MANDRILLS BKB_4059_20200501_id4059_maljuv_(3).jpg;84
516;406;4059;MANDRILLS BKB_4059_20200506_id4059_femjuv_(1).jpg;110
485;406;4059;MANDRILLS BKB_4059_20200506_id4059_femjuv_(2).jpg;79
10;10;4162;MANDRILLS BKB_4162_20190128_id4162_inf_BAS_(1)_ORIGINAL.jpg;0
7;10;4162;MANDRILLS BKB_4162_20190128_id4162_inf_BAS_(2)_ORIGINAL.jpg;3
7;10;4162;MANDRILLS BKB_4162_20190128_id4162_inf_BAS_(5)_ORIGINAL.jpg;3
12;10;4162;MANDRILLS BKB_4162_20190128_id4162_inf_BAS_(6)_ORIGINAL.jpg;2
12;10;4162;MANDRILLS BKB_4162_20190128_id4162_inf_GAUCHE_(1)_ORIGINAL.jpg;2
15;10;4162;MANDRILLS BKB_4162_20190128_id4162_inf_GAUCHE_(2)_ORIGINAL.jpg;5
9;10;4162;MANDRILLS BKB_4162_20190128_id4162_inf_GAUCHE_(3)_ORIGINAL.jpg;1
17;10;4162;MANDRILLS BKB_4162_20190128_id4162_inf_GAUCHE_(4)_ORIGINAL.jpg;7
7;10;4162;MANDRILLS BKB_4162_20190128_id4162_inf_GAUCHE_(5)_ORIGINAL.jpg;3
11;20;4162;MANDRILLS BKB_4162_20190207_id4162_malinf_DROITE_(10)_ORIGINAL.jpg;9
22;20;4162;MANDRILLS BKB_4162_20190207_id4162_malinf_DROITE_(11)_ORIGINAL.jpg;2
24;20;4162;MANDRILLS BKB_4162_20190207_id4162_malinf_DROITE_(12)_ORIGINAL.jpg;4
14;20;4162;MANDRILLS BKB_4162_20190207_id4162_malinf_DROITE_(13)_ORIGINAL.jpg;6
16;20;4162;MANDRILLS BKB_4162_20190207_id4162_malinf_DROITE_(14)_ORIGINAL.jpg;4
14;20;4162;MANDRILLS BKB_4162_20190207_id4162_malinf_DROITE_(15)_ORIGINAL.jpg;6
15;20;4162;MANDRILLS BKB_4162_20190207_id4162_malinf_DROITE_(8)_ORIGINAL.jpg;5
15;20;4162;MANDRILLS BKB_4162_20190207_id4162_malinf_DROITE_(9)_ORIGINAL.jpg;5
35;46;4162;MANDRILLS BKB_4162_20190305_id4162_malinf_BAS_ORIGINAL.jpg;11
43;56;4162;MANDRILLS BKB_4162_20190315_id4162_malinf_(1).jpg;13
44;56;4162;MANDRILLS BKB_4162_20190315_id4162_malinf_(2).jpg;12
48;56;4162;MANDRILLS BKB_4162_20190315_id4162_malinf_(3).jpg;8
45;56;4162;MANDRILLS BKB_4162_20190315_id4162_malinf_(4).jpg;11
40;56;4162;MANDRILLS BKB_4162_20190315_id4162_malinf_(5).jpg;16
40;56;4162;MANDRILLS BKB_4162_20190315_id4162_malinf_(6).jpg;16
62;56;4162;MANDRILLS BKB_4162_20190315_id4162_malinf_BAS.jpg;6
42;56;4162;MANDRILLS BKB_4162_20190315_id4162_malinf_DROITE_(1).jpg;14
60;56;4162;MANDRILLS BKB_4162_20190315_id4162_malinf_DROITE_(2).jpg;4
57;56;4162;MANDRILLS BKB_4162_20190315_id4162_malinf_GAUCHE_(1).jpg;1
42;56;4162;MANDRILLS BKB_4162_20190315_id4162_malinf_GAUCHE_(2).jpg;14
149;122;4162;MANDRILLS BKB_4162_20190520_id4162_malinf_BLESSURE_(1).jpg;27
225;122;4162;MANDRILLS BKB_4162_20190520_id4162_malinf_BLESSURE_(3).jpg;103
156;122;4162;MANDRILLS BKB_4162_20190520_id4162_malinf_BLESSURE_(4).jpg;34
131;122;4162;MANDRILLS BKB_4162_20190520_id4162_malinf_BLESSURE_(5).jpg;9
200;169;4162;MANDRILLS BKB_4162_20190706_id4162_feminf_(12).jpg;31
218;169;4162;MANDRILLS BKB_4162_20190706_id4162_feminf_(13).jpg;49
215;169;4162;MANDRILLS BKB_4162_20190706_id4162_feminf_(14).jpg;46
214;169;4162;MANDRILLS BKB_4162_20190706_id4162_feminf_(15).jpg;45
197;169;4162;MANDRILLS BKB_4162_20190706_id4162_feminf_(2).jpg;28
206;169;4162;MANDRILLS BKB_4162_20190706_id4162_feminf_(3).jpg;37
205;169;4162;MANDRILLS BKB_4162_20190706_id4162_feminf_(5).jpg;36
198;169;4162;MANDRILLS BKB_4162_20190706_id4162_feminf_(6).jpg;29
197;169;4162;MANDRILLS BKB_4162_20190706_id4162_feminf_(7).jpg;28
229;200;4162;MANDRILLS BKB_4162_20190806_id4162_feminf.jpg;29
453;388;4162;MANDRILLS BKB_4162_20200210_id4162_maljuv_(1).jpg;65
380;388;4162;MANDRILLS BKB_4162_20200210_id4162_maljuv_(2).jpg;8
493;388;4162;MANDRILLS BKB_4162_20200210_id4162_maljuv_(3).jpg;105
3027;4284;48;MANDRILLS BKB_48_20120718_id48_femaduDROITE_(1)_ORIGINAL.jpg;1257
3049;4284;48;MANDRILLS BKB_48_20120718_id48_femaduDROITE_(2)_ORIGINAL.jpg;1235
3076;4284;48;MANDRILLS BKB_48_20120718_id48_femaduDROITE_(3)_ORIGINAL.jpg;1208
3502;4348;48;MANDRILLS BKB_48_20120920_id48_femadu_(1)_ORIGINAL.jpg;846
3512;4348;48;MANDRILLS BKB_48_20120920_id48_femadu_(2)_ORIGINAL.jpg;836
27;39;5040;MANDRILLS BKB_5040_20191227_id5040_malinf.jpg;12
59;81;5040;MANDRILLS BKB_5040_20200207_id5040_malinf.jpg;22
64;92;5040;MANDRILLS BKB_5040_20200218_id5040_malinf.jpg;28
78;93;5040;MANDRILLS BKB_5040_20200219_id5040_malinf_(1).jpg;15
80;93;5040;MANDRILLS BKB_5040_20200219_id5040_malinf_(3).jpg;13
81;93;5040;MANDRILLS BKB_5040_20200219_id5040_malinf_(4).jpg;12
72;93;5040;MANDRILLS BKB_5040_20200219_id5040_malinf_(5).jpg;21
97;98;5040;MANDRILLS BKB_5040_20200224_id5040_malinf_(1).jpg;1
82;98;5040;MANDRILLS BKB_5040_20200224_id5040_malinf_(2).jpg;16
3;15;5047;MANDRILLS BKB_5047_20200207_id5047_malinf.jpg;12
9;18;5047;MANDRILLS BKB_5047_20200210_id5047_malinf.jpg;9
18;27;5047;MANDRILLS BKB_5047_20200219_id5047_malinf_(1).jpg;9
16;27;5047;MANDRILLS BKB_5047_20200219_id5047_malinf_(2).jpg;11
10;31;5047;MANDRILLS BKB_5047_20200223_id5047_malinf_(1).jpg;21
11;31;5047;MANDRILLS BKB_5047_20200223_id5047_malinf_(2).jpg;20
13;31;5047;MANDRILLS BKB_5047_20200223_id5047_malinf_(3).jpg;18
293;280;5047;MANDRILLS BKB_5047_20201029_id5047_malinf_(1).jpg;13
283;280;5047;MANDRILLS BKB_5047_20201029_id5047_malinf_(10).jpg;3
261;280;5047;MANDRILLS BKB_5047_20201029_id5047_malinf_(11).jpg;19
280;280;5047;MANDRILLS BKB_5047_20201029_id5047_malinf_(12).jpg;0
318;280;5047;MANDRILLS BKB_5047_20201029_id5047_malinf_(2).jpg;38
378;280;5047;MANDRILLS BKB_5047_20201029_id5047_malinf_(3).jpg;98
301;280;5047;MANDRILLS BKB_5047_20201029_id5047_malinf_(4).jpg;21
290;280;5047;MANDRILLS BKB_5047_20201029_id5047_malinf_(5).jpg;10
278;280;5047;MANDRILLS BKB_5047_20201029_id5047_malinf_(6).jpg;2
275;280;5047;MANDRILLS BKB_5047_20201029_id5047_malinf_(7).jpg;5
262;280;5047;MANDRILLS BKB_5047_20201029_id5047_malinf_(8).jpg;18
308;280;5047;MANDRILLS BKB_5047_20201029_id5047_malinf_(9).jpg;28
315;288;5047;MANDRILLS BKB_5047_20201106_id5047_malinf_(1).jpg;27
279;288;5047;MANDRILLS BKB_5047_20201106_id5047_malinf_(2).jpg;9
276;288;5047;MANDRILLS BKB_5047_20201106_id5047_malinf_(3).jpg;12
313;288;5047;MANDRILLS BKB_5047_20201106_id5047_malinf_(4).jpg;25
303;288;5047;MANDRILLS BKB_5047_20201106_id5047_malinf_(5).jpg;15
294;288;5047;MANDRILLS BKB_5047_20201106_id5047_malinf_(6).jpg;6
283;288;5047;MANDRILLS BKB_5047_20201106_id5047_malinf_(7).jpg;5
366;349;5047;MANDRILLS BKB_5047_20210106_id5047_malinf.jpg;17
368;356;5047;MANDRILLS BKB_5047_20210113_id5047_malinf_(1).jpg;12
364;356;5047;MANDRILLS BKB_5047_20210113_id5047_malinf_(2).jpg;8
342;356;5047;MANDRILLS BKB_5047_20210113_id5047_malinf_(3).jpg;14
365;356;5047;MANDRILLS BKB_5047_20210113_id5047_malinf_(4).jpg;9
343;356;5047;MANDRILLS BKB_5047_20210113_id5047_malinf_(5).jpg;13
401;356;5047;MANDRILLS BKB_5047_20210113_id5047_malinf_(6).jpg;45
437;356;5047;MANDRILLS BKB_5047_20210113_id5047_malinf_(7).jpg;81
392;356;5047;MANDRILLS BKB_5047_20210113_id5047_malinf_(8).jpg;36
364;372;5047;MANDRILLS BKB_5047_20210129_id5047_maljuv_(1).jpg;8
340;372;5047;MANDRILLS BKB_5047_20210129_id5047_maljuv_(2).jpg;32
466;380;5047;MANDRILLS BKB_5047_20210206_id5047_maljuv_(1).jpg;86
316;380;5047;MANDRILLS BKB_5047_20210206_id5047_maljuv_(2).jpg;64
557;410;5047;MANDRILLS BKB_5047_20210308_id5047_maljuv_(1).jpg;147
451;410;5047;MANDRILLS BKB_5047_20210308_id5047_maljuv_(2).jpg;41
456;443;5047;MANDRILLS BKB_5047_20210410_id5047_maljuv.jpg;13
613;621;5047;MANDRILLS BKB_5047_20211005_id5047_maljuv_(1).jpg;8
757;740;5047;MANDRILLS BKB_5047_20220201_id5047_maljuv (1).jpg;17
939;740;5047;MANDRILLS BKB_5047_20220201_id5047_maljuv (2).jpg;199
793;837;5047;MANDRILLS BKB_5047_20220509_id5047_maljuv (1).jpg;44
729;837;5047;MANDRILLS BKB_5047_20220509_id5047_maljuv (2).jpg;108
826;837;5047;MANDRILLS BKB_5047_20220509_id5047_maljuv (3).jpg;11
867;846;5047;MANDRILLS BKB_5047_20220518_id5047_maljuv (1).jpg;21
957;846;5047;MANDRILLS BKB_5047_20220518_id5047_maljuv (2).jpg;111
864;852;5047;MANDRILLS BKB_5047_20220524_id5047_maljuv (1).jpg;12
829;852;5047;MANDRILLS BKB_5047_20220524_id5047_maljuv (2).jpg;23
985;852;5047;MANDRILLS BKB_5047_20220524_id5047_maljuv (4).jpg;133
899;903;5047;MANDRILLS BKB_5047_20220714_id5047_maljuv (1).jpg;4
825;903;5047;MANDRILLS BKB_5047_20220714_id5047_maljuv (2).jpg;78
1237;903;5047;MANDRILLS BKB_5047_20220714_id5047_maljuv (3).jpg;334
922;903;5047;MANDRILLS BKB_5047_20220714_id5047_maljuv.jpg;19
957;905;5047;MANDRILLS BKB_5047_20220716_id5047_maljuv (1).jpg;52
1017;905;5047;MANDRILLS BKB_5047_20220716_id5047_maljuv (2).jpg;112
1035;905;5047;MANDRILLS BKB_5047_20220716_id5047_maljuv (3).jpg;130
973;929;5047;MANDRILLS BKB_5047_20220809_id5047 (1).jpg;44
869;929;5047;MANDRILLS BKB_5047_20220809_id5047 (2).jpg;60
1107;955;5047;MANDRILLS BKB_5047_20220904_id5047.jpg;152
929;969;5047;MANDRILLS BKB_5047_20220918_id5047 (1).jpg;40
1050;969;5047;MANDRILLS BKB_5047_20220918_id5047 (2).jpg;81
1017;969;5047;MANDRILLS BKB_5047_20220918_id5047 (3).jpg;48
1012;969;5047;MANDRILLS BKB_5047_20220918_id5047 (4).jpg;43
1105;1008;5047;MANDRILLS BKB_5047_20221027_id5047.jpg;97
24;30;5110;MANDRILLS BKB_5110_20200114_id5110_feminf.jpg;6
32;37;5110;MANDRILLS BKB_5110_20200121_id5110_feminf_(1).jpg;5
25;37;5110;MANDRILLS BKB_5110_20200121_id5110_feminf_(2).jpg;12
31;37;5110;MANDRILLS BKB_5110_20200121_id5110_feminf_(3).jpg;6
28;37;5110;MANDRILLS BKB_5110_20200121_id5110_feminf_(4).jpg;9
51;61;5110;MANDRILLS BKB_5110_20200214_id5110_feminf_(1).jpg;10
51;61;5110;MANDRILLS BKB_5110_20200214_id5110_feminf_(2).jpg;10
59;61;5110;MANDRILLS BKB_5110_20200214_id5110_feminf_(3).jpg;2
69;66;5110;MANDRILLS BKB_5110_20200219_id5110_feminf_(2).jpg;3
146;140;5110;MANDRILLS BKB_5110_20200503_id5110_feminf.jpg;6
259;308;5110;MANDRILLS BKB_5110_20201018_id5110_feminf_(1).jpg;49
274;308;5110;MANDRILLS BKB_5110_20201018_id5110_feminf_(2).jpg;34
299;308;5110;MANDRILLS BKB_5110_20201018_id5110_feminf_(3).jpg;9
267;308;5110;MANDRILLS BKB_5110_20201018_id5110_feminf_(4).jpg;41
278;308;5110;MANDRILLS BKB_5110_20201018_id5110_feminf_(5).jpg;30
254;308;5110;MANDRILLS BKB_5110_20201018_id5110_feminf_(6).jpg;54
260;308;5110;MANDRILLS BKB_5110_20201018_id5110_feminf_(7).jpg;48
244;308;5110;MANDRILLS BKB_5110_20201018_id5110_feminf_(8).jpg;64
293;312;5110;MANDRILLS BKB_5110_20201022_id5110_feminf.jpg;19
316;364;5110;MANDRILLS BKB_5110_20201213_id5110_feminf_(1).jpg;48
372;364;5110;MANDRILLS BKB_5110_20201213_id5110_feminf_(2).jpg;8
377;364;5110;MANDRILLS BKB_5110_20201213_id5110_feminf_(3).jpg;13
311;366;5110;MANDRILLS BKB_5110_20201215_id5110_feminf.jpg;55
372;378;5110;MANDRILLS BKB_5110_20201227_id5110_femjuv_(1).jpg;6
335;378;5110;MANDRILLS BKB_5110_20201227_id5110_femjuv_(2).jpg;43
344;386;5110;MANDRILLS BKB_5110_20210104_id5110_femjuv_(1).jpg;42
333;386;5110;MANDRILLS BKB_5110_20210104_id5110_femjuv_(2).jpg;53
313;395;5110;MANDRILLS BKB_5110_20210113_id5110_femjuv.jpg;82
287;399;5110;MANDRILLS BKB_5110_20210117_id5110_femjuv_(1).jpg;112
295;399;5110;MANDRILLS BKB_5110_20210117_id5110_femjuv_(2).jpg;104
323;399;5110;MANDRILLS BKB_5110_20210117_id5110_femjuv_(3).jpg;76
362;399;5110;MANDRILLS BKB_5110_20210117_id5110_femjuv_(4).jpg;37
369;399;5110;MANDRILLS BKB_5110_20210117_id5110_femjuv_(5).jpg;30
339;399;5110;MANDRILLS BKB_5110_20210117_id5110_femjuv_(6).jpg;60
401;422;5110;MANDRILLS BKB_5110_20210209_id5110_femjuv.jpg;21
396;439;5110;MANDRILLS BKB_5110_20210226_id5110_femjuv.jpg;43
565;705;5110;MANDRILLS BKB_5110_20211119_id5110_femjuv_(1).jpg;140
621;705;5110;MANDRILLS BKB_5110_20211119_id5110_femjuv_(3).jpg;84
758;737;5110;MANDRILLS BKB_5110_20211221_id5110_femjuv.jpg;21
750;743;5110;MANDRILLS BKB_5110_20211227_id5110_femjuv.jpg;7
585;793;5110;MANDRILLS BKB_5110_20220215_id5110_femjuv (1).jpg;208
622;793;5110;MANDRILLS BKB_5110_20220215_id5110_femjuv (2).jpg;171
663;828;5110;MANDRILLS BKB_5110_20220322_id5110_femjuv.jpg;165
775;830;5110;MANDRILLS BKB_5110_20220324_id5110_femjuv.jpg;55
726;862;5110;MANDRILLS BKB_5110_20220425_id5110_femjuv.jpg;136
764;864;5110;MANDRILLS BKB_5110_20220427_5110_femjuv.jpg;100
714;899;5110;MANDRILLS BKB_5110_20220601_id5110_femjuv.jpg;185
821;939;5110;MANDRILLS BKB_5110_20220711_id5110.jpg;118
990;942;5110;MANDRILLS BKB_5110_20220714_id5110.jpg;48
881;944;5110;MANDRILLS BKB_5110_20220716_id5110 (1).jpg;63
757;944;5110;MANDRILLS BKB_5110_20220716_id5110 (2).jpg;187
746;944;5110;MANDRILLS BKB_5110_20220716_id5110_femjuv (1).jpg;198
673;944;5110;MANDRILLS BKB_5110_20220716_id5110_femjuv (2).jpg;271
892;944;5110;MANDRILLS BKB_5110_20220716_id5110_femjuv (3).jpg;52
743;945;5110;MANDRILLS BKB_5110_20220717_id5110 (2).jpg;202
553;949;5110;MANDRILLS BKB_5110_20220721_id5110 (1).jpg;396
631;949;5110;MANDRILLS BKB_5110_20220721_id5110 (2).jpg;318
830;971;5110;MANDRILLS BKB_5110_20220812_id5110 (1).jpg;141
695;971;5110;MANDRILLS BKB_5110_20220812_id5110 (2).jpg;276
782;995;5110;MANDRILLS BKB_5110_20220905_id5110.jpg;213
881;1041;5110;MANDRILLS BKB_5110_20221021_id5110 (1).jpg;160
887;1041;5110;MANDRILLS BKB_5110_20221021_id5110 (2).jpg;154
839;1041;5110;MANDRILLS BKB_5110_20221021_id5110.jpg;202
0;11;5139;MANDRILLS BKB_5139_20191231_id5139_malinf_(2).jpg;11
13;18;5139;MANDRILLS BKB_5139_20200107_id5139_malinf_(1).jpg;5
12;18;5139;MANDRILLS BKB_5139_20200107_id5139_malinf_(2).jpg;6
4;18;5139;MANDRILLS BKB_5139_20200107_id5139_malinf_(3).jpg;14
19;18;5139;MANDRILLS BKB_5139_20200107_id5139_malinf_(4).jpg;1
37;19;5139;MANDRILLS BKB_5139_20200108_id5139_malinf.jpg;18
72;81;5139;MANDRILLS BKB_5139_20200310_id5139_malinf_(1).jpg;9
81;81;5139;MANDRILLS BKB_5139_20200310_id5139_malinf_(2).jpg;0
71;81;5139;MANDRILLS BKB_5139_20200310_id5139_malinf_(3).jpg;10
118;102;5139;MANDRILLS BKB_5139_20200331_id5139_malinf_(1).jpg;16
114;102;5139;MANDRILLS BKB_5139_20200331_id5139_malinf_(2).jpg;12
111;102;5139;MANDRILLS BKB_5139_20200331_id5139_malinf_(3).jpg;9
116;102;5139;MANDRILLS BKB_5139_20200331_id5139_malinf_(4).jpg;14
180;138;5139;MANDRILLS BKB_5139_20200506_id5139_malinf_(1).jpg;42
199;138;5139;MANDRILLS BKB_5139_20200506_id5139_malinf_(2).jpg;61
163;138;5139;MANDRILLS BKB_5139_20200506_id5139_malinf_(3).jpg;25
177;138;5139;MANDRILLS BKB_5139_20200506_id5139_malinf_(4).jpg;39
183;138;5139;MANDRILLS BKB_5139_20200506_id5139_malinf_(5).jpg;45
204;138;5139;MANDRILLS BKB_5139_20200506_id5139_malinf_(6).jpg;66
291;305;5139;MANDRILLS BKB_5139_20201020_id5139_malinf.jpg;14
311;307;5139;MANDRILLS BKB_5139_20201022_id5139_malinf.jpg;4
252;314;5139;MANDRILLS BKB_5139_20201029_id5139_malinf_(1).jpg;62
238;314;5139;MANDRILLS BKB_5139_20201029_id5139_malinf_(2).jpg;76
287;319;5139;MANDRILLS BKB_5139_20201103_id5139_malinf_(1).jpg;32
277;319;5139;MANDRILLS BKB_5139_20201103_id5139_malinf_(2).jpg;42
299;319;5139;MANDRILLS BKB_5139_20201103_id5139_malinf_(3).jpg;20
293;319;5139;MANDRILLS BKB_5139_20201103_id5139_malinf_(4).jpg;26
337;319;5139;MANDRILLS BKB_5139_20201103_id5139_malinf_(5).jpg;18
304;340;5139;MANDRILLS BKB_5139_20201124_id5139_malinf.jpg;36
11;15;5168;MANDRILLS BKB_5168_20191231_id5168_malinf_(1).jpg;4
-6;15;5168;MANDRILLS BKB_5168_20191231_id5168_malinf_(2).jpg;21
13;23;5168;MANDRILLS BKB_5168_20200108_id5168_malinf_(1).jpg;10
-2;23;5168;MANDRILLS BKB_5168_20200108_id5168_malinf_(2).jpg;25
9;23;5168;MANDRILLS BKB_5168_20200108_id5168_malinf_(3).jpg;14
15;23;5168;MANDRILLS BKB_5168_20200108_id5168_malinf_(4).jpg;8
107;141;5168;MANDRILLS BKB_5168_20200505_id5168_malinf.jpg;34
148;142;5168;MANDRILLS BKB_5168_20200506_id5168_malinf.jpg;6
363;307;5168;MANDRILLS BKB_5168_20201018_id5168_malinf_(1).jpg;56
448;307;5168;MANDRILLS BKB_5168_20201018_id5168_malinf_(2).jpg;141
402;311;5168;MANDRILLS BKB_5168_20201022_id5168_malinf_(1).jpg;91
306;311;5168;MANDRILLS BKB_5168_20201022_id5168_malinf_(10).jpg;5
436;311;5168;MANDRILLS BKB_5168_20201022_id5168_malinf_(2).jpg;125
373;311;5168;MANDRILLS BKB_5168_20201022_id5168_malinf_(3).jpg;62
422;311;5168;MANDRILLS BKB_5168_20201022_id5168_malinf_(4).jpg;111
388;311;5168;MANDRILLS BKB_5168_20201022_id5168_malinf_(5).jpg;77
429;311;5168;MANDRILLS BKB_5168_20201022_id5168_malinf_(6).jpg;118
428;311;5168;MANDRILLS BKB_5168_20201022_id5168_malinf_(7).jpg;117
421;311;5168;MANDRILLS BKB_5168_20201022_id5168_malinf_(8).jpg;110
440;311;5168;MANDRILLS BKB_5168_20201022_id5168_malinf_(9).jpg;129
432;318;5168;MANDRILLS BKB_5168_20201029_id5168_malinf_(1).jpg;114
317;318;5168;MANDRILLS BKB_5168_20201029_id5168_malinf_(2).jpg;1
309;318;5168;MANDRILLS BKB_5168_20201029_id5168_malinf_(3).jpg;9
304;318;5168;MANDRILLS BKB_5168_20201029_id5168_malinf_(4).jpg;14
379;318;5168;MANDRILLS BKB_5168_20201029_id5168_malinf_(5).jpg;61
318;318;5168;MANDRILLS BKB_5168_20201029_id5168_malinf_(6).jpg;0
397;318;5168;MANDRILLS BKB_5168_20201029_id5168_malinf_(7).jpg;79
315;318;5168;MANDRILLS BKB_5168_20201029_id5168_malinf_(8).jpg;3
371;318;5168;MANDRILLS BKB_5168_20201029_id5168_malinf_(9).jpg;53
480;326;5168;MANDRILLS BKB_5168_20201106_id5168_malinf_(1).jpg;154
463;326;5168;MANDRILLS BKB_5168_20201106_id5168_malinf_(2).jpg;137
533;326;5168;MANDRILLS BKB_5168_20201106_id5168_malinf_(3).jpg;207
524;326;5168;MANDRILLS BKB_5168_20201106_id5168_malinf_(4).jpg;198
431;326;5168;MANDRILLS BKB_5168_20201106_id5168_malinf_(5).jpg;105
383;326;5168;MANDRILLS BKB_5168_20201106_id5168_malinf_(6).jpg;57
298;326;5168;MANDRILLS BKB_5168_20201106_id5168_malinf_(7).jpg;28
438;326;5168;MANDRILLS BKB_5168_20201106_id5168_malinf_(8).jpg;112
378;330;5168;MANDRILLS BKB_5168_20201110_id5168_malinf.jpg;48
522;334;5168;MANDRILLS BKB_5168_20201114_id5168_malinf_(1).jpg;188
352;334;5168;MANDRILLS BKB_5168_20201114_id5168_malinf_(2).jpg;18
425;334;5168;MANDRILLS BKB_5168_20201114_id5168_malinf_(3).jpg;91
390;345;5168;MANDRILLS BKB_5168_20201125_id5168_maljuv.jpg;45
369;372;5168;MANDRILLS BKB_5168_20201222_id5168_maljuv.jpg;3
479;397;5168;MANDRILLS BKB_5168_20210116_id5168_maljuv_(1).jpg;82
481;397;5168;MANDRILLS BKB_5168_20210116_id5168_maljuv_(2).jpg;84
448;397;5168;MANDRILLS BKB_5168_20210116_id5168_maljuv_(3).jpg;51
480;402;5168;MANDRILLS BKB_5168_20210121_id5168_maljuv.jpg;78
748;406;5168;MANDRILLS BKB_5168_20210125_id5168_maljuv_(1).jpg;342
700;406;5168;MANDRILLS BKB_5168_20210125_id5168_maljuv_(2).jpg;294
557;409;5168;MANDRILLS BKB_5168_20210128_id5168_maljuv_(1).jpg;148
502;409;5168;MANDRILLS BKB_5168_20210128_id5168_maljuv_(2).jpg;93
342;409;5168;MANDRILLS BKB_5168_20210128_id5168_maljuv_(3).jpg;67
448;409;5168;MANDRILLS BKB_5168_20210128_id5168_maljuv_(4).jpg;39
366;409;5168;MANDRILLS BKB_5168_20210128_id5168_maljuv_(5).jpg;43
486;409;5168;MANDRILLS BKB_5168_20210128_id5168_maljuv_(6).jpg;77
369;409;5168;MANDRILLS BKB_5168_20210128_id5168_maljuv_(7).jpg;40
482;410;5168;MANDRILLS BKB_5168_20210129_id5168_maljuv.jpg;72
518;472;5168;MANDRILLS BKB_5168_20210401_id5168_maljuv_(1).jpg;46
504;472;5168;MANDRILLS BKB_5168_20210401_id5168_maljuv_(2).jpg;32
505;472;5168;MANDRILLS BKB_5168_20210401_id5168_maljuv_(3).jpg;33
620;493;5168;MANDRILLS BKB_5168_20210422_id5168_maljuv_(1).jpg;127
634;493;5168;MANDRILLS BKB_5168_20210422_id5168_maljuv_(2).jpg;141
582;493;5168;MANDRILLS BKB_5168_20210422_id5168_maljuv_(3).jpg;89
563;493;5168;MANDRILLS BKB_5168_20210422_id5168_maljuv_(4).jpg;70
591;493;5168;MANDRILLS BKB_5168_20210422_id5168_maljuv_(5).jpg;98
518;539;5168;MANDRILLS BKB_5168_20210607_id5168_maljuv_(1).jpg;21
481;539;5168;MANDRILLS BKB_5168_20210607_id5168_maljuv_(2).jpg;58
546;539;5168;MANDRILLS BKB_5168_20210607_id5168_maljuv_(3).jpg;7
630;648;5168;MANDRILLS BKB_5168_20210924_id5168_maljuv (1).jpg;18
664;648;5168;MANDRILLS BKB_5168_20210924_id5168_maljuv (2).jpg;16
732;778;5168;MANDRILLS BKB_5168_20220201_id5168_maljuv (1).jpg;46
722;778;5168;MANDRILLS BKB_5168_20220201_id5168_maljuv (2).jpg;56
764;778;5168;MANDRILLS BKB_5168_20220201_id5168_maljuv (3).jpg;14
792;778;5168;MANDRILLS BKB_5168_20220201_id5168_maljuv (4).jpg;14
927;793;5168;MANDRILLS BKB_5168_20220216_id5168_maljuv.jpg;134
897;812;5168;MANDRILLS BKB_5168_20220307_id5168_maljuv (1).jpg;85
816;812;5168;MANDRILLS BKB_5168_20220307_id5168_maljuv (2).jpg;4
828;812;5168;MANDRILLS BKB_5168_20220307_id5168_maljuv (3).jpg;16
789;832;5168;MANDRILLS BKB_5168_20220327_id5168_maljuv (1).jpg;43
820;832;5168;MANDRILLS BKB_5168_20220327_id5168_maljuv.jpg;12
742;835;5168;MANDRILLS BKB_5168_20220330_id5168 (1).jpg;93
818;835;5168;MANDRILLS BKB_5168_20220330_id5168 (2).jpg;17
1072;892;5168;MANDRILLS BKB_5168_20220526_id5168_maljuv.jpg;180
774;930;5168;MANDRILLS BKB_5168_20220703_id5168.jpg;156
882;941;5168;MANDRILLS BKB_5168_20220714_id5168_maljuv.jpg;59
839;943;5168;MANDRILLS BKB_5168_20220716_id5168_maljuv (1).jpg;104
773;943;5168;MANDRILLS BKB_5168_20220716_id5168_maljuv (2).jpg;170
974;946;5168;MANDRILLS BKB_5168_20220719_id5168 (1).jpg;28
976;946;5168;MANDRILLS BKB_5168_20220719_id5168.jpg;30
940;959;5168;MANDRILLS BKB_5168_20220801_id5168.jpg;19
1008;1024;5168;MANDRILLS BKB_5168_20221005_id5168 (1).jpg;16
911;1024;5168;MANDRILLS BKB_5168_20221005_id5168 (2).jpg;113
1076;1038;5168;MANDRILLS BKB_5168_20221019_id5168.jpg;38
957;1073;5168;MANDRILLS BKB_5168_20221123_id5168 (2).jpg;116
1002;1073;5168;MANDRILLS BKB_5168_20221123_id5168 (3).jpg;71
1187;1075;5168;MANDRILLS BKB_5168_20221125_id5168.jpg;112
961;1080;5168;MANDRILLS BKB_5168_20221130_id5168.jpg;119
-18;3;5174;MANDRILLS BKB_5174_20200107_id5174_malinf.jpg;21
-3;8;5174;MANDRILLS BKB_5174_20200112_id5174_malinf_(1).jpg;11
-11;8;5174;MANDRILLS BKB_5174_20200112_id5174_malinf_(2).jpg;19
-9;8;5174;MANDRILLS BKB_5174_20200112_id5174_malinf_(3).jpg;17
32;37;5174;MANDRILLS BKB_5174_20200210_id5174_malinf.jpg;5
30;37;5174;MANDRILLS BKB_5174_20200210_id5174_malinf_(1).jpg;7
30;37;5174;MANDRILLS BKB_5174_20200210_id5174_malinf_(1)_(2).jpg;7
27;37;5174;MANDRILLS BKB_5174_20200210_id5174_malinf_(2).jpg;10
26;37;5174;MANDRILLS BKB_5174_20200210_id5174_malinf_(3).jpg;11
53;60;5174;MANDRILLS BKB_5174_20200304_id5174_malinf_(1).jpg;7
47;60;5174;MANDRILLS BKB_5174_20200304_id5174_malinf_(2).jpg;13
73;87;5174;MANDRILLS BKB_5174_20200331_id5174_malinf.jpg;14
118;118;5174;MANDRILLS BKB_5174_20200501_id5174_malinf_(1).jpg;0
142;118;5174;MANDRILLS BKB_5174_20200501_id5174_malinf_(4).jpg;24
139;118;5174;MANDRILLS BKB_5174_20200501_id5174_malinf_(5).jpg;21
135;118;5174;MANDRILLS BKB_5174_20200501_id5174_malinf_(6).jpg;17
119;118;5174;MANDRILLS BKB_5174_20200501_id5174_malinf_(7).jpg;1
116;118;5174;MANDRILLS BKB_5174_20200501_id5174_malinf_(8).jpg;2
140;123;5174;MANDRILLS BKB_5174_20200506_id5174_malinf_(1).jpg;17
129;123;5174;MANDRILLS BKB_5174_20200506_id5174_malinf_(2).jpg;6
129;123;5174;MANDRILLS BKB_5174_20200506_id5174_malinf_(3).jpg;6
135;123;5174;MANDRILLS BKB_5174_20200506_id5174_malinf_(4).jpg;12
133;123;5174;MANDRILLS BKB_5174_20200506_id5174_malinf_(5).jpg;10
375;288;5174;MANDRILLS BKB_5174_20201018_id5174_malinf_(1).jpg;87
244;288;5174;MANDRILLS BKB_5174_20201018_id5174_malinf_(2).jpg;44
299;288;5174;MANDRILLS BKB_5174_20201018_id5174_malinf_(3).jpg;11
392;288;5174;MANDRILLS BKB_5174_20201018_id5174_malinf_(4).jpg;104
302;288;5174;MANDRILLS BKB_5174_20201018_id5174_malinf_(5).jpg;14
265;288;5174;MANDRILLS BKB_5174_20201018_id5174_malinf_(6).jpg;23
311;288;5174;MANDRILLS BKB_5174_20201018_id5174_malinf_(7).jpg;23
279;288;5174;MANDRILLS BKB_5174_20201018_id5174_malinf_(8).jpg;9
322;288;5174;MANDRILLS BKB_5174_20201018_id5174_malinf_(9).jpg;34
244;289;5174;MANDRILLS BKB_5174_20201019_id5174_malinf.jpg;45
322;290;5174;MANDRILLS BKB_5174_20201020_id5174_malinf.jpg;32
322;292;5174;MANDRILLS BKB_5174_20201022_id5174_malinf_(1).jpg;30
287;292;5174;MANDRILLS BKB_5174_20201022_id5174_malinf_(2).jpg;5
251;298;5174;MANDRILLS BKB_5174_20201028_id5174_malinf_(1).jpg;47
268;298;5174;MANDRILLS BKB_5174_20201028_id5174_malinf_(3).jpg;30
228;298;5174;MANDRILLS BKB_5174_20201028_id5174_malinf_(4).jpg;70
282;302;5174;MANDRILLS BKB_5174_20201101_id5174_malinf_(1).jpg;20
302;302;5174;MANDRILLS BKB_5174_20201101_id5174_malinf_(2).jpg;0
297;302;5174;MANDRILLS BKB_5174_20201101_id5174_malinf_(3).jpg;5
294;302;5174;MANDRILLS BKB_5174_20201101_id5174_malinf_(4).jpg;8
311;302;5174;MANDRILLS BKB_5174_20201101_id5174_malinf_(5).jpg;9
254;302;5174;MANDRILLS BKB_5174_20201101_id5174_malinf_(6).jpg;48
280;303;5174;MANDRILLS BKB_5174_20201102_id5174_malinf.jpg;23
301;344;5174;MANDRILLS BKB_5174_20201213_id5174_malinf_(1).jpg;43
301;344;5174;MANDRILLS BKB_5174_20201213_id5174_malinf_(2).jpg;43
320;346;5174;MANDRILLS BKB_5174_20201215_id5174_malinf.jpg;26
345;351;5174;MANDRILLS BKB_5174_20201220_id5174_malinf_(1).jpg;6
324;351;5174;MANDRILLS BKB_5174_20201220_id5174_malinf_(2).jpg;27
301;359;5174;MANDRILLS BKB_5174_20201228_id5174_malinf.jpg;58
290;361;5174;MANDRILLS BKB_5174_20201230_id5174_malinf_(1).jpg;71
416;361;5174;MANDRILLS BKB_5174_20201230_id5174_malinf_(2).jpg;55
345;361;5174;MANDRILLS BKB_5174_20201230_id5174_malinf_(3).jpg;16
343;361;5174;MANDRILLS BKB_5174_20201230_id5174_malinf_(4).jpg;18
277;361;5174;MANDRILLS BKB_5174_20201230_id5174_malinf_(5).jpg;84
405;362;5174;MANDRILLS BKB_5174_20201231_id5174_malinf.jpg;43
298;382;5174;MANDRILLS BKB_5174_20210120_id5174_maljuv_(1).jpg;84
299;382;5174;MANDRILLS BKB_5174_20210120_id5174_maljuv_(2).jpg;83
326;382;5174;MANDRILLS BKB_5174_20210120_id5174_maljuv_(3).jpg;56
432;398;5174;MANDRILLS BKB_5174_20210205_id5174_maljuv_(1).jpg;34
358;398;5174;MANDRILLS BKB_5174_20210205_id5174_maljuv_(2).jpg;40
384;398;5174;MANDRILLS BKB_5174_20210205_id5174_maljuv_(3).jpg;14
302;398;5174;MANDRILLS BKB_5174_20210205_id5174_maljuv_(4).jpg;96
331;398;5174;MANDRILLS BKB_5174_20210205_id5174_maljuv_(5).jpg;67
288;398;5174;MANDRILLS BKB_5174_20210205_id5174_maljuv_(6).jpg;110
327;398;5174;MANDRILLS BKB_5174_20210205_id5174_maljuv_(7).jpg;71
311;398;5174;MANDRILLS BKB_5174_20210205_id5174_maljuv_(8).jpg;87
305;398;5174;MANDRILLS BKB_5174_20210205_id5174_maljuv_(9).jpg;93
322;402;5174;MANDRILLS BKB_5174_20210209_id5174_maljuv.jpg;80
499;457;5174;MANDRILLS BKB_5174_20210405_id5174_maljuv_(1).jpg;42
440;457;5174;MANDRILLS BKB_5174_20210405_id5174_maljuv_(2).jpg;17
423;471;5174;MANDRILLS BKB_5174_20210419_id5174_maljuv.jpg;48
556;641;5174;MANDRILLS BKB_5174_20211006_id5174_maljuv.jpg;85
648;701;5174;MANDRILLS BKB_5174_20211205_id5174_maljuv.jpg;53
586;709;5174;MANDRILLS BKB_5174_20211213_id5174_maljuv.jpg;123
740;773;5174;MANDRILLS BKB_5174_20220215_id5174_maljuv.jpg;33
646;779;5174;MANDRILLS BKB_5174_20220221_id5174_maljuv.jpg;133
776;797;5174;MANDRILLS BKB_5174_20220311_id5174_maljuv (1).jpg;21
938;797;5174;MANDRILLS BKB_5174_20220311_id5174_maljuv (2).jpg;141
633;827;5174;MANDRILLS BKB_5174_20220410_id5174_maljuv (1).jpg;194
865;827;5174;MANDRILLS BKB_5174_20220410_id5174_maljuv (3).jpg;38
902;827;5174;MANDRILLS BKB_5174_20220410_id5174_maljuv.jpg;75
819;856;5174;MANDRILLS BKB_5174_20220509_id5174_maljuv (1).jpg;37
882;856;5174;MANDRILLS BKB_5174_20220509_id5174_maljuv (2).jpg;26
744;901;5174;MANDRILLS BKB_5174_20220623_id5174_maljuv(4).jpg;157
746;911;5174;MANDRILLS BKB_5174_20220703_id5174 (1).jpg;165
676;911;5174;MANDRILLS BKB_5174_20220703_id5174 (2).jpg;235
770;924;5174;MANDRILLS BKB_5174_20220716_id5174_maljuv.jpg;154
856;965;5174;MANDRILLS BKB_5174_20220826_id5174.jpg;109
939;969;5174;MANDRILLS BKB_5174_20220830_id5174 (1).jpg;30
713;969;5174;MANDRILLS BKB_5174_20220830_id5174 (2).jpg;256
747;969;5174;MANDRILLS BKB_5174_20220830_id5174 (3).jpg;222
925;974;5174;MANDRILLS BKB_5174_20220904_id5174 (1).jpg;49
924;974;5174;MANDRILLS BKB_5174_20220904_id5174 (2).jpg;50
985;1005;5174;MANDRILLS BKB_5174_20221005_id5174.jpg;20
943;1022;5174;MANDRILLS BKB_5174_20221022_id5174.jpg;79
858;1030;5174;MANDRILLS BKB_5174_20221030_id5174.jpg;172
1168;1054;5174;MANDRILLS BKB_5174_20221123_id5174.jpg;114
1113;1061;5174;MANDRILLS BKB_5174_20221130_id5174.jpg;52
959;1070;5174;MANDRILLS BKB_5174_20221209_id5174.jpg;111
1026;1079;5174;MANDRILLS BKB_5174_20221218_id5174.jpg;53
3436;4048;56;MANDRILLS BKB_56_20120301_id56_femaduDROITE_(1)_ORIGINAL.jpg;612
3321;4048;56;MANDRILLS BKB_56_20120301_id56_femaduDROITE_(5)_ORIGINAL.jpg;727
3354;4048;56;MANDRILLS BKB_56_20120301_id56_femadu_(26)_ORIGINAL.jpg;694
3267;4048;56;MANDRILLS BKB_56_20120301_id56_femadu_(27)_ORIGINAL.jpg;781
3132;4048;56;MANDRILLS BKB_56_20120301_id56_femadu_(28)_ORIGINAL.jpg;916
3328;4048;56;MANDRILLS BKB_56_20120301_id56_femadu_(30)_ORIGINAL.jpg;720
3309;4048;56;MANDRILLS BKB_56_20120301_id56_femadu_(31)_ORIGINAL.jpg;739
3273;4048;56;MANDRILLS BKB_56_20120301_id56_femadu_(32)_ORIGINAL.jpg;775
3394;4048;56;MANDRILLS BKB_56_20120301_id56_femadu_(33)_ORIGINAL.jpg;654
3341;4048;56;MANDRILLS BKB_56_20120301_id56_femadu_(35)_ORIGINAL.jpg;707
3309;4048;56;MANDRILLS BKB_56_20120301_id56_femadu_(36)_ORIGINAL.jpg;739
3212;4048;56;MANDRILLS BKB_56_20120301_id56_femadu_(37)_ORIGINAL.jpg;836
3375;4048;56;MANDRILLS BKB_56_20120301_id56_femadu_(40)_ORIGINAL.jpg;673
3279;4048;56;MANDRILLS BKB_56_20120301_id56_femadu_(41)_ORIGINAL.jpg;769
3365;4048;56;MANDRILLS BKB_56_20120301_id56_femadu_(42)_ORIGINAL.jpg;683
3303;4048;56;MANDRILLS BKB_56_20120301_id56_femadu_(45)_ORIGINAL.jpg;745
3352;4048;56;MANDRILLS BKB_56_20120301_id56_femadu_(46)_ORIGINAL.jpg;696
3070;4081;56;MANDRILLS BKB_56_20120403_id56_femaduDEVANT_(1)_ORIGINAL.jpg;1011
3203;4081;56;MANDRILLS BKB_56_20120403_id56_femaduDEVANT_(2)_ORIGINAL.jpg;878
3066;4081;56;MANDRILLS BKB_56_20120403_id56_femaduDEVANT_(3)_ORIGINAL.jpg;1015
3093;4081;56;MANDRILLS BKB_56_20120403_id56_femaduDEVANT_(4)_ORIGINAL.jpg;988
3085;4081;56;MANDRILLS BKB_56_20120403_id56_femaduDEVANT_(5)_ORIGINAL.jpg;996
3268;4081;56;MANDRILLS BKB_56_20120403_id56_femaduGAUCHE_ORIGINAL.jpg;813
3104;4081;56;MANDRILLS BKB_56_20120403_id56_femadu_(6)_ORIGINAL.jpg;977
3353;4081;56;MANDRILLS BKB_56_20120403_id56_femadu_(7)_ORIGINAL.jpg;728
3286;4081;56;MANDRILLS BKB_56_20120403_id56_femadu_ORIGINAL.jpg;795
3771;4253;56;MANDRILLS BKB_56_20120922_id56_femadu_(1)_ORIGINAL.jpg;482
54;62;6006;MANDRILLS BKB_6006_20210721_id6006_feminf_(1).jpg;8
51;62;6006;MANDRILLS BKB_6006_20210721_id6006_feminf_(2).jpg;11
111;129;6006;MANDRILLS BKB_6006_20210926_id6006_feminf (1).jpg;18
126;129;6006;MANDRILLS BKB_6006_20210926_id6006_feminf (2).jpg;3
147;138;6006;MANDRILLS BKB_6006_20211005_id6006_feminf_(1).jpg;9
131;138;6006;MANDRILLS BKB_6006_20211005_id6006_feminf_(2).jpg;7
116;138;6006;MANDRILLS BKB_6006_20211005_id6006_feminf_(3).jpg;22
144;138;6006;MANDRILLS BKB_6006_20211005_id6006_feminf_(4).jpg;6
121;138;6006;MANDRILLS BKB_6006_20211005_id6006_feminf_(5).jpg;17
213;183;6006;MANDRILLS BKB_6006_20211119_id6006_feminf_(2).jpg;30
287;257;6006;MANDRILLS BKB_6006_20220201_id6006_feminf (1).jpg;30
224;257;6006;MANDRILLS BKB_6006_20220201_id6006_feminf (2).jpg;33
223;257;6006;MANDRILLS BKB_6006_20220201_id6006_feminf (3).jpg;34
243;264;6006;MANDRILLS BKB_6006_20220208_id6006_feminf (1).jpg;21
242;264;6006;MANDRILLS BKB_6006_20220208_id6006_feminf (2).jpg;22
236;272;6006;MANDRILLS BKB_6006_20220216_id6006_feminf.jpg;36
250;291;6006;MANDRILLS BKB_6006_20220307_id6006_feminf.jpg;41
314;361;6006;MANDRILLS BKB_6006_20220516_id6006_feminf.jpg;47
348;369;6006;MANDRILLS BKB_6006_20220524_id6006_femjuv (1).jpg;21
331;369;6006;MANDRILLS BKB_6006_20220524_id6006_femjuv (2).jpg;38
318;369;6006;MANDRILLS BKB_6006_20220524_id6006_femjuv (3).jpg;51
352;372;6006;MANDRILLS BKB_6006_20220527_id6006_femjuv.jpg;20
329;378;6006;MANDRILLS BKB_6006_20220602_id6006_femadu.jpg;49
370;378;6006;MANDRILLS BKB_6006_20220602_id6006_femjuv (3).jpg;8
336;378;6006;MANDRILLS BKB_6006_20220602_id6006_femjuv (4).jpg;42
323;378;6006;MANDRILLS BKB_6006_20220602_id6006_femjuv (5).jpg;55
290;378;6006;MANDRILLS BKB_6006_20220602_id6006_femjuv.jpg;88
342;395;6006;MANDRILLS BKB_6006_20220619_id6006_femjuv (1).jpg;53
279;395;6006;MANDRILLS BKB_6006_20220619_id6006_femjuv (2).jpg;116
276;395;6006;MANDRILLS BKB_6006_20220619_id6006_femjuv (3).jpg;119
321;399;6006;MANDRILLS BKB_6006_20220623_id6006_femjuv.jpg;78
325;405;6006;MANDRILLS BKB_6006_20220629_id6006 (1).jpg;80
389;405;6006;MANDRILLS BKB_6006_20220629_id6006 (2).jpg;16
310;407;6006;MANDRILLS BKB_6006_20220701_id6006 (2).jpg;97
336;407;6006;MANDRILLS BKB_6006_20220701_id6006.jpg;71
376;420;6006;MANDRILLS BKB_6006_20220714_id6006_femjuv (1).jpg;44
388;420;6006;MANDRILLS BKB_6006_20220714_id6006_femjuv (2).jpg;32
362;422;6006;MANDRILLS BKB_6006_20220716_id6006_femjuv (1).jpg;60
452;422;6006;MANDRILLS BKB_6006_20220716_id6006_femjuv (2).jpg;30
416;422;6006;MANDRILLS BKB_6006_20220716_id6006_femjuv (3).jpg;6
374;422;6006;MANDRILLS BKB_6006_20220716_id6006_femjuv (4).jpg;48
453;422;6006;MANDRILLS BKB_6006_20220716_id6006_femjuv (5).jpg;31
402;423;6006;MANDRILLS BKB_6006_20220717_id6006.jpg;21
408;463;6006;MANDRILLS BKB_6006_20220826_id6006 (1).jpg;55
373;463;6006;MANDRILLS BKB_6006_20220826_id6006 (2).jpg;90
380;473;6006;MANDRILLS BKB_6006_20220905_id6006 (1).jpg;93
465;473;6006;MANDRILLS BKB_6006_20220905_id6006 (2).jpg;8
456;486;6006;MANDRILLS BKB_6006_20220918_id6006 (1).jpg;30
359;486;6006;MANDRILLS BKB_6006_20220918_id6006 (2).jpg;127
367;486;6006;MANDRILLS BKB_6006_20220918_id6006 (3).jpg;119
393;486;6006;MANDRILLS BKB_6006_20220918_id6006 (4).jpg;93
443;503;6006;MANDRILLS BKB_6006_20221005_id6006 (1).jpg;60
440;503;6006;MANDRILLS BKB_6006_20221005_id6006 (2).jpg;63
479;519;6006;MANDRILLS BKB_6006_20221021_id6006 (1).jpg;40
464;519;6006;MANDRILLS BKB_6006_20221021_id6006 (2).jpg;55
422;519;6006;MANDRILLS BKB_6006_20221021_id6006 (3).jpg;97
521;525;6006;MANDRILLS BKB_6006_20221027_id6006 (1).jpg;4
485;525;6006;MANDRILLS BKB_6006_20221027_id6006 (2).jpg;40
432;525;6006;MANDRILLS BKB_6006_20221027_id6006.jpg;93
526;528;6006;MANDRILLS BKB_6006_20221030_id6006 (1).jpg;2
461;528;6006;MANDRILLS BKB_6006_20221030_id6006 (2).jpg;67
503;552;6006;MANDRILLS BKB_6006_20221123_id6006.jpg;49
601;559;6006;MANDRILLS BKB_6006_20221130_id6006 (2).jpg;42
607;559;6006;MANDRILLS BKB_6006_20221130_id6006.jpg;48
538;568;6006;MANDRILLS BKB_6006_20221209_id6006 (1).jpg;30
532;568;6006;MANDRILLS BKB_6006_20221209_id6006.jpg;36
541;569;6006;MANDRILLS BKB_6006_20221210_id6006.jpg;28
468;580;6006;MANDRILLS BKB_6006_20221221_id6006.jpg;112
23;29;6018;MANDRILLS BKB_6018_20201121_id6018_feminf_(1).jpg;6
26;29;6018;MANDRILLS BKB_6018_20201121_id6018_feminf_(10).jpg;3
17;29;6018;MANDRILLS BKB_6018_20201121_id6018_feminf_(11).jpg;12
20;29;6018;MANDRILLS BKB_6018_20201121_id6018_feminf_(12).jpg;9
18;29;6018;MANDRILLS BKB_6018_20201121_id6018_feminf_(13).jpg;11
29;29;6018;MANDRILLS BKB_6018_20201121_id6018_feminf_(2).jpg;0
28;29;6018;MANDRILLS BKB_6018_20201121_id6018_feminf_(3).jpg;1
26;29;6018;MANDRILLS BKB_6018_20201121_id6018_feminf_(4).jpg;3
31;29;6018;MANDRILLS BKB_6018_20201121_id6018_feminf_(5).jpg;2
25;29;6018;MANDRILLS BKB_6018_20201121_id6018_feminf_(6).jpg;4
22;29;6018;MANDRILLS BKB_6018_20201121_id6018_feminf_(7).jpg;7
23;29;6018;MANDRILLS BKB_6018_20201121_id6018_feminf_(8).jpg;6
27;29;6018;MANDRILLS BKB_6018_20201121_id6018_feminf_(9).jpg;2
12;31;6018;MANDRILLS BKB_6018_20201123_id6018_feminf_(1).jpg;19
20;31;6018;MANDRILLS BKB_6018_20201123_id6018_feminf_(2).jpg;11
36;32;6018;MANDRILLS BKB_6018_20201124_id6018_feminf_(1).jpg;4
28;32;6018;MANDRILLS BKB_6018_20201124_id6018_feminf_(1)_(2).jpg;4
33;32;6018;MANDRILLS BKB_6018_20201124_id6018_feminf_(2).jpg;1
27;32;6018;MANDRILLS BKB_6018_20201124_id6018_feminf_(2)_(2).jpg;5
31;32;6018;MANDRILLS BKB_6018_20201124_id6018_feminf_(3).jpg;1
35;32;6018;MANDRILLS BKB_6018_20201124_id6018_feminf_(4).jpg;3
22;32;6018;MANDRILLS BKB_6018_20201124_id6018_feminf_(5).jpg;10
27;32;6018;MANDRILLS BKB_6018_20201124_id6018_feminf_(6).jpg;5
32;33;6018;MANDRILLS BKB_6018_20201125_id6018_feminf.jpg;1
43;33;6018;MANDRILLS BKB_6018_20201125_id6018_feminf_(1).jpg;10
32;33;6018;MANDRILLS BKB_6018_20201125_id6018_feminf_(2).jpg;1
36;33;6018;MANDRILLS BKB_6018_20201125_id6018_feminf_(3).jpg;3
40;33;6018;MANDRILLS BKB_6018_20201125_id6018_feminf_(4).jpg;7
45;51;6018;MANDRILLS BKB_6018_20201213_id6018_feminf.jpg;6
37;54;6018;MANDRILLS BKB_6018_20201216_id6018_feminf_(1).jpg;17
44;54;6018;MANDRILLS BKB_6018_20201216_id6018_feminf_(2).jpg;10
60;54;6018;MANDRILLS BKB_6018_20201216_id6018_feminf_(3).jpg;6
49;54;6018;MANDRILLS BKB_6018_20201216_id6018_feminf_(4).jpg;5
42;54;6018;MANDRILLS BKB_6018_20201216_id6018_feminf_(5).jpg;12
52;54;6018;MANDRILLS BKB_6018_20201216_id6018_feminf_(6).jpg;2
41;55;6018;MANDRILLS BKB_6018_20201217_id6018_feminf.jpg;14
66;73;6018;MANDRILLS BKB_6018_20210104_id6018_feminf_(1).jpg;7
72;73;6018;MANDRILLS BKB_6018_20210104_id6018_feminf_(2).jpg;1
74;76;6018;MANDRILLS BKB_6018_20210107_id6018_feminf_(1).jpg;2
76;76;6018;MANDRILLS BKB_6018_20210107_id6018_feminf_(2).jpg;0
66;76;6018;MANDRILLS BKB_6018_20210107_id6018_feminf_(3).jpg;10
70;76;6018;MANDRILLS BKB_6018_20210107_id6018_feminf_(4).jpg;6
63;82;6018;MANDRILLS BKB_6018_20210113_id6018_feminf_(1).jpg;19
68;82;6018;MANDRILLS BKB_6018_20210113_id6018_feminf_(2).jpg;14
73;82;6018;MANDRILLS BKB_6018_20210113_id6018_feminf_(3).jpg;9
68;82;6018;MANDRILLS BKB_6018_20210113_id6018_feminf_(4).jpg;14
68;82;6018;MANDRILLS BKB_6018_20210113_id6018_feminf_(5).jpg;14
74;82;6018;MANDRILLS BKB_6018_20210113_id6018_feminf_(6).jpg;8
78;85;6018;MANDRILLS BKB_6018_20210116_id6018_feminf.jpg;7
85;86;6018;MANDRILLS BKB_6018_20210117_id6018_feminf_(1).jpg;1
68;86;6018;MANDRILLS BKB_6018_20210117_id6018_feminf_(2).jpg;18
75;98;6018;MANDRILLS BKB_6018_20210129_id6018_feminf_(1).jpg;23
62;98;6018;MANDRILLS BKB_6018_20210129_id6018_feminf_(2).jpg;36
77;98;6018;MANDRILLS BKB_6018_20210129_id6018_feminf_(3).jpg;21
102;98;6018;MANDRILLS BKB_6018_20210129_id6018_feminf_(4).jpg;4
82;98;6018;MANDRILLS BKB_6018_20210129_id6018_feminf_(5).jpg;16
86;98;6018;MANDRILLS BKB_6018_20210129_id6018_feminf_(6).jpg;12
109;117;6018;MANDRILLS BKB_6018_20210217_id6018_feminf.jpg;8
112;126;6018;MANDRILLS BKB_6018_20210226_id6018_feminf_(1).jpg;14
87;126;6018;MANDRILLS BKB_6018_20210226_id6018_feminf_(2).jpg;39
144;133;6018;MANDRILLS BKB_6018_20210305_id6018_feminf_(1).jpg;11
138;133;6018;MANDRILLS BKB_6018_20210305_id6018_feminf_(2).jpg;5
1;11;6041;MANDRILLS BKB_6041_20201102_id6041_malinf_(1).jpg;10
-11;11;6041;MANDRILLS BKB_6041_20201102_id6041_malinf_(10).jpg;22
-3;11;6041;MANDRILLS BKB_6041_20201102_id6041_malinf_(11).jpg;14
-9;11;6041;MANDRILLS BKB_6041_20201102_id6041_malinf_(12).jpg;20
-8;11;6041;MANDRILLS BKB_6041_20201102_id6041_malinf_(2).jpg;19
-7;11;6041;MANDRILLS BKB_6041_20201102_id6041_malinf_(3).jpg;18
-4;11;6041;MANDRILLS BKB_6041_20201102_id6041_malinf_(4).jpg;15
2;11;6041;MANDRILLS BKB_6041_20201102_id6041_malinf_(5).jpg;9
1;11;6041;MANDRILLS BKB_6041_20201102_id6041_malinf_(6).jpg;10
-11;11;6041;MANDRILLS BKB_6041_20201102_id6041_malinf_(7).jpg;22
-11;11;6041;MANDRILLS BKB_6041_20201102_id6041_malinf_(8).jpg;22
-3;11;6041;MANDRILLS BKB_6041_20201102_id6041_malinf_(9).jpg;14
25;57;6041;MANDRILLS BKB_6041_20201218_id6041_malinf_(1).jpg;32
22;57;6041;MANDRILLS BKB_6041_20201218_id6041_malinf_(2).jpg;35
29;57;6041;MANDRILLS BKB_6041_20201218_id6041_malinf_(3).jpg;28
44;57;6041;MANDRILLS BKB_6041_20201218_id6041_malinf_(4).jpg;13
76;77;6041;MANDRILLS BKB_6041_20210107_id6041_malinf.jpg;1
79;99;6041;MANDRILLS BKB_6041_20210129_id6041_malinf_(2).jpg;20
87;99;6041;MANDRILLS BKB_6041_20210129_id6041_malinf_(3).jpg;12
82;99;6041;MANDRILLS BKB_6041_20210129_id6041_malinf_(4).jpg;17
100;99;6041;MANDRILLS BKB_6041_20210129_id6041_malinf_(5).jpg;1
125;111;6041;MANDRILLS BKB_6041_20210210_id6041_malinf_(1).jpg;14
129;111;6041;MANDRILLS BKB_6041_20210210_id6041_malinf_(10).jpg;18
131;111;6041;MANDRILLS BKB_6041_20210210_id6041_malinf_(11).jpg;20
130;111;6041;MANDRILLS BKB_6041_20210210_id6041_malinf_(12).jpg;19
147;111;6041;MANDRILLS BKB_6041_20210210_id6041_malinf_(13).jpg;36
143;111;6041;MANDRILLS BKB_6041_20210210_id6041_malinf_(14).jpg;32
127;111;6041;MANDRILLS BKB_6041_20210210_id6041_malinf_(15).jpg;16
119;111;6041;MANDRILLS BKB_6041_20210210_id6041_malinf_(16).jpg;8
117;111;6041;MANDRILLS BKB_6041_20210210_id6041_malinf_(17).jpg;6
113;111;6041;MANDRILLS BKB_6041_20210210_id6041_malinf_(18).jpg;2
117;111;6041;MANDRILLS BKB_6041_20210210_id6041_malinf_(19).jpg;6
118;111;6041;MANDRILLS BKB_6041_20210210_id6041_malinf_(2).jpg;7
151;111;6041;MANDRILLS BKB_6041_20210210_id6041_malinf_(3).jpg;40
157;111;6041;MANDRILLS BKB_6041_20210210_id6041_malinf_(4).jpg;46
94;111;6041;MANDRILLS BKB_6041_20210210_id6041_malinf_(5).jpg;17
133;111;6041;MANDRILLS BKB_6041_20210210_id6041_malinf_(6).jpg;22
122;111;6041;MANDRILLS BKB_6041_20210210_id6041_malinf_(7).jpg;11
135;111;6041;MANDRILLS BKB_6041_20210210_id6041_malinf_(8).jpg;24
116;111;6041;MANDRILLS BKB_6041_20210210_id6041_malinf_(9).jpg;5
120;113;6041;MANDRILLS BKB_6041_20210212_id6041_malinf.jpg;7
95;119;6041;MANDRILLS BKB_6041_20210218_id6041_malinf_(1).jpg;24
102;119;6041;MANDRILLS BKB_6041_20210218_id6041_malinf_(2).jpg;17
96;119;6041;MANDRILLS BKB_6041_20210218_id6041_malinf_(3).jpg;23
96;119;6041;MANDRILLS BKB_6041_20210218_id6041_malinf_(4).jpg;23
100;119;6041;MANDRILLS BKB_6041_20210218_id6041_malinf_(5).jpg;19
99;119;6041;MANDRILLS BKB_6041_20210218_id6041_malinf_(6).jpg;20
104;119;6041;MANDRILLS BKB_6041_20210218_id6041_malinf_(7).jpg;15
333;183;6041;MANDRILLS BKB_6041_20210423_id6041_malinf_(2).jpg;150
196;183;6041;MANDRILLS BKB_6041_20210423_id6041_malinf_(3).jpg;13
247;225;6041;MANDRILLS BKB_6041_20210604_id6041_malinf_(1).jpg;22
270;225;6041;MANDRILLS BKB_6041_20210604_id6041_malinf_(2).jpg;45
268;225;6041;MANDRILLS BKB_6041_20210604_id6041_malinf_(3).jpg;43
261;241;6041;MANDRILLS BKB_6041_20210620_id6041_malinf_(1).jpg;20
296;241;6041;MANDRILLS BKB_6041_20210620_id6041_malinf_(2).jpg;55
378;279;6041;MANDRILLS BKB_6041_20210728_id6041_malinf_(1).jpg;99
401;317;6041;MANDRILLS BKB_6041_20210904_id6041_malinf (1).jpg;84
375;317;6041;MANDRILLS BKB_6041_20210904_id6041_malinf (2).jpg;58
367;317;6041;MANDRILLS BKB_6041_20210904_id6041_malinf (3).jpg;50
371;317;6041;MANDRILLS BKB_6041_20210904_id6041_malinf (4).jpg;54
421;320;6041;MANDRILLS BKB_6041_20210907_id6041_malinf (1).jpg;101
419;320;6041;MANDRILLS BKB_6041_20210907_id6041_malinf (2).jpg;99
318;324;6041;MANDRILLS BKB_6041_20210911_id6041_malinf.jpg;6
368;365;6041;MANDRILLS BKB_6041_20211022_id6041_malinf.jpg;3
444;380;6041;MANDRILLS BKB_6041_20211106_id6041_maljuv.jpg;64
440;382;6041;MANDRILLS BKB_6041_20211108_id6041_maljuv_(1).jpg;58
395;382;6041;MANDRILLS BKB_6041_20211108_id6041_maljuv_(3).jpg;13
417;382;6041;MANDRILLS BKB_6041_20211108_id6041_maljuv_(4).jpg;35
530;417;6041;MANDRILLS BKB_6041_20211213_id6041_maljuv.jpg;113
564;421;6041;MANDRILLS BKB_6041_20211217_id6041_maljuv_(1).jpg;143
553;421;6041;MANDRILLS BKB_6041_20211217_id6041_maljuv_(2).jpg;132
574;464;6041;MANDRILLS BKB_6041_20220129_id6041.jpg;110
526;467;6041;MANDRILLS BKB_6041_20220201_id6041_maljuv (1).jpg;59
540;467;6041;MANDRILLS BKB_6041_20220201_id6041_maljuv (10).jpg;73
590;467;6041;MANDRILLS BKB_6041_20220201_id6041_maljuv (11).jpg;123
539;467;6041;MANDRILLS BKB_6041_20220201_id6041_maljuv (12).jpg;72
621;467;6041;MANDRILLS BKB_6041_20220201_id6041_maljuv (2).jpg;154
616;467;6041;MANDRILLS BKB_6041_20220201_id6041_maljuv (3).jpg;149
591;467;6041;MANDRILLS BKB_6041_20220201_id6041_maljuv (4).jpg;124
626;467;6041;MANDRILLS BKB_6041_20220201_id6041_maljuv (5).jpg;159
571;467;6041;MANDRILLS BKB_6041_20220201_id6041_maljuv (6).jpg;104
573;467;6041;MANDRILLS BKB_6041_20220201_id6041_maljuv (7).jpg;106
596;467;6041;MANDRILLS BKB_6041_20220201_id6041_maljuv (8).jpg;129
580;467;6041;MANDRILLS BKB_6041_20220201_id6041_maljuv (9).jpg;113
617;505;6041;MANDRILLS BKB_6041_20220311_id6041_maljuv (1).jpg;112
595;505;6041;MANDRILLS BKB_6041_20220311_id6041_maljuv (2).jpg;90
492;505;6041;MANDRILLS BKB_6041_20220311_id6041_maljuv (3).jpg;13
604;521;6041;MANDRILLS BKB_6041_20220327_id6041_maljuv.jpg;83
568;535;6041;MANDRILLS BKB_6041_20220410_id6041_maljuv.jpg;33
568;545;6041;MANDRILLS BKB_6041_20220420_id6041_maljuv.jpg;23
764;550;6041;MANDRILLS BKB_6041_20220425_id6041_maljuv (1).jpg;214
620;550;6041;MANDRILLS BKB_6041_20220425_id6041_maljuv (2).jpg;70
614;552;6041;MANDRILLS BKB_6041_20220427_id6041_maljuv (1).jpg;62
684;552;6041;MANDRILLS BKB_6041_20220427_id6041_maljuv (2).jpg;132
661;552;6041;MANDRILLS BKB_6041_20220427_id6041_maljuv (3).jpg;109
578;552;6041;MANDRILLS BKB_6041_20220427_id6041_maljuv (4).jpg;26
718;581;6041;MANDRILLS BKB_6041_20220526_id6041_maljuv (1).jpg;137
770;581;6041;MANDRILLS BKB_6041_20220526_id6041_maljuv (2).jpg;189
617;592;6041;MANDRILLS BKB_6041_20220606_id6041_maljuv (1).jpg;25
659;592;6041;MANDRILLS BKB_6041_20220606_id6041_maljuv (2).jpg;67
764;592;6041;MANDRILLS BKB_6041_20220606_id6041_maljuv (3).jpg;172
693;592;6041;MANDRILLS BKB_6041_20220606_id6041_maljuv (5).jpg;101
716;593;6041;MANDRILLS BKB_6041_20220607_id6041_maljuv.jpg;123
651;615;6041;MANDRILLS BKB_6041_20220629_id6041 (1).jpg;36
689;615;6041;MANDRILLS BKB_6041_20220629_id6041 (2).jpg;74
697;615;6041;MANDRILLS BKB_6041_20220629_id6041 (3).jpg;82
669;615;6041;MANDRILLS BKB_6041_20220629_id6041 (4).jpg;54
622;615;6041;MANDRILLS BKB_6041_20220629_id6041 (5).jpg;7
681;615;6041;MANDRILLS BKB_6041_20220629_id6041 (6).jpg;66
717;630;6041;MANDRILLS BKB_6041_20220714_id6041_maljuv.jpg;87
704;632;6041;MANDRILLS BKB_6041_20220716_id6041.jpg;72
787;632;6041;MANDRILLS BKB_6041_20220716_id6041_maljuv (1).jpg;155
605;632;6041;MANDRILLS BKB_6041_20220716_id6041_maljuv (2).jpg;27
757;632;6041;MANDRILLS BKB_6041_20220716_id6041_maljuv (3).jpg;125
699;640;6041;MANDRILLS BKB_6041_20220724_id6041.jpg;59
718;648;6041;MANDRILLS BKB_6041_20220801_id6041 (1).jpg;70
678;648;6041;MANDRILLS BKB_6041_20220801_id6041 (2).jpg;30
731;649;6041;MANDRILLS BKB_6041_20220802_id6041 (1).jpg;82
623;649;6041;MANDRILLS BKB_6041_20220802_id6041 (2).jpg;26
742;649;6041;MANDRILLS BKB_6041_20220802_id6041.jpg;93
655;659;6041;MANDRILLS BKB_6041_20220812_id6041.jpg;4
803;665;6041;MANDRILLS BKB_6041_20220818_id6041.jpg;138
695;673;6041;MANDRILLS BKB_6041_20220826_id6041.jpg;22
706;682;6041;MANDRILLS BKB_6041_20220904_id6041.jpg;24
745;696;6041;MANDRILLS BKB_6041_20220918_id6041 (1).jpg;49
699;696;6041;MANDRILLS BKB_6041_20220918_id6041 (2).jpg;3
822;699;6041;MANDRILLS BKB_6041_20220921_id6041.jpg;123
756;729;6041;MANDRILLS BKB_6041_20221021_id6041 (1).jpg;27
700;729;6041;MANDRILLS BKB_6041_20221021_id6041 (2).jpg;29
640;729;6041;MANDRILLS BKB_6041_20221021_id6041 (4).jpg;89
622;729;6041;MANDRILLS BKB_6041_20221021_id6041 (5).jpg;107
867;779;6041;MANDRILLS BKB_6041_20221210_id6041 (1).jpg;88
874;779;6041;MANDRILLS BKB_6041_20221210_id6041 (2).jpg;95
863;779;6041;MANDRILLS BKB_6041_20221210_id6041 (3).jpg;84
821;783;6041;MANDRILLS BKB_6041_20221214_id6041 (1).jpg;38
822;783;6041;MANDRILLS BKB_6041_20221214_id6041 (2).jpg;39
759;793;6041;MANDRILLS BKB_6041_20221224_id6041.jpg;34
2;25;6043;MANDRILLS BKB_6043_20201123_id6043_malinf.jpg;23
14;26;6043;MANDRILLS BKB_6043_20201124_id6043_malinf_(1).jpg;12
13;26;6043;MANDRILLS BKB_6043_20201124_id6043_malinf_(2).jpg;13
13;26;6043;MANDRILLS BKB_6043_20201124_id6043_malinf_(3).jpg;13
33;45;6043;MANDRILLS BKB_6043_20201213_id6043_malinf.jpg;12
41;48;6043;MANDRILLS BKB_6043_20201216_id6043_malinf_(1).jpg;7
33;48;6043;MANDRILLS BKB_6043_20201216_id6043_malinf_(10).jpg;15
29;48;6043;MANDRILLS BKB_6043_20201216_id6043_malinf_(11).jpg;19
24;48;6043;MANDRILLS BKB_6043_20201216_id6043_malinf_(12).jpg;24
21;48;6043;MANDRILLS BKB_6043_20201216_id6043_malinf_(13).jpg;27
26;48;6043;MANDRILLS BKB_6043_20201216_id6043_malinf_(14).jpg;22
28;48;6043;MANDRILLS BKB_6043_20201216_id6043_malinf_(15).jpg;20
28;48;6043;MANDRILLS BKB_6043_20201216_id6043_malinf_(16).jpg;20
29;48;6043;MANDRILLS BKB_6043_20201216_id6043_malinf_(17).jpg;19
33;48;6043;MANDRILLS BKB_6043_20201216_id6043_malinf_(18).jpg;15
29;48;6043;MANDRILLS BKB_6043_20201216_id6043_malinf_(2).jpg;19
41;48;6043;MANDRILLS BKB_6043_20201216_id6043_malinf_(3).jpg;7
34;48;6043;MANDRILLS BKB_6043_20201216_id6043_malinf_(4).jpg;14
33;48;6043;MANDRILLS BKB_6043_20201216_id6043_malinf_(5).jpg;15
28;48;6043;MANDRILLS BKB_6043_20201216_id6043_malinf_(6).jpg;20
26;48;6043;MANDRILLS BKB_6043_20201216_id6043_malinf_(7).jpg;22
32;48;6043;MANDRILLS BKB_6043_20201216_id6043_malinf_(8).jpg;16
35;48;6043;MANDRILLS BKB_6043_20201216_id6043_malinf_(9).jpg;13
32;56;6043;MANDRILLS BKB_6043_20201224_id6043_malinf_(1).jpg;24
42;56;6043;MANDRILLS BKB_6043_20201224_id6043_malinf_(2).jpg;14
56;92;6043;MANDRILLS BKB_6043_20210129_id6043_malinf.jpg;36
200;160;6043;MANDRILLS BKB_6043_20210407_id6043_malinf.jpg;40
234;173;6043;MANDRILLS BKB_6043_20210420_id6043_malinf_(1).jpg;61
234;173;6043;MANDRILLS BKB_6043_20210420_id6043_malinf_(2).jpg;61
312;317;6043;MANDRILLS BKB_6043_20210911_id6043_malinf.jpg;5
314;358;6043;MANDRILLS BKB_6043_20211022_id6043_malinf_(1).jpg;44
352;358;6043;MANDRILLS BKB_6043_20211022_id6043_malinf_(2).jpg;6
413;424;6043;MANDRILLS BKB_6043_20211227_id6043_maljuv.jpg;11
382;460;6043;MANDRILLS BKB_6043_20220201_id6043_maljuv (1).jpg;78
488;460;6043;MANDRILLS BKB_6043_20220201_id6043_maljuv (2).jpg;28
456;460;6043;MANDRILLS BKB_6043_20220201_id6043_maljuv (3).jpg;4
479;460;6043;MANDRILLS BKB_6043_20220201_id6043_maljuv (4).jpg;19
502;460;6043;MANDRILLS BKB_6043_20220201_id6043_maljuv (5).jpg;42
504;474;6043;MANDRILLS BKB_6043_20220215_id6043_maljuv.jpg;30
481;475;6043;MANDRILLS BKB_6043_20220216_id6043_maljuv (1).jpg;6
463;475;6043;MANDRILLS BKB_6043_20220216_id6043_maljuv (3).jpg;12
455;475;6043;MANDRILLS BKB_6043_20220216_id6043_maljuv (4).jpg;20
424;475;6043;MANDRILLS BKB_6043_20220216_id6043_maljuv (5).jpg;51
407;485;6043;MANDRILLS BKB_6043_20220226_id6043_maljuv (1).jpg;78
435;485;6043;MANDRILLS BKB_6043_20220226_id6043_maljuv (2).jpg;50
415;485;6043;MANDRILLS BKB_6043_20220226_id6043_maljuv (3).jpg;70
421;485;6043;MANDRILLS BKB_6043_20220226_id6043_maljuv (4).jpg;64
415;485;6043;MANDRILLS BKB_6043_20220226_id6043_maljuv (5).jpg;70
417;485;6043;MANDRILLS BKB_6043_20220226_id6043_maljuv (6).jpg;68
376;485;6043;MANDRILLS BKB_6043_20220226_id6043_maljuv (7).jpg;109
409;506;6043;MANDRILLS BKB_6043_20220319_id6043_maljuv (1).jpg;97
504;506;6043;MANDRILLS BKB_6043_20220319_id6043_maljuv (2).jpg;2
446;514;6043;MANDRILLS BKB_6043_20220327_id6043_maljuv (1).jpg;68
460;514;6043;MANDRILLS BKB_6043_20220327_id6043_maljuv (2).jpg;54
451;517;6043;MANDRILLS BKB_6043_20220330_id6043_maljuv.jpg;66
510;522;6043;MANDRILLS BKB_6043_20220404_id6043_maljuv.jpg;12
455;574;6043;MANDRILLS BKB_6043_20220526_id6043_maljuv.jpg;119
487;580;6043;MANDRILLS BKB_6043_20220601_id6043_maljuv.jpg;93
452;582;6043;MANDRILLS BKB_6043_20220603_id6043_maljuv (10).jpg;130
508;582;6043;MANDRILLS BKB_6043_20220603_id6043_maljuv (11).jpg;74
498;582;6043;MANDRILLS BKB_6043_20220603_id6043_maljuv (6).jpg;84
485;582;6043;MANDRILLS BKB_6043_20220603_id6043_maljuv (7).jpg;97
505;582;6043;MANDRILLS BKB_6043_20220603_id6043_maljuv (8).jpg;77
591;608;6043;MANDRILLS BKB_6043_20220629_id6043 (1).jpg;17
567;608;6043;MANDRILLS BKB_6043_20220629_id6043 (2).jpg;41
593;608;6043;MANDRILLS BKB_6043_20220629_id6043 (3).jpg;15
574;608;6043;MANDRILLS BKB_6043_20220629_id6043 (4).jpg;34
455;608;6043;MANDRILLS BKB_6043_20220629_id6043 (5).jpg;153
553;608;6043;MANDRILLS BKB_6043_20220629_id6043.jpg;55
542;612;6043;MANDRILLS BKB_6043_20220703_id6043.jpg;70
596;623;6043;MANDRILLS BKB_6043_20220714_id6043_maljuv (1).jpg;27
506;623;6043;MANDRILLS BKB_6043_20220714_id6043_maljuv (2).jpg;117
553;625;6043;MANDRILLS BKB_6043_20220716_id6043_maljuv (1).jpg;72
555;625;6043;MANDRILLS BKB_6043_20220716_id6043_maljuv (2).jpg;70
553;642;6043;MANDRILLS BKB_6043_20220802_id6043 (1).jpg;89
555;642;6043;MANDRILLS BKB_6043_20220802_id6043 (2).jpg;87
550;652;6043;MANDRILLS BKB_6043_20220812_id6043 (1).jpg;102
596;652;6043;MANDRILLS BKB_6043_20220812_id6043 (2).jpg;56
571;652;6043;MANDRILLS BKB_6043_20220812_id6043.jpg;81
588;663;6043;MANDRILLS BKB_6043_20220823_id6043.jpg;75
638;675;6043;MANDRILLS BKB_6043_20220904_id6043.jpg;37
600;676;6043;MANDRILLS BKB_6043_20220905_id6043 (1).jpg;76
625;676;6043;MANDRILLS BKB_6043_20220905_id6043 (2).jpg;51
616;676;6043;MANDRILLS BKB_6043_20220905_id6043.jpg;60
662;683;6043;MANDRILLS BKB_6043_20220912_id6043 (1).jpg;21
607;683;6043;MANDRILLS BKB_6043_20220912_id6043 (2).jpg;76
559;686;6043;MANDRILLS BKB_6043_20220915_id6043 (1).jpg;127
523;686;6043;MANDRILLS BKB_6043_20220915_id6043 (2).jpg;163
610;686;6043;MANDRILLS BKB_6043_20220915_id6043 (3).jpg;76
625;706;6043;MANDRILLS BKB_6043_20221005_id6043.jpg;81
668;723;6043;MANDRILLS BKB_6043_20221022_id6043 (1).jpg;55
598;723;6043;MANDRILLS BKB_6043_20221022_id6043 (2).jpg;125
734;723;6043;MANDRILLS BKB_6043_20221022_id6043 (3).jpg;11
704;723;6043;MANDRILLS BKB_6043_20221022_id6043 (4).jpg;19
718;723;6043;MANDRILLS BKB_6043_20221022_id6043.jpg;5
621;728;6043;MANDRILLS BKB_6043_20221027_id6043 (1).jpg;107
553;728;6043;MANDRILLS BKB_6043_20221027_id6043 (2).jpg;175
608;728;6043;MANDRILLS BKB_6043_20221027_id6043 (3).jpg;120
651;730;6043;MANDRILLS BKB_6043_20221029_id6043.jpg;79
750;757;6043;MANDRILLS BKB_6043_20221125_id6043 (1).jpg;7
686;757;6043;MANDRILLS BKB_6043_20221125_id6043 (2).jpg;71
620;757;6043;MANDRILLS BKB_6043_20221125_id6043 (3).jpg;137
652;762;6043;MANDRILLS BKB_6043_20221130_id6043 (2).jpg;110
786;771;6043;MANDRILLS BKB_6043_20221209_id6043.jpg;15
9;25;6048;MANDRILLS BKB_6048_20210201_id6048_malinf_(1).jpg;16
13;25;6048;MANDRILLS BKB_6048_20210201_id6048_malinf_(2).jpg;12
22;30;6048;MANDRILLS BKB_6048_20210206_id6048_malinf_(1).jpg;8
9;30;6048;MANDRILLS BKB_6048_20210206_id6048_malinf_(10).jpg;21
15;30;6048;MANDRILLS BKB_6048_20210206_id6048_malinf_(2).jpg;15
19;30;6048;MANDRILLS BKB_6048_20210206_id6048_malinf_(3).jpg;11
23;30;6048;MANDRILLS BKB_6048_20210206_id6048_malinf_(4).jpg;7
12;30;6048;MANDRILLS BKB_6048_20210206_id6048_malinf_(5).jpg;18
15;30;6048;MANDRILLS BKB_6048_20210206_id6048_malinf_(6).jpg;15
14;30;6048;MANDRILLS BKB_6048_20210206_id6048_malinf_(7).jpg;16
14;30;6048;MANDRILLS BKB_6048_20210206_id6048_malinf_(8).jpg;16
17;30;6048;MANDRILLS BKB_6048_20210206_id6048_malinf_(9).jpg;13
10;36;6048;MANDRILLS BKB_6048_20210212_id6048_malinf_(1).jpg;26
16;36;6048;MANDRILLS BKB_6048_20210212_id6048_malinf_(2).jpg;20
21;36;6048;MANDRILLS BKB_6048_20210212_id6048_malinf_(3).jpg;15
8;36;6048;MANDRILLS BKB_6048_20210212_id6048_malinf_(4).jpg;28
10;36;6048;MANDRILLS BKB_6048_20210212_id6048_malinf_(5).jpg;26
12;38;6048;MANDRILLS BKB_6048_20210214_id6048_malinf_(1).jpg;26
-5;38;6048;MANDRILLS BKB_6048_20210214_id6048_malinf_(2).jpg;43
26;50;6048;MANDRILLS BKB_6048_20210226_id6048_malinf_(1).jpg;24
32;50;6048;MANDRILLS BKB_6048_20210226_id6048_malinf_(2).jpg;18
55;84;6048;MANDRILLS BKB_6048_20210401_id6048_malinf.jpg;29
81;90;6048;MANDRILLS BKB_6048_20210407_id6048_malinf_(1).jpg;9
73;90;6048;MANDRILLS BKB_6048_20210407_id6048_malinf_(2).jpg;17
84;90;6048;MANDRILLS BKB_6048_20210407_id6048_malinf_(3).jpg;6
78;90;6048;MANDRILLS BKB_6048_20210407_id6048_malinf_(4).jpg;12
80;90;6048;MANDRILLS BKB_6048_20210407_id6048_malinf_(5).jpg;10
8;0;6073;MANDRILLS BKB_6073_20201213_id6073_feminf_(1).jpg;8
14;0;6073;MANDRILLS BKB_6073_20201213_id6073_feminf_(2).jpg;14
11;0;6073;MANDRILLS BKB_6073_20201213_id6073_feminf_(3).jpg;11
9;0;6073;MANDRILLS BKB_6073_20201213_id6073_feminf_(4).jpg;9
12;0;6073;MANDRILLS BKB_6073_20201213_id6073_feminf_(5).jpg;12
5;0;6073;MANDRILLS BKB_6073_20201213_id6073_feminf_(6).jpg;5
52;22;6073;MANDRILLS BKB_6073_20210104_id6073_feminf.jpg;30
43;31;6073;MANDRILLS BKB_6073_20210113_id6073_feminf_(1).jpg;12
46;31;6073;MANDRILLS BKB_6073_20210113_id6073_feminf_(2).jpg;15
57;31;6073;MANDRILLS BKB_6073_20210113_id6073_feminf_(3).jpg;26
79;61;6073;MANDRILLS BKB_6073_20210212_id6073_feminf_(1).jpg;18
85;61;6073;MANDRILLS BKB_6073_20210212_id6073_feminf_(2).jpg;24
90;61;6073;MANDRILLS BKB_6073_20210212_id6073_feminf_(3).jpg;29
93;61;6073;MANDRILLS BKB_6073_20210212_id6073_feminf_(4).jpg;32
87;61;6073;MANDRILLS BKB_6073_20210212_id6073_feminf_(5).jpg;26
88;61;6073;MANDRILLS BKB_6073_20210212_id6073_feminf_(6).jpg;27
96;66;6073;MANDRILLS BKB_6073_20210217_id6073_feminf_(1).jpg;30
97;66;6073;MANDRILLS BKB_6073_20210217_id6073_feminf_(2).jpg;31
97;66;6073;MANDRILLS BKB_6073_20210217_id6073_feminf_(3).jpg;31
97;66;6073;MANDRILLS BKB_6073_20210217_id6073_feminf_(4).jpg;31
101;66;6073;MANDRILLS BKB_6073_20210217_id6073_feminf_(5).jpg;35
108;82;6073;MANDRILLS BKB_6073_20210305_id6073_feminf_(1).jpg;26
130;82;6073;MANDRILLS BKB_6073_20210305_id6073_feminf_(2).jpg;48
133;82;6073;MANDRILLS BKB_6073_20210305_id6073_feminf_(3).jpg;51
111;82;6073;MANDRILLS BKB_6073_20210305_id6073_feminf_(4).jpg;29
169;110;6073;MANDRILLS BKB_6073_20210402_id6073_feminf_(1).jpg;59
167;110;6073;MANDRILLS BKB_6073_20210402_id6073_feminf_(10).jpg;57
173;110;6073;MANDRILLS BKB_6073_20210402_id6073_feminf_(11).jpg;63
176;110;6073;MANDRILLS BKB_6073_20210402_id6073_feminf_(12).jpg;66
179;110;6073;MANDRILLS BKB_6073_20210402_id6073_feminf_(13).jpg;69
150;110;6073;MANDRILLS BKB_6073_20210402_id6073_feminf_(2).jpg;40
162;110;6073;MANDRILLS BKB_6073_20210402_id6073_feminf_(3).jpg;52
144;110;6073;MANDRILLS BKB_6073_20210402_id6073_feminf_(4).jpg;34
201;110;6073;MANDRILLS BKB_6073_20210402_id6073_feminf_(5).jpg;91
168;110;6073;MANDRILLS BKB_6073_20210402_id6073_feminf_(6).jpg;58
145;110;6073;MANDRILLS BKB_6073_20210402_id6073_feminf_(7).jpg;35
144;110;6073;MANDRILLS BKB_6073_20210402_id6073_feminf_(8).jpg;34
124;110;6073;MANDRILLS BKB_6073_20210402_id6073_feminf_(9).jpg;14
236;212;6073;MANDRILLS BKB_6073_20210713_id6073_feminf.jpg;24
269;222;6073;MANDRILLS BKB_6073_20210723_id6073_feminf_(1).jpg;47
309;222;6073;MANDRILLS BKB_6073_20210723_id6073_feminf_(10).jpg;87
296;222;6073;MANDRILLS BKB_6073_20210723_id6073_feminf_(11).jpg;74
235;222;6073;MANDRILLS BKB_6073_20210723_id6073_feminf_(2).jpg;13
302;272;6073;MANDRILLS BKB_6073_20210911_id6073_feminf.jpg;30
405;280;6073;MANDRILLS BKB_6073_20210919_id6073_feminf.jpg;125
279;284;6073;MANDRILLS BKB_6073_20210923_id6073_feminf (1).jpg;5
281;284;6073;MANDRILLS BKB_6073_20210923_id6073_feminf (2).jpg;3
302;284;6073;MANDRILLS BKB_6073_20210923_id6073_feminf (3).jpg;18
348;313;6073;MANDRILLS BKB_6073_20211022_id6073_feminf.jpg;35
294;315;6073;MANDRILLS BKB_6073_20211024_id6073_feminf_(1).jpg;21
284;315;6073;MANDRILLS BKB_6073_20211024_id6073_feminf_(2).jpg;31
427;315;6073;MANDRILLS BKB_6073_20211024_id6073_feminf_(3).jpg;112
350;362;6073;MANDRILLS BKB_6073_20211210_id6073_feminf_(1).jpg;12
305;362;6073;MANDRILLS BKB_6073_20211210_id6073_feminf_(2).jpg;57
391;406;6073;MANDRILLS BKB_6073_20220123_id6073 (1).jpg;15
405;406;6073;MANDRILLS BKB_6073_20220123_id6073 (2).jpg;1
439;406;6073;MANDRILLS BKB_6073_20220123_id6073 (3).jpg;33
440;415;6073;MANDRILLS BKB_6073_20220201_id6073_femjuv (1).jpg;25
409;415;6073;MANDRILLS BKB_6073_20220201_id6073_femjuv (2).jpg;6
412;415;6073;MANDRILLS BKB_6073_20220201_id6073_femjuv (3).jpg;3
388;415;6073;MANDRILLS BKB_6073_20220201_id6073_femjuv (4).jpg;27
404;415;6073;MANDRILLS BKB_6073_20220201_id6073_femjuv (5).jpg;11
375;415;6073;MANDRILLS BKB_6073_20220201_id6073_femjuv (6).jpg;40
396;415;6073;MANDRILLS BKB_6073_20220201_id6073_femjuv (7).jpg;19
456;430;6073;MANDRILLS BKB_6073_20220216_id6073_femjuv (1).jpg;26
297;430;6073;MANDRILLS BKB_6073_20220216_id6073_femjuv (2).jpg;133
303;430;6073;MANDRILLS BKB_6073_20220216_id6073_femjuv (3).jpg;127
387;430;6073;MANDRILLS BKB_6073_20220216_id6073_femjuv (4).jpg;43
474;430;6073;MANDRILLS BKB_6073_20220216_id6073_femjuv (5).jpg;44
343;430;6073;MANDRILLS BKB_6073_20220216_id6073_femjuv (6).jpg;87
359;430;6073;MANDRILLS BKB_6073_20220216_id6073_femjuv (7).jpg;71
346;456;6073;MANDRILLS BKB_6073_20220314_id6073 (1).jpg;110
439;456;6073;MANDRILLS BKB_6073_20220314_id6073 (2).jpg;17
495;456;6073;MANDRILLS BKB_6073_20220314_id6073 (3).jpg;39
448;463;6073;MANDRILLS BKB_6073_20220321_id6073_femjuv (1).jpg;15
393;463;6073;MANDRILLS BKB_6073_20220321_id6073_femjuv (2).jpg;70
440;463;6073;MANDRILLS BKB_6073_20220321_id6073_femjuv (3).jpg;23
433;463;6073;MANDRILLS BKB_6073_20220321_id6073_femjuv (4).jpg;30
400;463;6073;MANDRILLS BKB_6073_20220321_id6073_femjuv (5).jpg;63
381;472;6073;MANDRILLS BKB_6073_20220330_id6073_femljuv.jpg;91
448;474;6073;MANDRILLS BKB_6073_20220401_id6073_femjuv (1).jpg;26
444;474;6073;MANDRILLS BKB_6073_20220401_id6073_femjuv (2).jpg;30
475;474;6073;MANDRILLS BKB_6073_20220401_id6073_femjuv (3).jpg;1
431;474;6073;MANDRILLS BKB_6073_20220401_id6073_femjuv (4).jpg;43
375;474;6073;MANDRILLS BKB_6073_20220401_id6073_femjuv (5).jpg;99
525;474;6073;MANDRILLS BKB_6073_20220401_id6073_femjuv (6).jpg;51
479;474;6073;MANDRILLS BKB_6073_20220401_id6073_femjuv (7).jpg;5
427;474;6073;MANDRILLS BKB_6073_20220401_id6073_femjuv (8).jpg;47
464;493;6073;MANDRILLS BKB_6073_20220420_id6073_femjuv (2).jpg;29
477;493;6073;MANDRILLS BKB_6073_20220420_id6073_femjuv (5).jpg;16
511;493;6073;MANDRILLS BKB_6073_20220420_id6073_femjuv (6).jpg;18
518;493;6073;MANDRILLS BKB_6073_20220420_id6073_femjuv (7).jpg;25
511;493;6073;MANDRILLS BKB_6073_20220420_id6073_femjuv (8).jpg;18
544;493;6073;MANDRILLS BKB_6073_20220420_id6073_femjuv (9).jpg;51
461;493;6073;MANDRILLS BKB_6073_20220420_id6073_femjuv.jpg;32
433;500;6073;MANDRILLS BKB_6073_20220427_id6073_femjuv (1).jpg;67
441;500;6073;MANDRILLS BKB_6073_20220427_id6073_femjuv (2).jpg;59
657;500;6073;MANDRILLS BKB_6073_20220427_id6073_femjuv (3).jpg;157
484;500;6073;MANDRILLS BKB_6073_20220427_id6073_femjuv (4).jpg;16
488;500;6073;MANDRILLS BKB_6073_20220427_id6073_femjuv (5).jpg;12
491;500;6073;MANDRILLS BKB_6073_20220427_id6073_femjuv (6).jpg;9
439;500;6073;MANDRILLS BKB_6073_20220427_id6073_femjuv (7).jpg;61
457;500;6073;MANDRILLS BKB_6073_20220427_id6073_femjuv (8).jpg;43
512;512;6073;MANDRILLS BKB_6073_20220509_id6073_femjuv.jpg;0
467;529;6073;MANDRILLS BKB_6073_20220526_id6073_femjuv (5).jpg;62
488;529;6073;MANDRILLS BKB_6073_20220526_id6073_femjuv (6).jpg;41
442;529;6073;MANDRILLS BKB_6073_20220526_id6073_femjuv (7).jpg;87
480;529;6073;MANDRILLS BKB_6073_20220526_id6073_femjuv (9).jpg;49
521;532;6073;MANDRILLS BKB_6073_20220529_id6073_femjuv (2).jpg;11
449;532;6073;MANDRILLS BKB_6073_20220529_id6073_femjuv (4).jpg;83
671;532;6073;MANDRILLS BKB_6073_20220529_id6073_femjuv (5).jpg;139
468;532;6073;MANDRILLS BKB_6073_20220529_id6073_femjuv (7).jpg;64
453;533;6073;MANDRILLS BKB_6073_20220530_id6073_femjuv (1).jpg;80
468;533;6073;MANDRILLS BKB_6073_20220530_id6073_femjuv (2).jpg;65
516;555;6073;MANDRILLS BKB_6073_20220621_id6073_femjuv.jpg;39
477;570;6073;MANDRILLS BKB_6073_20220706_id6073 (1).jpg;93
540;570;6073;MANDRILLS BKB_6073_20220706_id6073 (2).jpg;30
530;580;6073;MANDRILLS BKB_6073_20220716_id6073_femjuv (1).jpg;50
512;580;6073;MANDRILLS BKB_6073_20220716_id6073_femjuv (2).jpg;68
568;583;6073;MANDRILLS BKB_6073_20220719_id6073.jpg;15
583;596;6073;MANDRILLS BKB_6073_20220801_id6073.jpg;13
614;597;6073;MANDRILLS BKB_6073_20220802_id6073 (1).jpg;17
536;597;6073;MANDRILLS BKB_6073_20220802_id6073 (2).jpg;61
584;597;6073;MANDRILLS BKB_6073_20220802_id6073 (3).jpg;13
537;597;6073;MANDRILLS BKB_6073_20220802_id6073 (4).jpg;60
565;604;6073;MANDRILLS BKB_6073_20220809_id6073 (1).jpg;39
597;604;6073;MANDRILLS BKB_6073_20220809_id6073 (2).jpg;7
580;607;6073;MANDRILLS BKB_6073_20220812_id6073 (1).jpg;27
539;607;6073;MANDRILLS BKB_6073_20220812_id6073 (2).jpg;68
594;607;6073;MANDRILLS BKB_6073_20220812_id6073.jpg;13
679;641;6073;MANDRILLS BKB_6073_20220915_id6073.jpg;38
656;644;6073;MANDRILLS BKB_6073_20220918_id6073 (1).jpg;12
668;644;6073;MANDRILLS BKB_6073_20220918_id6073 (2).jpg;24
677;650;6073;MANDRILLS BKB_6073_20220924_id6073.jpg;27
612;675;6073;MANDRILLS BKB_6073_20221019_id6073 (2).jpg;63
590;675;6073;MANDRILLS BKB_6073_20221019_id6073 (3).jpg;85
672;675;6073;MANDRILLS BKB_6073_20221019_id6073 (4).jpg;3
687;683;6073;MANDRILLS BKB_6073_20221027_id6073.jpg;4
665;710;6073;MANDRILLS BKB_6073_20221123_id6073 (1).jpg;45
705;710;6073;MANDRILLS BKB_6073_20221123_id6073 (2).jpg;5
720;710;6073;MANDRILLS BKB_6073_20221123_id6073 (3).jpg;10
676;717;6073;MANDRILLS BKB_6073_20221130_id6073 (1).jpg;41
652;717;6073;MANDRILLS BKB_6073_20221130_id6073 (2).jpg;65
38;20;6100;MANDRILLS BKB_6100_20210407_id6100_malinf.jpg;18
201;204;6100;MANDRILLS BKB_6100_20211008_id6100_malinf.jpg;3
181;213;6100;MANDRILLS BKB_6100_20211017_id6100_malinf_(1).jpg;32
256;213;6100;MANDRILLS BKB_6100_20211017_id6100_malinf_(2).jpg;43
225;213;6100;MANDRILLS BKB_6100_20211017_id6100_malinf_(3).jpg;12
212;213;6100;MANDRILLS BKB_6100_20211017_id6100_malinf_(4).jpg;1
211;213;6100;MANDRILLS BKB_6100_20211017_id6100_malinf_(6).jpg;2
256;215;6100;MANDRILLS BKB_6100_20211019_id6100_malinf_(1).jpg;41
231;215;6100;MANDRILLS BKB_6100_20211019_id6100_malinf_(2).jpg;16
266;220;6100;MANDRILLS BKB_6100_20211024_id6100_malinf_(1).jpg;46
237;220;6100;MANDRILLS BKB_6100_20211024_id6100_malinf_(2).jpg;17
337;308;6100;MANDRILLS BKB_6100_20220120_id6100.jpg;29
306;337;6100;MANDRILLS BKB_6100_20220218_id6100_malinf.jpg;31
364;351;6100;MANDRILLS BKB_6100_20220304_id6100_malinf (1).jpg;13
406;351;6100;MANDRILLS BKB_6100_20220304_id6100_malinf (2).jpg;55
320;351;6100;MANDRILLS BKB_6100_20220304_id6100_malinf (3).jpg;31
395;351;6100;MANDRILLS BKB_6100_20220304_id6100_malinf (4).jpg;44
23;21;6147;MANDRILLS BKB_6147_20201124_id6147_feminf_(5).jpg;2
16;21;6147;MANDRILLS BKB_6147_20201124_id6147_feminf_(7).jpg;5
15;21;6147;MANDRILLS BKB_6147_20201124_id6147_feminf_(8).jpg;6
19;21;6147;MANDRILLS BKB_6147_20201124_id6147_feminf_(9).jpg;2
108;79;6147;MANDRILLS BKB_6147_20210121_id6147_feminf_(1).jpg;29
88;79;6147;MANDRILLS BKB_6147_20210121_id6147_feminf_(2).jpg;9
98;79;6147;MANDRILLS BKB_6147_20210121_id6147_feminf_(3).jpg;19
93;79;6147;MANDRILLS BKB_6147_20210121_id6147_feminf_(4).jpg;14
87;79;6147;MANDRILLS BKB_6147_20210121_id6147_feminf_(5).jpg;8
95;79;6147;MANDRILLS BKB_6147_20210121_id6147_feminf_(6).jpg;16
147;101;6147;MANDRILLS BKB_6147_20210212_id6147_(1).jpg;46
133;101;6147;MANDRILLS BKB_6147_20210212_id6147_(2).jpg;32
133;101;6147;MANDRILLS BKB_6147_20210212_id6147_(3).jpg;32
128;101;6147;MANDRILLS BKB_6147_20210212_id6147_(4).jpg;27
203;170;6147;MANDRILLS BKB_6147_20210422_id6147_feminf_(1).jpg;33
202;170;6147;MANDRILLS BKB_6147_20210422_id6147_feminf_(2).jpg;32
331;350;6147;MANDRILLS BKB_6147_20211019_id6147_feminf_(1).jpg;19
297;350;6147;MANDRILLS BKB_6147_20211019_id6147_feminf_(2).jpg;53
309;350;6147;MANDRILLS BKB_6147_20211019_id6147_feminf_(3).jpg;41
26;26;6156;MANDRILLS BKB_6156_20201222_id6156_feminf.jpg;0
23;32;6156;MANDRILLS BKB_6156_20201228_id6156_feminf_(1).jpg;9
25;32;6156;MANDRILLS BKB_6156_20201228_id6156_feminf_(2).jpg;7
26;32;6156;MANDRILLS BKB_6156_20201228_id6156_feminf_(3).jpg;6
24;32;6156;MANDRILLS BKB_6156_20201228_id6156_feminf_(4).jpg;8
30;37;6156;MANDRILLS BKB_6156_20210102_id6156_feminf_(1).jpg;7
25;37;6156;MANDRILLS BKB_6156_20210102_id6156_feminf_(2).jpg;12
26;37;6156;MANDRILLS BKB_6156_20210102_id6156_feminf_(3).jpg;11
14;39;6156;MANDRILLS BKB_6156_20210104_id6156_feminf_(1).jpg;25
13;39;6156;MANDRILLS BKB_6156_20210104_id6156_feminf_(2).jpg;26
37;41;6156;MANDRILLS BKB_6156_20210106_id6156_feminf_(1).jpg;4
29;41;6156;MANDRILLS BKB_6156_20210106_id6156_feminf_(2).jpg;12
30;41;6156;MANDRILLS BKB_6156_20210106_id6156_feminf_(3).jpg;11
33;41;6156;MANDRILLS BKB_6156_20210106_id6156_feminf_(4).jpg;8
36;44;6156;MANDRILLS BKB_6156_20210109_id6156_feminf_(1).jpg;8
40;44;6156;MANDRILLS BKB_6156_20210109_id6156_feminf_(2).jpg;4
39;51;6156;MANDRILLS BKB_6156_20210116_id6156_feminf.jpg;12
40;52;6156;MANDRILLS BKB_6156_20210117_id6156_feminf_(1).jpg;12
38;52;6156;MANDRILLS BKB_6156_20210117_id6156_feminf_(2).jpg;14
44;52;6156;MANDRILLS BKB_6156_20210117_id6156_feminf_(3).jpg;8
43;52;6156;MANDRILLS BKB_6156_20210117_id6156_feminf_(4).jpg;9
63;61;6156;MANDRILLS BKB_6156_20210126_id6156_feminf.jpg;2
67;63;6156;MANDRILLS BKB_6156_20210128_id6156_feminf_(1).jpg;4
47;63;6156;MANDRILLS BKB_6156_20210128_id6156_feminf_(10).jpg;16
68;63;6156;MANDRILLS BKB_6156_20210128_id6156_feminf_(2).jpg;5
67;63;6156;MANDRILLS BKB_6156_20210128_id6156_feminf_(3).jpg;4
63;63;6156;MANDRILLS BKB_6156_20210128_id6156_feminf_(4).jpg;0
46;63;6156;MANDRILLS BKB_6156_20210128_id6156_feminf_(5).jpg;17
38;63;6156;MANDRILLS BKB_6156_20210128_id6156_feminf_(6).jpg;25
55;63;6156;MANDRILLS BKB_6156_20210128_id6156_feminf_(7).jpg;8
47;63;6156;MANDRILLS BKB_6156_20210128_id6156_feminf_(8).jpg;16
36;63;6156;MANDRILLS BKB_6156_20210128_id6156_feminf_(9).jpg;27
58;81;6156;MANDRILLS BKB_6156_20210215_id6156_feminf_(1).jpg;23
64;81;6156;MANDRILLS BKB_6156_20210215_id6156_feminf_(2).jpg;17
66;95;6156;MANDRILLS BKB_6156_20210301_id6156_feminf_(1).jpg;29
71;95;6156;MANDRILLS BKB_6156_20210301_id6156_feminf_(2).jpg;24
80;95;6156;MANDRILLS BKB_6156_20210301_id6156_feminf_(3).jpg;15
110;126;6156;MANDRILLS BKB_6156_20210401_id6156_feminf_(1).jpg;16
124;126;6156;MANDRILLS BKB_6156_20210401_id6156_feminf_(2).jpg;2
99;126;6156;MANDRILLS BKB_6156_20210401_id6156_feminf_(3).jpg;27
89;126;6156;MANDRILLS BKB_6156_20210401_id6156_feminf_(4).jpg;37
99;126;6156;MANDRILLS BKB_6156_20210401_id6156_feminf_(5).jpg;27
138;145;6156;MANDRILLS BKB_6156_20210420_id6156_feminf_(1).jpg;7
132;145;6156;MANDRILLS BKB_6156_20210420_id6156_feminf_(2).jpg;13
129;145;6156;MANDRILLS BKB_6156_20210420_id6156_feminf_(3).jpg;16
349;330;6156;MANDRILLS BKB_6156_20211022_id6156_feminf.jpg;19
474;395;6156;MANDRILLS BKB_6156_20211226_id6156_femjuv_(2).jpg;79
489;395;6156;MANDRILLS BKB_6156_20211226_id6156_femjuv_(3).jpg;94
507;395;6156;MANDRILLS BKB_6156_20211226_id6156_femjuv_(4).jpg;112
414;432;6156;MANDRILLS BKB_6156_20220201_id6156_femjuv.jpg;18
474;447;6156;MANDRILLS BKB_6156_20220216_id6156_femjuv (1).jpg;27
379;447;6156;MANDRILLS BKB_6156_20220216_id6156_femjuv (2).jpg;68
452;457;6156;MANDRILLS BKB_6156_20220226_id6156_femjuv (1).jpg;5
418;457;6156;MANDRILLS BKB_6156_20220226_id6156_femjuv (2).jpg;39
456;457;6156;MANDRILLS BKB_6156_20220226_id6156_femjuv (3).jpg;1
448;457;6156;MANDRILLS BKB_6156_20220226_id6156_femjuv (4).jpg;9
432;463;6156;MANDRILLS BKB_6156_20220304_id6156_femjuv (1).jpg;31
555;463;6156;MANDRILLS BKB_6156_20220304_id6156_femjuv (2).jpg;92
470;473;6156;MANDRILLS BKB_6156_20220314_id6156_femjuv (1).jpg;3
396;473;6156;MANDRILLS BKB_6156_20220314_id6156_femjuv (2).jpg;77
445;491;6156;MANDRILLS BKB_6156_20220401_id6156_femjuv (1).jpg;46
524;491;6156;MANDRILLS BKB_6156_20220401_id6156_femjuv (2).jpg;33
455;515;6156;MANDRILLS BKB_6156_20220425_id6156_femjuv (2).jpg;60
491;515;6156;MANDRILLS BKB_6156_20220425_id6156_femjuv (3).jpg;24
447;515;6156;MANDRILLS BKB_6156_20220425_id6156_femjuv (4).jpg;68
464;515;6156;MANDRILLS BKB_6156_20220425_id6156_femjuv (5).jpg;51
494;515;6156;MANDRILLS BKB_6156_20220425_id6156_femjuv (6).jpg;21
486;515;6156;MANDRILLS BKB_6156_20220425_id6156_femjuv (7).jpg;29
468;515;6156;MANDRILLS BKB_6156_20220425_id6156_femjuv (8).jpg;47
484;544;6156;MANDRILLS BKB_6156_20220524_id6156_femjuv (1).jpg;60
466;544;6156;MANDRILLS BKB_6156_20220524_id6156_femjuv (2).jpg;78
477;557;6156;MANDRILLS BKB_6156_20220606_id6156_femjuv (1).jpg;80
469;557;6156;MANDRILLS BKB_6156_20220606_id6156_femjuv (2).jpg;88
509;575;6156;MANDRILLS BKB_6156_20220624_id6156_femjuv (1).jpg;66
473;575;6156;MANDRILLS BKB_6156_20220624_id6156_femjuv (2).jpg;102
496;575;6156;MANDRILLS BKB_6156_20220624_id6156_femjuv (3).jpg;79
427;575;6156;MANDRILLS BKB_6156_20220624_id6156_femjuv (4).jpg;148
510;575;6156;MANDRILLS BKB_6156_20220624_id6156_femjuv (5).jpg;65
563;575;6156;MANDRILLS BKB_6156_20220624_id6156_femjuv (6).jpg;12
512;582;6156;MANDRILLS BKB_6156_20220701_id6156 (2).jpg;70
512;597;6156;MANDRILLS BKB_6156_20220716_id6156_femjuv (1).jpg;85
524;597;6156;MANDRILLS BKB_6156_20220716_id6156_femjuv (2).jpg;73
527;597;6156;MANDRILLS BKB_6156_20220716_id6156_femjuv (3).jpg;70
509;600;6156;MANDRILLS BKB_6156_20220719_id6156 (2).jpg;91
544;600;6156;MANDRILLS BKB_6156_20220719_id6156 (3).jpg;56
533;600;6156;MANDRILLS BKB_6156_20220719_id6156 (5).jpg;67
613;615;6156;MANDRILLS BKB_6156_20220803_id6156 (1).jpg;2
564;615;6156;MANDRILLS BKB_6156_20220803_id6156 (3).jpg;51
513;624;6156;MANDRILLS BKB_6156_20220812_id6156 (1).jpg;111
517;624;6156;MANDRILLS BKB_6156_20220812_id6156 (2).jpg;107
587;624;6156;MANDRILLS BKB_6156_20220812_id6156 (3).jpg;37
615;638;6156;MANDRILLS BKB_6156_20220826_id6156.jpg;23
626;648;6156;MANDRILLS BKB_6156_20220905_id6156 (1).jpg;22
616;648;6156;MANDRILLS BKB_6156_20220905_id6156 (2).jpg;32
650;654;6156;MANDRILLS BKB_6156_20220911_id6156.jpg;4
556;655;6156;MANDRILLS BKB_6156_20220912_id6156.jpg;99
631;678;6156;MANDRILLS BKB_6156_20221005_id6156.jpg;47
661;725;6156;MANDRILLS BKB_6156_20221121_id6156 (1).jpg;64
645;725;6156;MANDRILLS BKB_6156_20221121_id6156 (2).jpg;80
676;725;6156;MANDRILLS BKB_6156_20221121_id6156 (3).jpg;49
660;727;6156;MANDRILLS BKB_6156_20221123_id6156 (1).jpg;67
623;727;6156;MANDRILLS BKB_6156_20221123_id6156 (2).jpg;104
678;744;6156;MANDRILLS BKB_6156_20221210_id6156.jpg;66
647;755;6156;MANDRILLS BKB_6156_20221221_id6156.jpg;108
-8;0;6193;MANDRILLS BKB_6193_20201217_id6193_malinf_(1).jpg;8
1;0;6193;MANDRILLS BKB_6193_20201217_id6193_malinf_(2).jpg;1
-14;0;6193;MANDRILLS BKB_6193_20201217_id6193_malinf_(3).jpg;14
-20;0;6193;MANDRILLS BKB_6193_20201217_id6193_malinf_(4).jpg;20
-13;0;6193;MANDRILLS BKB_6193_20201217_id6193_malinf_(5).jpg;13
-13;0;6193;MANDRILLS BKB_6193_20201217_id6193_malinf_(6).jpg;13
-21;0;6193;MANDRILLS BKB_6193_20201217_id6193_malinf_(7).jpg;21
-8;0;6193;MANDRILLS BKB_6193_20201217_id6193_malinf_(8).jpg;8
8;18;6193;MANDRILLS BKB_6193_20210104_id6193_malinf_(1).jpg;10
33;18;6193;MANDRILLS BKB_6193_20210104_id6193_malinf_(10).jpg;15
14;18;6193;MANDRILLS BKB_6193_20210104_id6193_malinf_(2).jpg;4
12;18;6193;MANDRILLS BKB_6193_20210104_id6193_malinf_(3).jpg;6
16;18;6193;MANDRILLS BKB_6193_20210104_id6193_malinf_(4).jpg;2
5;18;6193;MANDRILLS BKB_6193_20210104_id6193_malinf_(5).jpg;13
35;18;6193;MANDRILLS BKB_6193_20210104_id6193_malinf_(6).jpg;17
13;18;6193;MANDRILLS BKB_6193_20210104_id6193_malinf_(7).jpg;5
16;18;6193;MANDRILLS BKB_6193_20210104_id6193_malinf_(8).jpg;2
31;18;6193;MANDRILLS BKB_6193_20210104_id6193_malinf_(9).jpg;13
8;23;6193;MANDRILLS BKB_6193_20210109_id6193_mailinf_(1).jpg;15
17;23;6193;MANDRILLS BKB_6193_20210109_id6193_mailinf_(2).jpg;6
28;27;6193;MANDRILLS BKB_6193_20210113_id6193_malinf_(1).jpg;1
47;27;6193;MANDRILLS BKB_6193_20210113_id6193_malinf_(2).jpg;20
60;27;6193;MANDRILLS BKB_6193_20210113_id6193_malinf_(3).jpg;33
8;27;6193;MANDRILLS BKB_6193_20210113_id6193_malinf_(4).jpg;19
13;27;6193;MANDRILLS BKB_6193_20210113_id6193_malinf_(5).jpg;14
26;27;6193;MANDRILLS BKB_6193_20210113_id6193_malinf_(6).jpg;1
27;34;6193;MANDRILLS BKB_6193_20210120_id6193_malinf_(1).jpg;7
29;34;6193;MANDRILLS BKB_6193_20210120_id6193_malinf_(2).jpg;5
52;42;6193;MANDRILLS BKB_6193_20210128_id6193_malinf_(1).jpg;10
47;42;6193;MANDRILLS BKB_6193_20210128_id6193_malinf_(2).jpg;5
45;42;6193;MANDRILLS BKB_6193_20210128_id6193_malinf_(3).jpg;3
47;43;6193;MANDRILLS BKB_6193_20210129_id6193_malinf_(2).jpg;4
26;43;6193;MANDRILLS BKB_6193_20210129_id6193_malinf_(3).jpg;17
24;43;6193;MANDRILLS BKB_6193_20210129_id6193_malinf_(4).jpg;19
52;43;6193;MANDRILLS BKB_6193_20210129_id6193_malinf_(5).jpg;9
55;61;6193;MANDRILLS BKB_6193_20210216_id6193_malinf.jpg;6
106;78;6193;MANDRILLS BKB_6193_20210305_id6193_malinf.jpg;28
129;105;6193;MANDRILLS BKB_6193_20210401_id6193_malinf_(1).jpg;24
129;105;6193;MANDRILLS BKB_6193_20210401_id6193_malinf_(2).jpg;24
136;105;6193;MANDRILLS BKB_6193_20210401_id6193_malinf_(3).jpg;31
146;105;6193;MANDRILLS BKB_6193_20210401_id6193_malinf_(4).jpg;41
123;105;6193;MANDRILLS BKB_6193_20210401_id6193_malinf_(5).jpg;18
131;106;6193;MANDRILLS BKB_6193_20210402_id6193_malinf.jpg;25
236;124;6193;MANDRILLS BKB_6193_20210420_id6193_malinf_(1).jpg;112
154;124;6193;MANDRILLS BKB_6193_20210420_id6193_malinf_(2).jpg;30
161;124;6193;MANDRILLS BKB_6193_20210420_id6193_malinf_(3).jpg;37
171;124;6193;MANDRILLS BKB_6193_20210420_id6193_malinf_(4).jpg;47
138;124;6193;MANDRILLS BKB_6193_20210420_id6193_malinf_(5).jpg;14
146;124;6193;MANDRILLS BKB_6193_20210420_id6193_malinf_(6).jpg;22
127;124;6193;MANDRILLS BKB_6193_20210420_id6193_malinf_(7).jpg;3
152;124;6193;MANDRILLS BKB_6193_20210420_id6193_malinf_(8).jpg;28
305;208;6193;MANDRILLS BKB_6193_20210713_id6193_malinf_(1).jpg;97
268;208;6193;MANDRILLS BKB_6193_20210713_id6193_malinf_(2).jpg;60
270;212;6193;MANDRILLS BKB_6193_20210717_id6193_malinf_(1).jpg;58
219;212;6193;MANDRILLS BKB_6193_20210717_id6193_malinf_(2).jpg;7
304;223;6193;MANDRILLS BKB_6193_20210728_id6193_malinf_(1).jpg;81
293;223;6193;MANDRILLS BKB_6193_20210728_id6193_malinf_(2).jpg;70
385;366;6193;MANDRILLS BKB_6193_20211218_id6193_maljuv.jpg;19
463;370;6193;MANDRILLS BKB_6193_20211222_id6193_maljuv.jpg;93
456;411;6193;MANDRILLS BKB_6193_20220201_id6193 (1).jpg;45
459;411;6193;MANDRILLS BKB_6193_20220201_id6193 (2).jpg;48
472;411;6193;MANDRILLS BKB_6193_20220201_id6193 (3).jpg;61
473;411;6193;MANDRILLS BKB_6193_20220201_id6193 (4).jpg;62
485;411;6193;MANDRILLS BKB_6193_20220201_id6193 (5).jpg;74
509;411;6193;MANDRILLS BKB_6193_20220201_id6193 (6).jpg;98
570;426;6193;MANDRILLS BKB_6193_20220216_id6193_maljuv (1).jpg;144
519;426;6193;MANDRILLS BKB_6193_20220216_id6193_maljuv (2).jpg;93
518;426;6193;MANDRILLS BKB_6193_20220216_id6193_maljuv (4).jpg;92
741;449;6193;MANDRILLS BKB_6193_20220311_id6193_maljuv (1).jpg;292
596;449;6193;MANDRILLS BKB_6193_20220311_id6193_maljuv (2).jpg;147
656;449;6193;MANDRILLS BKB_6193_20220311_id6193_maljuv (3).jpg;207
502;449;6193;MANDRILLS BKB_6193_20220311_id6193_maljuv (4).jpg;53
542;496;6193;MANDRILLS BKB_6193_20220427_id6193_maljuv (1).jpg;46
567;496;6193;MANDRILLS BKB_6193_20220427_id6193_maljuv (2).jpg;71
541;496;6193;MANDRILLS BKB_6193_20220427_id6193_maljuv (3).jpg;45
540;508;6193;MANDRILLS BKB_6193_20220509_id6193_maljuv (2).jpg;32
552;515;6193;MANDRILLS BKB_6193_20220516_id6193_maljuv (1).jpg;37
554;515;6193;MANDRILLS BKB_6193_20220516_id6193_maljuv (2).jpg;39
603;515;6193;MANDRILLS BKB_6193_20220516_id6193_maljuv (3).jpg;88
578;515;6193;MANDRILLS BKB_6193_20220516_id6193_maljuv (4).jpg;63
453;515;6193;MANDRILLS BKB_6193_20220516_id6193_maljuv (5).jpg;62
490;515;6193;MANDRILLS BKB_6193_20220516_id6193_maljuv (6).jpg;25
580;529;6193;MANDRILLS BKB_6193_20220530_id6193_maljuv (1).jpg;51
612;529;6193;MANDRILLS BKB_6193_20220530_id6193_maljuv (2).jpg;83
681;551;6193;MANDRILLS BKB_6193_20220621_id6193_maljuv (1).jpg;130
555;551;6193;MANDRILLS BKB_6193_20220621_id6193_maljuv (2).jpg;4
595;551;6193;MANDRILLS BKB_6193_20220621_id6193_maljuv (3).jpg;44
575;551;6193;MANDRILLS BKB_6193_20220621_id6193_maljuv (5).jpg;24
573;551;6193;MANDRILLS BKB_6193_20220621_id6193_maljuv (6).jpg;22
628;551;6193;MANDRILLS BKB_6193_20220621_id6193_maljuv (7).jpg;77
538;559;6193;MANDRILLS BKB_6193_20220629_id6193 (1).jpg;21
604;559;6193;MANDRILLS BKB_6193_20220629_id6193 (2).jpg;45
598;574;6193;MANDRILLS BKB_6193_20220714_id6193_maljuv (1).jpg;24
537;574;6193;MANDRILLS BKB_6193_20220714_id6193_maljuv (2).jpg;37
661;585;6193;MANDRILLS BKB_6193_20220725_id6193 (1).jpg;76
599;585;6193;MANDRILLS BKB_6193_20220725_id6193.jpg;14
596;594;6193;MANDRILLS BKB_6193_20220803_id6193.jpg;2
603;617;6193;MANDRILLS BKB_6193_20220826_id6193 (1).jpg;14
598;617;6193;MANDRILLS BKB_6193_20220826_id6193 (2).jpg;19
638;618;6193;MANDRILLS BKB_6193_20220827_id6193.jpg;20
753;626;6193;MANDRILLS BKB_6193_20220904_id6193.jpg;127
712;627;6193;MANDRILLS BKB_6193_20220905_id6193 (1).jpg;85
627;627;6193;MANDRILLS BKB_6193_20220905_id6193 (3).jpg;0
609;630;6193;MANDRILLS BKB_6193_20220908_id6193 (1).jpg;21
524;630;6193;MANDRILLS BKB_6193_20220908_id6193 (3).jpg;106
588;630;6193;MANDRILLS BKB_6193_20220908_id6193 (4).jpg;42
684;638;6193;MANDRILLS BKB_6193_20220916_id6193.jpg;46
619;650;6193;MANDRILLS BKB_6193_20220928_id6193.jpg;31
695;671;6193;MANDRILLS BKB_6193_20221019_id6193 (2).jpg;24
682;671;6193;MANDRILLS BKB_6193_20221019_id6193.jpg;11
681;679;6193;MANDRILLS BKB_6193_20221027_id6193 (1).jpg;2
584;679;6193;MANDRILLS BKB_6193_20221027_id6193 (2).jpg;95
654;679;6193;MANDRILLS BKB_6193_20221027_id6193 (3).jpg;25
574;679;6193;MANDRILLS BKB_6193_20221027_id6193 (4).jpg;105
716;679;6193;MANDRILLS BKB_6193_20221027_id6193 (5).jpg;37
672;679;6193;MANDRILLS BKB_6193_20221027_id6193 (6).jpg;7
670;681;6193;MANDRILLS BKB_6193_20221029_id6193.jpg;11
670;682;6193;MANDRILLS BKB_6193_20221030_id6193 (1).jpg;12
621;682;6193;MANDRILLS BKB_6193_20221030_id6193 (2).jpg;61
735;683;6193;MANDRILLS BKB_6193_20221031_id6193 (1).jpg;52
705;683;6193;MANDRILLS BKB_6193_20221031_id6193 (3).jpg;22
689;683;6193;MANDRILLS BKB_6193_20221031_id6193 (4).jpg;6
768;683;6193;MANDRILLS BKB_6193_20221031_id6193 (5).jpg;85
659;683;6193;MANDRILLS BKB_6193_20221031_id6193 (7).jpg;24
822;713;6193;MANDRILLS BKB_6193_20221130_id6193 (1).jpg;109
708;713;6193;MANDRILLS BKB_6193_20221130_id6193 (2).jpg;5
649;713;6193;MANDRILLS BKB_6193_20221130_id6193 (3).jpg;64
728;713;6193;MANDRILLS BKB_6193_20221130_id6193 (4).jpg;15
-16;0;6210;MANDRILLS BKB_6210_20210204_id6210_feminf_(1).jpg;16
-17;0;6210;MANDRILLS BKB_6210_20210204_id6210_feminf_(2).jpg;17
-13;0;6210;MANDRILLS BKB_6210_20210204_id6210_feminf_(3).jpg;13
-15;0;6210;MANDRILLS BKB_6210_20210204_id6210_feminf_(4).jpg;15
-27;0;6210;MANDRILLS BKB_6210_20210204_id6210_feminf_(5).jpg;27
-13;0;6210;MANDRILLS BKB_6210_20210204_id6210_feminf_(6).jpg;13
-10;0;6210;MANDRILLS BKB_6210_20210204_id6210_feminf_(7).jpg;10
-17;0;6210;MANDRILLS BKB_6210_20210204_id6210_feminf_(8).jpg;17
-14;1;6210;MANDRILLS BKB_6210_20210205_id6210_feminf_(1).jpg;15
-23;1;6210;MANDRILLS BKB_6210_20210205_id6210_feminf_(2).jpg;24
-12;1;6210;MANDRILLS BKB_6210_20210205_id6210_feminf_(3).jpg;13
-14;1;6210;MANDRILLS BKB_6210_20210205_id6210_feminf_(4).jpg;15
-17;1;6210;MANDRILLS BKB_6210_20210205_id6210_feminf_(5).jpg;18
-16;1;6210;MANDRILLS BKB_6210_20210205_id6210_feminf_(6).jpg;17
-12;1;6210;MANDRILLS BKB_6210_20210205_id6210_feminf_(7).jpg;13
-20;1;6210;MANDRILLS BKB_6210_20210205_id6210_feminf_(8).jpg;21
-10;1;6210;MANDRILLS BKB_6210_20210205_id6210_feminf_(9).jpg;11
-23;2;6210;MANDRILLS BKB_6210_20210206_id6210_feminf_(1).jpg;25
-29;2;6210;MANDRILLS BKB_6210_20210206_id6210_feminf_(2).jpg;31
-5;5;6210;MANDRILLS BKB_6210_20210209_id6210_feminf.jpg;10
-10;6;6210;MANDRILLS BKB_6210_20210210_id6210_feminf.jpg;16
5;12;6210;MANDRILLS BKB_6210_20210216_id6210_feminf_(1).jpg;7
2;12;6210;MANDRILLS BKB_6210_20210216_id6210_feminf_(2).jpg;10
4;12;6210;MANDRILLS BKB_6210_20210216_id6210_feminf_(4).jpg;8
-4;12;6210;MANDRILLS BKB_6210_20210216_id6210_feminf_(5).jpg;16
-1;12;6210;MANDRILLS BKB_6210_20210216_id6210_feminf_(6).jpg;13
-9;12;6210;MANDRILLS BKB_6210_20210216_id6210_feminf_(7).jpg;21
21;25;6210;MANDRILLS BKB_6210_20210301_id6210_feminf.jpg;4
29;29;6210;MANDRILLS BKB_6210_20210305_id6210_feminf_(1).jpg;0
23;29;6210;MANDRILLS BKB_6210_20210305_id6210_feminf_(2).jpg;6
33;29;6210;MANDRILLS BKB_6210_20210305_id6210_feminf_(3).jpg;4
59;56;6210;MANDRILLS BKB_6210_20210401_id6210_feminf.jpg;3
65;57;6210;MANDRILLS BKB_6210_20210402_id6210_feminf_(1).jpg;8
62;57;6210;MANDRILLS BKB_6210_20210402_id6210_feminf_(2).jpg;5
62;57;6210;MANDRILLS BKB_6210_20210402_id6210_feminf_(3).jpg;5
53;57;6210;MANDRILLS BKB_6210_20210402_id6210_feminf_(4).jpg;4
48;65;6210;MANDRILLS BKB_6210_20210410_id6210_feminf_(1).jpg;17
50;65;6210;MANDRILLS BKB_6210_20210410_id6210_feminf_(2).jpg;15
69;75;6210;MANDRILLS BKB_6210_20210420_id6210_feminf_(1).jpg;6
69;75;6210;MANDRILLS BKB_6210_20210420_id6210_feminf_(2).jpg;6
65;78;6210;MANDRILLS BKB_6210_20210423_id6210_feminf_(1).jpg;13
77;78;6210;MANDRILLS BKB_6210_20210423_id6210_feminf_(2).jpg;1
138;138;6210;MANDRILLS BKB_6210_20210622_id6210_feminf_(1).jpg;0
304;257;6210;MANDRILLS BKB_6210_20211019_id6210_feminf.jpg;47
309;346;6210;MANDRILLS BKB_6210_20220116_id6210_feminf.jpg;37
454;359;6210;MANDRILLS BKB_6210_20220129_id6210_1.jpg;95
405;359;6210;MANDRILLS BKB_6210_20220129_id6210_2.jpg;46
326;359;6210;MANDRILLS BKB_6210_20220129_id6210_3.jpg;33
401;359;6210;MANDRILLS BKB_6210_20220129_id6210_4.jpg;42
500;362;6210;MANDRILLS BKB_6210_20220201_id6210_femjuv (1).jpg;138
612;362;6210;MANDRILLS BKB_6210_20220201_id6210_femjuv (2).jpg;250
390;362;6210;MANDRILLS BKB_6210_20220201_id6210_femjuv (3).jpg;28
456;377;6210;MANDRILLS BKB_6210_20220216_id6210_femjuv (1).jpg;79
359;377;6210;MANDRILLS BKB_6210_20220216_id6210_femjuv (2).jpg;18
408;377;6210;MANDRILLS BKB_6210_20220216_id6210_femjuv (3).jpg;31
402;393;6210;MANDRILLS BKB_6210_20220304_id6210_femjuv.jpg;9
382;418;6210;MANDRILLS BKB_6210_20220329_id6210_femjuv.jpg;36
465;447;6210;MANDRILLS BKB_6210_20220427_id6210_femjuv (1).jpg;18
514;447;6210;MANDRILLS BKB_6210_20220427_id6210_femjuv (2).jpg;67
457;447;6210;MANDRILLS BKB_6210_20220427_id6210_femjuv (3).jpg;10
523;459;6210;MANDRILLS BKB_6210_20220509_id6210_femjuv.jpg;64
477;466;6210;MANDRILLS BKB_6210_20220516_id6210_femjuv.jpg;11
394;476;6210;MANDRILLS BKB_6210_20220526_id6210 (1).jpg;82
534;476;6210;MANDRILLS BKB_6210_20220526_id6210 (2).jpg;58
378;476;6210;MANDRILLS BKB_6210_20220526_id6210 (3).jpg;98
465;480;6210;MANDRILLS BKB_6210_20220530_id6210_femjuv (1).jpg;15
529;480;6210;MANDRILLS BKB_6210_20220530_id6210_femjuv (2).jpg;49
507;480;6210;MANDRILLS BKB_6210_20220530_id6210_femjuv.jpg;27
553;488;6210;MANDRILLS BKB_6210_20220607_id6210_femjuv (1).jpg;65
507;488;6210;MANDRILLS BKB_6210_20220607_id6210_femjuv (2).jpg;19
410;500;6210;MANDRILLS BKB_6210_20220619_id6210_femjuv (1).jpg;90
354;500;6210;MANDRILLS BKB_6210_20220619_id6210_femjuv (2).jpg;146
494;500;6210;MANDRILLS BKB_6210_20220619_id6210_femjuv (3).jpg;6
602;510;6210;MANDRILLS BKB_6210_20220629_id6210.jpg;92
469;512;6210;MANDRILLS BKB_6210_20220701_id6210.jpg;43
539;519;6210;MANDRILLS BKB_6210_20220708_id6210.jpg;20
580;525;6210;MANDRILLS BKB_6210_20220714_id6210_femjuv.jpg;55
575;539;6210;MANDRILLS BKB_6210_20220728_id6210.jpg;36
537;540;6210;MANDRILLS BKB_6210_20220729_id6210.jpg;3
548;545;6210;MANDRILLS BKB_6210_20220803_id6210 (1).jpg;3
530;545;6210;MANDRILLS BKB_6210_20220803_id6210 (2).jpg;15
531;545;6210;MANDRILLS BKB_6210_20220803_id6210 (3).jpg;14
554;545;6210;MANDRILLS BKB_6210_20220803_id6210 (4).jpg;9
619;545;6210;MANDRILLS BKB_6210_20220803_id6210 (5).jpg;74
622;545;6210;MANDRILLS BKB_6210_20220803_id6210 (6).jpg;77
547;551;6210;MANDRILLS BKB_6210_20220809_id6210 (1).jpg;4
486;551;6210;MANDRILLS BKB_6210_20220809_id6210 (2).jpg;65
575;569;6210;MANDRILLS BKB_6210_20220827_id6210.jpg;6
614;572;6210;MANDRILLS BKB_6210_20220830_id6210.jpg;42
618;577;6210;MANDRILLS BKB_6210_20220904_id6210 (1).jpg;41
685;577;6210;MANDRILLS BKB_6210_20220904_id6210 (2).jpg;108
694;578;6210;MANDRILLS BKB_6210_20220905_id6210 (1).jpg;116
612;578;6210;MANDRILLS BKB_6210_20220905_id6210 (3).jpg;34
622;584;6210;MANDRILLS BKB_6210_20220911_id6210.jpg;38
540;608;6210;MANDRILLS BKB_6210_20221005_id6210 (2).jpg;68
606;608;6210;MANDRILLS BKB_6210_20221005_id6210 (3).jpg;2
602;625;6210;MANDRILLS BKB_6210_20221022_id6210 (1).jpg;23
574;625;6210;MANDRILLS BKB_6210_20221022_id6210 (2).jpg;51
689;625;6210;MANDRILLS BKB_6210_20221022_id6210 (3).jpg;64
571;630;6210;MANDRILLS BKB_6210_20221027_id6210.jpg;59
583;633;6210;MANDRILLS BKB_6210_20221030_id6210 (2).jpg;50
685;651;6210;MANDRILLS BKB_6210_20221117_id6210 (1).jpg;34
859;651;6210;MANDRILLS BKB_6210_20221117_id6210 (2).jpg;208
618;651;6210;MANDRILLS BKB_6210_20221117_id6210 (4).jpg;33
434;659;6210;MANDRILLS BKB_6210_20221125_id6210.jpg;225
754;678;6210;MANDRILLS BKB_6210_20221214_id6210.jpg;76
669;682;6210;MANDRILLS BKB_6210_20221218_id6210.jpg;13
1102;688;6210;MANDRILLS BKB_6210_20221224_id6210.jpg;414
11;35;6211;MANDRILLS BKB_6211_20210924_id6211_malinf.jpg;24
22;46;6211;MANDRILLS BKB_6211_20211005_id6211_malinf_(1).jpg;24
19;46;6211;MANDRILLS BKB_6211_20211005_id6211_malinf_(2).jpg;27
35;47;6211;MANDRILLS BKB_6211_20211006_id6211_malinf_(1).jpg;12
18;47;6211;MANDRILLS BKB_6211_20211006_id6211_malinf_(2).jpg;29
39;58;6211;MANDRILLS BKB_6211_20211017_id6211_malinf_(1).jpg;19
34;58;6211;MANDRILLS BKB_6211_20211017_id6211_malinf_(2).jpg;24
26;62;6211;MANDRILLS BKB_6211_20211021_id6211_malinf_(1).jpg;36
35;62;6211;MANDRILLS BKB_6211_20211021_id6211_malinf_(2).jpg;27
49;62;6211;MANDRILLS BKB_6211_20211021_id6211_malinf_(3).jpg;13
40;63;6211;MANDRILLS BKB_6211_20211022_id6211_malinf.jpg;23
63;78;6211;MANDRILLS BKB_6211_20211106_id6211_malinf_(1).jpg;15
57;78;6211;MANDRILLS BKB_6211_20211106_id6211_malinf_(2).jpg;21
62;78;6211;MANDRILLS BKB_6211_20211106_id6211_malinf_(3).jpg;16
65;78;6211;MANDRILLS BKB_6211_20211106_id6211_malinf_(4).jpg;13
73;78;6211;MANDRILLS BKB_6211_20211106_id6211_malinf_(5).jpg;5
60;78;6211;MANDRILLS BKB_6211_20211106_id6211_malinf_(6).jpg;18
62;78;6211;MANDRILLS BKB_6211_20211106_id6211_malinf_(7).jpg;16
55;78;6211;MANDRILLS BKB_6211_20211106_id6211_malinf_(8).jpg;23
51;78;6211;MANDRILLS BKB_6211_20211106_id6211_malinf_(9).jpg;27
77;80;6211;MANDRILLS BKB_6211_20211108_id6211_malinf_(1).jpg;3
76;80;6211;MANDRILLS BKB_6211_20211108_id6211_malinf_(2).jpg;4
83;80;6211;MANDRILLS BKB_6211_20211108_id6211_malinf_(3).jpg;3
68;88;6211;MANDRILLS BKB_6211_20211116_id6211_malinf_(1).jpg;20
71;88;6211;MANDRILLS BKB_6211_20211116_id6211_malinf_(2).jpg;17
64;88;6211;MANDRILLS BKB_6211_20211116_id6211_malinf_(3).jpg;24
92;112;6211;MANDRILLS BKB_6211_20211210_id6211_malinf.jpg;20
85;119;6211;MANDRILLS BKB_6211_20211217_id6211_malinf_(1).jpg;34
90;119;6211;MANDRILLS BKB_6211_20211217_id6211_malinf_(2).jpg;29
88;119;6211;MANDRILLS BKB_6211_20211217_id6211_malinf_(3).jpg;31
78;119;6211;MANDRILLS BKB_6211_20211217_id6211_malinf_(4).jpg;41
79;119;6211;MANDRILLS BKB_6211_20211217_id6211_malinf_(5).jpg;40
88;119;6211;MANDRILLS BKB_6211_20211217_id6211_malinf_(6).jpg;31
81;119;6211;MANDRILLS BKB_6211_20211217_id6211_malinf_(7).jpg;38
74;128;6211;MANDRILLS BKB_6211_20211226_id6211_malinf_(1).jpg;54
80;128;6211;MANDRILLS BKB_6211_20211226_id6211_malinf_(2).jpg;48
94;128;6211;MANDRILLS BKB_6211_20211226_id6211_malinf_(3).jpg;34
89;128;6211;MANDRILLS BKB_6211_20211226_id6211_malinf_(4).jpg;39
109;128;6211;MANDRILLS BKB_6211_20211226_id6211_malinf_(5).jpg;19
91;128;6211;MANDRILLS BKB_6211_20211226_id6211_malinf_(7).jpg;37
103;128;6211;MANDRILLS BKB_6211_20211226_id6211_malinf_(8).jpg;25
88;129;6211;MANDRILLS BKB_6211_20211227_id6211_malinf_(2).jpg;41
81;129;6211;MANDRILLS BKB_6211_20211227_id6211_malinf_(3).jpg;48
96;129;6211;MANDRILLS BKB_6211_20211227_id6211_malinf_(4).jpg;33
144;163;6211;MANDRILLS BKB_6211_20220130_id6211_malinf (2).jpg;19
126;163;6211;MANDRILLS BKB_6211_20220130_id6211_malinf.jpg;37
124;165;6211;MANDRILLS BKB_6211_20220201_id6211_malinf (1).jpg;41
146;165;6211;MANDRILLS BKB_6211_20220201_id6211_malinf (10).jpg;19
137;165;6211;MANDRILLS BKB_6211_20220201_id6211_malinf (11).jpg;28
122;165;6211;MANDRILLS BKB_6211_20220201_id6211_malinf (2).jpg;43
109;165;6211;MANDRILLS BKB_6211_20220201_id6211_malinf (3).jpg;56
128;165;6211;MANDRILLS BKB_6211_20220201_id6211_malinf (6).jpg;37
155;165;6211;MANDRILLS BKB_6211_20220201_id6211_malinf (7).jpg;10
134;165;6211;MANDRILLS BKB_6211_20220201_id6211_malinf (8).jpg;31
152;165;6211;MANDRILLS BKB_6211_20220201_id6211_malinf (9).jpg;13
547;172;6211;MANDRILLS BKB_6211_20220208_id6211_malinf (1).jpg;375
96;172;6211;MANDRILLS BKB_6211_20220208_id6211_malinf (2).jpg;76
123;172;6211;MANDRILLS BKB_6211_20220208_id6211_malinf (3).jpg;49
106;172;6211;MANDRILLS BKB_6211_20220208_id6211_malinf (4).jpg;66
154;180;6211;MANDRILLS BKB_6211_20220216_id6211_malinf (1).jpg;26
141;180;6211;MANDRILLS BKB_6211_20220216_id6211_malinf (2).jpg;39
122;180;6211;MANDRILLS BKB_6211_20220216_id6211_malinf (3).jpg;58
135;180;6211;MANDRILLS BKB_6211_20220216_id6211_malinf (4).jpg;45
127;180;6211;MANDRILLS BKB_6211_20220216_id6211_malinf (5).jpg;53
161;185;6211;MANDRILLS BKB_6211_20220221_id6211_malinf (1).jpg;24
207;185;6211;MANDRILLS BKB_6211_20220221_id6211_malinf (2).jpg;22
163;196;6211;MANDRILLS BKB_6211_20220304_id6211_malinf (1).jpg;33
145;196;6211;MANDRILLS BKB_6211_20220304_id6211_malinf (2).jpg;51
156;196;6211;MANDRILLS BKB_6211_20220304_id6211_malinf (3).jpg;40
147;196;6211;MANDRILLS BKB_6211_20220304_id6211_malinf (4).jpg;49
153;196;6211;MANDRILLS BKB_6211_20220304_id6211_malinf (5).jpg;43
157;196;6211;MANDRILLS BKB_6211_20220304_id6211_malinf (6).jpg;39
158;206;6211;MANDRILLS BKB_6211_20220314_id6211_malinf (1).jpg;48
179;206;6211;MANDRILLS BKB_6211_20220314_id6211_malinf (2).jpg;27
205;240;6211;MANDRILLS BKB_6211_20220417_id6211_malinf (2).jpg;35
171;240;6211;MANDRILLS BKB_6211_20220417_id6211_malinf (3).jpg;69
167;240;6211;MANDRILLS BKB_6211_20220417_id6211_malinf (4).jpg;73
225;248;6211;MANDRILLS BKB_6211_20220425_id6211_malinf (3).jpg;23
167;248;6211;MANDRILLS BKB_6211_20220425_id6211_malinf (4).jpg;81
198;248;6211;MANDRILLS BKB_6211_20220425_id6211_malinf (5).jpg;50
219;248;6211;MANDRILLS BKB_6211_20220425_id6211_malinf (6).jpg;29
220;248;6211;MANDRILLS BKB_6211_20220425_id6211_malinf (7).jpg;28
172;248;6211;MANDRILLS BKB_6211_20220425_id6211_malinf (8).jpg;76
196;248;6211;MANDRILLS BKB_6211_20220425_id6211_malinf (9).jpg;52
216;249;6211;MANDRILLS BKB_6211_20220426_id6211_malinf (1).jpg;33
226;249;6211;MANDRILLS BKB_6211_20220426_id6211_malinf (2).jpg;23
215;249;6211;MANDRILLS BKB_6211_20220426_id6211_malinf (3).jpg;34
209;249;6211;MANDRILLS BKB_6211_20220426_id6211_malinf.jpg;40
208;250;6211;MANDRILLS BKB_6211_20220427_id6211_malinf (1).jpg;42
202;250;6211;MANDRILLS BKB_6211_20220427_id6211_malinf (2).jpg;48
251;262;6211;MANDRILLS BKB_6211_20220509_id6211_malinf (1).jpg;11
247;262;6211;MANDRILLS BKB_6211_20220509_id6211_malinf (2).jpg;15
203;262;6211;MANDRILLS BKB_6211_20220509_id6211_malinf (3).jpg;59
215;262;6211;MANDRILLS BKB_6211_20220509_id6211_malinf (4).jpg;47
216;262;6211;MANDRILLS BKB_6211_20220509_id6211_malinf.jpg;46
238;269;6211;MANDRILLS BKB_6211_20220516_id6211_malinf (1).jpg;31
207;269;6211;MANDRILLS BKB_6211_20220516_id6211_malinf (2).jpg;62
212;269;6211;MANDRILLS BKB_6211_20220516_id6211_malinf (3).jpg;57
263;279;6211;MANDRILLS BKB_6211_20220526_id6211_malinf.jpg;16
225;280;6211;MANDRILLS BKB_6211_20220527_id6211_malinf (1).jpg;55
219;280;6211;MANDRILLS BKB_6211_20220527_id6211_malinf (2).jpg;61
206;305;6211;MANDRILLS BKB_6211_20220621_id6211_malinf (2).jpg;99
225;306;6211;MANDRILLS BKB_6211_20220622_id6211_malinf (1).jpg;81
235;306;6211;MANDRILLS BKB_6211_20220622_id6211_malinf (2).jpg;71
251;306;6211;MANDRILLS BKB_6211_20220622_id6211_malinf (3).jpg;55
249;313;6211;MANDRILLS BKB_6211_20220629_id6211 (1).jpg;64
199;313;6211;MANDRILLS BKB_6211_20220629_id6211 (2).jpg;114
253;313;6211;MANDRILLS BKB_6211_20220629_id6211 (3).jpg;60
231;317;6211;MANDRILLS BKB_6211_20220703_id6211 (1).jpg;86
210;317;6211;MANDRILLS BKB_6211_20220703_id6211 (2).jpg;107
316;320;6211;MANDRILLS BKB_6211_20220706_id6211 (1).jpg;4
202;320;6211;MANDRILLS BKB_6211_20220706_id6211 (2).jpg;118
295;320;6211;MANDRILLS BKB_6211_20220706_id6211.jpg;25
270;322;6211;MANDRILLS BKB_6211_20220708_id6211.jpg;52
224;325;6211;MANDRILLS BKB_6211_20220711_id6211 (1).jpg;101
274;325;6211;MANDRILLS BKB_6211_20220711_id6211 (2).jpg;51
213;328;6211;MANDRILLS BKB_6211_20220714_id6211_malinf (1).jpg;115
244;328;6211;MANDRILLS BKB_6211_20220714_id6211_malinf (3).jpg;84
250;328;6211;MANDRILLS BKB_6211_20220714_id6211_malinf (4).jpg;78
259;328;6211;MANDRILLS BKB_6211_20220714_id6211_malinf (5).jpg;69
212;328;6211;MANDRILLS BKB_6211_20220714_id6211_malinf (7).jpg;116
318;328;6211;MANDRILLS BKB_6211_20220714_id6211_malinf.jpg;10
256;330;6211;MANDRILLS BKB_6211_20220716_id6211_malinf.jpg;74
311;333;6211;MANDRILLS BKB_6211_20220719_id6211 (2).jpg;22
242;333;6211;MANDRILLS BKB_6211_20220719_id6211.jpg;91
320;340;6211;MANDRILLS BKB_6211_20220726_id6211 (2).jpg;20
300;340;6211;MANDRILLS BKB_6211_20220726_id6211 (3).jpg;40
209;340;6211;MANDRILLS BKB_6211_20220726_id6211.jpg;131
282;343;6211;MANDRILLS BKB_6211_20220729_id6211.jpg;61
248;347;6211;MANDRILLS BKB_6211_20220802_id6211 (1).jpg;99
265;347;6211;MANDRILLS BKB_6211_20220802_id6211 (2).jpg;82
248;347;6211;MANDRILLS BKB_6211_20220802_id6211 (3).jpg;99
242;357;6211;MANDRILLS BKB_6211_20220812_id6211 (1).jpg;115
362;357;6211;MANDRILLS BKB_6211_20220812_id6211 (2).jpg;5
253;357;6211;MANDRILLS BKB_6211_20220812_id6211 (3).jpg;104
237;357;6211;MANDRILLS BKB_6211_20220812_id6211 (4).jpg;120
306;357;6211;MANDRILLS BKB_6211_20220812_id6211 (5).jpg;51
320;371;6211;MANDRILLS BKB_6211_20220826_id6211.jpg;51
309;380;6211;MANDRILLS BKB_6211_20220904_id6211 (1).jpg;71
294;380;6211;MANDRILLS BKB_6211_20220904_id6211 (2).jpg;86
300;380;6211;MANDRILLS BKB_6211_20220904_id6211 (3).jpg;80
272;384;6211;MANDRILLS BKB_6211_20220908_id6211 (1).jpg;112
284;384;6211;MANDRILLS BKB_6211_20220908_id6211 (2).jpg;100
225;391;6211;MANDRILLS BKB_6211_20220915_id6211 (1).jpg;166
277;391;6211;MANDRILLS BKB_6211_20220915_id6211 (2).jpg;114
247;391;6211;MANDRILLS BKB_6211_20220915_id6211 (3).jpg;144
204;391;6211;MANDRILLS BKB_6211_20220915_id6211 (4).jpg;187
281;411;6211;MANDRILLS BKB_6211_20221005_id6211 (2).jpg;130
291;411;6211;MANDRILLS BKB_6211_20221005_id6211 (3).jpg;120
322;411;6211;MANDRILLS BKB_6211_20221005_id6211 (5).jpg;89
375;425;6211;MANDRILLS BKB_6211_20221019_id6211.jpg;50
287;427;6211;MANDRILLS BKB_6211_20221021_id6211 (1).jpg;140
330;427;6211;MANDRILLS BKB_6211_20221021_id6211 (2).jpg;97
257;433;6211;MANDRILLS BKB_6211_20221027_id6211 (2).jpg;176
406;433;6211;MANDRILLS BKB_6211_20221027_id6211.jpg;27
480;460;6211;MANDRILLS BKB_6211_20221123_id6211 (2).jpg;20
424;467;6211;MANDRILLS BKB_6211_20221130_id6211 (2).jpg;43
457;467;6211;MANDRILLS BKB_6211_20221130_id6211 (3).jpg;10
383;467;6211;MANDRILLS BKB_6211_20221130_id6211 (4).jpg;84
421;467;6211;MANDRILLS BKB_6211_20221130_id6211 (5).jpg;46
427;476;6211;MANDRILLS BKB_6211_20221209_id6211 (1).jpg;49
354;476;6211;MANDRILLS BKB_6211_20221209_id6211 (4).jpg;122
311;477;6211;MANDRILLS BKB_6211_20221210_id6211.jpg;166
-3;0;6213;MANDRILLS BKB_6213_20210215_id6213_feminf_(1).jpg;3
-31;0;6213;MANDRILLS BKB_6213_20210215_id6213_feminf_(2).jpg;31
-30;0;6213;MANDRILLS BKB_6213_20210215_id6213_feminf_(3).jpg;30
-20;0;6213;MANDRILLS BKB_6213_20210215_id6213_feminf_(4).jpg;20
-6;0;6213;MANDRILLS BKB_6213_20210215_id6213_feminf_(5).jpg;6
-11;0;6213;MANDRILLS BKB_6213_20210215_id6213_feminf_(6).jpg;11
1;1;6220;MANDRILLS BKB_6220_20210405_id6220_malinf.jpg;0
-8;6;6220;MANDRILLS BKB_6220_20210410_id6220_malinf_(1).jpg;14
-7;6;6220;MANDRILLS BKB_6220_20210410_id6220_malinf_(2).jpg;13
-3;6;6220;MANDRILLS BKB_6220_20210410_id6220_malinf_(3).jpg;9
-3;6;6220;MANDRILLS BKB_6220_20210410_id6220_malinf_(4).jpg;9
13;6;6220;MANDRILLS BKB_6220_20210410_id6220_malinf_(5).jpg;7
11;6;6220;MANDRILLS BKB_6220_20210410_id6220_malinf_(6).jpg;5
-3;6;6220;MANDRILLS BKB_6220_20210410_id6220_malinf_(7).jpg;9
-6;6;6220;MANDRILLS BKB_6220_20210410_id6220_malinf_(8).jpg;12
-5;6;6220;MANDRILLS BKB_6220_20210410_id6220_malinf_(9).jpg;11
31;14;6220;MANDRILLS BKB_6220_20210418_id6220_malinf_(1).jpg;17
13;14;6220;MANDRILLS BKB_6220_20210418_id6220_malinf_(2).jpg;1
161;184;6220;MANDRILLS BKB_6220_20211005_id6220_malinf_(1).jpg;23
163;184;6220;MANDRILLS BKB_6220_20211005_id6220_malinf_(2).jpg;21
146;184;6220;MANDRILLS BKB_6220_20211005_id6220_malinf_(3).jpg;38
137;201;6220;MANDRILLS BKB_6220_20211022_id6220_malinf_(1).jpg;64
140;201;6220;MANDRILLS BKB_6220_20211022_id6220_malinf_(2).jpg;61
201;218;6220;MANDRILLS BKB_6220_20211108_id6220_malinf_(1).jpg;17
201;218;6220;MANDRILLS BKB_6220_20211108_id6220_malinf_(2).jpg;17
264;334;6220;MANDRILLS BKB_6220_20220304_id6220_malinf (1).jpg;70
245;334;6220;MANDRILLS BKB_6220_20220304_id6220_malinf (2).jpg;89
270;334;6220;MANDRILLS BKB_6220_20220304_id6220_malinf (3).jpg;64
320;334;6220;MANDRILLS BKB_6220_20220304_id6220_malinf (4).jpg;14
269;341;6220;MANDRILLS BKB_6220_20220311_id6220_malinf.jpg;72
278;357;6220;MANDRILLS BKB_6220_20220327_id6220_malinf (3).jpg;79
282;357;6220;MANDRILLS BKB_6220_20220327_id6220_malinf.jpg;75
307;359;6220;MANDRILLS BKB_6220_20220329_id6220_malinf.jpg;52
356;332;6220;MANDRILLS BKB_6220_2022032_id6220_malinf (3).jpg;24
331;386;6220;MANDRILLS BKB_6220_20220425_id6220_maljuv (1).jpg;55
362;386;6220;MANDRILLS BKB_6220_20220425_id6220_maljuv (2).jpg;24
288;386;6220;MANDRILLS BKB_6220_20220425_id6220_maljuv (4).jpg;98
357;386;6220;MANDRILLS BKB_6220_20220425_id6220_maljuv (5).jpg;29
295;443;6220;MANDRILLS BKB_6220_20220621_id6220_maljuv.jpg;148
493;444;6220;MANDRILLS BKB_6220_20220622_id6220 (1).jpg;49
557;444;6220;MANDRILLS BKB_6220_20220622_id6220 (2).jpg;113
335;446;6220;MANDRILLS BKB_6220_20220624_id6220_maljuv.jpg;111
453;481;6220;MANDRILLS BKB_6220_20220729_id6220.jpg;28
429;495;6220;MANDRILLS BKB_6220_20220812_id6220.jpg;66
502;501;6220;MANDRILLS BKB_6220_20220818_id6220.jpg;1
488;506;6220;MANDRILLS BKB_6220_20220823_id6220 (1).jpg;18
502;506;6220;MANDRILLS BKB_6220_20220823_id6220 (2).jpg;4
359;506;6220;MANDRILLS BKB_6220_20220823_id6220 (3).jpg;147
482;506;6220;MANDRILLS BKB_6220_20220823_id6220 (4).jpg;24
386;509;6220;MANDRILLS BKB_6220_20220826_id6220.jpg;123
463;525;6220;MANDRILLS BKB_6220_20220911_id6220.jpg;62
401;532;6220;MANDRILLS BKB_6220_20220918_id6220.jpg;131
479;563;6220;MANDRILLS BKB_6220_20221019_id6220 (1).jpg;84
441;563;6220;MANDRILLS BKB_6220_20221019_id6220 (2).jpg;122
487;575;6220;MANDRILLS BKB_6220_20221031_id6220 (1).jpg;88
489;575;6220;MANDRILLS BKB_6220_20221031_id6220 (2).jpg;86
491;598;6220;MANDRILLS BKB_6220_20221123_id6220 (1).jpg;107
432;598;6220;MANDRILLS BKB_6220_20221123_id6220 (2).jpg;166
515;598;6220;MANDRILLS BKB_6220_20221123_id6220 (3).jpg;83
647;598;6220;MANDRILLS BKB_6220_20221123_id6220 (4).jpg;49
564;598;6220;MANDRILLS BKB_6220_20221123_id6220 (5).jpg;34
468;605;6220;MANDRILLS BKB_6220_20221130_id6220.jpg;137
513;614;6220;MANDRILLS BKB_6220_20221209_id6220 (1).jpg;101
608;614;6220;MANDRILLS BKB_6220_20221209_id6220 (3).jpg;6
-7;0;6221;MANDRILLS BKB_6221_20210212_id6221_malinf_(1).jpg;7
24;0;6221;MANDRILLS BKB_6221_20210212_id6221_malinf_(2).jpg;24
3;2;6221;MANDRILLS BKB_6221_20210214_id6221_malinf_(1).jpg;1
-4;2;6221;MANDRILLS BKB_6221_20210214_id6221_malinf_(2).jpg;6
-5;2;6221;MANDRILLS BKB_6221_20210214_id6221_malinf_(3).jpg;7
-9;4;6221;MANDRILLS BKB_6221_20210216_id6221_malinf.jpg;13
7;14;6221;MANDRILLS BKB_6221_20210226_id6221_malinf_(1).jpg;7
5;14;6221;MANDRILLS BKB_6221_20210226_id6221_malinf_(2).jpg;9
0;14;6221;MANDRILLS BKB_6221_20210226_id6221_malinf_(3).jpg;14
0;14;6221;MANDRILLS BKB_6221_20210226_id6221_malinf_(4).jpg;14
10;14;6221;MANDRILLS BKB_6221_20210226_id6221_malinf_(5).jpg;4
8;17;6221;MANDRILLS BKB_6221_20210301_id6221_malinf.jpg;9
8;21;6221;MANDRILLS BKB_6221_20210305_id6221_malinf_(1).jpg;13
14;21;6221;MANDRILLS BKB_6221_20210305_id6221_malinf_(2).jpg;7
44;45;6221;MANDRILLS BKB_6221_20210329_id6221_malinf_(1).jpg;1
39;45;6221;MANDRILLS BKB_6221_20210329_id6221_malinf_(2).jpg;6
46;45;6221;MANDRILLS BKB_6221_20210329_id6221_malinf_(3).jpg;1
42;52;6221;MANDRILLS BKB_6221_20210405_id6221_malinf_(1).jpg;10
51;52;6221;MANDRILLS BKB_6221_20210405_id6221_malinf_(2).jpg;1
64;67;6221;MANDRILLS BKB_6221_20210420_id6221_malinf_(1).jpg;3
73;67;6221;MANDRILLS BKB_6221_20210420_id6221_malinf_(2).jpg;6
158;149;6221;MANDRILLS BKB_6221_20210711_id6221_malinf_(1).jpg;9
170;149;6221;MANDRILLS BKB_6221_20210711_id6221_malinf_(2).jpg;21
171;159;6221;MANDRILLS BKB_6221_20210721_id6221_malinf_(1).jpg;12
166;159;6221;MANDRILLS BKB_6221_20210721_id6221_malinf_(2).jpg;7
167;164;6221;MANDRILLS BKB_6221_20210726_id6221_malinf_(1).jpg;3
178;164;6221;MANDRILLS BKB_6221_20210726_id6221_malinf_(2).jpg;14
187;168;6221;MANDRILLS BKB_6221_20210730_id6221_malinf_(1).jpg;19
170;168;6221;MANDRILLS BKB_6221_20210730_id6221_malinf_(2).jpg;2
161;168;6221;MANDRILLS BKB_6221_20210730_id6221_malinf_(3).jpg;7
174;168;6221;MANDRILLS BKB_6221_20210730_id6221_malinf_(4).jpg;6
252;269;6221;MANDRILLS BKB_6221_20211108_id6221_malinf_(1).jpg;17
239;269;6221;MANDRILLS BKB_6221_20211108_id6221_malinf_(2).jpg;30
263;287;6221;MANDRILLS BKB_6221_20211126_id6221_malinf_(1).jpg;24
310;287;6221;MANDRILLS BKB_6221_20211126_id6221_malinf_(2).jpg;23
307;342;6221;MANDRILLS BKB_6221_20220120_id6221.jpg;35
339;353;6221;MANDRILLS BKB_6221_20220131_id6221.jpg;14
334;354;6221;MANDRILLS BKB_6221_20220201_id6221_maljuv.jpg;20
377;369;6221;MANDRILLS BKB_6221_20220216_id6221_maljuv (1).jpg;8
336;369;6221;MANDRILLS BKB_6221_20220216_id6221_maljuv (2).jpg;33
341;369;6221;MANDRILLS BKB_6221_20220216_id6221_maljuv.jpg;28
375;376;6221;MANDRILLS BKB_6221_20220223_id6221_maljuv.jpg;1
382;392;6221;MANDRILLS BKB_6221_20220311_id6221_maljuv (1).jpg;10
410;392;6221;MANDRILLS BKB_6221_20220311_id6221_maljuv (2).jpg;18
343;392;6221;MANDRILLS BKB_6221_20220311_id6221_maljuv (3).jpg;49
424;408;6221;MANDRILLS BKB_6221_20220327_id6221_maljuv (1).jpg;16
308;408;6221;MANDRILLS BKB_6221_20220327_id6221_maljuv (2).jpg;100
355;408;6221;MANDRILLS BKB_6221_20220327_id6221_maljuv (3).jpg;53
354;408;6221;MANDRILLS BKB_6221_20220327_id6221_maljuv (4).jpg;54
505;429;6221;MANDRILLS BKB_6221_20220417_id6221_maljuv (1).jpg;76
381;429;6221;MANDRILLS BKB_6221_20220417_id6221_maljuv (2).jpg;48
388;429;6221;MANDRILLS BKB_6221_20220417_id6221_maljuv (3).jpg;41
449;438;6221;MANDRILLS BKB_6221_20220426_id6221_maljuv (1).jpg;11
404;438;6221;MANDRILLS BKB_6221_20220426_id6221_maljuv (2).jpg;34
392;438;6221;MANDRILLS BKB_6221_20220426_id6221_maljuv.jpg;46
441;445;6221;MANDRILLS BKB_6221_20220503_id6221_maljuv (1).jpg;4
462;445;6221;MANDRILLS BKB_6221_20220503_id6221_maljuv (2).jpg;17
445;445;6221;MANDRILLS BKB_6221_20220503_id6221_maljuv (4).jpg;0
481;467;6221;MANDRILLS BKB_6221_20220525_id6221_maljuv (1).jpg;14
470;467;6221;MANDRILLS BKB_6221_20220525_id6221_maljuv (2).jpg;3
484;467;6221;MANDRILLS BKB_6221_20220525_id6221_maljuv (3).jpg;17
482;480;6221;MANDRILLS BKB_6221_20220607_id6221_maljuv (1).jpg;2
497;480;6221;MANDRILLS BKB_6221_20220607_id6221_maljuv (2).jpg;17
454;492;6221;MANDRILLS BKB_6221_20220619_id6221_maljuv.jpg;38
457;496;6221;MANDRILLS BKB_6221_20220623_id6221.jpg;39
478;502;6221;MANDRILLS BKB_6221_20220629_id6221 (1).jpg;24
387;502;6221;MANDRILLS BKB_6221_20220629_id6221 (2).jpg;115
470;502;6221;MANDRILLS BKB_6221_20220629_id6221.jpg;32
430;517;6221;MANDRILLS BKB_6221_20220714_id6221_maljuv (1).jpg;87
464;517;6221;MANDRILLS BKB_6221_20220714_id6221_maljuv (2).jpg;53
446;517;6221;MANDRILLS BKB_6221_20220714_id6221_maljuv (3).jpg;71
514;519;6221;MANDRILLS BKB_6221_20220716_id6221 (1).jpg;5
515;519;6221;MANDRILLS BKB_6221_20220716_id6221 (2).jpg;4
467;519;6221;MANDRILLS BKB_6221_20220716_id6221_maljuv (1).jpg;52
477;519;6221;MANDRILLS BKB_6221_20220716_id6221_maljuv (2).jpg;42
466;519;6221;MANDRILLS BKB_6221_20220716_id6221_maljuv (3).jpg;53
487;527;6221;MANDRILLS BKB_6221_20220724_id6221 (1).jpg;40
493;527;6221;MANDRILLS BKB_6221_20220724_id6221 (2).jpg;34
526;546;6221;MANDRILLS BKB_6221_20220812_id6221 (2).jpg;20
458;546;6221;MANDRILLS BKB_6221_20220812_id6221 (3).jpg;88
420;546;6221;MANDRILLS BKB_6221_20220812_id6221.jpg;126
496;552;6221;MANDRILLS BKB_6221_20220818_id6221.jpg;56
515;569;6221;MANDRILLS BKB_6221_20220904_id6221.jpg;54
517;614;6221;MANDRILLS BKB_6221_20221019_id6221.jpg;97
590;616;6221;MANDRILLS BKB_6221_20221021_id6221 (1).jpg;26
567;616;6221;MANDRILLS BKB_6221_20221021_id6221 (2).jpg;49
547;625;6221;MANDRILLS BKB_6221_20221030_id6221 (1).jpg;78
622;625;6221;MANDRILLS BKB_6221_20221030_id6221 (2).jpg;3
568;656;6221;MANDRILLS BKB_6221_20221130_id6221.jpg;88
697;666;6221;MANDRILLS BKB_6221_20221210_id6221.jpg;31
3;21;6223;MANDRILLS BKB_6223_20210419_id6223_feminf_(1).jpg;18
4;21;6223;MANDRILLS BKB_6223_20210419_id6223_feminf_(2).jpg;17
3;21;6223;MANDRILLS BKB_6223_20210419_id6223_feminf_(3).jpg;18
7;21;6223;MANDRILLS BKB_6223_20210419_id6223_feminf_(4).jpg;14
8;21;6223;MANDRILLS BKB_6223_20210419_id6223_feminf_(5).jpg;13
4;21;6223;MANDRILLS BKB_6223_20210419_id6223_feminf_(6).jpg;17
4;22;6223;MANDRILLS BKB_6223_20210420_id6223_feminf_(1).jpg;18
9;22;6223;MANDRILLS BKB_6223_20210420_id6223_feminf_(2).jpg;13
13;22;6223;MANDRILLS BKB_6223_20210420_id6223_feminf_(3).jpg;9
3;22;6223;MANDRILLS BKB_6223_20210420_id6223_feminf_(4).jpg;19
-2;24;6223;MANDRILLS BKB_6223_20210422_id6223_feminf.jpg;26
141;188;6223;MANDRILLS BKB_6223_20211003_id6223_feminf_(1).jpg;47
167;188;6223;MANDRILLS BKB_6223_20211003_id6223_feminf_(2).jpg;21
172;190;6223;MANDRILLS BKB_6223_20211005_id6223_feminf_(3).jpg;18
139;192;6223;MANDRILLS BKB_6223_20211007_id6223_feminf.jpg;53
146;193;6223;MANDRILLS BKB_6223_20211008_id6223_feminf_(1).jpg;47
152;193;6223;MANDRILLS BKB_6223_20211008_id6223_feminf_(3).jpg;41
146;204;6223;MANDRILLS BKB_6223_20211019_id6223_feminf_(1).jpg;58
167;204;6223;MANDRILLS BKB_6223_20211019_id6223_feminf_(2).jpg;37
139;209;6223;MANDRILLS BKB_6223_20211024_id6223_feminf_(1).jpg;70
135;209;6223;MANDRILLS BKB_6223_20211024_id6223_feminf_(3).jpg;74
132;209;6223;MANDRILLS BKB_6223_20211024_id6223_feminf_(4).jpg;77
179;222;6223;MANDRILLS BKB_6223_20211106_id6223_feminf_(1).jpg;43
165;222;6223;MANDRILLS BKB_6223_20211106_id6223_feminf_(2).jpg;57
151;222;6223;MANDRILLS BKB_6223_20211106_id6223_feminf_(3).jpg;71
165;222;6223;MANDRILLS BKB_6223_20211106_id6223_feminf_(4).jpg;57
169;224;6223;MANDRILLS BKB_6223_20211108_id6223_feminf_(1).jpg;55
167;224;6223;MANDRILLS BKB_6223_20211108_id6223_feminf_(2).jpg;57
155;224;6223;MANDRILLS BKB_6223_20211108_id6223_feminf_(3).jpg;69
155;224;6223;MANDRILLS BKB_6223_20211108_id6223_feminf_(4).jpg;69
160;224;6223;MANDRILLS BKB_6223_20211108_id6223_feminf_(5).jpg;64
167;224;6223;MANDRILLS BKB_6223_20211108_id6223_feminf_(6).jpg;57
161;224;6223;MANDRILLS BKB_6223_20211108_id6223_feminf_(7).jpg;63
160;240;6223;MANDRILLS BKB_6223_20211124_id6223_feminf_(1).jpg;80
189;240;6223;MANDRILLS BKB_6223_20211124_id6223_feminf_(2).jpg;51
153;240;6223;MANDRILLS BKB_6223_20211124_id6223_feminf_(3).jpg;87
193;263;6223;MANDRILLS BKB_6223_20211217_id6223_feminf_(1).jpg;70
204;263;6223;MANDRILLS BKB_6223_20211217_id6223_feminf_(2).jpg;59
161;272;6223;MANDRILLS BKB_6223_20211226_id6223_feminf_(1).jpg;111
279;309;6223;MANDRILLS BKB_6223_20220201_id6223_femjuv (1).jpg;30
250;309;6223;MANDRILLS BKB_6223_20220201_id6223_femjuv (2).jpg;59
215;309;6223;MANDRILLS BKB_6223_20220201_id6223_femjuv (3).jpg;94
231;309;6223;MANDRILLS BKB_6223_20220201_id6223_femjuv (4).jpg;78
185;309;6223;MANDRILLS BKB_6223_20220201_id6223_femjuv (5).jpg;124
239;350;6223;MANDRILLS BKB_6223_20220314_id6223_femjuv (1).jpg;111
233;350;6223;MANDRILLS BKB_6223_20220314_id6223_femjuv (2).jpg;117
253;350;6223;MANDRILLS BKB_6223_20220314_id6223_femjuv (3).jpg;97
253;359;6223;MANDRILLS BKB_6223_20220323_id6223_femjuv.jpg;106
291;360;6223;MANDRILLS BKB_6223_20220324_id6223_feminf (1).jpg;69
270;360;6223;MANDRILLS BKB_6223_20220324_id6223_feminf (2).jpg;90
257;360;6223;MANDRILLS BKB_6223_20220324_id6223_feminf (3).jpg;103
278;360;6223;MANDRILLS BKB_6223_20220324_id6223_feminf (4).jpg;82
271;360;6223;MANDRILLS BKB_6223_20220324_id6223_feminf (5).jpg;89
206;365;6223;MANDRILLS BKB_6223_20220329_id6223_femjuv.jpg;159
264;366;6223;MANDRILLS BKB_6223_20220330_id6223_femjuv (1).jpg;102
275;366;6223;MANDRILLS BKB_6223_20220330_id6223_femjuv (2).jpg;91
258;368;6223;MANDRILLS BKB_6223_20220401_id6223_femjuv (1).jpg;110
256;368;6223;MANDRILLS BKB_6223_20220401_id6223_femjuv (2).jpg;112
305;392;6223;MANDRILLS BKB_6223_20220425_id6223_femjuv (2).jpg;87
307;392;6223;MANDRILLS BKB_6223_20220425_id6223_femjuv (3).jpg;85
249;392;6223;MANDRILLS BKB_6223_20220425_id6223_femjuv (5).jpg;143
318;392;6223;MANDRILLS BKB_6223_20220425_id6223_femjuv (6).jpg;74
312;392;6223;MANDRILLS BKB_6223_20220425_id6223_femjuv (7).jpg;80
269;406;6223;MANDRILLS BKB_6223_20220509_id6223_femjuv (1).jpg;137
297;406;6223;MANDRILLS BKB_6223_20220509_id6223_femjuv (2).jpg;109
310;423;6223;MANDRILLS BKB_6223_20220526_id6223_femjuv.jpg;113
240;427;6223;MANDRILLS BKB_6223_20220530_id6223_femjuv (3).jpg;187
261;427;6223;MANDRILLS BKB_6223_20220530_id6223_femjuv (6).jpg;166
339;427;6223;MANDRILLS BKB_6223_20220530_id6223_femjuv (7).jpg;88
320;451;6223;MANDRILLS BKB_6223_20220623_id6223.jpg;131
358;457;6223;MANDRILLS BKB_6223_20220629_id6223.jpg;99
331;459;6223;MANDRILLS BKB_6223_20220701_id6223 (1).jpg;128
394;459;6223;MANDRILLS BKB_6223_20220701_id6223 (2).jpg;65
280;459;6223;MANDRILLS BKB_6223_20220701_id6223.jpg;179
264;469;6223;MANDRILLS BKB_6223_20220711_id6223 (2).jpg;205
243;469;6223;MANDRILLS BKB_6223_20220711_id6223.jpg;226
322;472;6223;MANDRILLS BKB_6223_20220714_id6223 (1).jpg;150
293;472;6223;MANDRILLS BKB_6223_20220714_id6223 (2).jpg;179
418;472;6223;MANDRILLS BKB_6223_20220714_id6223_femjuv.jpg;54
365;479;6223;MANDRILLS BKB_6223_20220721_id6223 (2).jpg;114
294;479;6223;MANDRILLS BKB_6223_20220721_id6223 (3).jpg;185
328;479;6223;MANDRILLS BKB_6223_20220721_id6223 (5).jpg;151
234;479;6223;MANDRILLS BKB_6223_20220721_id6223.jpg;245
304;486;6223;MANDRILLS BKB_6223_20220728_id6223.jpg;182
326;487;6223;MANDRILLS BKB_6223_20220729_id6223.jpg;161
6;4;7039;MANDRILLS BKB_7039_20211218_id7039_feminf_(1).jpg;2
11;4;7039;MANDRILLS BKB_7039_20211218_id7039_feminf_(10).jpg;7
-12;4;7039;MANDRILLS BKB_7039_20211218_id7039_feminf_(11).jpg;16
-14;4;7039;MANDRILLS BKB_7039_20211218_id7039_feminf_(3).jpg;18
6;4;7039;MANDRILLS BKB_7039_20211218_id7039_feminf_(4).jpg;2
6;4;7039;MANDRILLS BKB_7039_20211218_id7039_feminf_(5).jpg;2
12;4;7039;MANDRILLS BKB_7039_20211218_id7039_feminf_(6).jpg;8
5;4;7039;MANDRILLS BKB_7039_20211218_id7039_feminf_(7).jpg;1
-5;4;7039;MANDRILLS BKB_7039_20211218_id7039_feminf_(8).jpg;9
3;4;7039;MANDRILLS BKB_7039_20211218_id7039_feminf_(9).jpg;1
-8;5;7039;MANDRILLS BKB_7039_20211219_id7039_feminf.jpg;13
2;6;7039;MANDRILLS BKB_7039_20211220_ID7039_feminf.jpg;4
3;8;7039;MANDRILLS BKB_7039_20211222_id7039_feminf_(1).jpg;5
-3;8;7039;MANDRILLS BKB_7039_20211222_id7039_feminf_(10).jpg;11
-4;8;7039;MANDRILLS BKB_7039_20211222_id7039_feminf_(11).jpg;12
1;8;7039;MANDRILLS BKB_7039_20211222_id7039_feminf_(12).jpg;7
0;8;7039;MANDRILLS BKB_7039_20211222_id7039_feminf_(15).jpg;8
0;8;7039;MANDRILLS BKB_7039_20211222_id7039_feminf_(16).jpg;8
2;8;7039;MANDRILLS BKB_7039_20211222_id7039_feminf_(17).jpg;6
-3;8;7039;MANDRILLS BKB_7039_20211222_id7039_feminf_(2).jpg;11
9;8;7039;MANDRILLS BKB_7039_20211222_id7039_feminf_(3).jpg;1
8;8;7039;MANDRILLS BKB_7039_20211222_id7039_feminf_(4).jpg;0
-1;8;7039;MANDRILLS BKB_7039_20211222_id7039_feminf_(5).jpg;9
-20;8;7039;MANDRILLS BKB_7039_20211222_id7039_feminf_(6).jpg;28
3;8;7039;MANDRILLS BKB_7039_20211222_id7039_feminf_(7).jpg;5
2;8;7039;MANDRILLS BKB_7039_20211222_id7039_feminf_(8).jpg;6
-3;8;7039;MANDRILLS BKB_7039_20211222_id7039_feminf_(9).jpg;11
-2;12;7039;MANDRILLS BKB_7039_20211226_id7039_feminf_(1).jpg;14
5;12;7039;MANDRILLS BKB_7039_20211226_id7039_feminf_(2).jpg;7
27;37;7039;MANDRILLS BKB_7039_20220120_id7039.jpg;10
37;39;7039;MANDRILLS BKB_7039_20220122_id7039 (1).jpg;2
27;39;7039;MANDRILLS BKB_7039_20220122_id7039 (10).jpg;12
38;39;7039;MANDRILLS BKB_7039_20220122_id7039 (12).jpg;1
40;39;7039;MANDRILLS BKB_7039_20220122_id7039 (14).jpg;1
46;39;7039;MANDRILLS BKB_7039_20220122_id7039 (2).jpg;7
36;39;7039;MANDRILLS BKB_7039_20220122_id7039 (5).jpg;3
45;39;7039;MANDRILLS BKB_7039_20220122_id7039 (6).jpg;6
48;39;7039;MANDRILLS BKB_7039_20220122_id7039 (7).jpg;9
45;39;7039;MANDRILLS BKB_7039_20220122_id7039 (9).jpg;6
63;49;7039;MANDRILLS BKB_7039_20220201_id7039_feminf (1).jpg;14
71;49;7039;MANDRILLS BKB_7039_20220201_id7039_feminf (2).jpg;22
68;49;7039;MANDRILLS BKB_7039_20220201_id7039_feminf (3).jpg;19
56;49;7039;MANDRILLS BKB_7039_20220201_id7039_feminf (4).jpg;7
59;49;7039;MANDRILLS BKB_7039_20220201_id7039_feminf (5).jpg;10
60;49;7039;MANDRILLS BKB_7039_20220201_id7039_feminf.jpg;11
56;59;7039;MANDRILLS BKB_7039_20220211_id7039_feminf (2).jpg;3
71;59;7039;MANDRILLS BKB_7039_20220211_id7039_feminf.jpg;12
67;74;7039;MANDRILLS BKB_7039_20220226_id7039_feminf (1).jpg;7
70;74;7039;MANDRILLS BKB_7039_20220226_id7039_feminf (2).jpg;4
74;74;7039;MANDRILLS BKB_7039_20220226_id7039_feminf (3).jpg;0
78;80;7039;MANDRILLS BKB_7039_20220304_id7039_feminf (1).jpg;2
65;80;7039;MANDRILLS BKB_7039_20220304_id7039_feminf (2).jpg;15
62;80;7039;MANDRILLS BKB_7039_20220304_id7039_feminf (3).jpg;18
95;86;7039;MANDRILLS BKB_7039_20220310_id7039_feminf (1).jpg;9
94;86;7039;MANDRILLS BKB_7039_20220310_id7039_feminf (2).jpg;8
93;90;7039;MANDRILLS BKB_7039_20220314_id7039_feminf (1).jpg;3
93;90;7039;MANDRILLS BKB_7039_20220314_id7039_feminf (2).jpg;3
85;90;7039;MANDRILLS BKB_7039_20220314_id7039_feminf (3).jpg;5
90;90;7039;MANDRILLS BKB_7039_20220314_id7039_feminf (4).jpg;0
97;90;7039;MANDRILLS BKB_7039_20220314_id7039_feminf (5).jpg;7
96;95;7039;MANDRILLS BKB_7039_20220319_id7039_feminf (2).jpg;1
104;95;7039;MANDRILLS BKB_7039_20220319_id7039_feminf (3).jpg;9
162;99;7039;MANDRILLS BKB_7039_20220323_id7039_feminf (1).jpg;63
99;99;7039;MANDRILLS BKB_7039_20220323_id7039_feminf (2).jpg;0
132;112;7039;MANDRILLS BKB_7039_20220405_id7039_feminf (1).jpg;20
120;112;7039;MANDRILLS BKB_7039_20220405_id7039_feminf (2).jpg;8
134;112;7039;MANDRILLS BKB_7039_20220405_id7039_feminf (3).jpg;22
130;112;7039;MANDRILLS BKB_7039_20220405_id7039_feminf (4).jpg;18
127;112;7039;MANDRILLS BKB_7039_20220405_id7039_feminf (5).jpg;15
127;112;7039;MANDRILLS BKB_7039_20220405_id7039_feminf (6).jpg;15
125;112;7039;MANDRILLS BKB_7039_20220405_id7039_feminf (7).jpg;13
161;132;7039;MANDRILLS BKB_7039_20220425_id7039_feminf (1).jpg;29
145;132;7039;MANDRILLS BKB_7039_20220425_id7039_feminf (2).jpg;13
143;132;7039;MANDRILLS BKB_7039_20220425_id7039_feminf (3).jpg;11
189;132;7039;MANDRILLS BKB_7039_20220425_id7039_feminf (8).jpg;57
202;153;7039;MANDRILLS BKB_7039_20220516_id7039_feminf (2).jpg;49
182;155;7039;MANDRILLS BKB_7039_20220518_id7039_feminf (1).jpg;27
201;155;7039;MANDRILLS BKB_7039_20220518_id7039_feminf (2).jpg;46
188;161;7039;MANDRILLS BKB_7039_20220524_id7039_feminf (1).jpg;27
183;161;7039;MANDRILLS BKB_7039_20220524_id7039_feminf (2).jpg;22
193;161;7039;MANDRILLS BKB_7039_20220524_id7039_feminf (3).jpg;32
228;167;7039;MANDRILLS BKB_7039_20220530_id7039_feminf (1).jpg;61
210;167;7039;MANDRILLS BKB_7039_20220530_id7039_feminf (2).jpg;43
229;167;7039;MANDRILLS BKB_7039_20220530_id7039_feminf (3).jpg;62
200;167;7039;MANDRILLS BKB_7039_20220530_id7039_feminf (4).jpg;33
231;167;7039;MANDRILLS BKB_7039_20220530_id7039_feminf (5).jpg;64
244;167;7039;MANDRILLS BKB_7039_20220530_id7039_feminf (6).jpg;77
219;167;7039;MANDRILLS BKB_7039_20220530_id7039_feminf (7).jpg;52
230;167;7039;MANDRILLS BKB_7039_20220530_id7039_feminf (8).jpg;63
273;167;7039;MANDRILLS BKB_7039_20220530_id7039_feminf.jpg;106
215;171;7039;MANDRILLS BKB_7039_20220603_id7039_feminf.jpg;44
221;175;7039;MANDRILLS BKB_7039_20220607_id7039_feminf (2).jpg;46
233;187;7039;MANDRILLS BKB_7039_20220619_id7039_feminf (1).jpg;46
197;187;7039;MANDRILLS BKB_7039_20220619_id7039_feminf (2).jpg;10
185;187;7039;MANDRILLS BKB_7039_20220619_id7039_feminf (3).jpg;2
216;187;7039;MANDRILLS BKB_7039_20220619_id7039_feminf (4).jpg;29
220;190;7039;MANDRILLS BKB_7039_20220622_id7039.jpg;30
195;192;7039;MANDRILLS BKB_7039_20220624_id7039_feminf (1).jpg;3
211;192;7039;MANDRILLS BKB_7039_20220624_id7039_feminf (3).jpg;19
225;192;7039;MANDRILLS BKB_7039_20220624_id7039_feminf (4).jpg;33
201;192;7039;MANDRILLS BKB_7039_20220624_id7039_feminf (5).jpg;9
274;192;7039;MANDRILLS BKB_7039_20220624_id7039_feminf (6).jpg;82
258;192;7039;MANDRILLS BKB_7039_20220624_id7039_feminf (7).jpg;66
256;192;7039;MANDRILLS BKB_7039_20220624_id7039_feminf (8).jpg;64
212;192;7039;MANDRILLS BKB_7039_20220624_id7039_feminf (9).jpg;20
228;192;7039;MANDRILLS BKB_7039_20220624_id7039_feminf.jpg;36
241;197;7039;MANDRILLS BKB_7039_20220629_id7039 (1).jpg;44
273;197;7039;MANDRILLS BKB_7039_20220629_id7039 (2).jpg;76
242;197;7039;MANDRILLS BKB_7039_20220629_id7039 (3).jpg;45
211;197;7039;MANDRILLS BKB_7039_20220629_id7039 (4).jpg;14
248;197;7039;MANDRILLS BKB_7039_20220629_id7039 (5).jpg;51
277;197;7039;MANDRILLS BKB_7039_20220629_id7039 (6).jpg;80
286;197;7039;MANDRILLS BKB_7039_20220629_id7039 (7).jpg;89
283;197;7039;MANDRILLS BKB_7039_20220629_id7039 (8).jpg;86
286;197;7039;MANDRILLS BKB_7039_20220629_id7039 (9).jpg;89
276;197;7039;MANDRILLS BKB_7039_20220629_id7039.jpg;79
274;209;7039;MANDRILLS BKB_7039_20220711_id7039 (1).jpg;65
285;209;7039;MANDRILLS BKB_7039_20220711_id7039 (2).jpg;76
254;209;7039;MANDRILLS BKB_7039_20220711_id7039 (3).jpg;45
265;209;7039;MANDRILLS BKB_7039_20220711_id7039 (4).jpg;56
270;209;7039;MANDRILLS BKB_7039_20220711_id7039 (5).jpg;61
266;209;7039;MANDRILLS BKB_7039_20220711_id7039.jpg;57
241;210;7039;MANDRILLS BKB_7039_20220712_id7039 (1).jpg;31
272;210;7039;MANDRILLS BKB_7039_20220712_id7039 (2).jpg;62
236;210;7039;MANDRILLS BKB_7039_20220712_id7039 (4).jpg;26
233;210;7039;MANDRILLS BKB_7039_20220712_id7039.jpg;23
287;212;7039;MANDRILLS BKB_7039_20220714_id7039.jpg;75
252;212;7039;MANDRILLS BKB_7039_20220714_id7039_feminf (4).jpg;40
263;212;7039;MANDRILLS BKB_7039_20220714_id7039_feminf (5).jpg;51
251;212;7039;MANDRILLS BKB_7039_20220714_id7039_feminf (6).jpg;39
239;212;7039;MANDRILLS BKB_7039_20220714_id7039_feminf (7).jpg;27
254;212;7039;MANDRILLS BKB_7039_20220714_id7039_feminf (8).jpg;42
198;212;7039;MANDRILLS BKB_7039_20220714_id7039_feminf (9).jpg;14
268;215;7039;MANDRILLS BKB_7039_20220717_id7039.jpg;53
269;217;7039;MANDRILLS BKB_7039_20220719_id7039 (1).jpg;52
269;217;7039;MANDRILLS BKB_7039_20220719_id7039 (2).jpg;52
283;217;7039;MANDRILLS BKB_7039_20220719_id7039 (3).jpg;66
256;217;7039;MANDRILLS BKB_7039_20220719_id7139 (2).jpg;39
237;217;7039;MANDRILLS BKB_7039_20220719_id7139 (3).jpg;20
333;217;7039;MANDRILLS BKB_7039_20220719_id7139.jpg;116
234;219;7039;MANDRILLS BKB_7039_20220721_id7039.jpg;15
310;226;7039;MANDRILLS BKB_7039_20220728_id7039.jpg;84
299;227;7039;MANDRILLS BKB_7039_20220729_id7039.jpg;72
337;230;7039;MANDRILLS BKB_7039_20220801_id7039 (1).jpg;107
262;230;7039;MANDRILLS BKB_7039_20220801_id7039 (2).jpg;32
280;230;7039;MANDRILLS BKB_7039_20220801_id7039 (5).jpg;50
323;231;7039;MANDRILLS BKB_7039_20220802_id7039 (1).jpg;92
266;231;7039;MANDRILLS BKB_7039_20220802_id7039 (2).jpg;35
319;231;7039;MANDRILLS BKB_7039_20220802_id7039 (3).jpg;88
260;232;7039;MANDRILLS BKB_7039_20220803_id7039 (2).jpg;28
293;232;7039;MANDRILLS BKB_7039_20220803_id7039.jpg;61
249;233;7039;MANDRILLS BKB_7039_20220804_id7039 (2).jpg;16
286;233;7039;MANDRILLS BKB_7039_20220804_id7039 (3).jpg;53
254;233;7039;MANDRILLS BKB_7039_20220804_id7039.jpg;21
291;241;7039;MANDRILLS BKB_7039_20220812_id7039.jpg;50
289;257;7039;MANDRILLS BKB_7039_20220828_id7039 (1).jpg;32
341;257;7039;MANDRILLS BKB_7039_20220828_id7039 (2).jpg;84
311;264;7039;MANDRILLS BKB_7039_20220904_id7039.jpg;47
342;265;7039;MANDRILLS BKB_7039_20220905_id7039 (1).jpg;77
369;265;7039;MANDRILLS BKB_7039_20220905_id7039 (2).jpg;104
338;268;7039;MANDRILLS BKB_7039_20220908_id7039 (2).jpg;70
321;268;7039;MANDRILLS BKB_7039_20220908_id7039.jpg;53
328;288;7039;MANDRILLS BKB_7039_20220928_id7039.jpg;40
293;301;7039;MANDRILLS BKB_7039_20221011_id7039.jpg;8
301;320;7039;MANDRILLS BKB_7039_20221030_id7039 (1).jpg;19
362;320;7039;MANDRILLS BKB_7039_20221030_id7039 (2).jpg;42
464;344;7039;MANDRILLS BKB_7039_20221123_id7039.jpg;120
398;351;7039;MANDRILLS BKB_7039_20221130_id7039.jpg;47
423;365;7039;MANDRILLS BKB_7039_20221214_id7039 (1).jpg;58
389;365;7039;MANDRILLS BKB_7039_20221214_id7039 (2).jpg;24
460;372;7039;MANDRILLS BKB_7039_20221221_id7039 (2).jpg;88
392;372;7039;MANDRILLS BKB_7039_20221221_id7039.jpg;20
-13;0;8056;MANDRILLS BKB_8056_20221212_id8056 (1).jpg;13
-20;0;8056;MANDRILLS BKB_8056_20221212_id8056 (2).jpg;20
-6;6;8100;MANDRILLS BKB_8100_20221116_id8100.jpg;12
-9;7;8100;MANDRILLS BKB_8100_20221117_id8100 (1).jpg;16
4;7;8100;MANDRILLS BKB_8100_20221117_id8100 (2).jpg;3
-6;7;8100;MANDRILLS BKB_8100_20221117_id8100 (3).jpg;13
3;7;8100;MANDRILLS BKB_8100_20221117_id8100 (4).jpg;4
-15;7;8100;MANDRILLS BKB_8100_20221117_id8100 (5).jpg;22
-3;7;8100;MANDRILLS BKB_8100_20221117_id8100 (6).jpg;10
-13;7;8100;MANDRILLS BKB_8100_20221117_id8100 (7).jpg;20
2;7;8100;MANDRILLS BKB_8100_20221117_id8100 (8).jpg;5
1;11;8100;MANDRILLS BKB_8100_20221121_id8100 (1).jpg;10
1;11;8100;MANDRILLS BKB_8100_20221121_id8100 (4).jpg;10
7;11;8100;MANDRILLS BKB_8100_20221121_id8100 (5).jpg;4
10;11;8100;MANDRILLS BKB_8100_20221121_id8100 (6).jpg;1
7;11;8100;MANDRILLS BKB_8100_20221121_id8100 (7).jpg;4
6;11;8100;MANDRILLS BKB_8100_20221121_id8100 (8).jpg;5
-4;11;8100;MANDRILLS BKB_8100_20221121_id8100 (9).jpg;15
17;20;8100;MANDRILLS BKB_8100_20221130_id8100 (1).jpg;3
12;20;8100;MANDRILLS BKB_8100_20221130_id8100 (3).jpg;8
17;20;8100;MANDRILLS BKB_8100_20221130_id8100 (4).jpg;3
17;20;8100;MANDRILLS BKB_8100_20221130_id8100 (5).jpg;3
18;26;8105;MANDRILLS BKB_8105_20221215_id8105.jpg;8
17;16;8157;MANDRILLS BKB_8157_20221214_id8157 (1).jpg;1
7;16;8157;MANDRILLS BKB_8157_20221214_id8157 (2).jpg;9
16;17;8157;MANDRILLS BKB_8157_20221215_id8157 (2).jpg;1
10;17;8157;MANDRILLS BKB_8157_20221215_id8157 (3).jpg;7
13;11;8174;MANDRILLS BKB_8174_20221115_id8174 (1).jpg;2
0;13;8174;MANDRILLS BKB_8174_20221117_id8174 (1).jpg;13
27;26;8174;MANDRILLS BKB_8174_20221130_id8174 (2).jpg;1
15;26;8174;MANDRILLS BKB_8174_20221130_id8174 (3).jpg;11
31;26;8174;MANDRILLS BKB_8174_20221130_id8174.jpg;5
30;36;8174;MANDRILLS BKB_8174_20221210_id8174 (2).jpg;6
39;36;8174;MANDRILLS BKB_8174_20221210_id8174.jpg;3
23;38;8174;MANDRILLS BKB_8174_20221212_id8174.jpg;15
18;40;8174;MANDRILLS BKB_8174_20221214_id8174 (2).jpg;22
43;40;8174;MANDRILLS BKB_8174_20221214_id8174.jpg;3
4;13;8222;MANDRILLS BKB_8222_20221114_id8222.jpg;9
13;16;8222;MANDRILLS BKB_8222_20221117_id8222 (1).jpg;3
25;16;8222;MANDRILLS BKB_8222_20221117_id8222 (3).jpg;9
13;16;8222;MANDRILLS BKB_8222_20221117_id8222 (4).jpg;3
17;16;8222;MANDRILLS BKB_8222_20221117_id8222 (5).jpg;1
33;20;8222;MANDRILLS BKB_8222_20221121_id8222 (1).jpg;13
28;20;8222;MANDRILLS BKB_8222_20221121_id8222 (2).jpg;8
23;20;8222;MANDRILLS BKB_8222_20221121_id8222 (3).jpg;3
25;20;8222;MANDRILLS BKB_8222_20221121_id8222 (4).jpg;5
23;29;8222;MANDRILLS BKB_8222_20221130_id8222.jpg;6
29;35;8222;MANDRILLS BKB_8222_20221206_id8222 (3).jpg;6
24;35;8222;MANDRILLS BKB_8222_20221206_id8222 (5).jpg;11
39;35;8222;MANDRILLS BKB_8222_20221206_id8222 (6).jpg;4
35;35;8222;MANDRILLS BKB_8222_20221206_id8222 (8).jpg;0
28;35;8222;MANDRILLS BKB_8222_20221206_id8222.jpg;7
41;39;8222;MANDRILLS BKB_8222_20221210_id8222 (1).jpg;2
41;39;8222;MANDRILLS BKB_8222_20221210_id8222 (4).jpg;2
38;43;8222;MANDRILLS BKB_8222_20221214_id8222 (1).jpg;5
30;43;8222;MANDRILLS BKB_8222_20221214_id8222 (2).jpg;13
20;43;8222;MANDRILLS BKB_8222_20221214_id8222 (3).jpg;23
260;349;916;MANDRILLS BKB_916_20140224_id916_feminfDEVANT_(1)_ORIGINAL.jpg;89
303;349;916;MANDRILLS BKB_916_20140224_id916_feminfDEVANT_(2)_ORIGINAL.jpg;46
258;349;916;MANDRILLS BKB_916_20140224_id916_feminfDEVANT_(3)_ORIGINAL.jpg;91
413;349;916;MANDRILLS BKB_916_20140224_id916_feminf_(1)_ORIGINAL.jpg;64
324;349;916;MANDRILLS BKB_916_20140224_id916_feminf_(10)_ORIGINAL.jpg;25
387;349;916;MANDRILLS BKB_916_20140224_id916_feminf_(11)_ORIGINAL.jpg;38
268;349;916;MANDRILLS BKB_916_20140224_id916_feminf_(12)_ORIGINAL.jpg;81
308;349;916;MANDRILLS BKB_916_20140224_id916_feminf_(13)_ORIGINAL.jpg;41
293;349;916;MANDRILLS BKB_916_20140224_id916_feminf_(14)_ORIGINAL.jpg;56
400;349;916;MANDRILLS BKB_916_20140224_id916_feminf_(15)_ORIGINAL.jpg;51
301;349;916;MANDRILLS BKB_916_20140224_id916_feminf_(16)_ORIGINAL.jpg;48
338;349;916;MANDRILLS BKB_916_20140224_id916_feminf_(17)_ORIGINAL.jpg;11
279;349;916;MANDRILLS BKB_916_20140224_id916_feminf_(18)_ORIGINAL.jpg;70
336;349;916;MANDRILLS BKB_916_20140224_id916_feminf_(19)_ORIGINAL.jpg;13
299;349;916;MANDRILLS BKB_916_20140224_id916_feminf_(2)_ORIGINAL.jpg;50
390;349;916;MANDRILLS BKB_916_20140224_id916_feminf_(20)_ORIGINAL.jpg;41
370;349;916;MANDRILLS BKB_916_20140224_id916_feminf_(21)_ORIGINAL.jpg;21
339;349;916;MANDRILLS BKB_916_20140224_id916_feminf_(22)_ORIGINAL.jpg;10
410;349;916;MANDRILLS BKB_916_20140224_id916_feminf_(24)_ORIGINAL.jpg;61
376;349;916;MANDRILLS BKB_916_20140224_id916_feminf_(25)_ORIGINAL.jpg;27
368;349;916;MANDRILLS BKB_916_20140224_id916_feminf_(26)_ORIGINAL.jpg;19
292;349;916;MANDRILLS BKB_916_20140224_id916_feminf_(6)_ORIGINAL.jpg;57
339;349;916;MANDRILLS BKB_916_20140224_id916_feminf_(7)_ORIGINAL.jpg;10
323;349;916;MANDRILLS BKB_916_20140224_id916_feminf_(8)_ORIGINAL.jpg;26
351;349;916;MANDRILLS BKB_916_20140224_id916_feminf_(9)_ORIGINAL.jpg;2
615;796;916;MANDRILLS BKB_916_20150517_id916_femjuvDEVANT_ORIGINAL.jpg;181
874;1220;916;MANDRILLS BKB_916_20160714_id916_femjuv_ORIGINAL.jpg;346
788;1246;916;MANDRILLS BKB_916_20160809_id916_femjuv_ORIGINAL.jpg;458
911;1249;916;MANDRILLS BKB_916_20160812_id916_femjuv_ORIGINAL.jpg;338
1040;1313;916;MANDRILLS BKB_916_20161015_id916_femjuv_ORIGINAL.jpg;273
1677;1920;916;MANDRILLS BKB_916_20180614_id916_femadu_(2)_ORIGINAL.jpg;243
1704;1927;916;MANDRILLS BKB_916_20180621_id916_femadu_(1)_ORIGINAL.jpg;223
1621;1927;916;MANDRILLS BKB_916_20180621_id916_femadu_(2)_ORIGINAL.jpg;306
1518;1927;916;MANDRILLS BKB_916_20180621_id916_femadu_(3)_ORIGINAL.jpg;409
1802;1927;916;MANDRILLS BKB_916_20180621_id916_femadu_(4)_ORIGINAL.jpg;125
1811;1927;916;MANDRILLS BKB_916_20180621_id916_femadu_(5)_ORIGINAL.jpg;116
1661;1927;916;MANDRILLS BKB_916_20180621_id916_femadu_(6)_ORIGINAL.jpg;266
1660;1927;916;MANDRILLS BKB_916_20180621_id916_femadu_(7)_ORIGINAL.jpg;267
1938;1927;916;MANDRILLS BKB_916_20180621_id916_femadu_(8)_ORIGINAL.jpg;11
1943;1927;916;MANDRILLS BKB_916_20180621_id916_femadu_(9)_ORIGINAL.jpg;16
1605;1947;916;MANDRILLS BKB_916_20180711_id916_femadu_(1)_ORIGINAL.jpg;342
1772;1947;916;MANDRILLS BKB_916_20180711_id916_femadu_(10)_ORIGINAL.jpg;175
1474;1947;916;MANDRILLS BKB_916_20180711_id916_femadu_(11)_ORIGINAL.jpg;473
1475;1947;916;MANDRILLS BKB_916_20180711_id916_femadu_(12)_ORIGINAL.jpg;472
1548;1947;916;MANDRILLS BKB_916_20180711_id916_femadu_(13)_ORIGINAL.jpg;399
1532;1947;916;MANDRILLS BKB_916_20180711_id916_femadu_(14)_ORIGINAL.jpg;415
1496;1947;916;MANDRILLS BKB_916_20180711_id916_femadu_(15)_ORIGINAL.jpg;451
1459;1947;916;MANDRILLS BKB_916_20180711_id916_femadu_(16)_ORIGINAL.jpg;488
1466;1947;916;MANDRILLS BKB_916_20180711_id916_femadu_(17)_ORIGINAL.jpg;481
1666;1947;916;MANDRILLS BKB_916_20180711_id916_femadu_(2)_ORIGINAL.jpg;281
1507;1947;916;MANDRILLS BKB_916_20180711_id916_femadu_(21)_ORIGINAL.jpg;440
1536;1947;916;MANDRILLS BKB_916_20180711_id916_femadu_(3)_ORIGINAL.jpg;411
1585;1947;916;MANDRILLS BKB_916_20180711_id916_femadu_(4)_ORIGINAL.jpg;362
1703;1947;916;MANDRILLS BKB_916_20180711_id916_femadu_(5)_ORIGINAL.jpg;244
1522;1947;916;MANDRILLS BKB_916_20180711_id916_femadu_(6)_ORIGINAL.jpg;425
1572;1947;916;MANDRILLS BKB_916_20180711_id916_femadu_(7)_ORIGINAL.jpg;375
1636;1947;916;MANDRILLS BKB_916_20180711_id916_femadu_(8)_ORIGINAL.jpg;311
1662;1947;916;MANDRILLS BKB_916_20180711_id916_femadu_(9)_ORIGINAL.jpg;285
1698;1954;916;MANDRILLS BKB_916_20180718_id916_femadu_(1)_ORIGINAL.jpg;256
1808;1954;916;MANDRILLS BKB_916_20180718_id916_femadu_(2)_ORIGINAL.jpg;146
1706;1954;916;MANDRILLS BKB_916_20180718_id916_femadu_(3)_ORIGINAL.jpg;248
1676;1954;916;MANDRILLS BKB_916_20180718_id916_femadu_(4)_ORIGINAL.jpg;278
1599;1954;916;MANDRILLS BKB_916_20180718_id916_femadu_(5)_ORIGINAL.jpg;355
1670;1954;916;MANDRILLS BKB_916_20180718_id916_femadu_(6)_ORIGINAL.jpg;284
1625;1954;916;MANDRILLS BKB_916_20180718_id916_femadu_(7)_ORIGINAL.jpg;329
1618;1954;916;MANDRILLS BKB_916_20180718_id916_femadu_(8)_ORIGINAL.jpg;336
1849;2128;916;MANDRILLS BKB_916_20190108_id916_femadu_(1)_ORIGINAL.jpg;279
1830;2128;916;MANDRILLS BKB_916_20190108_id916_femadu_(2)_ORIGINAL.jpg;298
1736;2132;916;MANDRILLS BKB_916_20190112_id916_femadu_HAUT_(1)_ORIGINAL.jpg;396
1768;2132;916;MANDRILLS BKB_916_20190112_id916_femadu_HAUT_(10)_ORIGINAL.jpg;364
1704;2132;916;MANDRILLS BKB_916_20190112_id916_femadu_HAUT_(11)_ORIGINAL.jpg;428
1656;2132;916;MANDRILLS BKB_916_20190112_id916_femadu_HAUT_(12)_ORIGINAL.jpg;476
1699;2132;916;MANDRILLS BKB_916_20190112_id916_femadu_HAUT_(13)_ORIGINAL.jpg;433
1806;2132;916;MANDRILLS BKB_916_20190112_id916_femadu_HAUT_(14)_ORIGINAL.jpg;326
1508;2132;916;MANDRILLS BKB_916_20190112_id916_femadu_HAUT_(15)_ORIGINAL.jpg;624
1604;2132;916;MANDRILLS BKB_916_20190112_id916_femadu_HAUT_(16)_ORIGINAL.jpg;528
1828;2132;916;MANDRILLS BKB_916_20190112_id916_femadu_HAUT_(17)_ORIGINAL.jpg;304
1808;2132;916;MANDRILLS BKB_916_20190112_id916_femadu_HAUT_(18)_ORIGINAL.jpg;324
1776;2132;916;MANDRILLS BKB_916_20190112_id916_femadu_HAUT_(19)_ORIGINAL.jpg;356
1714;2132;916;MANDRILLS BKB_916_20190112_id916_femadu_HAUT_(2)_ORIGINAL.jpg;418
1706;2132;916;MANDRILLS BKB_916_20190112_id916_femadu_HAUT_(20)_ORIGINAL.jpg;426
1716;2132;916;MANDRILLS BKB_916_20190112_id916_femadu_HAUT_(21)_ORIGINAL.jpg;416
1789;2132;916;MANDRILLS BKB_916_20190112_id916_femadu_HAUT_(22)_ORIGINAL.jpg;343
1837;2132;916;MANDRILLS BKB_916_20190112_id916_femadu_HAUT_(23)_ORIGINAL.jpg;295
1678;2132;916;MANDRILLS BKB_916_20190112_id916_femadu_HAUT_(3)_ORIGINAL.jpg;454
1743;2132;916;MANDRILLS BKB_916_20190112_id916_femadu_HAUT_(4)_ORIGINAL.jpg;389
1610;2132;916;MANDRILLS BKB_916_20190112_id916_femadu_HAUT_(5)_ORIGINAL.jpg;522
1600;2132;916;MANDRILLS BKB_916_20190112_id916_femadu_HAUT_(6)_ORIGINAL.jpg;532
1670;2132;916;MANDRILLS BKB_916_20190112_id916_femadu_HAUT_(7)_ORIGINAL.jpg;462
1569;2132;916;MANDRILLS BKB_916_20190112_id916_femadu_HAUT_(8)_ORIGINAL.jpg;563
1618;2132;916;MANDRILLS BKB_916_20190112_id916_femadu_HAUT_(9)_ORIGINAL.jpg;514
1961;2140;916;MANDRILLS BKB_916_20190120_id916_femadu_DROITE_(1)_ORIGINAL.jpg;179
1899;2140;916;MANDRILLS BKB_916_20190120_id916_femadu_DROITE_(10)_ORIGINAL.jpg;241
1883;2140;916;MANDRILLS BKB_916_20190120_id916_femadu_DROITE_(11)_ORIGINAL.jpg;257
1862;2140;916;MANDRILLS BKB_916_20190120_id916_femadu_DROITE_(12)_ORIGINAL.jpg;278
1839;2140;916;MANDRILLS BKB_916_20190120_id916_femadu_DROITE_(13)_ORIGINAL.jpg;301
2052;2140;916;MANDRILLS BKB_916_20190120_id916_femadu_DROITE_(20)_ORIGINAL.jpg;88
1768;2140;916;MANDRILLS BKB_916_20190120_id916_femadu_DROITE_(21)_ORIGINAL.jpg;372
1833;2140;916;MANDRILLS BKB_916_20190120_id916_femadu_DROITE_(22)_ORIGINAL.jpg;307
1827;2140;916;MANDRILLS BKB_916_20190120_id916_femadu_DROITE_(23)_ORIGINAL.jpg;313
1819;2140;916;MANDRILLS BKB_916_20190120_id916_femadu_DROITE_(24)_ORIGINAL.jpg;321
1747;2140;916;MANDRILLS BKB_916_20190120_id916_femadu_DROITE_(25)_ORIGINAL.jpg;393
1846;2140;916;MANDRILLS BKB_916_20190120_id916_femadu_DROITE_(26)_ORIGINAL.jpg;294
1950;2140;916;MANDRILLS BKB_916_20190120_id916_femadu_DROITE_(3)_ORIGINAL.jpg;190
1871;2140;916;MANDRILLS BKB_916_20190120_id916_femadu_DROITE_(4)_ORIGINAL.jpg;269
1736;2140;916;MANDRILLS BKB_916_20190120_id916_femadu_DROITE_(5)_ORIGINAL.jpg;404
1799;2140;916;MANDRILLS BKB_916_20190120_id916_femadu_DROITE_(6)_ORIGINAL.jpg;341
1770;2140;916;MANDRILLS BKB_916_20190120_id916_femadu_DROITE_(7)_ORIGINAL.jpg;370
1828;2140;916;MANDRILLS BKB_916_20190120_id916_femadu_DROITE_(8)_ORIGINAL.jpg;312
1909;2140;916;MANDRILLS BKB_916_20190120_id916_femadu_DROITE_(9)_ORIGINAL.jpg;231
1898;2184;916;MANDRILLS BKB_916_20190305_id916_femadu_(1)_ORIGINAL.jpg;286
1937;2184;916;MANDRILLS BKB_916_20190305_id916_femadu_(2)_ORIGINAL.jpg;247
1910;2184;916;MANDRILLS BKB_916_20190305_id916_femadu_DROITE_(1)_ORIGINAL.jpg;274
1856;2184;916;MANDRILLS BKB_916_20190305_id916_femadu_DROITE_(10)_ORIGINAL.jpg;328
1823;2184;916;MANDRILLS BKB_916_20190305_id916_femadu_DROITE_(11)_ORIGINAL.jpg;361
1859;2184;916;MANDRILLS BKB_916_20190305_id916_femadu_DROITE_(12)_ORIGINAL.jpg;325
1808;2184;916;MANDRILLS BKB_916_20190305_id916_femadu_DROITE_(13)_ORIGINAL.jpg;376
1766;2184;916;MANDRILLS BKB_916_20190305_id916_femadu_DROITE_(14)_ORIGINAL.jpg;418
1855;2184;916;MANDRILLS BKB_916_20190305_id916_femadu_DROITE_(15)_ORIGINAL.jpg;329
1853;2184;916;MANDRILLS BKB_916_20190305_id916_femadu_DROITE_(16)_ORIGINAL.jpg;331
1828;2184;916;MANDRILLS BKB_916_20190305_id916_femadu_DROITE_(17)_ORIGINAL.jpg;356
1835;2184;916;MANDRILLS BKB_916_20190305_id916_femadu_DROITE_(18)_ORIGINAL.jpg;349
1858;2184;916;MANDRILLS BKB_916_20190305_id916_femadu_DROITE_(19)_ORIGINAL.jpg;326
1882;2184;916;MANDRILLS BKB_916_20190305_id916_femadu_DROITE_(2)_ORIGINAL.jpg;302
1884;2184;916;MANDRILLS BKB_916_20190305_id916_femadu_DROITE_(20)_ORIGINAL.jpg;300
1714;2184;916;MANDRILLS BKB_916_20190305_id916_femadu_DROITE_(21)_ORIGINAL.jpg;470
1804;2184;916;MANDRILLS BKB_916_20190305_id916_femadu_DROITE_(22)_ORIGINAL.jpg;380
1717;2184;916;MANDRILLS BKB_916_20190305_id916_femadu_DROITE_(23)_ORIGINAL.jpg;467
2043;2184;916;MANDRILLS BKB_916_20190305_id916_femadu_DROITE_(24)_ORIGINAL.jpg;141
2012;2184;916;MANDRILLS BKB_916_20190305_id916_femadu_DROITE_(25)_ORIGINAL.jpg;172
2004;2184;916;MANDRILLS BKB_916_20190305_id916_femadu_DROITE_(26)_ORIGINAL.jpg;180
1935;2184;916;MANDRILLS BKB_916_20190305_id916_femadu_DROITE_(27)_ORIGINAL.jpg;249
1944;2184;916;MANDRILLS BKB_916_20190305_id916_femadu_DROITE_(28)_ORIGINAL.jpg;240
1905;2184;916;MANDRILLS BKB_916_20190305_id916_femadu_DROITE_(29)_ORIGINAL.jpg;279
1915;2184;916;MANDRILLS BKB_916_20190305_id916_femadu_DROITE_(3)_ORIGINAL.jpg;269
1893;2184;916;MANDRILLS BKB_916_20190305_id916_femadu_DROITE_(30)_ORIGINAL.jpg;291
1886;2184;916;MANDRILLS BKB_916_20190305_id916_femadu_DROITE_(31)_ORIGINAL.jpg;298
1893;2184;916;MANDRILLS BKB_916_20190305_id916_femadu_DROITE_(32)_ORIGINAL.jpg;291
1880;2184;916;MANDRILLS BKB_916_20190305_id916_femadu_DROITE_(33)_ORIGINAL.jpg;304
1878;2184;916;MANDRILLS BKB_916_20190305_id916_femadu_DROITE_(34)_ORIGINAL.jpg;306
1857;2184;916;MANDRILLS BKB_916_20190305_id916_femadu_DROITE_(35)_ORIGINAL.jpg;327
1823;2184;916;MANDRILLS BKB_916_20190305_id916_femadu_DROITE_(36)_ORIGINAL.jpg;361
1838;2184;916;MANDRILLS BKB_916_20190305_id916_femadu_DROITE_(37)_ORIGINAL.jpg;346
2001;2184;916;MANDRILLS BKB_916_20190305_id916_femadu_DROITE_(4)_ORIGINAL.jpg;183
1869;2184;916;MANDRILLS BKB_916_20190305_id916_femadu_DROITE_(5)_ORIGINAL.jpg;315
1848;2184;916;MANDRILLS BKB_916_20190305_id916_femadu_DROITE_(6)_ORIGINAL.jpg;336
1891;2184;916;MANDRILLS BKB_916_20190305_id916_femadu_DROITE_(7)_ORIGINAL.jpg;293
1842;2184;916;MANDRILLS BKB_916_20190305_id916_femadu_DROITE_(8)_ORIGINAL.jpg;342
1824;2184;916;MANDRILLS BKB_916_20190305_id916_femadu_DROITE_(9)_ORIGINAL.jpg;360
1862;2191;916;MANDRILLS BKB_916_20190312_id916_femadu_(1).jpg;329
2043;2191;916;MANDRILLS BKB_916_20190312_id916_femadu_(2).jpg;148
1896;2191;916;MANDRILLS BKB_916_20190312_id916_femadu_(3).jpg;295
1963;2191;916;MANDRILLS BKB_916_20190312_id916_femadu_(4).jpg;228
1747;2192;916;MANDRILLS BKB_916_20190313_id916_femadu.jpg;445
1903;2192;916;MANDRILLS BKB_916_20190313_id916_femadu_HAUT_(1).jpg;289
1662;2192;916;MANDRILLS BKB_916_20190313_id916_femadu_HAUT_(2).jpg;530
1773;2194;916;MANDRILLS BKB_916_20190315_id916_femadu.jpg;421
2001;2194;916;MANDRILLS BKB_916_20190315_id916_femadu_HAUT_(1).jpg;193
1862;2194;916;MANDRILLS BKB_916_20190315_id916_femadu_HAUT_(2).jpg;332
1775;2194;916;MANDRILLS BKB_916_20190315_id916_femadu_HAUT_(3).jpg;419
1899;2194;916;MANDRILLS BKB_916_20190315_id916_femadu_HAUT_(4).jpg;295
1884;2194;916;MANDRILLS BKB_916_20190315_id916_femadu_HAUT_(5).jpg;310
1792;2194;916;MANDRILLS BKB_916_20190315_id916_femadu_HAUT_(6).jpg;402
1963;2194;916;MANDRILLS BKB_916_20190315_id916_femadu_HAUT_(7).jpg;231
1920;2196;916;MANDRILLS BKB_916_20190317_id916_femadu.jpg;276
2015;2196;916;MANDRILLS BKB_916_20190317_id916_femadu_DROITE_(1).jpg;181
2030;2196;916;MANDRILLS BKB_916_20190317_id916_femadu_DROITE_(2).jpg;166
1824;2196;916;MANDRILLS BKB_916_20190317_id916_femadu_HAUT.jpg;372
1999;2198;916;MANDRILLS BKB_916_20190319_id916_femadu_(1).jpg;199
1941;2198;916;MANDRILLS BKB_916_20190319_id916_femadu_(10).jpg;257
1852;2198;916;MANDRILLS BKB_916_20190319_id916_femadu_(2).jpg;346
2005;2198;916;MANDRILLS BKB_916_20190319_id916_femadu_(3).jpg;193
1846;2198;916;MANDRILLS BKB_916_20190319_id916_femadu_(4).jpg;352
1736;2198;916;MANDRILLS BKB_916_20190319_id916_femadu_(6).jpg;462
1916;2198;916;MANDRILLS BKB_916_20190319_id916_femadu_(7).jpg;282
1878;2198;916;MANDRILLS BKB_916_20190319_id916_femadu_(8).jpg;320
1791;2198;916;MANDRILLS BKB_916_20190319_id916_femadu_DROITE.jpg;407
2026;2198;916;MANDRILLS BKB_916_20190319_id916_femadu_HAUT_(1).jpg;172
1866;2198;916;MANDRILLS BKB_916_20190319_id916_femadu_HAUT_(2).jpg;332
1902;2199;916;MANDRILLS BKB_916_20190320_id916_femadu_HAUT.jpg;297
1744;2240;916;MANDRILLS BKB_916_20190430_id916_femadu.jpg;496
1913;2258;916;MANDRILLS BKB_916_20190518_id916_femadu_BLESSURE_(3).jpg;345
286;157;93;MANDRILLS BKB_93_20140702_id93_feminf_(1)_ORIGINAL.jpg;129
276;157;93;MANDRILLS BKB_93_20140702_id93_feminf_(2)_ORIGINAL.jpg;119
282;157;93;MANDRILLS BKB_93_20140702_id93_feminf_(3)_ORIGINAL.jpg;125
2134;1534;93;MANDRILLS BKB_93_20180409_id93_femadu_(1)_ORIGINAL.jpg;600
2051;1534;93;MANDRILLS BKB_93_20180409_id93_femadu_(10)_ORIGINAL.jpg;517
2220;1534;93;MANDRILLS BKB_93_20180409_id93_femadu_(11)_ORIGINAL.jpg;686
2300;1534;93;MANDRILLS BKB_93_20180409_id93_femadu_(12)_ORIGINAL.jpg;766
1984;1534;93;MANDRILLS BKB_93_20180409_id93_femadu_(13)_ORIGINAL.jpg;450
2006;1534;93;MANDRILLS BKB_93_20180409_id93_femadu_(14)_ORIGINAL.jpg;472
2160;1534;93;MANDRILLS BKB_93_20180409_id93_femadu_(15)_ORIGINAL.jpg;626
2174;1534;93;MANDRILLS BKB_93_20180409_id93_femadu_(16)_ORIGINAL.jpg;640
1942;1534;93;MANDRILLS BKB_93_20180409_id93_femadu_(17)_ORIGINAL.jpg;408
2009;1534;93;MANDRILLS BKB_93_20180409_id93_femadu_(18)_ORIGINAL.jpg;475
2053;1534;93;MANDRILLS BKB_93_20180409_id93_femadu_(2)_ORIGINAL.jpg;519
1857;1534;93;MANDRILLS BKB_93_20180409_id93_femadu_(3)_ORIGINAL.jpg;323
2047;1534;93;MANDRILLS BKB_93_20180409_id93_femadu_(4)_ORIGINAL.jpg;513
2143;1534;93;MANDRILLS BKB_93_20180409_id93_femadu_(5)_ORIGINAL.jpg;609
2154;1534;93;MANDRILLS BKB_93_20180409_id93_femadu_(6)_ORIGINAL.jpg;620
2029;1534;93;MANDRILLS BKB_93_20180409_id93_femadu_(7)_ORIGINAL.jpg;495
1988;1534;93;MANDRILLS BKB_93_20180409_id93_femadu_(8)_ORIGINAL.jpg;454
2004;1534;93;MANDRILLS BKB_93_20180409_id93_femadu_(9)_ORIGINAL.jpg;470
2085;1623;93;MANDRILLS BKB_93_20180707_id93_femadu_(1)_ORIGINAL.jpg;462
2235;1623;93;MANDRILLS BKB_93_20180707_id93_femadu_(10)_ORIGINAL.jpg;612
2179;1623;93;MANDRILLS BKB_93_20180707_id93_femadu_(11)_ORIGINAL.jpg;556
1971;1623;93;MANDRILLS BKB_93_20180707_id93_femadu_(12)_ORIGINAL.jpg;348
1987;1623;93;MANDRILLS BKB_93_20180707_id93_femadu_(2)_ORIGINAL.jpg;364
2019;1623;93;MANDRILLS BKB_93_20180707_id93_femadu_(3)_ORIGINAL.jpg;396
2061;1623;93;MANDRILLS BKB_93_20180707_id93_femadu_(4)_ORIGINAL.jpg;438
1774;1623;93;MANDRILLS BKB_93_20180707_id93_femadu_(5)_ORIGINAL.jpg;151
2109;1623;93;MANDRILLS BKB_93_20180707_id93_femadu_(6)_ORIGINAL.jpg;486
2441;1623;93;MANDRILLS BKB_93_20180707_id93_femadu_(7)_ORIGINAL.jpg;818
2228;1623;93;MANDRILLS BKB_93_20180707_id93_femadu_(8)_ORIGINAL.jpg;605
2165;1623;93;MANDRILLS BKB_93_20180707_id93_femadu_(9)_ORIGINAL.jpg;542
2074;1632;93;MANDRILLS BKB_93_20180716_id93_femadu_(1)_ORIGINAL.jpg;442
1889;1632;93;MANDRILLS BKB_93_20180716_id93_femadu_(14)_ORIGINAL.jpg;257
1968;1632;93;MANDRILLS BKB_93_20180716_id93_femadu_(15)_ORIGINAL.jpg;336
1562;1632;93;MANDRILLS BKB_93_20180716_id93_femadu_(16)_ORIGINAL.jpg;70
2390;1632;93;MANDRILLS BKB_93_20180716_id93_femadu_(2)_ORIGINAL.jpg;758
2030;1632;93;MANDRILLS BKB_93_20180716_id93_femadu_(3)_ORIGINAL.jpg;398
1984;1632;93;MANDRILLS BKB_93_20180716_id93_femadu_(4)_ORIGINAL.jpg;352
2101;1632;93;MANDRILLS BKB_93_20180716_id93_femadu_(5)_ORIGINAL.jpg;469
1935;1632;93;MANDRILLS BKB_93_20180716_id93_femadu_(6)_ORIGINAL.jpg;303
1895;1632;93;MANDRILLS BKB_93_20180716_id93_femadu_(7)_ORIGINAL.jpg;263
2247;1632;93;MANDRILLS BKB_93_20180716_id93_femadu_(8)_ORIGINAL.jpg;615
2173;1632;93;MANDRILLS BKB_93_20180716_id93_femadu_(9)_ORIGINAL.jpg;541
2113;1642;93;MANDRILLS BKB_93_20180726_id93_femaduGAUCHE_ORIGINAL.jpg;471
2260;1642;93;MANDRILLS BKB_93_20180726_id93_femadu_(10)_ORIGINAL.jpg;618
2010;1642;93;MANDRILLS BKB_93_20180726_id93_femadu_(11)_ORIGINAL.jpg;368
1899;1642;93;MANDRILLS BKB_93_20180726_id93_femadu_(12)_ORIGINAL.jpg;257
1438;1642;93;MANDRILLS BKB_93_20180726_id93_femadu_(13)_ORIGINAL.jpg;204
1892;1642;93;MANDRILLS BKB_93_20180726_id93_femadu_(15)_ORIGINAL.jpg;250
2232;1642;93;MANDRILLS BKB_93_20180726_id93_femadu_(6)_ORIGINAL.jpg;590
2109;1642;93;MANDRILLS BKB_93_20180726_id93_femadu_(7)_ORIGINAL.jpg;467
2263;1642;93;MANDRILLS BKB_93_20180726_id93_femadu_(8)_ORIGINAL.jpg;621
2196;1642;93;MANDRILLS BKB_93_20180726_id93_femadu_(9)_ORIGINAL.jpg;554
2357;1647;93;MANDRILLS BKB_93_20180731_id93_femadu_(1)_ORIGINAL.jpg;710
2021;1647;93;MANDRILLS BKB_93_20180731_id93_femadu_(10)_ORIGINAL.jpg;374
2078;1647;93;MANDRILLS BKB_93_20180731_id93_femadu_(11)_ORIGINAL.jpg;431
2140;1647;93;MANDRILLS BKB_93_20180731_id93_femadu_(2)_ORIGINAL.jpg;493
1981;1647;93;MANDRILLS BKB_93_20180731_id93_femadu_(4)_ORIGINAL.jpg;334
1933;1647;93;MANDRILLS BKB_93_20180731_id93_femadu_(5)_ORIGINAL.jpg;286
2004;1647;93;MANDRILLS BKB_93_20180731_id93_femadu_(6)_ORIGINAL.jpg;357
1871;1647;93;MANDRILLS BKB_93_20180731_id93_femadu_(8)_ORIGINAL.jpg;224
1935;1647;93;MANDRILLS BKB_93_20180731_id93_femadu_(9)_ORIGINAL.jpg;288
2646;1878;93;MANDRILLS BKB_93_20190319_id93_femadu_(2).jpg;768
2594;1878;93;MANDRILLS BKB_93_20190319_id93_femadu_(3).jpg;716
2750;2016;93;MANDRILLS BKB_93_20190804_id93_femadu_(1).jpg;734
2617;2016;93;MANDRILLS BKB_93_20190804_id93_femadu_(11).jpg;601
2553;2016;93;MANDRILLS BKB_93_20190804_id93_femadu_(12).jpg;537
2675;2016;93;MANDRILLS BKB_93_20190804_id93_femadu_(13).jpg;659
2622;2016;93;MANDRILLS BKB_93_20190804_id93_femadu_(14).jpg;606
2684;2016;93;MANDRILLS BKB_93_20190804_id93_femadu_(23).jpg;668
2156;2016;93;MANDRILLS BKB_93_20190804_id93_femadu_(24).jpg;140
2812;2016;93;MANDRILLS BKB_93_20190804_id93_femadu_(25).jpg;796
2649;2016;93;MANDRILLS BKB_93_20190804_id93_femadu_(26).jpg;633
2778;2016;93;MANDRILLS BKB_93_20190804_id93_femadu_(27).jpg;762
2279;2016;93;MANDRILLS BKB_93_20190804_id93_femadu_(28).jpg;263
2565;2016;93;MANDRILLS BKB_93_20190804_id93_femadu_(29).jpg;549
2261;2016;93;MANDRILLS BKB_93_20190804_id93_femadu_(30).jpg;245
2512;2016;93;MANDRILLS BKB_93_20190804_id93_femadu_(31).jpg;496
2661;2016;93;MANDRILLS BKB_93_20190804_id93_femadu_(32).jpg;645
2667;2016;93;MANDRILLS BKB_93_20190804_id93_femadu_(33).jpg;651
2593;2016;93;MANDRILLS BKB_93_20190804_id93_femadu_(34).jpg;577
2606;2016;93;MANDRILLS BKB_93_20190804_id93_femadu_(35).jpg;590
2608;2016;93;MANDRILLS BKB_93_20190804_id93_femadu_(36).jpg;592
1957;2016;93;MANDRILLS BKB_93_20190804_id93_femadu_(37).jpg;59
2564;2016;93;MANDRILLS BKB_93_20190804_id93_femadu_(39).jpg;548
2333;2016;93;MANDRILLS BKB_93_20190804_id93_femadu_(41).jpg;317
2774;2016;93;MANDRILLS BKB_93_20190804_id93_femadu_(5).jpg;758
2791;2016;93;MANDRILLS BKB_93_20190804_id93_femadu_(6).jpg;775
2534;2030;93;MANDRILLS BKB_93_20190818_id93_femadu_(10).jpg;504
2389;2030;93;MANDRILLS BKB_93_20190818_id93_femadu_(11).jpg;359
2774;2030;93;MANDRILLS BKB_93_20190818_id93_femadu_(4).jpg;744
2087;2030;93;MANDRILLS BKB_93_20190818_id93_femadu_(8).jpg;57
2470;2030;93;MANDRILLS BKB_93_20190818_id93_femadu_(9).jpg;440
2963;2069;93;MANDRILLS BKB_93_20190926_id93_femadu_DROITE_(2).jpg;894
2913;2069;93;MANDRILLS BKB_93_20190926_id93_femadu_DROITE_(3).jpg;844
2971;2069;93;MANDRILLS BKB_93_20190926_id93_femadu_DROITE_(4).jpg;902
2737;2144;93;MANDRILLS BKB_93_20191210_id93_femadu_(1).jpg;593
2729;2144;93;MANDRILLS BKB_93_20191210_id93_femadu_(2).jpg;585
2803;2149;93;MANDRILLS BKB_93_20191215_id93_femadu.jpg;654
2475;2182;93;MANDRILLS BKB_93_20200117_id93_femadu.jpg;293
2703;2220;93;MANDRILLS BKB_93_20200224_id93_femadu_(1).jpg;483
2642;2292;93;MANDRILLS BKB_93_20200506_id93_femadu.jpg;350
2662;2460;93;MANDRILLS BKB_93_20201021_id93_femadu_(1).jpg;202
2730;2460;93;MANDRILLS BKB_93_20201021_id93_femadu_(2).jpg;270
2661;2460;93;MANDRILLS BKB_93_20201021_id93_femadu_(3).jpg;201
2648;2460;93;MANDRILLS BKB_93_20201021_id93_femadu_(4).jpg;188
2643;2460;93;MANDRILLS BKB_93_20201021_id93_femadu_(5).jpg;183
2700;2460;93;MANDRILLS BKB_93_20201021_id93_femadu_(6).jpg;240
2765;2461;93;MANDRILLS BKB_93_20201022_id93_femadu_(1).jpg;304
2690;2461;93;MANDRILLS BKB_93_20201022_id93_femadu_(2).jpg;229
2673;2461;93;MANDRILLS BKB_93_20201022_id93_femadu_(3).jpg;212
2625;2461;93;MANDRILLS BKB_93_20201022_id93_femadu_(4).jpg;164
2733;2461;93;MANDRILLS BKB_93_20201022_id93_femadu_(5).jpg;272
2676;2461;93;MANDRILLS BKB_93_20201022_id93_femadu_(6).jpg;215
2580;2461;93;MANDRILLS BKB_93_20201022_id93_femadu_(7).jpg;119
2816;2462;93;MANDRILLS BKB_93_20201023_id93_femadu_(1).jpg;354
2796;2462;93;MANDRILLS BKB_93_20201023_id93_femadu_(2).jpg;334
2720;2462;93;MANDRILLS BKB_93_20201023_id93_femadu_(3).jpg;258
2773;2462;93;MANDRILLS BKB_93_20201023_id93_femadu_(4).jpg;311
2791;2467;93;MANDRILLS BKB_93_20201028_id93_femadu_(1).jpg;324
2617;2467;93;MANDRILLS BKB_93_20201028_id93_femadu_(2).jpg;150
2691;2467;93;MANDRILLS BKB_93_20201028_id93_femadu_(3).jpg;224
2784;2477;93;MANDRILLS BKB_93_20201107_id93_femadu_(2).jpg;307
2740;2477;93;MANDRILLS BKB_93_20201107_id93_femadu_(3).jpg;263
2908;2494;93;MANDRILLS BKB_93_20201124_id93_femadu_(1).jpg;414
2894;2494;93;MANDRILLS BKB_93_20201124_id93_femadu_(1b).jpg;400
2890;2494;93;MANDRILLS BKB_93_20201124_id93_femadu_(2).jpg;396
2853;2494;93;MANDRILLS BKB_93_20201124_id93_femadu_(2b).jpg;359
2921;2494;93;MANDRILLS BKB_93_20201124_id93_femadu_(3).jpg;427
2781;2513;93;MANDRILLS BKB_93_20201213_id93_femadu_(1).jpg;268
2686;2513;93;MANDRILLS BKB_93_20201213_id93_femadu_(2).jpg;173
2728;2513;93;MANDRILLS BKB_93_20201213_id93_femadu_(3).jpg;215
2816;2513;93;MANDRILLS BKB_93_20201213_id93_femadu_(4).jpg;303
2851;2513;93;MANDRILLS BKB_93_20201213_id93_femadu_(5).jpg;338
2778;2513;93;MANDRILLS BKB_93_20201213_id93_femadu_(6).jpg;265
2906;2517;93;MANDRILLS BKB_93_20201217_id93_femadu_(1).jpg;389
2975;2517;93;MANDRILLS BKB_93_20201217_id93_femadu_(2).jpg;458
2933;2517;93;MANDRILLS BKB_93_20201217_id93_femadu_(3).jpg;416
2912;2517;93;MANDRILLS BKB_93_20201217_id93_femadu_(4).jpg;395
2922;2535;93;MANDRILLS BKB_93_20210104_id93_femadu.jpg;387
2899;2538;93;MANDRILLS BKB_93_20210107_id93_femadu_(1).jpg;361
2873;2538;93;MANDRILLS BKB_93_20210107_id93_femadu_(2).jpg;335
2961;2538;93;MANDRILLS BKB_93_20210107_id93_femadu_(3).jpg;423
2891;2538;93;MANDRILLS BKB_93_20210107_id93_femadu_(4).jpg;353
2787;2538;93;MANDRILLS BKB_93_20210107_id93_femadu_(5).jpg;249
2837;2538;93;MANDRILLS BKB_93_20210107_id93_femadu_(6).jpg;299
2882;2538;93;MANDRILLS BKB_93_20210107_id93_femadu_(7).jpg;344
2653;2560;93;MANDRILLS BKB_93_20210129_id93_femadu_(1).jpg;93
2637;2560;93;MANDRILLS BKB_93_20210129_id93_femadu_(2).jpg;77
2714;2560;93;MANDRILLS BKB_93_20210129_id93_femadu_(3).jpg;154
2699;2560;93;MANDRILLS BKB_93_20210129_id93_femadu_(4).jpg;139
2219;2560;93;MANDRILLS BKB_93_20210129_id93_femadu_(5).jpg;341
2570;2560;93;MANDRILLS BKB_93_20210129_id93_femadu_(6).jpg;10
2730;2565;93;MANDRILLS BKB_93_20210203_id93_femadu.jpg;165
2696;2565;93;MANDRILLS BKB_93_20210203_id93_femadu_(1).jpg;131
2830;2565;93;MANDRILLS BKB_93_20210203_id93_femadu_(2).jpg;265
2630;2574;93;MANDRILLS BKB_93_20210212_id93_femadu_(1).jpg;56
2631;2574;93;MANDRILLS BKB_93_20210212_id93_femadu_(2).jpg;57
2767;2588;93;MANDRILLS BKB_93_20210226_id93_femadu.jpg;179
2599;2619;93;MANDRILLS BKB_93_20210329_id93_femadu.jpg;20
2842;2626;93;MANDRILLS BKB_93_20210405_id93_femadu_(1).jpg;216
2779;2626;93;MANDRILLS BKB_93_20210405_id93_femadu_(2).jpg;153
2753;2631;93;MANDRILLS BKB_93_20210410_id93_femadu.jpg;122
2831;2644;93;MANDRILLS BKB_93_20210423_id93_femadu.jpg;187
3018;2809;93;MANDRILLS BKB_93_20211005_id93_femadu_(1).jpg;209
2818;2810;93;MANDRILLS BKB_93_20211006_id93_femadu.jpg;8
2828;2833;93;MANDRILLS BKB_93_20211029_id93_femadu.jpg;5
2988;2837;93;MANDRILLS BKB_93_20211102_id93_femadu_(1).jpg;151
3018;2837;93;MANDRILLS BKB_93_20211102_id93_femadu_(2).jpg;181
3026;2869;93;MANDRILLS BKB_93_20211204_ID93_femadu_(1).jpg;157
3116;2869;93;MANDRILLS BKB_93_20211204_ID93_femadu_(3).jpg;247
2919;2882;93;MANDRILLS BKB_93_20211217_id93_femadu_(1).jpg;37
2986;2882;93;MANDRILLS BKB_93_20211217_id93_femadu_(2).jpg;104
3072;2882;93;MANDRILLS BKB_93_20211217_id93_femadu_(3).jpg;190
2536;2887;93;MANDRILLS BKB_93_20211222_id93_femadu.jpg;351
3204;2928;93;MANDRILLS BKB_93_20220201_id93_femadu (2).jpg;276
3000;2928;93;MANDRILLS BKB_93_20220201_id93_femadu (3).jpg;72
3000;2928;93;MANDRILLS BKB_93_20220201_id93_femadu (4).jpg;72
2984;2928;93;MANDRILLS BKB_93_20220201_id93_femadu.jpg;56
3049;2943;93;MANDRILLS BKB_93_20220216_id93_femadu (3).jpg;106
2993;2953;93;MANDRILLS BKB_93_20220226_id93_femadu (1).jpg;40
3006;2953;93;MANDRILLS BKB_93_20220226_id93_femadu (2).jpg;53
2943;2953;93;MANDRILLS BKB_93_20220226_id93_femadu (3).jpg;10
3094;2953;93;MANDRILLS BKB_93_20220226_id93_femadu (4).jpg;141
2907;2953;93;MANDRILLS BKB_93_20220226_id93_femadu.jpg;46
3209;2977;93;MANDRILLS BKB_93_20220322_id93_femadu (1).jpg;232
3055;2977;93;MANDRILLS BKB_93_20220322_id93_femadu (2).jpg;78
3009;2978;93;MANDRILLS BKB_93_20220323_id93_femadu.jpg;31
3066;2985;93;MANDRILLS BKB_93_20220330_id93_femadu.jpg;81
3208;3012;93;MANDRILLS BKB_93_20220426_id93_femadu (1).jpg;196
2928;3012;93;MANDRILLS BKB_93_20220426_id93_femadu (2).jpg;84
3020;3025;93;MANDRILLS BKB_93_20220509_id93_femadu.jpg;5
2918;3032;93;MANDRILLS BKB_93_20220516_id93_femadu (1).jpg;114
3047;3032;93;MANDRILLS BKB_93_20220516_id93_femadu.jpg;15
3085;3034;93;MANDRILLS BKB_93_20220518_id93_femadu.jpg;51
3127;3040;93;MANDRILLS BKB_93_20220524_id93_femadu (2).jpg;87
3172;3040;93;MANDRILLS BKB_93_20220524_id93_femadu.jpg;132
3125;3067;93;MANDRILLS BKB_93_20220620_id93_femadu (1).jpg;58
3218;3067;93;MANDRILLS BKB_93_20220620_id93_femadu (2).jpg;151
3377;3068;93;MANDRILLS BKB_93_20220621_id93_femadu.jpg;309
3074;3076;93;MANDRILLS BKB_93_20220629_id93.jpg;2
3047;3078;93;MANDRILLS BKB_93_20220701_id93.jpg;31
3070;3083;93;MANDRILLS BKB_93_20220706_id93.jpg;13
3169;3093;93;MANDRILLS BKB_93_20220716_id93 (2).jpg;76
3144;3093;93;MANDRILLS BKB_93_20220716_id93.jpg;51
3166;3093;93;MANDRILLS BKB_93_20220716_id93_femadu.jpg;73
3182;3102;93;MANDRILLS BKB_93_20220725_id93.jpg;80
3117;3103;93;MANDRILLS BKB_93_20220726_id93.jpg;14
3184;3110;93;MANDRILLS BKB_93_20220802_id93.jpg;74
3166;3111;93;MANDRILLS BKB_93_20220803_id93 (2).jpg;55
3176;3111;93;MANDRILLS BKB_93_20220803_id93 (4).jpg;65
3129;3113;93;MANDRILLS BKB_93_20220805_id93 (2).jpg;16
3124;3117;93;MANDRILLS BKB_93_20220809_id93.jpg;7
3084;3120;93;MANDRILLS BKB_93_20220812_id93 (1).jpg;36
3209;3120;93;MANDRILLS BKB_93_20220812_id93 (2).jpg;89
3140;3120;93;MANDRILLS BKB_93_20220812_id93.jpg;20
2911;3144;93;MANDRILLS BKB_93_20220905_id93.jpg;233
3211;3150;93;MANDRILLS BKB_93_20220911_id93.jpg;61
3095;3151;93;MANDRILLS BKB_93_20220912_id93.jpg;56
3097;3157;93;MANDRILLS BKB_93_20220918_id93 (1).jpg;60
3160;3157;93;MANDRILLS BKB_93_20220918_id93 (2).jpg;3
3016;3159;93;MANDRILLS BKB_93_20220920_id93.jpg;143
3138;3165;93;MANDRILLS BKB_93_20220926_id93.jpg;27
3175;3188;93;MANDRILLS BKB_93_20221019_id93 (1).jpg;13
3192;3188;93;MANDRILLS BKB_93_20221019_id93 (2).jpg;4
3175;3196;93;MANDRILLS BKB_93_20221027_id93.jpg;21
3107;3236;93;MANDRILLS BKB_93_20221206_id93 (1).jpg;129
3078;3248;93;MANDRILLS BKB_93_20221218_id93.jpg;170
3100;3252;93;MANDRILLS BKB_93_20221222_id93.jpg;152
593;529;101;MANDRILLS BKB_101_20140703_id101_maljuv_(1)_ORIGINAL.jpg;64
586;529;101;MANDRILLS BKB_101_20140703_id101_maljuv_(2)_ORIGINAL.jpg;57
576;529;101;MANDRILLS BKB_101_20140703_id101_maljuv_(3)_ORIGINAL.jpg;47
630;529;101;MANDRILLS BKB_101_20140703_id101_maljuv_(4)_ORIGINAL.jpg;101
2010;1963;101;MANDRILLS BKB_101_20180606_id101_malado_(1)_ORIGINAL.jpg;47
1906;1963;101;MANDRILLS BKB_101_20180606_id101_malado_(3)_ORIGINAL.jpg;57
2032;2003;101;MANDRILLS BKB_101_20180716_id101_malado_(1)_ORIGINAL.jpg;29
2015;2003;101;MANDRILLS BKB_101_20180716_id101_malado_(10)_ORIGINAL.jpg;12
2049;2003;101;MANDRILLS BKB_101_20180716_id101_malado_(12)_ORIGINAL.jpg;46
2062;2003;101;MANDRILLS BKB_101_20180716_id101_malado_(13)_ORIGINAL.jpg;59
2058;2003;101;MANDRILLS BKB_101_20180716_id101_malado_(16)_ORIGINAL.jpg;55
1998;2003;101;MANDRILLS BKB_101_20180716_id101_malado_(17)_ORIGINAL.jpg;5
1976;2003;101;MANDRILLS BKB_101_20180716_id101_malado_(3)_ORIGINAL.jpg;27
2050;2003;101;MANDRILLS BKB_101_20180716_id101_malado_(4)_ORIGINAL.jpg;47
1986;2003;101;MANDRILLS BKB_101_20180716_id101_malado_(5)_ORIGINAL.jpg;17
2097;2003;101;MANDRILLS BKB_101_20180716_id101_malado_(9)_ORIGINAL.jpg;94
2151;2087;101;MANDRILLS BKB_101_20181008_id101_malado_(1)_ORIGINAL.jpg;64
2085;2087;101;MANDRILLS BKB_101_20181008_id101_malado_(2)_ORIGINAL.jpg;2
2110;2087;101;MANDRILLS BKB_101_20181008_id101_malado_(3)_ORIGINAL.jpg;23
2145;2087;101;MANDRILLS BKB_101_20181008_id101_malado_(4)_ORIGINAL.jpg;58
2155;2087;101;MANDRILLS BKB_101_20181008_id101_malado_(5)_ORIGINAL.jpg;68
2167;2087;101;MANDRILLS BKB_101_20181008_id101_malado_(6)_ORIGINAL.jpg;80
2162;2087;101;MANDRILLS BKB_101_20181008_id101_malado_(7)_ORIGINAL.jpg;75
2139;2087;101;MANDRILLS BKB_101_20181008_id101_malado_(8)_ORIGINAL.jpg;52
2388;2146;101;MANDRILLS BKB_101_20181206_id101_malado_(1)_ORIGINAL.jpg;242
2183;2146;101;MANDRILLS BKB_101_20181206_id101_malado_(2)_ORIGINAL.jpg;37
2179;2146;101;MANDRILLS BKB_101_20181206_id101_malado_(3)_ORIGINAL.jpg;33
2345;2146;101;MANDRILLS BKB_101_20181206_id101_malado_(4)_ORIGINAL.jpg;199
2301;2146;101;MANDRILLS BKB_101_20181206_id101_malado_(5)_ORIGINAL.jpg;155
2357;2247;101;MANDRILLS BKB_101_20190317_id101_malado_(1).jpg;110
2244;2247;101;MANDRILLS BKB_101_20190317_id101_malado_(2).jpg;3
2424;2247;101;MANDRILLS BKB_101_20190317_id101_malado_(3).jpg;177
2262;2247;101;MANDRILLS BKB_101_20190317_id101_malado_(4).jpg;15
2360;2247;101;MANDRILLS BKB_101_20190317_id101_malado_(5).jpg;113
2392;2360;101;MANDRILLS BKB_101_20190708_id101_malado_(15).jpg;32
2538;2360;101;MANDRILLS BKB_101_20190708_id101_malado_(16).jpg;178
2593;2360;101;MANDRILLS BKB_101_20190708_id101_malado_(17).jpg;233
2540;2360;101;MANDRILLS BKB_101_20190708_id101_malado_(18).jpg;180
2576;2360;101;MANDRILLS BKB_101_20190708_id101_malado_(19).jpg;216
2316;2360;101;MANDRILLS BKB_101_20190708_id101_malado_(20).jpg;44
2312;2360;101;MANDRILLS BKB_101_20190708_id101_malado_(21).jpg;48
2466;2360;101;MANDRILLS BKB_101_20190708_id101_malado_(22).jpg;106
2390;2360;101;MANDRILLS BKB_101_20190708_id101_malado_(24).jpg;30
2433;2360;101;MANDRILLS BKB_101_20190708_id101_malado_(25).jpg;73
2335;2360;101;MANDRILLS BKB_101_20190708_id101_malado_(26).jpg;25
2394;2360;101;MANDRILLS BKB_101_20190708_id101_malado_(27).jpg;34
2459;2360;101;MANDRILLS BKB_101_20190708_id101_malado_(28).jpg;99
2447;2360;101;MANDRILLS BKB_101_20190708_id101_malado_(29).jpg;87
2397;2360;101;MANDRILLS BKB_101_20190708_id101_malado_(5).jpg;37
2365;2360;101;MANDRILLS BKB_101_20190708_id101_malado_(9).jpg;5
2534;2489;101;MANDRILLS BKB_101_20191114_id101_malado.jpg;45
2633;2663;101;MANDRILLS BKB_101_20200506_id101_malsub_(1).jpg;30
2580;2663;101;MANDRILLS BKB_101_20200506_id101_malsub_(2).jpg;83
2746;2832;101;MANDRILLS BKB_101_20201022_id101_malsub_(1).jpg;86
2751;2832;101;MANDRILLS BKB_101_20201022_id101_malsub_(2).jpg;81
2863;2845;101;MANDRILLS BKB_101_20201104_id101_malsub_(1).jpg;18
2733;2845;101;MANDRILLS BKB_101_20201104_id101_malsub_(2).jpg;112
2838;2845;101;MANDRILLS BKB_101_20201104_id101_malsub_(3).jpg;7
2807;2845;101;MANDRILLS BKB_101_20201104_id101_malsub_(4).jpg;38
2923;2845;101;MANDRILLS BKB_101_20201104_id101_malsub_(5).jpg;78
773;823;1018;MANDRILLS BKB_1018_20180726_id1018_femjuvDROITE_(1)_ORIGINAL.jpg;50
821;823;1018;MANDRILLS BKB_1018_20180726_id1018_femjuvDROITE_(10)_ORIGINAL.jpg;2
788;823;1018;MANDRILLS BKB_1018_20180726_id1018_femjuvDROITE_(11)_ORIGINAL.jpg;35
729;823;1018;MANDRILLS BKB_1018_20180726_id1018_femjuvDROITE_(12)_ORIGINAL.jpg;94
928;823;1018;MANDRILLS BKB_1018_20180726_id1018_femjuvDROITE_(13)_ORIGINAL.jpg;105
807;823;1018;MANDRILLS BKB_1018_20180726_id1018_femjuvDROITE_(14)_ORIGINAL.jpg;16
796;823;1018;MANDRILLS BKB_1018_20180726_id1018_femjuvDROITE_(15)_ORIGINAL.jpg;27
698;823;1018;MANDRILLS BKB_1018_20180726_id1018_femjuvDROITE_(16)_ORIGINAL.jpg;125
748;823;1018;MANDRILLS BKB_1018_20180726_id1018_femjuvDROITE_(20)_ORIGINAL.jpg;75
828;823;1018;MANDRILLS BKB_1018_20180726_id1018_femjuvDROITE_(9)_ORIGINAL.jpg;5
720;549;104;MANDRILLS BKB_104_20140708_id104_femjuv_(1)_ORIGINAL.jpg;171
675;549;104;MANDRILLS BKB_104_20140708_id104_femjuv_(2)_ORIGINAL.jpg;126
714;549;104;MANDRILLS BKB_104_20140708_id104_femjuv_(3)_ORIGINAL.jpg;165
1410;1211;104;MANDRILLS BKB_104_20160430_id104_femjuv_(1)_ORIGINAL.jpg;199
1228;1211;104;MANDRILLS BKB_104_20160430_id104_femjuv_(2)_ORIGINAL.jpg;17
1479;1378;104;MANDRILLS BKB_104_20161014_id104_femjuv_ORIGINAL.jpg;101
1535;1585;104;MANDRILLS BKB_104_20170509_id104_femadu_(1)_ORIGINAL.jpg;50
1516;1585;104;MANDRILLS BKB_104_20170509_id104_femadu_(10)_ORIGINAL.jpg;69
1625;1585;104;MANDRILLS BKB_104_20170509_id104_femadu_(11)_ORIGINAL.jpg;40
1528;1585;104;MANDRILLS BKB_104_20170509_id104_femadu_(12)_ORIGINAL.jpg;57
1692;1585;104;MANDRILLS BKB_104_20170509_id104_femadu_(13)_ORIGINAL.jpg;107
1761;1585;104;MANDRILLS BKB_104_20170509_id104_femadu_(14)_ORIGINAL.jpg;176
1862;1585;104;MANDRILLS BKB_104_20170509_id104_femadu_(15)_ORIGINAL.jpg;277
1587;1585;104;MANDRILLS BKB_104_20170509_id104_femadu_(16)_ORIGINAL.jpg;2
1585;1585;104;MANDRILLS BKB_104_20170509_id104_femadu_(17)_ORIGINAL.jpg;0
1533;1585;104;MANDRILLS BKB_104_20170509_id104_femadu_(18)_ORIGINAL.jpg;52
1465;1585;104;MANDRILLS BKB_104_20170509_id104_femadu_(19)_ORIGINAL.jpg;120
1566;1585;104;MANDRILLS BKB_104_20170509_id104_femadu_(2)_ORIGINAL.jpg;19
1507;1585;104;MANDRILLS BKB_104_20170509_id104_femadu_(20)_ORIGINAL.jpg;78
1539;1585;104;MANDRILLS BKB_104_20170509_id104_femadu_(21)_ORIGINAL.jpg;46
1518;1585;104;MANDRILLS BKB_104_20170509_id104_femadu_(22)_ORIGINAL.jpg;67
1610;1585;104;MANDRILLS BKB_104_20170509_id104_femadu_(23)_ORIGINAL.jpg;25
1544;1585;104;MANDRILLS BKB_104_20170509_id104_femadu_(24)_ORIGINAL.jpg;41
1603;1585;104;MANDRILLS BKB_104_20170509_id104_femadu_(25)_ORIGINAL.jpg;18
1501;1585;104;MANDRILLS BKB_104_20170509_id104_femadu_(26)_ORIGINAL.jpg;84
1486;1585;104;MANDRILLS BKB_104_20170509_id104_femadu_(27)_ORIGINAL.jpg;99
1628;1585;104;MANDRILLS BKB_104_20170509_id104_femadu_(28)_ORIGINAL.jpg;43
1650;1585;104;MANDRILLS BKB_104_20170509_id104_femadu_(3)_ORIGINAL.jpg;65
1704;1585;104;MANDRILLS BKB_104_20170509_id104_femadu_(4)_ORIGINAL.jpg;119
1585;1585;104;MANDRILLS BKB_104_20170509_id104_femadu_(5)_ORIGINAL.jpg;0
1503;1585;104;MANDRILLS BKB_104_20170509_id104_femadu_(6)_ORIGINAL.jpg;82
1586;1585;104;MANDRILLS BKB_104_20170509_id104_femadu_(7)_ORIGINAL.jpg;1
1704;1585;104;MANDRILLS BKB_104_20170509_id104_femadu_(8)_ORIGINAL.jpg;119
1432;1585;104;MANDRILLS BKB_104_20170509_id104_femadu_(9)_ORIGINAL.jpg;153
1502;1588;104;MANDRILLS BKB_104_20170512_id104_femadu_(1)_ORIGINAL.jpg;86
1601;1588;104;MANDRILLS BKB_104_20170512_id104_femadu_(10)_ORIGINAL.jpg;13
1719;1588;104;MANDRILLS BKB_104_20170512_id104_femadu_(11)_ORIGINAL.jpg;131
1567;1588;104;MANDRILLS BKB_104_20170512_id104_femadu_(12)_ORIGINAL.jpg;21
1531;1588;104;MANDRILLS BKB_104_20170512_id104_femadu_(13)_ORIGINAL.jpg;57
1517;1588;104;MANDRILLS BKB_104_20170512_id104_femadu_(14)_ORIGINAL.jpg;71
1578;1588;104;MANDRILLS BKB_104_20170512_id104_femadu_(15)_ORIGINAL.jpg;10
1637;1588;104;MANDRILLS BKB_104_20170512_id104_femadu_(16)_ORIGINAL.jpg;49
1643;1588;104;MANDRILLS BKB_104_20170512_id104_femadu_(17)_ORIGINAL.jpg;55
1618;1588;104;MANDRILLS BKB_104_20170512_id104_femadu_(18)_ORIGINAL.jpg;30
1618;1588;104;MANDRILLS BKB_104_20170512_id104_femadu_(19)_ORIGINAL.jpg;30
1645;1588;104;MANDRILLS BKB_104_20170512_id104_femadu_(20)_ORIGINAL.jpg;57
1665;1588;104;MANDRILLS BKB_104_20170512_id104_femadu_(21)_ORIGINAL.jpg;77
1612;1588;104;MANDRILLS BKB_104_20170512_id104_femadu_(22)_ORIGINAL.jpg;24
1634;1588;104;MANDRILLS BKB_104_20170512_id104_femadu_(23)_ORIGINAL.jpg;46
1652;1588;104;MANDRILLS BKB_104_20170512_id104_femadu_(24)_ORIGINAL.jpg;64
1658;1588;104;MANDRILLS BKB_104_20170512_id104_femadu_(25)_ORIGINAL.jpg;70
1681;1588;104;MANDRILLS BKB_104_20170512_id104_femadu_(26)_ORIGINAL.jpg;93
1654;1588;104;MANDRILLS BKB_104_20170512_id104_femadu_(27)_ORIGINAL.jpg;66
1538;1588;104;MANDRILLS BKB_104_20170512_id104_femadu_(28)_ORIGINAL.jpg;50
1582;1588;104;MANDRILLS BKB_104_20170512_id104_femadu_(29)_ORIGINAL.jpg;6
1654;1588;104;MANDRILLS BKB_104_20170512_id104_femadu_(30)_ORIGINAL.jpg;66
1539;1588;104;MANDRILLS BKB_104_20170512_id104_femadu_(31)_ORIGINAL.jpg;49
1635;1588;104;MANDRILLS BKB_104_20170512_id104_femadu_(32)_ORIGINAL.jpg;47
1634;1588;104;MANDRILLS BKB_104_20170512_id104_femadu_(33)_ORIGINAL.jpg;46
1626;1588;104;MANDRILLS BKB_104_20170512_id104_femadu_(34)_ORIGINAL.jpg;38
1559;1588;104;MANDRILLS BKB_104_20170512_id104_femadu_(35)_ORIGINAL.jpg;29
1644;1588;104;MANDRILLS BKB_104_20170512_id104_femadu_(36)_ORIGINAL.jpg;56
1628;1588;104;MANDRILLS BKB_104_20170512_id104_femadu_(37)_ORIGINAL.jpg;40
1603;1588;104;MANDRILLS BKB_104_20170512_id104_femadu_(38)_ORIGINAL.jpg;15
1628;1588;104;MANDRILLS BKB_104_20170512_id104_femadu_(39)_ORIGINAL.jpg;40
1588;1588;104;MANDRILLS BKB_104_20170512_id104_femadu_(40)_ORIGINAL.jpg;0
1577;1588;104;MANDRILLS BKB_104_20170512_id104_femadu_(41)_ORIGINAL.jpg;11
1679;1588;104;MANDRILLS BKB_104_20170512_id104_femadu_(42)_ORIGINAL.jpg;91
1643;1588;104;MANDRILLS BKB_104_20170512_id104_femadu_(43)_ORIGINAL.jpg;55
1670;1588;104;MANDRILLS BKB_104_20170512_id104_femadu_(44)_ORIGINAL.jpg;82
1745;1588;104;MANDRILLS BKB_104_20170512_id104_femadu_(45)_ORIGINAL.jpg;157
1690;1588;104;MANDRILLS BKB_104_20170512_id104_femadu_(46)_ORIGINAL.jpg;102
1710;1588;104;MANDRILLS BKB_104_20170512_id104_femadu_(47)_ORIGINAL.jpg;122
1615;1588;104;MANDRILLS BKB_104_20170512_id104_femadu_(48)_ORIGINAL.jpg;27
1656;1588;104;MANDRILLS BKB_104_20170512_id104_femadu_(49)_ORIGINAL.jpg;68
1671;1588;104;MANDRILLS BKB_104_20170512_id104_femadu_(50)_ORIGINAL.jpg;83
1565;1588;104;MANDRILLS BKB_104_20170512_id104_femadu_(51)_ORIGINAL.jpg;23
1553;1588;104;MANDRILLS BKB_104_20170512_id104_femadu_(52)_ORIGINAL.jpg;35
1633;1588;104;MANDRILLS BKB_104_20170512_id104_femadu_(53)_ORIGINAL.jpg;45
1597;1588;104;MANDRILLS BKB_104_20170512_id104_femadu_(54)_ORIGINAL.jpg;9
1418;1588;104;MANDRILLS BKB_104_20170512_id104_femadu_(55)_ORIGINAL.jpg;170
1913;1588;104;MANDRILLS BKB_104_20170512_id104_femadu_(57)_ORIGINAL.jpg;325
1536;1588;104;MANDRILLS BKB_104_20170512_id104_femadu_(58)_ORIGINAL.jpg;52
1660;1588;104;MANDRILLS BKB_104_20170512_id104_femadu_(59)_ORIGINAL.jpg;72
1533;1588;104;MANDRILLS BKB_104_20170512_id104_femadu_(6)_ORIGINAL.jpg;55
1531;1588;104;MANDRILLS BKB_104_20170512_id104_femadu_(60)_ORIGINAL.jpg;57
1641;1588;104;MANDRILLS BKB_104_20170512_id104_femadu_(61)_ORIGINAL.jpg;53
1653;1588;104;MANDRILLS BKB_104_20170512_id104_femadu_(7)_ORIGINAL.jpg;65
1611;1588;104;MANDRILLS BKB_104_20170512_id104_femadu_(8)_ORIGINAL.jpg;23
1531;1588;104;MANDRILLS BKB_104_20170512_id104_femadu_(9)_ORIGINAL.jpg;57
1810;2009;104;MANDRILLS BKB_104_20180707_id104_femadu_(1)_ORIGINAL.jpg;199
1690;2009;104;MANDRILLS BKB_104_20180707_id104_femadu_(10)_ORIGINAL.jpg;319
1669;2009;104;MANDRILLS BKB_104_20180707_id104_femadu_(11)_ORIGINAL.jpg;340
1732;2009;104;MANDRILLS BKB_104_20180707_id104_femadu_(12)_ORIGINAL.jpg;277
1764;2009;104;MANDRILLS BKB_104_20180707_id104_femadu_(15)_ORIGINAL.jpg;245
1749;2009;104;MANDRILLS BKB_104_20180707_id104_femadu_(17)_ORIGINAL.jpg;260
1693;2009;104;MANDRILLS BKB_104_20180707_id104_femadu_(2)_ORIGINAL.jpg;316
1603;2009;104;MANDRILLS BKB_104_20180707_id104_femadu_(21)_ORIGINAL.jpg;406
1750;2009;104;MANDRILLS BKB_104_20180707_id104_femadu_(22)_ORIGINAL.jpg;259
1660;2009;104;MANDRILLS BKB_104_20180707_id104_femadu_(23)_ORIGINAL.jpg;349
1704;2009;104;MANDRILLS BKB_104_20180707_id104_femadu_(24)_ORIGINAL.jpg;305
1659;2009;104;MANDRILLS BKB_104_20180707_id104_femadu_(25)_ORIGINAL.jpg;350
1681;2009;104;MANDRILLS BKB_104_20180707_id104_femadu_(26)_ORIGINAL.jpg;328
1767;2009;104;MANDRILLS BKB_104_20180707_id104_femadu_(27)_ORIGINAL.jpg;242
1634;2009;104;MANDRILLS BKB_104_20180707_id104_femadu_(28)_ORIGINAL.jpg;375
1740;2009;104;MANDRILLS BKB_104_20180707_id104_femadu_(29)_ORIGINAL.jpg;269
1696;2009;104;MANDRILLS BKB_104_20180707_id104_femadu_(3)_ORIGINAL.jpg;313
1740;2009;104;MANDRILLS BKB_104_20180707_id104_femadu_(30)_ORIGINAL.jpg;269
1682;2009;104;MANDRILLS BKB_104_20180707_id104_femadu_(4)_ORIGINAL.jpg;327
1683;2009;104;MANDRILLS BKB_104_20180707_id104_femadu_(5)_ORIGINAL.jpg;326
1703;2009;104;MANDRILLS BKB_104_20180707_id104_femadu_(6)_ORIGINAL.jpg;306
1647;2009;104;MANDRILLS BKB_104_20180707_id104_femadu_(8)_ORIGINAL.jpg;362
1683;2021;104;MANDRILLS BKB_104_20180719_id104_femadu_(1)_ORIGINAL.jpg;338
1661;2021;104;MANDRILLS BKB_104_20180719_id104_femadu_(10)_ORIGINAL.jpg;360
1645;2021;104;MANDRILLS BKB_104_20180719_id104_femadu_(11)_ORIGINAL.jpg;376
1719;2021;104;MANDRILLS BKB_104_20180719_id104_femadu_(12)_ORIGINAL.jpg;302
1716;2021;104;MANDRILLS BKB_104_20180719_id104_femadu_(13)_ORIGINAL.jpg;305
1725;2021;104;MANDRILLS BKB_104_20180719_id104_femadu_(14)_ORIGINAL.jpg;296
1610;2021;104;MANDRILLS BKB_104_20180719_id104_femadu_(15)_ORIGINAL.jpg;411
1828;2021;104;MANDRILLS BKB_104_20180719_id104_femadu_(2)_ORIGINAL.jpg;193
1654;2021;104;MANDRILLS BKB_104_20180719_id104_femadu_(3)_ORIGINAL.jpg;367
1778;2021;104;MANDRILLS BKB_104_20180719_id104_femadu_(4)_ORIGINAL.jpg;243
1763;2021;104;MANDRILLS BKB_104_20180719_id104_femadu_(5)_ORIGINAL.jpg;258
1855;2021;104;MANDRILLS BKB_104_20180719_id104_femadu_(6)_ORIGINAL.jpg;166
1797;2021;104;MANDRILLS BKB_104_20180719_id104_femadu_(7)_ORIGINAL.jpg;224
1836;2021;104;MANDRILLS BKB_104_20180719_id104_femadu_(8)_ORIGINAL.jpg;185
1747;2021;104;MANDRILLS BKB_104_20180719_id104_femadu_(9)_ORIGINAL.jpg;274
1692;2032;104;MANDRILLS BKB_104_20180730_id104_femadu_(1)_ORIGINAL.jpg;340
1784;2032;104;MANDRILLS BKB_104_20180730_id104_femadu_(2)_ORIGINAL.jpg;248
1815;2032;104;MANDRILLS BKB_104_20180730_id104_femadu_(3)_ORIGINAL.jpg;217
1855;2032;104;MANDRILLS BKB_104_20180730_id104_femadu_(4)_ORIGINAL.jpg;177
1824;2032;104;MANDRILLS BKB_104_20180730_id104_femadu_(5)_ORIGINAL.jpg;208
1871;2032;104;MANDRILLS BKB_104_20180730_id104_femadu_(6)_ORIGINAL.jpg;161
1702;2032;104;MANDRILLS BKB_104_20180730_id104_femadu_(8)_ORIGINAL.jpg;330
2028;2227;104;MANDRILLS BKB_104_20190210_id104_femadu_(1)_ORIGINAL.jpg;199
1952;2227;104;MANDRILLS BKB_104_20190210_id104_femadu_(11)_ORIGINAL.jpg;275
1990;2227;104;MANDRILLS BKB_104_20190210_id104_femadu_(12)_ORIGINAL.jpg;237
2010;2227;104;MANDRILLS BKB_104_20190210_id104_femadu_(13)_ORIGINAL.jpg;217
2017;2227;104;MANDRILLS BKB_104_20190210_id104_femadu_(14)_ORIGINAL.jpg;210
1857;2227;104;MANDRILLS BKB_104_20190210_id104_femadu_(15)_ORIGINAL.jpg;370
2065;2227;104;MANDRILLS BKB_104_20190210_id104_femadu_(17)_ORIGINAL.jpg;162
1953;2227;104;MANDRILLS BKB_104_20190210_id104_femadu_(3)_ORIGINAL.jpg;274
1841;2227;104;MANDRILLS BKB_104_20190210_id104_femadu_(5)_ORIGINAL.jpg;386
1996;2227;104;MANDRILLS BKB_104_20190210_id104_femadu_(7)_ORIGINAL.jpg;231
1883;2227;104;MANDRILLS BKB_104_20190210_id104_femadu_(9)_ORIGINAL.jpg;344
2124;2257;104;MANDRILLS BKB_104_20190312_id104_femadu.jpg;133
1981;2262;104;MANDRILLS BKB_104_20190317_id104_femadu.jpg;281
1896;2262;104;MANDRILLS BKB_104_20190317_id104_femadu_HAUT_(1).jpg;366
2076;2264;104;MANDRILLS BKB_104_20190319_id104_femadu_(1).jpg;188
1896;2306;104;MANDRILLS BKB_104_20190430_id104_femadu_(2).jpg;410
2156;2306;104;MANDRILLS BKB_104_20190430_id104_femadu_(3).jpg;150
2102;2306;104;MANDRILLS BKB_104_20190430_id104_femadu_(4).jpg;204
2161;2306;104;MANDRILLS BKB_104_20190430_id104_femadu_(5).jpg;145
2160;2306;104;MANDRILLS BKB_104_20190430_id104_femadu_(6).jpg;146
1854;2396;104;MANDRILLS BKB_104_20190729_id104_femadu_(1).jpg;542
2062;2396;104;MANDRILLS BKB_104_20190729_id104_femadu_(5).jpg;334
2216;2396;104;MANDRILLS BKB_104_20190729_id104_femadu_(7).jpg;180
2147;2408;104;MANDRILLS BKB_104_20190810_id104_femadu_(1).jpg;261
1916;2455;104;MANDRILLS BKB_104_20190926_id104_femadu_(1).jpg;539
2008;2455;104;MANDRILLS BKB_104_20190926_id104_femadu_(2).jpg;447
1854;2487;104;MANDRILLS BKB_104_20191028_id104_femadu_(1).jpg;633
1804;2487;104;MANDRILLS BKB_104_20191028_id104_femadu_(2).jpg;683
2247;2535;104;MANDRILLS BKB_104_20191215_id104_femadu_(1).jpg;288
1959;2551;104;MANDRILLS BKB_104_20191231_id104_femadu_(1).jpg;592
1976;2551;104;MANDRILLS BKB_104_20191231_id104_femadu_(2).jpg;575
2344;2847;104;MANDRILLS BKB_104_20201022_id104_femadu_(1).jpg;503
2164;2847;104;MANDRILLS BKB_104_20201022_id104_femadu_(3).jpg;683
2109;2863;104;MANDRILLS BKB_104_20201107_id104_femadu.jpg;754
2283;2902;104;MANDRILLS BKB_104_20201216_id104_femadu_(1).jpg;619
2551;2902;104;MANDRILLS BKB_104_20201216_id104_femadu_(2).jpg;351
2214;2902;104;MANDRILLS BKB_104_20201216_id104_femadu_(3).jpg;688
2510;2908;104;MANDRILLS BKB_104_20201222_id104_femadu.jpg;398
2346;2946;104;MANDRILLS BKB_104_20210129_id104_femadu_(1).jpg;600
1896;2946;104;MANDRILLS BKB_104_20210129_id104_femadu_(3).jpg;1050
2107;2946;104;MANDRILLS BKB_104_20210129_id104_femadu_(4).jpg;839
2275;2974;104;MANDRILLS BKB_104_20210226_id104_femadu_(1).jpg;699
2236;2974;104;MANDRILLS BKB_104_20210226_id104_femadu_(2).jpg;738
2078;2977;104;MANDRILLS BKB_104_20210301_id104_femadu_(1).jpg;899
1888;2977;104;MANDRILLS BKB_104_20210301_id104_femadu_(2).jpg;1089
1983;2977;104;MANDRILLS BKB_104_20210301_id104_femadu_(3).jpg;994
2277;3009;104;MANDRILLS BKB_104_20210402_id104_femadu_(1).jpg;732
2332;3009;104;MANDRILLS BKB_104_20210402_id104_femadu_(2).jpg;677
2340;3009;104;MANDRILLS BKB_104_20210402_id104_femadu_(3).jpg;669
2216;3009;104;MANDRILLS BKB_104_20210402_id104_femadu_(4).jpg;793
2453;3017;104;MANDRILLS BKB_104_20210410_id104_femadu_(1).jpg;564
2414;3017;104;MANDRILLS BKB_104_20210410_id104_femadu_(2).jpg;603
2238;3017;104;MANDRILLS BKB_104_20210410_id104_femadu_(3).jpg;779
2205;3017;104;MANDRILLS BKB_104_20210410_id104_femadu_(4).jpg;812
2583;3090;104;MANDRILLS BKB_104_20210622_id104_femadu_(1).jpg;507
2407;3090;104;MANDRILLS BKB_104_20210622_id104_femadu_(2).jpg;683
2960;3164;104;MANDRILLS BKB_104_20210904_id104_femadu.jpg;204
2370;3172;104;MANDRILLS BKB_104_20210912_id104_femadu.jpg;802
1529;3196;104;MANDRILLS BKB_104_20211006_id104_femadu_(1).jpg;1667
2265;3196;104;MANDRILLS BKB_104_20211006_id104_femadu_(2).jpg;931
2478;3197;104;MANDRILLS BKB_104_20211007_id104_femadu_(1).jpg;719
2276;3197;104;MANDRILLS BKB_104_20211007_id104_femadu_(2).jpg;921
2233;3212;104;MANDRILLS BKB_104_20211022_id104_femadu.jpg;979
2533;3219;104;MANDRILLS BKB_104_20211029_id104_femadu_(1).jpg;686
2123;3219;104;MANDRILLS BKB_104_20211029_id104_femadu_(2).jpg;1096
3023;3232;104;MANDRILLS BKB_104_20211111_id104_femadu.jpg;209
2496;3240;104;MANDRILLS BKB_104_20211119_id104_femadu_(1).jpg;744
3281;3240;104;MANDRILLS BKB_104_20211119_id104_femadu_(2).jpg;41
2394;3247;104;MANDRILLS BKB_104_20211126_id104_femadu.jpg;853
3408;3261;104;MANDRILLS BKB_104_20211210_id104_femadu_(1).jpg;147
3091;3261;104;MANDRILLS BKB_104_20211210_id104_femadu_(2).jpg;170
3150;3270;104;MANDRILLS BKB_104_20211219_id104_femadu.jpg;120
2577;3271;104;MANDRILLS BKB_104_20211220_id104_femadu.jpg;694
2232;3314;104;MANDRILLS BKB_104_20220201_id104_femadu (1).jpg;1082
2318;3314;104;MANDRILLS BKB_104_20220201_id104_femadu (2).jpg;996
2215;3321;104;MANDRILLS BKB_104_20220208_id104_femadu.jpg;1106
2348;3324;104;MANDRILLS BKB_104_20220211_id104_femadu (1).jpg;976
2906;3324;104;MANDRILLS BKB_104_20220211_id104_femadu (2).jpg;418
3572;3336;104;MANDRILLS BKB_104_20220223_id104_femadu (1).jpg;236
3298;3336;104;MANDRILLS BKB_104_20220223_id104_femadu (2).jpg;38
2326;3336;104;MANDRILLS BKB_104_20220223_id104_femadu (3).jpg;1010
3223;3339;104;MANDRILLS BKB_104_20220226_id104_femadu (1).jpg;116
2667;3339;104;MANDRILLS BKB_104_20220226_id104_femadu (2).jpg;672
3490;3350;104;MANDRILLS BKB_104_20220309_id104_femadu (1).jpg;140
2609;3350;104;MANDRILLS BKB_104_20220309_id104_femadu (2).jpg;741
2276;3367;104;MANDRILLS BKB_104_20220326_id104_femadu.jpg;1091
3158;3398;104;MANDRILLS BKB_104_20220426_id104_femadu (1).jpg;240
3626;3406;104;MANDRILLS BKB_104_20220504_id104_femadu (2).jpg;220
2339;3406;104;MANDRILLS BKB_104_20220504_id104_femadu.jpg;1067
2929;3427;104;MANDRILLS BKB_104_20220525_id104_femadu.jpg;498
2126;3431;104;MANDRILLS BKB_104_20220529_id104_femadu.jpg;1305
3262;3455;104;MANDRILLS BKB_104_20220622_id104_femadu.jpg;193
3290;3462;104;MANDRILLS BKB_104_20220629_id104 (1).jpg;172
2797;3462;104;MANDRILLS BKB_104_20220629_id104 (2).jpg;665
3544;3464;104;MANDRILLS BKB_104_20220701_id104 (2).jpg;80
2361;3464;104;MANDRILLS BKB_104_20220701_id104 (3).jpg;1103
2257;3464;104;MANDRILLS BKB_104_20220701_id104 (5).jpg;1207
2183;3464;104;MANDRILLS BKB_104_20220701_id104.jpg;1281
2140;3472;104;MANDRILLS BKB_104_20220709_id104.jpg;1332
2502;3474;104;MANDRILLS BKB_104_20220711_id104.jpg;972
3608;3475;104;MANDRILLS BKB_104_20220712_id104.jpg;133
2500;3477;104;MANDRILLS BKB_104_20220714_id104_femadu.jpg;977
3349;3479;104;MANDRILLS BKB_104_20220716_id104 (2).jpg;130
2439;3479;104;MANDRILLS BKB_104_20220716_id104 (3).jpg;1040
3599;3479;104;MANDRILLS BKB_104_20220716_id104.jpg;120
3615;3480;104;MANDRILLS BKB_104_20220717_id104.jpg;135
2244;3484;104;MANDRILLS BKB_104_20220721_id104 (2).jpg;1240
3191;3484;104;MANDRILLS BKB_104_20220721_id104 (3).jpg;293
2189;3484;104;MANDRILLS BKB_104_20220721_id104.jpg;1295
3098;3492;104;MANDRILLS BKB_104_20220729_id104.jpg;394
2449;3506;104;MANDRILLS BKB_104_20220812_id104 (1).jpg;1057
2748;3506;104;MANDRILLS BKB_104_20220812_id104 (2).jpg;758
3343;3512;104;MANDRILLS BKB_104_20220818_id104.jpg;169
2771;3520;104;MANDRILLS BKB_104_20220826_id104.jpg;749
3376;3529;104;MANDRILLS BKB_104_20220904_id104 (1).jpg;153
2509;3529;104;MANDRILLS BKB_104_20220904_id104 (2).jpg;1020
2695;3530;104;MANDRILLS BKB_104_20220905_id104 (1).jpg;835
2283;3530;104;MANDRILLS BKB_104_20220905_id104 (2).jpg;1247
2682;3536;104;MANDRILLS BKB_104_20220911_id104.jpg;854
3684;3539;104;MANDRILLS BKB_104_20220914_id104.jpg;145
3175;3560;104;MANDRILLS BKB_104_20221005_id104 (1).jpg;385
2271;3560;104;MANDRILLS BKB_104_20221005_id104 (2).jpg;1289
2543;3577;104;MANDRILLS BKB_104_20221022_id104.jpg;1034
3413;3582;104;MANDRILLS BKB_104_20221027_id104.jpg;169
2544;3588;104;MANDRILLS BKB_104_20221102_id104.jpg;1044
2515;3616;104;MANDRILLS BKB_104_20221130_id104.jpg;1101
2970;3626;104;MANDRILLS BKB_104_20221210_id104.jpg;656
3588;3634;104;MANDRILLS BKB_104_20221218_id104 (2).jpg;46
3694;3634;104;MANDRILLS BKB_104_20221218_id104 (3).jpg;60
1924;3634;104;MANDRILLS BKB_104_20221218_id104.jpg;1710
3624;3637;104;MANDRILLS BKB_104_20221221_id104.jpg;13
3156;3061;14;MANDRILLS BKB_14_20120403_id14_femaduDERRIERE_(1)_ORIGINAL.jpg;95
3049;3061;14;MANDRILLS BKB_14_20120403_id14_femaduDERRIERE_(2)_ORIGINAL.jpg;12
3082;3061;14;MANDRILLS BKB_14_20120403_id14_femaduDERRIERE_(3)_ORIGINAL.jpg;21
3207;3061;14;MANDRILLS BKB_14_20120403_id14_femaduDERRIERE_(4)_ORIGINAL.jpg;146
3178;3061;14;MANDRILLS BKB_14_20120403_id14_femaduDERRIERE_(5)_ORIGINAL.jpg;117
2523;3077;14;MANDRILLS BKB_14_20120419_id14_femadu_(1)_ORIGINAL.jpg;554
2795;3077;14;MANDRILLS BKB_14_20120419_id14_femadu_(2)_ORIGINAL.jpg;282
2870;3077;14;MANDRILLS BKB_14_20120419_id14_femadu_(3)_ORIGINAL.jpg;207
2773;3077;14;MANDRILLS BKB_14_20120419_id14_femadu_(4)_ORIGINAL.jpg;304
2582;3077;14;MANDRILLS BKB_14_20120419_id14_femadu_(5)_ORIGINAL.jpg;495
2792;3077;14;MANDRILLS BKB_14_20120419_id14_femadu_(6)_ORIGINAL.jpg;285
2543;3077;14;MANDRILLS BKB_14_20120419_id14_femadu_(7)_ORIGINAL.jpg;534
1758;1932;148;MANDRILLS BKB_148_20180613_id148_malado_(1)_ORIGINAL.jpg;174
1781;1932;148;MANDRILLS BKB_148_20180613_id148_malado_(2)_ORIGINAL.jpg;151
2010;1951;148;MANDRILLS BKB_148_20180702_id148_malado_(1)_ORIGINAL.jpg;59
1750;1951;148;MANDRILLS BKB_148_20180702_id148_malado_(10)_ORIGINAL.jpg;201
1992;1951;148;MANDRILLS BKB_148_20180702_id148_malado_(11)_ORIGINAL.jpg;41
1883;1951;148;MANDRILLS BKB_148_20180702_id148_malado_(12)_ORIGINAL.jpg;68
1975;1951;148;MANDRILLS BKB_148_20180702_id148_malado_(13)_ORIGINAL.jpg;24
1755;1951;148;MANDRILLS BKB_148_20180702_id148_malado_(14)_ORIGINAL.jpg;196
1866;1951;148;MANDRILLS BKB_148_20180702_id148_malado_(15)_ORIGINAL.jpg;85
1947;1951;148;MANDRILLS BKB_148_20180702_id148_malado_(16)_ORIGINAL.jpg;4
1956;1951;148;MANDRILLS BKB_148_20180702_id148_malado_(17)_ORIGINAL.jpg;5
1889;1951;148;MANDRILLS BKB_148_20180702_id148_malado_(2)_ORIGINAL.jpg;62
1795;1951;148;MANDRILLS BKB_148_20180702_id148_malado_(3)_ORIGINAL.jpg;156
1756;1951;148;MANDRILLS BKB_148_20180702_id148_malado_(5)_ORIGINAL.jpg;195
1805;1951;148;MANDRILLS BKB_148_20180702_id148_malado_(6)_ORIGINAL.jpg;146
1748;1951;148;MANDRILLS BKB_148_20180702_id148_malado_(7)_ORIGINAL.jpg;203
1750;1951;148;MANDRILLS BKB_148_20180702_id148_malado_(8)_ORIGINAL.jpg;201
1767;1951;148;MANDRILLS BKB_148_20180702_id148_malado_(9)_ORIGINAL.jpg;184
1857;1960;148;MANDRILLS BKB_148_20180711_id148_malado_(11)_ORIGINAL.jpg;103
1842;1960;148;MANDRILLS BKB_148_20180711_id148_malado_(2)_ORIGINAL.jpg;118
1849;1960;148;MANDRILLS BKB_148_20180711_id148_malado_(3)_ORIGINAL.jpg;111
1809;1960;148;MANDRILLS BKB_148_20180711_id148_malado_(4)_ORIGINAL.jpg;151
1915;1960;148;MANDRILLS BKB_148_20180711_id148_malado_(7)_ORIGINAL.jpg;45
1851;1960;148;MANDRILLS BKB_148_20180711_id148_malado_(8)_ORIGINAL.jpg;109
1891;1981;148;MANDRILLS BKB_148_20180801_id148_malado_(1)_ORIGINAL.jpg;90
1908;1981;148;MANDRILLS BKB_148_20180801_id148_malado_(2)_ORIGINAL.jpg;73
1971;1981;148;MANDRILLS BKB_148_20180801_id148_malado_(3)_ORIGINAL.jpg;10
1922;1981;148;MANDRILLS BKB_148_20180801_id148_malado_(4)_ORIGINAL.jpg;59
1948;1983;148;MANDRILLS BKB_148_20180803_id148_maladoDROITE_(1)_ORIGINAL.jpg;35
2016;1983;148;MANDRILLS BKB_148_20180803_id148_maladoDROITE_(2)_ORIGINAL.jpg;33
1813;1983;148;MANDRILLS BKB_148_20180803_id148_maladoDROITE_(3)_ORIGINAL.jpg;170
1722;1983;148;MANDRILLS BKB_148_20180803_id148_maladoDROITE_(4)_ORIGINAL.jpg;261
1915;1983;148;MANDRILLS BKB_148_20180803_id148_maladoDROITE_(6)_ORIGINAL.jpg;68
1879;1983;148;MANDRILLS BKB_148_20180803_id148_maladoDROITE_(7)_ORIGINAL.jpg;104
1908;1983;148;MANDRILLS BKB_148_20180803_id148_maladoDROITE_(9)_ORIGINAL.jpg;75
1721;1983;148;MANDRILLS BKB_148_20180803_id148_malado_(12)_ORIGINAL.jpg;262
1922;1983;148;MANDRILLS BKB_148_20180803_id148_malado_(13)_ORIGINAL.jpg;61
2086;2108;148;MANDRILLS BKB_148_20181206_id148_malado_(1)_ORIGINAL.jpg;22
1920;2108;148;MANDRILLS BKB_148_20181206_id148_malado_(10)_ORIGINAL.jpg;188
2103;2108;148;MANDRILLS BKB_148_20181206_id148_malado_(11)_ORIGINAL.jpg;5
1968;2108;148;MANDRILLS BKB_148_20181206_id148_malado_(12)_ORIGINAL.jpg;140
2022;2108;148;MANDRILLS BKB_148_20181206_id148_malado_(13)_ORIGINAL.jpg;86
1999;2108;148;MANDRILLS BKB_148_20181206_id148_malado_(14)_ORIGINAL.jpg;109
1995;2108;148;MANDRILLS BKB_148_20181206_id148_malado_(15)_ORIGINAL.jpg;113
2030;2108;148;MANDRILLS BKB_148_20181206_id148_malado_(16)_ORIGINAL.jpg;78
1921;2108;148;MANDRILLS BKB_148_20181206_id148_malado_(17)_ORIGINAL.jpg;187
1936;2108;148;MANDRILLS BKB_148_20181206_id148_malado_(18)_ORIGINAL.jpg;172
1933;2108;148;MANDRILLS BKB_148_20181206_id148_malado_(19)_ORIGINAL.jpg;175
2034;2108;148;MANDRILLS BKB_148_20181206_id148_malado_(2)_ORIGINAL.jpg;74
1895;2108;148;MANDRILLS BKB_148_20181206_id148_malado_(20)_ORIGINAL.jpg;213
1840;2108;148;MANDRILLS BKB_148_20181206_id148_malado_(21)_ORIGINAL.jpg;268
1953;2108;148;MANDRILLS BKB_148_20181206_id148_malado_(22)_ORIGINAL.jpg;155
1877;2108;148;MANDRILLS BKB_148_20181206_id148_malado_(23)_ORIGINAL.jpg;231
1864;2108;148;MANDRILLS BKB_148_20181206_id148_malado_(24)_ORIGINAL.jpg;244
1890;2108;148;MANDRILLS BKB_148_20181206_id148_malado_(25)_ORIGINAL.jpg;218
1977;2108;148;MANDRILLS BKB_148_20181206_id148_malado_(26)_ORIGINAL.jpg;131
1879;2108;148;MANDRILLS BKB_148_20181206_id148_malado_(27)_ORIGINAL.jpg;229
1974;2108;148;MANDRILLS BKB_148_20181206_id148_malado_(28)_ORIGINAL.jpg;134
1878;2108;148;MANDRILLS BKB_148_20181206_id148_malado_(29)_ORIGINAL.jpg;230
1939;2108;148;MANDRILLS BKB_148_20181206_id148_malado_(3)_ORIGINAL.jpg;169
2139;2108;148;MANDRILLS BKB_148_20181206_id148_malado_(30)_ORIGINAL.jpg;31
2095;2108;148;MANDRILLS BKB_148_20181206_id148_malado_(31)_ORIGINAL.jpg;13
1979;2108;148;MANDRILLS BKB_148_20181206_id148_malado_(6)_ORIGINAL.jpg;129
1848;2108;148;MANDRILLS BKB_148_20181206_id148_malado_(7)_ORIGINAL.jpg;260
1960;2108;148;MANDRILLS BKB_148_20181206_id148_malado_(8)_ORIGINAL.jpg;148
1938;2108;148;MANDRILLS BKB_148_20181206_id148_malado_(9)_ORIGINAL.jpg;170
2013;2153;148;MANDRILLS BKB_148_20190120_id148_malado_(1)_ORIGINAL.jpg;140
2088;2153;148;MANDRILLS BKB_148_20190120_id148_malado_(10)_ORIGINAL.jpg;65
2008;2153;148;MANDRILLS BKB_148_20190120_id148_malado_(11)_ORIGINAL.jpg;145
2059;2153;148;MANDRILLS BKB_148_20190120_id148_malado_(12)_ORIGINAL.jpg;94
2104;2153;148;MANDRILLS BKB_148_20190120_id148_malado_(13)_ORIGINAL.jpg;49
1935;2153;148;MANDRILLS BKB_148_20190120_id148_malado_(14)_ORIGINAL.jpg;218
1946;2153;148;MANDRILLS BKB_148_20190120_id148_malado_(15)_ORIGINAL.jpg;207
1971;2153;148;MANDRILLS BKB_148_20190120_id148_malado_(16)_ORIGINAL.jpg;182
1812;2153;148;MANDRILLS BKB_148_20190120_id148_malado_(17)_ORIGINAL.jpg;341
1891;2153;148;MANDRILLS BKB_148_20190120_id148_malado_(18)_ORIGINAL.jpg;262
1914;2153;148;MANDRILLS BKB_148_20190120_id148_malado_(19)_ORIGINAL.jpg;239
2054;2153;148;MANDRILLS BKB_148_20190120_id148_malado_(2)_ORIGINAL.jpg;99
1940;2153;148;MANDRILLS BKB_148_20190120_id148_malado_(20)_ORIGINAL.jpg;213
1932;2153;148;MANDRILLS BKB_148_20190120_id148_malado_(21)_ORIGINAL.jpg;221
1970;2153;148;MANDRILLS BKB_148_20190120_id148_malado_(22)_ORIGINAL.jpg;183
1996;2153;148;MANDRILLS BKB_148_20190120_id148_malado_(23)_ORIGINAL.jpg;157
1966;2153;148;MANDRILLS BKB_148_20190120_id148_malado_(24)_ORIGINAL.jpg;187
1956;2153;148;MANDRILLS BKB_148_20190120_id148_malado_(25)_ORIGINAL.jpg;197
1868;2153;148;MANDRILLS BKB_148_20190120_id148_malado_(26)_ORIGINAL.jpg;285
1911;2153;148;MANDRILLS BKB_148_20190120_id148_malado_(27)_ORIGINAL.jpg;242
2012;2153;148;MANDRILLS BKB_148_20190120_id148_malado_(28)_ORIGINAL.jpg;141
2028;2153;148;MANDRILLS BKB_148_20190120_id148_malado_(29)_ORIGINAL.jpg;125
2100;2153;148;MANDRILLS BKB_148_20190120_id148_malado_(3)_ORIGINAL.jpg;53
2029;2153;148;MANDRILLS BKB_148_20190120_id148_malado_(4)_ORIGINAL.jpg;124
2142;2153;148;MANDRILLS BKB_148_20190120_id148_malado_(5)_ORIGINAL.jpg;11
2029;2153;148;MANDRILLS BKB_148_20190120_id148_malado_(6)_ORIGINAL.jpg;124
2018;2153;148;MANDRILLS BKB_148_20190120_id148_malado_(7)_ORIGINAL.jpg;135
2071;2153;148;MANDRILLS BKB_148_20190120_id148_malado_(8)_ORIGINAL.jpg;82
2172;2153;148;MANDRILLS BKB_148_20190120_id148_malado_(9)_ORIGINAL.jpg;19
1965;2207;148;MANDRILLS BKB_148_20190315_id148_malado_(1).jpg;242
2041;2207;148;MANDRILLS BKB_148_20190315_id148_malado_(2).jpg;166
2226;2282;148;MANDRILLS BKB_148_20190529_id148_malado_(2).jpg;56
2258;2282;148;MANDRILLS BKB_148_20190529_id148_malado_(4).jpg;24
2222;2332;148;MANDRILLS BKB_148_20190718_id148_malado_(1).jpg;110
2263;2332;148;MANDRILLS BKB_148_20190718_id148_malado_(2).jpg;69
2230;2332;148;MANDRILLS BKB_148_20190718_id148_malado_(3).jpg;102
2260;2332;148;MANDRILLS BKB_148_20190718_id148_malado_(4).jpg;72
2220;2332;148;MANDRILLS BKB_148_20190718_id148_malado_(5).jpg;112
2263;2332;148;MANDRILLS BKB_148_20190718_id148_malado_(6).jpg;69
2227;2332;148;MANDRILLS BKB_148_20190718_id148_malado_(7).jpg;105
2238;2332;148;MANDRILLS BKB_148_20190718_id148_malado_(8).jpg;94
2421;2451;148;MANDRILLS BKB_148_20191114_id148_malado.jpg;30
2376;2466;148;MANDRILLS BKB_148_20191129_id148_malado_(1).jpg;90
2313;2466;148;MANDRILLS BKB_148_20191129_id148_malado_(2).jpg;153
2346;2483;148;MANDRILLS BKB_148_20191216_id148_malado.jpg;137
1791;2121;158;MANDRILLS BKB_158_20181221_id158_femadu_HAUT_(1)_ORIGINAL.jpg;330
2104;2121;158;MANDRILLS BKB_158_20181221_id158_femadu_HAUT_(10)_ORIGINAL.jpg;17
1958;2121;158;MANDRILLS BKB_158_20181221_id158_femadu_HAUT_(11)_ORIGINAL.jpg;163
2002;2121;158;MANDRILLS BKB_158_20181221_id158_femadu_HAUT_(12)_ORIGINAL.jpg;119
2059;2121;158;MANDRILLS BKB_158_20181221_id158_femadu_HAUT_(13)_ORIGINAL.jpg;62
2037;2121;158;MANDRILLS BKB_158_20181221_id158_femadu_HAUT_(14)_ORIGINAL.jpg;84
1897;2121;158;MANDRILLS BKB_158_20181221_id158_femadu_HAUT_(18)_ORIGINAL.jpg;224
1918;2121;158;MANDRILLS BKB_158_20181221_id158_femadu_HAUT_(19)_ORIGINAL.jpg;203
1915;2121;158;MANDRILLS BKB_158_20181221_id158_femadu_HAUT_(2)_ORIGINAL.jpg;206
1960;2121;158;MANDRILLS BKB_158_20181221_id158_femadu_HAUT_(20)_ORIGINAL.jpg;161
1919;2121;158;MANDRILLS BKB_158_20181221_id158_femadu_HAUT_(6)_ORIGINAL.jpg;202
1901;2121;158;MANDRILLS BKB_158_20181221_id158_femadu_HAUT_(7)_ORIGINAL.jpg;220
2046;2121;158;MANDRILLS BKB_158_20181221_id158_femadu_HAUT_(8)_ORIGINAL.jpg;75
1950;2121;158;MANDRILLS BKB_158_20181221_id158_femadu_HAUT_(9)_ORIGINAL.jpg;171
2070;2207;158;MANDRILLS BKB_158_20190317_id158_femadu.jpg;137
2002;2281;158;MANDRILLS BKB_158_20190530_id158_femadu.jpg;279
1886;2328;158;MANDRILLS BKB_158_20190716_id158_femadu_(1).jpg;442
1922;2328;158;MANDRILLS BKB_158_20190716_id158_femadu_(2).jpg;406
2182;2378;158;MANDRILLS BKB_158_20190904_id158_femadu_(1).jpg;196
2378;2378;158;MANDRILLS BKB_158_20190904_id158_femadu_(2).jpg;0
1659;2378;158;MANDRILLS BKB_158_20190904_id158_femadu_(3).jpg;719
1757;2378;158;MANDRILLS BKB_158_20190904_id158_femadu_(4).jpg;621
2246;2378;158;MANDRILLS BKB_158_20190904_id158_femadu_(5).jpg;132
2247;2378;158;MANDRILLS BKB_158_20190904_id158_femadu_(6).jpg;131
2471;2623;158;MANDRILLS BKB_158_20200506_id158_femadu.jpg;152
2130;2811;158;MANDRILLS BKB_158_20201110_id158_femadu_(1).jpg;681
2239;2811;158;MANDRILLS BKB_158_20201110_id158_femadu_(2).jpg;572
2377;2844;158;MANDRILLS BKB_158_20201213_id158_femadu_(1).jpg;467
2424;2844;158;MANDRILLS BKB_158_20201213_id158_femadu_(2).jpg;420
2381;2844;158;MANDRILLS BKB_158_20201213_id158_femadu_(3).jpg;463
2057;2852;158;MANDRILLS BKB_158_20201221_id158_femadu_(1).jpg;795
2314;2852;158;MANDRILLS BKB_158_20201221_id158_femadu_(2).jpg;538
2325;2852;158;MANDRILLS BKB_158_20201221_id158_femadu_(3).jpg;527
2138;2852;158;MANDRILLS BKB_158_20201221_id158_femadu_(4).jpg;714
2499;2861;158;MANDRILLS BKB_158_20201230_id158_femadu_(1).jpg;362
2409;2861;158;MANDRILLS BKB_158_20201230_id158_femadu_(2).jpg;452
2508;2866;158;MANDRILLS BKB_158_20210104_id158_femadu.jpg;358
2512;2875;158;MANDRILLS BKB_158_20210113_id158_femadu.jpg;363
2364;2910;158;MANDRILLS BKB_158_20210217_id158_femadu_(1).jpg;546
2679;2910;158;MANDRILLS BKB_158_20210217_id158_femadu_(2).jpg;231
2510;2919;158;MANDRILLS BKB_158_20210226_id158_femadu_(1).jpg;409
2305;2919;158;MANDRILLS BKB_158_20210226_id158_femadu_(2).jpg;614
2811;2988;158;MANDRILLS BKB_158_20210506_id158_femadu.jpg;177
2629;3066;158;MANDRILLS BKB_158_20210723_id158_femadu_(2).jpg;437
2391;3066;158;MANDRILLS BKB_158_20210723_id158_femadu_(3).jpg;675
2507;3117;158;MANDRILLS BKB_158_20210912_id158_femadu (1).jpg;610
2668;3117;158;MANDRILLS BKB_158_20210912_id158_femadu (2).jpg;449
2647;3172;158;MANDRILLS BKB_158_20211106_id158_femadu_(1).jpg;525
2485;3172;158;MANDRILLS BKB_158_20211106_id158_femadu_(2).jpg;687
2579;3172;158;MANDRILLS BKB_158_20211106_id158_femadu_(3).jpg;593
2504;3185;158;MANDRILLS BKB_158_20211119_id158_femadu.jpg;681
3064;3200;158;MANDRILLS BKB_158_20211204_ID158_femadu.jpg;136
2949;3209;158;MANDRILLS BKB_158_20211213_id158_femadu.jpg;260
2498;3212;158;MANDRILLS BKB_158_20211216_ID158_femadu_(1).jpg;714
2620;3212;158;MANDRILLS BKB_158_20211216_ID158_femadu_(2).jpg;592
2513;3269;158;MANDRILLS BKB_158_20220211_id158_femadu (1).jpg;756
2891;3295;158;MANDRILLS BKB_158_20220309_id158_femadu (1).jpg;404
2910;3295;158;MANDRILLS BKB_158_20220309_id158_femadu (2).jpg;385
3064;3315;158;MANDRILLS BKB_158_20220329_id158_femadu (1).jpg;251
2248;3315;158;MANDRILLS BKB_158_20220329_id158_femadu (2).jpg;1067
3017;3315;158;MANDRILLS BKB_158_20220329_id158_femadu (3).jpg;298
2982;3315;158;MANDRILLS BKB_158_20220329_id158_femadu (4).jpg;333
2444;3341;158;MANDRILLS BKB_158_20220424_id158_femadu.jpg;897
2686;3344;158;MANDRILLS BKB_158_20220427_id158_femadu (1).jpg;658
3122;3401;158;MANDRILLS BKB_158_20220623_id158_femadu.jpg;279
3162;3409;158;MANDRILLS BKB_158_20220701_id158 (2).jpg;247
2945;3409;158;MANDRILLS BKB_158_20220701_id158 (3).jpg;464
2693;3409;158;MANDRILLS BKB_158_20220701_id158 (4).jpg;716
3139;3424;158;MANDRILLS BKB_158_20220716_id158_femadu.jpg;285
2921;3426;158;MANDRILLS BKB_158_20220718_id158.jpg;505
3083;3451;158;MANDRILLS BKB_158_20220812_id158 (1).jpg;368
3046;3451;158;MANDRILLS BKB_158_20220812_id158 (2).jpg;405
2686;3451;158;MANDRILLS BKB_158_20220812_id158.jpg;765
3149;3465;158;MANDRILLS BKB_158_20220826_id158 (1).jpg;316
2883;3465;158;MANDRILLS BKB_158_20220826_id158 (2).jpg;582
2340;3475;158;MANDRILLS BKB_158_20220905_id158 (1).jpg;1135
2751;3475;158;MANDRILLS BKB_158_20220905_id158 (2).jpg;724
3000;3475;158;MANDRILLS BKB_158_20220905_id158 (3).jpg;475
3127;3479;158;MANDRILLS BKB_158_20220909_id158.jpg;352
2899;3488;158;MANDRILLS BKB_158_20220918_id158.jpg;589
3108;3505;158;MANDRILLS BKB_158_20221005_id158.jpg;397
2963;3519;158;MANDRILLS BKB_158_20221019_id158 (1).jpg;556
3012;3519;158;MANDRILLS BKB_158_20221019_id158 (2).jpg;507
2825;3521;158;MANDRILLS BKB_158_20221021_id158.jpg;696
2978;3547;158;MANDRILLS BKB_158_20221116_id158.jpg;569
2603;3561;158;MANDRILLS BKB_158_20221130_id158.jpg;958
2851;3579;158;MANDRILLS BKB_158_20221218_id158(1).jpg;728
2242;3579;158;MANDRILLS BKB_158_20221218_id158(2).jpg;1337
1744;1897;162;MANDRILLS BKB_162_20190128_id162_femadu_(1)_ORIGINAL.jpg;153
1613;1897;162;MANDRILLS BKB_162_20190128_id162_femadu_(2)_ORIGINAL.jpg;284
1738;1897;162;MANDRILLS BKB_162_20190128_id162_femadu_(3)_ORIGINAL.jpg;159
1809;1897;162;MANDRILLS BKB_162_20190128_id162_femadu_(4)_ORIGINAL.jpg;88
1745;1897;162;MANDRILLS BKB_162_20190128_id162_femadu_(7)_ORIGINAL.jpg;152
1863;1897;162;MANDRILLS BKB_162_20190128_id162_femadu_(8)_ORIGINAL.jpg;34
1626;1897;162;MANDRILLS BKB_162_20190128_id162_femadu_HAUT_(1)_ORIGINAL.jpg;271
1610;1897;162;MANDRILLS BKB_162_20190128_id162_femadu_HAUT_(2)_ORIGINAL.jpg;287
1699;1897;162;MANDRILLS BKB_162_20190128_id162_femadu_HAUT_(5)_ORIGINAL.jpg;198
1671;1897;162;MANDRILLS BKB_162_20190128_id162_femadu_HAUT_(6)_ORIGINAL.jpg;226
1721;1897;162;MANDRILLS BKB_162_20190128_id162_femadu_HAUT_(7)_ORIGINAL.jpg;176
1868;1907;162;MANDRILLS BKB_162_20190207_id162_femadu_GAUCHE_(1)_ORIGINAL.jpg;39
1767;1907;162;MANDRILLS BKB_162_20190207_id162_femadu_GAUCHE_(3)_ORIGINAL.jpg;140
1811;1907;162;MANDRILLS BKB_162_20190207_id162_femadu_GAUCHE_(4)_ORIGINAL.jpg;96
1713;1907;162;MANDRILLS BKB_162_20190207_id162_femadu_GAUCHE_(7)_ORIGINAL.jpg;194
1688;1907;162;MANDRILLS BKB_162_20190207_id162_femadu_GAUCHE_(8)_ORIGINAL.jpg;219
2075;1933;162;MANDRILLS BKB_162_20190305_id162_femadu_HAUT_(1)_ORIGINAL.jpg;142
1958;1933;162;MANDRILLS BKB_162_20190305_id162_femadu_HAUT_(3)_ORIGINAL.jpg;25
1898;1933;162;MANDRILLS BKB_162_20190305_id162_femadu_HAUT_(4)_ORIGINAL.jpg;35
1923;1933;162;MANDRILLS BKB_162_20190305_id162_femadu_HAUT_(5)_ORIGINAL.jpg;10
1974;1943;162;MANDRILLS BKB_162_20190315_id162_femadu_(2).jpg;31
1936;1943;162;MANDRILLS BKB_162_20190315_id162_femadu_(5).jpg;7
1840;1943;162;MANDRILLS BKB_162_20190315_id162_femadu_(9).jpg;103
2005;1943;162;MANDRILLS BKB_162_20190315_id162_femadu_DROITE_(1).jpg;62
1798;1943;162;MANDRILLS BKB_162_20190315_id162_femadu_DROITE_(2).jpg;145
1880;1943;162;MANDRILLS BKB_162_20190315_id162_femadu_DROITE_(3).jpg;63
1769;1943;162;MANDRILLS BKB_162_20190315_id162_femadu_GAUCHE_(1).jpg;174
2067;1943;162;MANDRILLS BKB_162_20190315_id162_femadu_GAUCHE_(3).jpg;124
1990;1943;162;MANDRILLS BKB_162_20190315_id162_femadu_HAUT_(1).jpg;47
2118;1943;162;MANDRILLS BKB_162_20190315_id162_femadu_HAUT_(4).jpg;175
2114;1947;162;MANDRILLS BKB_162_20190319_id162_femadu_BAS.jpg;167
1608;2038;162;MANDRILLS BKB_162_20190618_id162_femadu_(1).jpg;430
1785;2038;162;MANDRILLS BKB_162_20190618_id162_femadu_(2).jpg;253
1495;2038;162;MANDRILLS BKB_162_20190618_id162_femadu_(3).jpg;543
1881;2138;162;MANDRILLS BKB_162_20190926_id162_femadu_GAUCHE.jpg;257
2116;2277;162;MANDRILLS BKB_162_20200212_id162_femadu_(1).jpg;161
2029;2277;162;MANDRILLS BKB_162_20200212_id162_femadu_(2).jpg;248
2020;2530;162;MANDRILLS BKB_162_20201022_id162_femadu.jpg;510
2095;2536;162;MANDRILLS BKB_162_20201028_id162_femadu.jpg;441
2297;2560;162;MANDRILLS BKB_162_20201121_id162_femadu_(2).jpg;263
2244;2560;162;MANDRILLS BKB_162_20201121_id162_femadu_(3).jpg;316
2361;2561;162;MANDRILLS BKB_162_20201122_id162_femadu_(1).jpg;200
2345;2561;162;MANDRILLS BKB_162_20201122_id162_femadu_(2).jpg;216
2246;2590;162;MANDRILLS BKB_162_20201221_id162_femadu_(1).jpg;344
2141;2590;162;MANDRILLS BKB_162_20201221_id162_femadu_(2).jpg;449
2336;2590;162;MANDRILLS BKB_162_20201221_id162_femadu_(3).jpg;254
2086;2608;162;MANDRILLS BKB_162_20210108_id162_femadu.jpg;522
2390;2611;162;MANDRILLS BKB_162_20210111_id162_femadu_(1).jpg;221
2178;2611;162;MANDRILLS BKB_162_20210111_id162_femadu_(2).jpg;433
2287;2628;162;MANDRILLS BKB_162_20210128_id162_femadu_(1).jpg;341
2213;2628;162;MANDRILLS BKB_162_20210128_id162_femadu_(2).jpg;415
2353;2628;162;MANDRILLS BKB_162_20210128_id162_femadu_(3).jpg;275
2343;2629;162;MANDRILLS BKB_162_20210129_id162_femadu_(1).jpg;286
2289;2629;162;MANDRILLS BKB_162_20210129_id162_femadu_(2).jpg;340
2238;2629;162;MANDRILLS BKB_162_20210129_id162_femadu_(3).jpg;391
2502;2642;162;MANDRILLS BKB_162_20210211_id162_femadu.jpg;140
2597;2648;162;MANDRILLS BKB_162_20210217_id162_femadu_(1).jpg;51
2464;2648;162;MANDRILLS BKB_162_20210217_id162_femadu_(2).jpg;184
2350;2648;162;MANDRILLS BKB_162_20210217_id162_femadu_(3).jpg;298
2452;2648;162;MANDRILLS BKB_162_20210217_id162_femadu_(4).jpg;196
2741;2691;162;MANDRILLS BKB_162_20210401_id162_femadu_(2).jpg;50
2635;2691;162;MANDRILLS BKB_162_20210401_id162_femadu_(3).jpg;56
2315;2691;162;MANDRILLS BKB_162_20210401_id162_femadu_(4).jpg;376
2899;2691;162;MANDRILLS BKB_162_20210401_id162_femadu_(5).jpg;208
2873;2691;162;MANDRILLS BKB_162_20210401_id162_femadu_(6).jpg;182
2734;2691;162;MANDRILLS BKB_162_20210401_id162_femadu_(7).jpg;43
2861;2691;162;MANDRILLS BKB_162_20210401_id162_femadu_(8).jpg;170
2043;2709;162;MANDRILLS BKB_162_20210419_id162_femadu_(1).jpg;666
1991;2709;162;MANDRILLS BKB_162_20210419_id162_femadu_(2).jpg;718
2440;2747;162;MANDRILLS BKB_162_20210527_id162_femadu_(1).jpg;307
2453;2747;162;MANDRILLS BKB_162_20210527_id162_femadu_(2).jpg;294
2422;2747;162;MANDRILLS BKB_162_20210527_id162_femadu_(3).jpg;325
2650;2747;162;MANDRILLS BKB_162_20210527_id162_femadu_(4).jpg;97
2600;2747;162;MANDRILLS BKB_162_20210527_id162_femadu_(5).jpg;147
2410;2862;162;MANDRILLS BKB_162_20210919_id162_femadu (1).jpg;452
2573;2862;162;MANDRILLS BKB_162_20210919_id162_femadu (2).jpg;289
2485;2865;162;MANDRILLS BKB_162_20210922_id162_femadu.jpg;380
2642;2867;162;MANDRILLS BKB_162_20210924_id162_femadu.jpg;225
2388;2923;162;MANDRILLS BKB_162_20211119_id162_femadu_(2).jpg;535
2985;2928;162;MANDRILLS BKB_162_20211124_id162_femadu.jpg;57
2276;2930;162;MANDRILLS BKB_162_20211126_id162_femadu.jpg;654
2827;2951;162;MANDRILLS BKB_162_20211217_id162_femadu.jpg;124
2533;2954;162;MANDRILLS BKB_162_20211220_ID162_femadu_(1).jpg;421
2262;2954;162;MANDRILLS BKB_162_20211220_ID162_femadu_(2).jpg;692
2422;2960;162;MANDRILLS BKB_162_20211226_id162_femadu_(2).jpg;538
2301;2961;162;MANDRILLS BKB_162_20211227_id162_femadu.jpg;660
2467;2995;162;MANDRILLS BKB_162_20220130_id162 (2).jpg;528
2193;2995;162;MANDRILLS BKB_162_20220130_id162 (3).jpg;802
2557;2995;162;MANDRILLS BKB_162_20220130_id162.jpg;438
2564;3007;162;MANDRILLS BKB_162_20220211_id162_femadu (1).jpg;443
2621;3007;162;MANDRILLS BKB_162_20220211_id162_femadu (2).jpg;386
2588;3007;162;MANDRILLS BKB_162_20220211_id162_femadu (3).jpg;419
2608;3051;162;MANDRILLS BKB_162_20220327_id162_femadu.jpg;443
2608;3054;162;MANDRILLS BKB_162_20220330_id162_femadu (1).jpg;446
2650;3054;162;MANDRILLS BKB_162_20220330_id162_femadu (2).jpg;404
2709;3054;162;MANDRILLS BKB_162_20220330_id162_femadu (3).jpg;345
2862;3072;162;MANDRILLS BKB_162_20220417_id162_femadu (1).jpg;210
3052;3072;162;MANDRILLS BKB_162_20220417_id162_femadu (2).jpg;20
2626;3088;162;MANDRILLS BKB_162_20220503_id162_femadu.jpg;462
3027;3094;162;MANDRILLS BKB_162_20220509_id162_femadu (1).jpg;67
2965;3094;162;MANDRILLS BKB_162_20220509_id162_femadu (2).jpg;129
2534;3094;162;MANDRILLS BKB_162_20220509_id162_femadu (3).jpg;560
2477;3101;162;MANDRILLS BKB_162_20220516_id162_femadu (1).jpg;624
2172;3101;162;MANDRILLS BKB_162_20220516_id162_femadu (2).jpg;929
2429;3101;162;MANDRILLS BKB_162_20220516_id162_femadu (3).jpg;672
2984;3101;162;MANDRILLS BKB_162_20220516_id162_femadu (4).jpg;117
2445;3103;162;MANDRILLS BKB_162_20220518_id162_femadu (2).jpg;658
2533;3123;162;MANDRILLS BKB_162_20220607_id162_femadu.jpg;590
2518;3145;162;MANDRILLS BKB_162_20220629_id162 (2).jpg;627
2933;3145;162;MANDRILLS BKB_162_20220629_id162 (3).jpg;212
2502;3145;162;MANDRILLS BKB_162_20220629_id162.jpg;643
3073;3171;162;MANDRILLS BKB_162_20220725_id162.jpg;98
2880;3180;162;MANDRILLS BKB_162_20220803_id162 (2).jpg;300
3045;3189;162;MANDRILLS BKB_162_20220812_id162.jpg;144
2943;3200;162;MANDRILLS BKB_162_20220823_id162 (2).jpg;257
2969;3200;162;MANDRILLS BKB_162_20220823_id162.jpg;231
2903;3203;162;MANDRILLS BKB_162_20220826_id162.jpg;300
2686;3243;162;MANDRILLS BKB_162_20221005_id162.jpg;557
2958;3257;162;MANDRILLS BKB_162_20221019_id162.jpg;299
3015;3259;162;MANDRILLS BKB_162_20221021_id162.jpg;244
3124;3260;162;MANDRILLS BKB_162_20221022_id162 (1).jpg;136
2987;3260;162;MANDRILLS BKB_162_20221022_id162 (2).jpg;273
3160;3265;162;MANDRILLS BKB_162_20221027_id162.jpg;105
2853;3278;162;MANDRILLS BKB_162_20221109_id162 (2).jpg;425
2470;3278;162;MANDRILLS BKB_162_20221109_id162.jpg;808
2931;3299;162;MANDRILLS BKB_162_20221130_id162.jpg;368
2535;3308;162;MANDRILLS BKB_162_20221209_id162.jpg;773
2853;3311;162;MANDRILLS BKB_162_20221212_id162.jpg;458
2670;3313;162;MANDRILLS BKB_162_20221214_id162.jpg;643
2890;3317;162;MANDRILLS BKB_162_20221218_id162 (2).jpg;427
2950;3317;162;MANDRILLS BKB_162_20221218_id162.jpg;367
2716;3320;162;MANDRILLS BKB_162_20221221_id162.jpg;604
2633;3323;162;MANDRILLS BKB_162_20221224_id162.jpg;690
2008;1871;168;MANDRILLS BKB_168_20190227_id168_femadu_DROITE_(1)_ORIGINAL.jpg;137
1899;1871;168;MANDRILLS BKB_168_20190227_id168_femadu_DROITE_(12)_ORIGINAL.jpg;28
2061;1871;168;MANDRILLS BKB_168_20190227_id168_femadu_DROITE_(13)_ORIGINAL.jpg;190
2219;1871;168;MANDRILLS BKB_168_20190227_id168_femadu_DROITE_(14)_ORIGINAL.jpg;348
2060;1871;168;MANDRILLS BKB_168_20190227_id168_femadu_DROITE_(16)_ORIGINAL.jpg;189
2038;1871;168;MANDRILLS BKB_168_20190227_id168_femadu_DROITE_(17)_ORIGINAL.jpg;167
1995;1871;168;MANDRILLS BKB_168_20190227_id168_femadu_DROITE_(19)_ORIGINAL.jpg;124
2099;1871;168;MANDRILLS BKB_168_20190227_id168_femadu_DROITE_(2)_ORIGINAL.jpg;228
2094;1871;168;MANDRILLS BKB_168_20190227_id168_femadu_DROITE_(3)_ORIGINAL.jpg;223
1968;1871;168;MANDRILLS BKB_168_20190227_id168_femadu_DROITE_(4)_ORIGINAL.jpg;97
1920;1871;168;MANDRILLS BKB_168_20190227_id168_femadu_HAUT_(1)_ORIGINAL.jpg;49
1960;1871;168;MANDRILLS BKB_168_20190227_id168_femadu_HAUT_(10)_ORIGINAL.jpg;89
2019;1871;168;MANDRILLS BKB_168_20190227_id168_femadu_HAUT_(12)_ORIGINAL.jpg;148
1972;1871;168;MANDRILLS BKB_168_20190227_id168_femadu_HAUT_(13)_ORIGINAL.jpg;101
2027;1871;168;MANDRILLS BKB_168_20190227_id168_femadu_HAUT_(2)_ORIGINAL.jpg;156
1921;1871;168;MANDRILLS BKB_168_20190227_id168_femadu_HAUT_(3)_ORIGINAL.jpg;50
1836;1871;168;MANDRILLS BKB_168_20190227_id168_femadu_HAUT_(4)_ORIGINAL.jpg;35
1875;1871;168;MANDRILLS BKB_168_20190227_id168_femadu_HAUT_(5)_ORIGINAL.jpg;4
1973;1871;168;MANDRILLS BKB_168_20190227_id168_femadu_HAUT_(6)_ORIGINAL.jpg;102
2008;1871;168;MANDRILLS BKB_168_20190227_id168_femadu_HAUT_(7)_ORIGINAL.jpg;137
1683;1871;168;MANDRILLS BKB_168_20190227_id168_femadu_HAUT_(8)_ORIGINAL.jpg;188
1952;1871;168;MANDRILLS BKB_168_20190227_id168_femadu_HAUT_(9)_ORIGINAL.jpg;81
1820;1871;168;MANDRILLS BKB_168_20190227_id168_femadu_MILIEU_(1)_ORIGINAL.jpg;51
1816;1871;168;MANDRILLS BKB_168_20190227_id168_femadu_MILIEU_(10)_ORIGINAL.jpg;55
1630;1871;168;MANDRILLS BKB_168_20190227_id168_femadu_MILIEU_(11)_ORIGINAL.jpg;241
1796;1871;168;MANDRILLS BKB_168_20190227_id168_femadu_MILIEU_(2)_ORIGINAL.jpg;75
1729;1871;168;MANDRILLS BKB_168_20190227_id168_femadu_MILIEU_(3)_ORIGINAL.jpg;142
1770;1871;168;MANDRILLS BKB_168_20190227_id168_femadu_MILIEU_(4)_ORIGINAL.jpg;101
1796;1871;168;MANDRILLS BKB_168_20190227_id168_femadu_MILIEU_(7)_ORIGINAL.jpg;75
1867;1871;168;MANDRILLS BKB_168_20190227_id168_femadu_MILIEU_(8)_ORIGINAL.jpg;4
1778;1871;168;MANDRILLS BKB_168_20190227_id168_femadu_MILIEU_(9)_ORIGINAL.jpg;93
2068;1885;168;MANDRILLS BKB_168_20190313_id168_femadu.jpg;183
2252;2029;168;MANDRILLS BKB_168_20190804_id168_femadu_(1).jpg;223
2184;2029;168;MANDRILLS BKB_168_20190804_id168_femadu_(11).jpg;155
2265;2029;168;MANDRILLS BKB_168_20190804_id168_femadu_(12).jpg;236
2312;2029;168;MANDRILLS BKB_168_20190804_id168_femadu_(13).jpg;283
2434;2029;168;MANDRILLS BKB_168_20190804_id168_femadu_(14).jpg;405
2448;2029;168;MANDRILLS BKB_168_20190804_id168_femadu_(2).jpg;419
2257;2029;168;MANDRILLS BKB_168_20190804_id168_femadu_(3).jpg;228
2338;2029;168;MANDRILLS BKB_168_20190804_id168_femadu_(4).jpg;309
2309;2029;168;MANDRILLS BKB_168_20190804_id168_femadu_(7).jpg;280
2110;2029;168;MANDRILLS BKB_168_20190804_id168_femadu_(8).jpg;81
2308;2074;168;MANDRILLS BKB_168_20190918_id168_femadu_(2).jpg;234
2250;2074;168;MANDRILLS BKB_168_20190918_id168_femadu_(3).jpg;176
126;2302;168;MANDRILLS BKB_168_20200503_id168_malinf.jpg;2176
2328;2474;168;MANDRILLS BKB_168_20201022_id168_femadu.jpg;146
2599;2480;168;MANDRILLS BKB_168_20201028_id168_femadu.jpg;119
2171;2526;168;MANDRILLS BKB_168_20201213_id168_femadu_(1).jpg;355
2397;2526;168;MANDRILLS BKB_168_20201213_id168_femadu_(2).jpg;129
2669;2526;168;MANDRILLS BKB_168_20201213_id168_femadu_(3).jpg;143
2395;2526;168;MANDRILLS BKB_168_20201213_id168_femadu_(4).jpg;131
3007;2526;168;MANDRILLS BKB_168_20201213_id168_femadu_(5).jpg;481
2455;2570;168;MANDRILLS BKB_168_20210126_id168_femadu_(1).jpg;115
2512;2570;168;MANDRILLS BKB_168_20210126_id168_femadu_(2).jpg;58
2560;2572;168;MANDRILLS BKB_168_20210128_id168_femadu.jpg;12
1780;2573;168;MANDRILLS BKB_168_20210129_id168_femadu.jpg;793
2703;2587;168;MANDRILLS BKB_168_20210212_id168_femadu.jpg;116
2415;2601;168;MANDRILLS BKB_168_20210226_id168_femadu.jpg;186
2693;2639;168;MANDRILLS BKB_168_20210405_id168_femadu_(1).jpg;54
2619;2639;168;MANDRILLS BKB_168_20210405_id168_femadu_(2).jpg;20
2865;2796;168;MANDRILLS BKB_168_20210909_id168_femadu.jpg;69
2236;2799;168;MANDRILLS BKB_168_20210912_id168_femadu (1).jpg;563
2290;2799;168;MANDRILLS BKB_168_20210912_id168_femadu (2).jpg;509
2542;2803;168;MANDRILLS BKB_168_20210916_id168_femadu.jpg;261
2730;2806;168;MANDRILLS BKB_168_20210919_id168_femadu.jpg;76
3143;2836;168;MANDRILLS BKB_168_20211019_id168_femadu_(1).jpg;307
2552;2836;168;MANDRILLS BKB_168_20211019_id168_femadu_(2).jpg;284
3013;2836;168;MANDRILLS BKB_168_20211019_id168_femadu_(3).jpg;177
2881;2897;168;MANDRILLS BKB_168_20211219_id168_femadu.jpg;16
2460;2990;168;MANDRILLS BKB_168_20220322_id168_femadu (1).jpg;530
2765;2990;168;MANDRILLS BKB_168_20220322_id168_femadu (2).jpg;225
2745;2990;168;MANDRILLS BKB_168_20220322_id168_femadu (3).jpg;245
2916;2990;168;MANDRILLS BKB_168_20220322_id168_femadu (4).jpg;74
2980;2997;168;MANDRILLS BKB_168_20220329_id168_femadu (1).jpg;17
2972;2997;168;MANDRILLS BKB_168_20220329_id168_femadu (2).jpg;25
3065;2998;168;MANDRILLS BKB_168_20220330_id168_femadu (1).jpg;67
2903;2998;168;MANDRILLS BKB_168_20220330_id168_femadu (2).jpg;95
2980;2998;168;MANDRILLS BKB_168_20220330_id168_femadu (3).jpg;18
3020;3038;168;MANDRILLS BKB_168_20220509_id168_femadu.jpg;18
2998;3047;168;MANDRILLS BKB_168_20220518_id168_femadu.jpg;49
2608;3055;168;MANDRILLS BKB_168_20220526_id168_femadu (2).jpg;447
2935;3058;168;MANDRILLS BKB_168_20220529_id168_femadu.jpg;123
3229;3081;168;MANDRILLS BKB_168_20220621_id168_femadu (1).jpg;148
2897;3089;168;MANDRILLS BKB_168_20220629_id168 (1).jpg;192
3059;3089;168;MANDRILLS BKB_168_20220629_id168 (2).jpg;30
2786;3089;168;MANDRILLS BKB_168_20220629_id168 (3).jpg;303
2943;3089;168;MANDRILLS BKB_168_20220629_id168 (4).jpg;146
3159;3089;168;MANDRILLS BKB_168_20220629_id168.jpg;70
2925;3093;168;MANDRILLS BKB_168_20220703_id168.jpg;168
3009;3106;168;MANDRILLS BKB_168_20220716_id168_femadu.jpg;97
3102;3107;168;MANDRILLS BKB_168_20220717_id168 (1).jpg;5
3207;3107;168;MANDRILLS BKB_168_20220717_id168 (3).jpg;100
2664;3107;168;MANDRILLS BKB_168_20220717_id168 (4).jpg;443
3021;3114;168;MANDRILLS BKB_168_20220724_id168.jpg;93
3300;3115;168;MANDRILLS BKB_168_20220725_id168.jpg;185
3371;3122;168;MANDRILLS BKB_168_20220801_id168.jpg;249
2960;3126;168;MANDRILLS BKB_168_20220805_id168.jpg;166
3161;3129;168;MANDRILLS BKB_168_20220808_id168.jpg;32
2963;3136;168;MANDRILLS BKB_168_20220815_id168.jpg;173
2815;3147;168;MANDRILLS BKB_168_20220826_id168.jpg;332
3036;3148;168;MANDRILLS BKB_168_20220827_id168.jpg;112
3065;3156;168;MANDRILLS BKB_168_20220904_id168.jpg;91
3076;3157;168;MANDRILLS BKB_168_20220905_id168 (1).jpg;81
3163;3157;168;MANDRILLS BKB_168_20220905_id168 (2).jpg;6
2946;3163;168;MANDRILLS BKB_168_20220911_id168 (1).jpg;217
3129;3163;168;MANDRILLS BKB_168_20220911_id168 (2).jpg;34
3185;3163;168;MANDRILLS BKB_168_20220911_id168 (3).jpg;22
3281;3165;168;MANDRILLS BKB_168_20220913_id168.jpg;116
3025;3201;168;MANDRILLS BKB_168_20221019_id168.jpg;176
3189;3238;168;MANDRILLS BKB_168_20221125_id168 (1).jpg;49
3283;3238;168;MANDRILLS BKB_168_20221125_id168 (2).jpg;45
3207;3261;168;MANDRILLS BKB_168_20221218_id168.jpg;54
1710;1608;174;MANDRILLS BKB_174_20190528_id174_femadu_(1).jpg;102
1818;1608;174;MANDRILLS BKB_174_20190528_id174_femadu_(10).jpg;210
1857;1608;174;MANDRILLS BKB_174_20190528_id174_femadu_(2).jpg;249
1775;1608;174;MANDRILLS BKB_174_20190528_id174_femadu_(3).jpg;167
1789;1608;174;MANDRILLS BKB_174_20190528_id174_femadu_(4).jpg;181
1721;1608;174;MANDRILLS BKB_174_20190528_id174_femadu_(5).jpg;113
1736;1608;174;MANDRILLS BKB_174_20190528_id174_femadu_(6).jpg;128
1810;1608;174;MANDRILLS BKB_174_20190528_id174_femadu_(7).jpg;202
1876;1608;174;MANDRILLS BKB_174_20190528_id174_femadu_(8).jpg;268
1734;1608;174;MANDRILLS BKB_174_20190528_id174_femadu_(9).jpg;126
2172;1659;174;MANDRILLS BKB_174_20190718_id174_femadu_(1).jpg;513
2152;1659;174;MANDRILLS BKB_174_20190718_id174_femadu_(10).jpg;493
2053;1659;174;MANDRILLS BKB_174_20190718_id174_femadu_(2).jpg;394
2089;1659;174;MANDRILLS BKB_174_20190718_id174_femadu_(3).jpg;430
1945;1659;174;MANDRILLS BKB_174_20190718_id174_femadu_(4).jpg;286
2093;1659;174;MANDRILLS BKB_174_20190718_id174_femadu_(5).jpg;434
1921;1659;174;MANDRILLS BKB_174_20190718_id174_femadu_(6).jpg;262
1837;1659;174;MANDRILLS BKB_174_20190718_id174_femadu_(7).jpg;178
1810;1659;174;MANDRILLS BKB_174_20190718_id174_femadu_(8).jpg;151
1846;1659;174;MANDRILLS BKB_174_20190718_id174_femadu_(9).jpg;187
2162;1772;174;MANDRILLS BKB_174_20191108_id174_femadu.jpg;390
2147;1947;174;MANDRILLS BKB_174_20200501_id174_femadu_(1).jpg;200
2030;1947;174;MANDRILLS BKB_174_20200501_id174_femadu_(2).jpg;83
2552;2121;174;MANDRILLS BKB_174_20201022_id174_femadu.jpg;431
2265;2137;174;MANDRILLS BKB_174_20201107_id174_femadu.jpg;128
2386;2140;174;MANDRILLS BKB_174_20201110_id174_femadu.jpg;246
2423;2190;174;MANDRILLS BKB_174_20201230_id174_femadu.jpg;233
1987;2220;174;MANDRILLS BKB_174_20210129_id174_femadu_(1).jpg;233
2352;2220;174;MANDRILLS BKB_174_20210129_id174_femadu_(2).jpg;132
2431;2220;174;MANDRILLS BKB_174_20210129_id174_femadu_(3).jpg;211
2331;2221;174;MANDRILLS BKB_174_20210130_id174_femadu.jpg;110
2263;2225;174;MANDRILLS BKB_174_20210203_id174_femadu_(1).jpg;38
2376;2225;174;MANDRILLS BKB_174_20210203_id174_femadu_(2).jpg;151
2341;2231;174;MANDRILLS BKB_174_20210209_id174_femadu.jpg;110
2522;2258;174;MANDRILLS BKB_174_20210308_id174_femadu.jpg;264
2595;2286;174;MANDRILLS BKB_174_20210405_id174_femadu_(1).jpg;309
2442;2286;174;MANDRILLS BKB_174_20210405_id174_femadu_(2).jpg;156
2024;2300;174;MANDRILLS BKB_174_20210419_id174_femadu_(2).jpg;276
2265;2300;174;MANDRILLS BKB_174_20210419_id174_femadu_(3).jpg;35
2542;2300;174;MANDRILLS BKB_174_20210419_id174_femadu_(4).jpg;242
2316;2304;174;MANDRILLS BKB_174_20210423_id174_femadu_(1).jpg;12
2342;2338;174;MANDRILLS BKB_174_20210527_id174_femadu_(1).jpg;4
2207;2338;174;MANDRILLS BKB_174_20210527_id174_femadu_(2).jpg;131
2185;2338;174;MANDRILLS BKB_174_20210527_id174_femadu_(3).jpg;153
2702;2542;174;MANDRILLS BKB_174_20211217_id174_femadu_(1).jpg;160
2598;2542;174;MANDRILLS BKB_174_20211217_id174_femadu_(2).jpg;56
2056;2544;174;MANDRILLS BKB_174_20211219_id174_femadu.jpg;488
2567;2545;174;MANDRILLS BKB_174_20211220_ID174_femadu_(2).jpg;22
2392;2578;174;MANDRILLS BKB_174_20220122_id174 (2).jpg;186
2460;2598;174;MANDRILLS BKB_174_20220211_id174_femadu (1).jpg;138
2612;2598;174;MANDRILLS BKB_174_20220211_id174_femadu (2).jpg;14
2750;2636;174;MANDRILLS BKB_174_20220321_id174_femadu.jpg;114
2886;2641;174;MANDRILLS BKB_174_20220326_id174_femadu (1).jpg;245
2834;2641;174;MANDRILLS BKB_174_20220326_id174_femadu (2).jpg;193
3004;2641;174;MANDRILLS BKB_174_20220326_id174_femadu (4).jpg;363
3063;2656;174;MANDRILLS BKB_174_20220410_id174_femadu (1).jpg;407
2960;2656;174;MANDRILLS BKB_174_20220410_id174_femadu (2).jpg;304
3006;2691;174;MANDRILLS BKB_174_20220515_id174_femadu.jpg;315
2977;2693;174;MANDRILLS BKB_174_20220517_id174_femadu.jpg;284
2857;2715;174;MANDRILLS BKB_174_20220608_id174_femadu (1).jpg;142
2687;2715;174;MANDRILLS BKB_174_20220608_id174_femadu (2).jpg;28
2859;2726;174;MANDRILLS BKB_174_20220619_id174_femadu.jpg;133
2796;2728;174;MANDRILLS BKB_174_20220621_id174_femadu.jpg;68
2833;2738;174;MANDRILLS BKB_174_20220701_id174.jpg;95
2983;2748;174;MANDRILLS BKB_174_20220711_id174.jpg;235
2859;2754;174;MANDRILLS BKB_174_20220717_id174 (1).jpg;105
3037;2754;174;MANDRILLS BKB_174_20220717_id174 (2).jpg;283
2923;2762;174;MANDRILLS BKB_174_20220725_id174.jpg;161
3049;2763;174;MANDRILLS BKB_174_20220726_id174.jpg;286
3065;2765;174;MANDRILLS BKB_174_20220728_id174 (3).jpg;300
3026;2773;174;MANDRILLS BKB_174_20220805_id174 (1).jpg;253
2640;2780;174;MANDRILLS BKB_174_20220812_id174 (1).jpg;140
2905;2780;174;MANDRILLS BKB_174_20220812_id174 (2).jpg;125
2552;2780;174;MANDRILLS BKB_174_20220812_id174.jpg;228
2723;2795;174;MANDRILLS BKB_174_20220827_id174 (2).jpg;72
3097;2806;174;MANDRILLS BKB_174_20220907_id174 (2).jpg;291
2825;2806;174;MANDRILLS BKB_174_20220907_id174.jpg;19
3048;2810;174;MANDRILLS BKB_174_20220911_id174 (1).jpg;238
2886;2810;174;MANDRILLS BKB_174_20220911_id174 (2).jpg;76
3056;2834;174;MANDRILLS BKB_174_20221005_id174.jpg;222
2697;2848;174;MANDRILLS BKB_174_20221019_id174 (1).jpg;151
3119;2848;174;MANDRILLS BKB_174_20221019_id174 (2).jpg;271
2992;2851;174;MANDRILLS BKB_174_20221022_id174.jpg;141
2901;2852;174;MANDRILLS BKB_174_20221023_id174.jpg;49
3165;2869;174;MANDRILLS BKB_174_20221109_id174.jpg;296
3168;2877;174;MANDRILLS BKB_174_20221117_id174.jpg;291
3072;2881;174;MANDRILLS BKB_174_20221121_id174 (1).jpg;191
2912;2881;174;MANDRILLS BKB_174_20221121_id174 (2).jpg;31
2608;2901;174;MANDRILLS BKB_174_20221211_id174.jpg;293
3244;2902;174;MANDRILLS BKB_174_20221212_id174 (2).jpg;342
3183;2902;174;MANDRILLS BKB_174_20221212_id174.jpg;281
2504;2904;174;MANDRILLS BKB_174_20221214_id174 (2).jpg;400
3127;2904;174;MANDRILLS BKB_174_20221214_id174.jpg;223
1048;1228;193;MANDRILLS BKB_193_20190904_id193_femjuv_(10).jpg;180
1229;1228;193;MANDRILLS BKB_193_20190904_id193_femjuv_(11).jpg;1
1134;1228;193;MANDRILLS BKB_193_20190904_id193_femjuv_(12).jpg;94
1236;1228;193;MANDRILLS BKB_193_20190904_id193_femjuv_(13).jpg;8
1238;1228;193;MANDRILLS BKB_193_20190904_id193_femjuv_(14).jpg;10
1152;1228;193;MANDRILLS BKB_193_20190904_id193_femjuv_(15).jpg;76
1253;1228;193;MANDRILLS BKB_193_20190904_id193_femjuv_(16).jpg;25
1194;1228;193;MANDRILLS BKB_193_20190904_id193_femjuv_(17).jpg;34
1110;1228;193;MANDRILLS BKB_193_20190904_id193_femjuv_(18).jpg;118
1166;1228;193;MANDRILLS BKB_193_20190904_id193_femjuv_(19).jpg;62
1224;1228;193;MANDRILLS BKB_193_20190904_id193_femjuv_(20).jpg;4
1047;1228;193;MANDRILLS BKB_193_20190904_id193_femjuv_(21).jpg;181
1106;1228;193;MANDRILLS BKB_193_20190904_id193_femjuv_(22).jpg;122
1176;1228;193;MANDRILLS BKB_193_20190904_id193_femjuv_(23).jpg;52
1136;1228;193;MANDRILLS BKB_193_20190904_id193_femjuv_(24).jpg;92
1110;1228;193;MANDRILLS BKB_193_20190904_id193_femjuv_(25).jpg;118
1256;1228;193;MANDRILLS BKB_193_20190904_id193_femjuv_(26).jpg;28
1246;1228;193;MANDRILLS BKB_193_20190904_id193_femjuv_(27).jpg;18
1210;1228;193;MANDRILLS BKB_193_20190904_id193_femjuv_(28).jpg;18
1234;1228;193;MANDRILLS BKB_193_20190904_id193_femjuv_(29).jpg;6
1231;1228;193;MANDRILLS BKB_193_20190904_id193_femjuv_(30).jpg;3
1155;1317;193;MANDRILLS BKB_193_20191202_id193_femjuv_(1).jpg;162
1157;1317;193;MANDRILLS BKB_193_20191202_id193_femjuv_(2).jpg;160
1325;1317;193;MANDRILLS BKB_193_20191202_id193_femjuv_(3).jpg;8
1256;1317;193;MANDRILLS BKB_193_20191202_id193_femjuv_(4).jpg;61
1205;1410;193;MANDRILLS BKB_193_20200304_id193_femjuv_(1).jpg;205
1254;1410;193;MANDRILLS BKB_193_20200304_id193_femjuv_(2).jpg;156
1147;1410;193;MANDRILLS BKB_193_20200304_id193_femjuv_(3).jpg;263
1252;1410;193;MANDRILLS BKB_193_20200304_id193_femjuv_(4).jpg;158
1452;1637;193;MANDRILLS BKB_193_20201017_id193_femadu_(1).jpg;185
1622;1637;193;MANDRILLS BKB_193_20201017_id193_femadu_(2).jpg;15
1507;1642;193;MANDRILLS BKB_193_20201022_id193_femadu_(1).jpg;135
1321;1642;193;MANDRILLS BKB_193_20201022_id193_femadu_(2).jpg;321
1394;1642;193;MANDRILLS BKB_193_20201022_id193_femadu_(3).jpg;248
1341;1676;193;MANDRILLS BKB_193_20201125_id193_femadu_(1).jpg;335
1515;1676;193;MANDRILLS BKB_193_20201125_id193_femadu_(2).jpg;161
1640;1676;193;MANDRILLS BKB_193_20201125_id193_femadu_(3).jpg;36
1527;1676;193;MANDRILLS BKB_193_20201125_id193_femadu_(4).jpg;149
1463;1676;193;MANDRILLS BKB_193_20201125_id193_femadu_(5).jpg;213
1373;1676;193;MANDRILLS BKB_193_20201125_id193_femadu_(6).jpg;303
1433;1676;193;MANDRILLS BKB_193_20201125_id193_femadu_(7).jpg;243
1502;1694;193;MANDRILLS BKB_193_20201213_id193_femadu_(1).jpg;192
1561;1694;193;MANDRILLS BKB_193_20201213_id193_femadu_(2).jpg;133
1496;1694;193;MANDRILLS BKB_193_20201213_id193_femadu_(3).jpg;198
1528;1694;193;MANDRILLS BKB_193_20201213_id193_femadu_(4).jpg;166
1522;1694;193;MANDRILLS BKB_193_20201213_id193_femadu_(5).jpg;172
1577;1694;193;MANDRILLS BKB_193_20201213_id193_femadu_(6).jpg;117
1411;1698;193;MANDRILLS BKB_193_20201217_id193_femadu_(1).jpg;287
1504;1698;193;MANDRILLS BKB_193_20201217_id193_femadu_(2).jpg;194
1393;1699;193;MANDRILLS BKB_193_20201218_id193_femadu.jpg;306
1427;1708;193;MANDRILLS BKB_193_20201227_id193_femadu.jpg;281
1574;1711;193;MANDRILLS BKB_193_20201230_id193_femadu_(1).jpg;137
1461;1711;193;MANDRILLS BKB_193_20201230_id193_femadu_(2).jpg;250
1433;1711;193;MANDRILLS BKB_193_20201230_id193_femadu_(3).jpg;278
1682;1711;193;MANDRILLS BKB_193_20201230_id193_femadu_(4).jpg;29
1500;1716;193;MANDRILLS BKB_193_20210104_id193_femadu_(1).jpg;216
1494;1716;193;MANDRILLS BKB_193_20210104_id193_femadu_(2).jpg;222
1527;1716;193;MANDRILLS BKB_193_20210104_id193_femadu_(4).jpg;189
1403;1716;193;MANDRILLS BKB_193_20210104_id193_femadu_(5).jpg;313
1394;1716;193;MANDRILLS BKB_193_20210104_id193_femadu_(6).jpg;322
1454;1716;193;MANDRILLS BKB_193_20210104_id193_femadu_(7).jpg;262
1573;1725;193;MANDRILLS BKB_193_20210113_id193_femadu_(1).jpg;152
1540;1725;193;MANDRILLS BKB_193_20210113_id193_femadu_(2).jpg;185
1592;1725;193;MANDRILLS BKB_193_20210113_id193_femadu_(3).jpg;133
1602;1732;193;MANDRILLS BKB_193_20210120_id193_femadu_(1).jpg;130
1516;1732;193;MANDRILLS BKB_193_20210120_id193_femadu_(2).jpg;216
1541;1741;193;MANDRILLS BKB_193_20210129_id193_femadu_(1).jpg;200
1577;1741;193;MANDRILLS BKB_193_20210129_id193_femadu_(2).jpg;164
1927;1803;193;MANDRILLS BKB_193_20210401_id193_femadu_(1).jpg;124
1750;1803;193;MANDRILLS BKB_193_20210401_id193_femadu_(2).jpg;53
1893;1803;193;MANDRILLS BKB_193_20210401_id193_femadu_(3).jpg;90
1673;1824;193;MANDRILLS BKB_193_20210422_id193_femadu.jpg;151
2021;1864;193;MANDRILLS BKB_193_20210601_id193_femadu.jpg;157
1872;1974;193;MANDRILLS BKB_193_20210919_id193_femadu (1).jpg;102
2012;1974;193;MANDRILLS BKB_193_20210919_id193_femadu (2).jpg;38
2003;1977;193;MANDRILLS BKB_193_20210922_id193_femadu (1).jpg;26
1795;1977;193;MANDRILLS BKB_193_20210922_id193_femadu (2).jpg;182
1918;2018;193;MANDRILLS BKB_193_20211102_id193_femadu.jpg;100
1776;2027;193;MANDRILLS BKB_193_20211111_id193_femadu.jpg;251
1910;2038;193;MANDRILLS BKB_193_20211122_id193_femadu.jpg;128
1846;2072;193;MANDRILLS BKB_193_20211226_id193_femadu_(1).jpg;226
1667;2072;193;MANDRILLS BKB_193_20211226_id193_femadu_(2).jpg;405
1819;2073;193;MANDRILLS BKB_193_20211227_id193_femadu.jpg;254
1732;2097;193;MANDRILLS BKB_193_20220120_id193.jpg;365
1764;2119;193;MANDRILLS BKB_193_20220211_id193_femadu.jpg;355
1657;2124;193;MANDRILLS BKB_193_20220216_id193_femadu.jpg;467
1854;2145;193;MANDRILLS BKB_193_20220309_id193_femadu.jpg;291
1829;2150;193;MANDRILLS BKB_193_20220314_id193_femadu.jpg;321
1843;2157;193;MANDRILLS BKB_193_20220321_id193_femadu (1).jpg;314
1878;2157;193;MANDRILLS BKB_193_20220321_id193_femadu (2).jpg;279
1744;2160;193;MANDRILLS BKB_193_20220324_id193_femadu (1).jpg;416
2145;2160;193;MANDRILLS BKB_193_20220324_id193_femadu (2).jpg;15
2154;2160;193;MANDRILLS BKB_193_20220324_id193_femadu (3).jpg;6
1665;2160;193;MANDRILLS BKB_193_20220324_id193_femadu (4).jpg;495
1778;2168;193;MANDRILLS BKB_193_20220401_id193_femadu (2).jpg;390
1970;2168;193;MANDRILLS BKB_193_20220401_id193_femadu.jpg;198
1756;2177;193;MANDRILLS BKB_193_20220410_id193_femadu.jpg;421
1908;2206;193;MANDRILLS BKB_193_20220509_id193_femadu.jpg;298
2013;2213;193;MANDRILLS BKB_193_20220516_id193_femadu (1).jpg;200
1649;2214;193;MANDRILLS BKB_193_20220517_id193_femadu (2).jpg;565
1666;2215;193;MANDRILLS BKB_193_20220518_id193_femadu.jpg;549
1888;2227;193;MANDRILLS BKB_193_20220530_id193_femadu.jpg;339
1926;2229;193;MANDRILLS BKB_193_20220601_id193_femadu (2).jpg;303
1987;2229;193;MANDRILLS BKB_193_20220601_id193_femadu (3).jpg;242
1909;2232;193;MANDRILLS BKB_193_20220604_id193_femadu (2).jpg;323
2469;2243;193;MANDRILLS BKB_193_20220615_id193 (2).jpg;226
2707;2243;193;MANDRILLS BKB_193_20220615_id193.jpg;464
2174;2247;193;MANDRILLS BKB_193_20220619_id193_femadu.jpg;73
2145;2251;193;MANDRILLS BKB_193_20220623_id193_femadu.jpg;106
2077;2259;193;MANDRILLS BKB_193_20220701_id193.jpg;182
2082;2269;193;MANDRILLS BKB_193_20220711_id193.jpg;187
1886;2272;193;MANDRILLS BKB_193_20220714_id193_femadu.jpg;386
1881;2274;193;MANDRILLS BKB_193_20220716_id193.jpg;393
1965;2275;193;MANDRILLS BKB_193_20220717_id193.jpg;310
1976;2276;193;MANDRILLS BKB_193_20220718_id193.jpg;300
1894;2282;193;MANDRILLS BKB_193_20220724_id193.jpg;388
1889;2283;193;MANDRILLS BKB_193_20220725_id193 (2).jpg;394
1873;2283;193;MANDRILLS BKB_193_20220725_id193.jpg;410
1968;2292;193;MANDRILLS BKB_193_20220803_id193.jpg;324
2067;2298;193;MANDRILLS BKB_193_20220809_id193 (1).jpg;231
2003;2298;193;MANDRILLS BKB_193_20220809_id193 (2).jpg;295
1895;2298;193;MANDRILLS BKB_193_20220809_id193 (3).jpg;403
2119;2301;193;MANDRILLS BKB_193_20220812_id193.jpg;182
2058;2307;193;MANDRILLS BKB_193_20220818_id193.jpg;249
1920;2316;193;MANDRILLS BKB_193_20220827_id193.jpg;396
2054;2355;193;MANDRILLS BKB_193_20221005_id193 (1).jpg;301
2057;2355;193;MANDRILLS BKB_193_20221005_id193 (2).jpg;298
2422;2369;193;MANDRILLS BKB_193_20221019_id193 (1).jpg;53
2376;2369;193;MANDRILLS BKB_193_20221019_id193 (2).jpg;7
2218;2377;193;MANDRILLS BKB_193_20221027_id193.jpg;159
2161;2397;193;MANDRILLS BKB_193_20221116_id193 (1).jpg;236
1842;2397;193;MANDRILLS BKB_193_20221116_id193 (2).jpg;555
1747;2404;193;MANDRILLS BKB_193_20221123_id193.jpg;657
1821;2406;193;MANDRILLS BKB_193_20221125_id193 (3).jpg;585
1727;2406;193;MANDRILLS BKB_193_20221125_id193 (4).jpg;679
2039;2411;193;MANDRILLS BKB_193_20221130_id193 (2).jpg;372
1878;2411;193;MANDRILLS BKB_193_20221130_id193.jpg;533
1938;2420;193;MANDRILLS BKB_193_20221209_id193.jpg;482
2276;2421;193;MANDRILLS BKB_193_20221210_id193.jpg;145
1921;2425;193;MANDRILLS BKB_193_20221214_id193.jpg;504
2045;2429;193;MANDRILLS BKB_193_20221218_id193 (2).jpg;384
1843;2429;193;MANDRILLS BKB_193_20221218_id193 (3).jpg;586
2099;2429;193;MANDRILLS BKB_193_20221218_id193(1).jpg;330
2175;2429;193;MANDRILLS BKB_193_20221218_id193.jpg;254
1219;1306;198;MANDRILLS BKB_198_20190729_id198_femadu_(1).jpg;87
1154;1306;198;MANDRILLS BKB_198_20190729_id198_femadu_(2).jpg;152
1196;1306;198;MANDRILLS BKB_198_20190729_id198_femadu_(3).jpg;110
1276;1306;198;MANDRILLS BKB_198_20190729_id198_femadu_(4).jpg;30
1330;1306;198;MANDRILLS BKB_198_20190729_id198_femadu_(5).jpg;24
1431;1398;198;MANDRILLS BKB_198_20191029_id198_femadu.jpg;33
1468;1516;198;MANDRILLS BKB_198_20200224_id198_femadu_(1).jpg;48
1469;1516;198;MANDRILLS BKB_198_20200224_id198_femadu_(2).jpg;47
1495;1516;198;MANDRILLS BKB_198_20200224_id198_femadu_(3).jpg;21
1402;1516;198;MANDRILLS BKB_198_20200224_id198_femadu_(4).jpg;114
1284;1567;198;MANDRILLS BKB_198_20200415_id198_femadu_(1).jpg;283
1408;1567;198;MANDRILLS BKB_198_20200415_id198_femadu_(2).jpg;159
1338;1567;198;MANDRILLS BKB_198_20200415_id198_femadu_(3).jpg;229
1431;1752;198;MANDRILLS BKB_198_20201017_id198_femadu.jpg;321
1568;1790;198;MANDRILLS BKB_198_20201124_id198_femadu.jpg;222
1626;1790;198;MANDRILLS BKB_198_20201124_id198_femadu_(1).jpg;164
1738;1790;198;MANDRILLS BKB_198_20201124_id198_femadu_(2).jpg;52
1688;1791;198;MANDRILLS BKB_198_20201125_id198_femadu_(1).jpg;103
1671;1791;198;MANDRILLS BKB_198_20201125_id198_femadu_(3).jpg;120
1564;1791;198;MANDRILLS BKB_198_20201125_id198_femadu_(4).jpg;227
1436;1811;198;MANDRILLS BKB_198_20201215_id198_femadu_(1).jpg;375
1730;1811;198;MANDRILLS BKB_198_20201215_id198_femadu_(2).jpg;81
1553;1811;198;MANDRILLS BKB_198_20201215_id198_femadu_(4).jpg;258
1784;1811;198;MANDRILLS BKB_198_20201215_id198_femadu_(5).jpg;27
1647;1811;198;MANDRILLS BKB_198_20201215_id198_femadu_(6).jpg;164
1642;1811;198;MANDRILLS BKB_198_20201215_id198_femadu_(7).jpg;169
1475;1811;198;MANDRILLS BKB_198_20201215_id198_femadu_(8).jpg;336
1815;1811;198;MANDRILLS BKB_198_20201215_id198_femadu_(9).jpg;4
1573;1827;198;MANDRILLS BKB_198_20201231_id198_femadu_(1).jpg;254
1587;1827;198;MANDRILLS BKB_198_20201231_id198_femadu_(2).jpg;240
1614;1827;198;MANDRILLS BKB_198_20201231_id198_femadu_(3).jpg;213
1640;1856;198;MANDRILLS BKB_198_20210129_id198_femadu_(1).jpg;216
1636;1856;198;MANDRILLS BKB_198_20210129_id198_femadu_(2).jpg;220
1709;1856;198;MANDRILLS BKB_198_20210129_id198_femadu_(3).jpg;147
1771;1859;198;MANDRILLS BKB_198_20210201_id198_femadu_(1).jpg;88
1686;1859;198;MANDRILLS BKB_198_20210201_id198_femadu_(2).jpg;173
1651;1859;198;MANDRILLS BKB_198_20210201_id198_femadu_(3).jpg;208
1705;1859;198;MANDRILLS BKB_198_20210201_id198_femadu_(4).jpg;154
1656;1859;198;MANDRILLS BKB_198_20210201_id198_femadu_(5).jpg;203
1786;1859;198;MANDRILLS BKB_198_20210201_id198_femadu_(6).jpg;73
1552;1859;198;MANDRILLS BKB_198_20210201_id198_femadu_(7).jpg;307
1752;1859;198;MANDRILLS BKB_198_20210201_id198_femadu_(8).jpg;107
1642;1859;198;MANDRILLS BKB_198_20210201_id198_femadu_(9).jpg;217
1754;1861;198;MANDRILLS BKB_198_20210203_id198_femadu.jpg;107
1664;1937;198;MANDRILLS BKB_198_20210420_id198_femadu.jpg;273
1906;2068;198;MANDRILLS BKB_198_20210829_id198_femadu_(1).jpg;162
1783;2068;198;MANDRILLS BKB_198_20210829_id198_femadu_(2).jpg;285
1842;2068;198;MANDRILLS BKB_198_20210829_id198_femadu_(3).jpg;226
1829;2079;198;MANDRILLS BKB_198_20210909_id198_femadu.jpg;250
2075;2082;198;MANDRILLS BKB_198_20210912_id198_femadu.jpg;7
1927;2133;198;MANDRILLS BKB_198_20211102_id198_femadu.jpg;206
2019;2150;198;MANDRILLS BKB_198_20211119_id198_femadu_(2).jpg;131
2128;2153;198;MANDRILLS BKB_198_20211122_id198_femadu_(1).jpg;25
2021;2153;198;MANDRILLS BKB_198_20211122_id198_femadu_(2).jpg;132
1891;2155;198;MANDRILLS BKB_198_20211124_id198_femadu.jpg;264
1933;2165;198;MANDRILLS BKB_198_20211204_ID198_femadu.jpg;232
1763;2182;198;MANDRILLS BKB_198_20211221_id198_femadu.jpg;419
2048;2188;198;MANDRILLS BKB_198_20211227_id198_femadu.jpg;140
1916;2234;198;MANDRILLS BKB_198_20220211_id198_femadu (1).jpg;318
2023;2234;198;MANDRILLS BKB_198_20220211_id198_femadu (2).jpg;211
2019;2234;198;MANDRILLS BKB_198_20220211_id198_femadu (3).jpg;215
1888;2241;198;MANDRILLS BKB_198_20220218_id198_femadu.jpg;353
2127;2260;198;MANDRILLS BKB_198_20220309_id198_femadu (1).jpg;133
1965;2260;198;MANDRILLS BKB_198_20220309_id198_femadu (2).jpg;295
1916;2281;198;MANDRILLS BKB_198_20220330_id198_femadu (3).jpg;365
2061;2281;198;MANDRILLS BKB_198_20220330_id198_femadu (4).jpg;220
1780;2321;198;MANDRILLS BKB_198_20220509_id198_femadu (1).jpg;541
1821;2321;198;MANDRILLS BKB_198_20220509_id198_femadu (3).jpg;500
2334;2321;198;MANDRILLS BKB_198_20220509_id198_femadu (4).jpg;13
2146;2321;198;MANDRILLS BKB_198_20220509_id198_femadu.jpg;175
2131;2330;198;MANDRILLS BKB_198_20220518_id198_femadu.jpg;199
2115;2351;198;MANDRILLS BKB_198_20220608_id198_femadu.jpg;236
1952;2353;198;MANDRILLS BKB_198_20220610_id198_femadu (2).jpg;401
1755;2353;198;MANDRILLS BKB_198_20220610_id198_femadu (3).jpg;598
1828;2363;198;MANDRILLS BKB_198_20220620_id198_femadu (2).jpg;535
2062;2367;198;MANDRILLS BKB_198_20220624_id198_femadu (1).jpg;305
2258;2367;198;MANDRILLS BKB_198_20220624_id198_femadu (2).jpg;109
1921;2372;198;MANDRILLS BKB_198_20220629_id198 (1).jpg;451
1912;2372;198;MANDRILLS BKB_198_20220629_id198 (2).jpg;460
1893;2384;198;MANDRILLS BKB_198_20220711_id198 (2).jpg;491
2083;2384;198;MANDRILLS BKB_198_20220711_id198.jpg;301
2296;2386;198;MANDRILLS BKB_198_20220713_id198 (1).jpg;90
1942;2386;198;MANDRILLS BKB_198_20220713_id198 (2).jpg;444
2205;2387;198;MANDRILLS BKB_198_20220714_id198 (2).jpg;182
2072;2387;198;MANDRILLS BKB_198_20220714_id198_femadu.jpg;315
1995;2427;198;MANDRILLS BKB_198_20220823_id198 (2).jpg;432
2981;2427;198;MANDRILLS BKB_198_20220823_id198 (3).jpg;554
2106;2427;198;MANDRILLS BKB_198_20220823_id198 (4).jpg;321
2168;2427;198;MANDRILLS BKB_198_20220823_id198 (5).jpg;259
1942;2427;198;MANDRILLS BKB_198_20220823_id198.jpg;485
2167;2430;198;MANDRILLS BKB_198_20220826_id198 (1).jpg;263
2323;2430;198;MANDRILLS BKB_198_20220826_id198 (2).jpg;107
1928;2450;198;MANDRILLS BKB_198_20220915_id198.jpg;522
2023;2463;198;MANDRILLS BKB_198_20220928_id198 (2).jpg;440
2242;2463;198;MANDRILLS BKB_198_20220928_id198.jpg;221
1989;2470;198;MANDRILLS BKB_198_20221005_id198.jpg;481
2059;2512;198;MANDRILLS BKB_198_20221116_id198.jpg;453
1929;2535;198;MANDRILLS BKB_198_20221209_id198 (1).jpg;606
1873;2537;198;MANDRILLS BKB_198_20221211_id198.jpg;664
2220;2540;198;MANDRILLS BKB_198_20221214_id198.jpg;320
1858;2553;198;MANDRILLS BKB_198_20221227_id198.jpg;695
504;462;216;MANDRILLS BKB_216_20180613_id2016_maljuv_(1)_ORIGINAL.jpg;42
457;462;216;MANDRILLS BKB_216_20180613_id2016_maljuv_(10)_ORIGINAL.jpg;5
441;462;216;MANDRILLS BKB_216_20180613_id2016_maljuv_(11)_ORIGINAL.jpg;21
476;462;216;MANDRILLS BKB_216_20180613_id2016_maljuv_(12)_ORIGINAL.jpg;14
435;462;216;MANDRILLS BKB_216_20180613_id2016_maljuv_(13)_ORIGINAL.jpg;27
485;462;216;MANDRILLS BKB_216_20180613_id2016_maljuv_(14)_ORIGINAL.jpg;23
514;462;216;MANDRILLS BKB_216_20180613_id2016_maljuv_(15)_ORIGINAL.jpg;52
509;462;216;MANDRILLS BKB_216_20180613_id2016_maljuv_(16)_ORIGINAL.jpg;47
551;462;216;MANDRILLS BKB_216_20180613_id2016_maljuv_(19)_ORIGINAL.jpg;89
561;462;216;MANDRILLS BKB_216_20180613_id2016_maljuv_(2)_ORIGINAL.jpg;99
573;462;216;MANDRILLS BKB_216_20180613_id2016_maljuv_(20)_ORIGINAL.jpg;111
463;462;216;MANDRILLS BKB_216_20180613_id2016_maljuv_(21)_ORIGINAL.jpg;1
509;462;216;MANDRILLS BKB_216_20180613_id2016_maljuv_(22)_ORIGINAL.jpg;47
521;462;216;MANDRILLS BKB_216_20180613_id2016_maljuv_(23)_ORIGINAL.jpg;59
449;462;216;MANDRILLS BKB_216_20180613_id2016_maljuv_(24)_ORIGINAL.jpg;13
448;462;216;MANDRILLS BKB_216_20180613_id2016_maljuv_(25)_ORIGINAL.jpg;14
515;462;216;MANDRILLS BKB_216_20180613_id2016_maljuv_(4)_ORIGINAL.jpg;53
547;462;216;MANDRILLS BKB_216_20180613_id2016_maljuv_(5)_ORIGINAL.jpg;85
484;462;216;MANDRILLS BKB_216_20180613_id2016_maljuv_(8)_ORIGINAL.jpg;22
497;462;216;MANDRILLS BKB_216_20180613_id2016_maljuv_(9)_ORIGINAL.jpg;35
628;477;216;MANDRILLS BKB_216_20180628_id2016_maljuv_(1)_ORIGINAL.jpg;151
599;477;216;MANDRILLS BKB_216_20180628_id2016_maljuv_(2)_ORIGINAL.jpg;122
491;477;216;MANDRILLS BKB_216_20180628_id2016_maljuv_(3)_ORIGINAL.jpg;14
559;477;216;MANDRILLS BKB_216_20180628_id2016_maljuv_(6)_ORIGINAL.jpg;82
529;477;216;MANDRILLS BKB_216_20180628_id2016_maljuv_(7)_ORIGINAL.jpg;52
571;477;216;MANDRILLS BKB_216_20180628_id2016_maljuv_(8)_ORIGINAL.jpg;94
583;477;216;MANDRILLS BKB_216_20180628_id2016_maljuv_(9)_ORIGINAL.jpg;106
622;483;216;MANDRILLS BKB_216_20180704_id2016_maljuvDROITE_(1)_ORIGINAL.jpg;139
539;483;216;MANDRILLS BKB_216_20180704_id2016_maljuvDROITE_(2)_ORIGINAL.jpg;56
506;483;216;MANDRILLS BKB_216_20180704_id2016_maljuvDROITE_(3)_ORIGINAL.jpg;23
985;483;216;MANDRILLS BKB_216_20180704_id2016_maljuvDROITE_(4)_ORIGINAL.jpg;502
591;483;216;MANDRILLS BKB_216_20180704_id2016_maljuvDROITE_(5)_ORIGINAL.jpg;108
598;483;216;MANDRILLS BKB_216_20180704_id2016_maljuvDROITE_(6)_ORIGINAL.jpg;115
564;484;216;MANDRILLS BKB_216_20180705_id2016_maljuv_(1)_ORIGINAL.jpg;80
536;484;216;MANDRILLS BKB_216_20180705_id2016_maljuv_(4)_ORIGINAL.jpg;52
570;505;216;MANDRILLS BKB_216_20180726_id2016_maljuv_(1)_ORIGINAL.jpg;65
587;505;216;MANDRILLS BKB_216_20180726_id2016_maljuv_(3)_ORIGINAL.jpg;82
688;671;216;MANDRILLS BKB_216_20190108_id2016_maljuv_(2)_ORIGINAL.jpg;17
755;671;216;MANDRILLS BKB_216_20190108_id2016_maljuv_(3)_ORIGINAL.jpg;84
802;671;216;MANDRILLS BKB_216_20190108_id2016_maljuv_(4)_ORIGINAL.jpg;131
789;671;216;MANDRILLS BKB_216_20190108_id2016_maljuv_(5)_ORIGINAL.jpg;118
801;735;216;MANDRILLS BKB_216_20190313_id2016_maljuv_(1).jpg;66
751;735;216;MANDRILLS BKB_216_20190313_id2016_maljuv_(2).jpg;16
779;735;216;MANDRILLS BKB_216_20190313_id2016_maljuv_(3).jpg;44
850;739;216;MANDRILLS BKB_216_20190317_id2016_maljuv_(1).jpg;111
889;739;216;MANDRILLS BKB_216_20190317_id2016_maljuv_(2).jpg;150
873;739;216;MANDRILLS BKB_216_20190317_id2016_maljuv_(3).jpg;134
937;739;216;MANDRILLS BKB_216_20190317_id2016_maljuv_(4).jpg;198
783;739;216;MANDRILLS BKB_216_20190317_id2016_maljuv_(5).jpg;44
1009;739;216;MANDRILLS BKB_216_20190317_id2016_maljuv_DROITE_(1).jpg;270
804;739;216;MANDRILLS BKB_216_20190317_id2016_maljuv_DROITE_(2).jpg;65
832;741;216;MANDRILLS BKB_216_20190319_id2016_maljuv.jpg;91
1025;880;216;MANDRILLS BKB_216_20190805_id2016_maljuv_(1).jpg;145
992;885;216;MANDRILLS BKB_216_20190810_id2016_maljuv_BAS_(1).jpg;107
1137;885;216;MANDRILLS BKB_216_20190810_id2016_maljuv_BAS_(3).jpg;252
1073;910;216;MANDRILLS BKB_216_20190904_id2016_maljuv_(1).jpg;163
1239;910;216;MANDRILLS BKB_216_20190904_id2016_maljuv_(3).jpg;329
1126;910;216;MANDRILLS BKB_216_20190904_id2016_maljuv_(4).jpg;216
942;910;216;MANDRILLS BKB_216_20190904_id2016_maljuv_HAUT_(1).jpg;32
997;910;216;MANDRILLS BKB_216_20190904_id2016_maljuv_HAUT_(2).jpg;87
1109;910;216;MANDRILLS BKB_216_20190904_id2016_maljuv_HAUT_(4).jpg;199
972;910;216;MANDRILLS BKB_216_20190904_id2016_maljuv_HAUT_(6).jpg;62
920;910;216;MANDRILLS BKB_216_20190904_id2016_maljuv_HAUT_(7).jpg;10
1171;910;216;MANDRILLS BKB_216_20190904_id2016_maljuv_HAUT_(8).jpg;261
1246;924;216;MANDRILLS BKB_216_20190918_id2016_maljuv_(1).jpg;322
1016;924;216;MANDRILLS BKB_216_20190918_id2016_maljuv_(3).jpg;92
1121;924;216;MANDRILLS BKB_216_20190918_id2016_maljuv_(4).jpg;197
1084;924;216;MANDRILLS BKB_216_20190918_id2016_maljuv_(5).jpg;160
1043;981;216;MANDRILLS BKB_216_20191114_id2016_maljuv.jpg;62
1086;1008;216;MANDRILLS BKB_216_20191211_id2016_maljuv.jpg;78
1223;1035;216;MANDRILLS BKB_216_20200107_id2016_maljuv.jpg;188
1300;1070;216;MANDRILLS BKB_216_20200211_id2016_maljuv.jpg;230
1079;1108;216;MANDRILLS BKB_216_20200320_id2016_maljuv.jpg;29
1281;1118;216;MANDRILLS BKB_216_20200330_id2016_maljuv.jpg;163
1431;1319;216;MANDRILLS BKB_216_20201017_id216_maljuv_(1).jpg;112
1367;1319;216;MANDRILLS BKB_216_20201017_id216_maljuv_(2).jpg;48
1279;1319;216;MANDRILLS BKB_216_20201017_id216_maljuv_(3).jpg;40
1494;1322;216;MANDRILLS BKB_216_20201020_id216_maljuv_(1).jpg;172
1426;1322;216;MANDRILLS BKB_216_20201020_id216_maljuv_(2).jpg;104
1404;1324;216;MANDRILLS BKB_216_20201022_id216_maljuv_(1).jpg;80
1281;1324;216;MANDRILLS BKB_216_20201022_id216_maljuv_(2).jpg;43
1481;1330;216;MANDRILLS BKB_216_20201028_id216_maljuv_(1).jpg;151
1563;1330;216;MANDRILLS BKB_216_20201028_id216_maljuv_(3).jpg;233
1621;1337;216;MANDRILLS BKB_216_20201104_id216_maljuv_(1).jpg;284
1550;1337;216;MANDRILLS BKB_216_20201104_id216_maljuv_(2).jpg;213
1526;1380;216;MANDRILLS BKB_216_20201217_id216_maljuv_(1).jpg;146
1523;1380;216;MANDRILLS BKB_216_20201217_id216_maljuv_(2).jpg;143
1587;1380;216;MANDRILLS BKB_216_20201217_id216_maljuv_(3).jpg;207
1724;1380;216;MANDRILLS BKB_216_20201217_id216_maljuv_(4).jpg;344
1481;1384;216;MANDRILLS BKB_216_20201221_id216_maljuv.jpg;97
1347;1385;216;MANDRILLS BKB_216_20201222_id216_maljuv-2.jpg;38
1395;1385;216;MANDRILLS BKB_216_20201222_id216_maljuv.jpg;10
1258;1534;222;MANDRILLS BKB_222_20200330_id222_fem_(1).jpg;276
1069;1534;222;MANDRILLS BKB_222_20200330_id222_fem_(2).jpg;465
1181;1534;222;MANDRILLS BKB_222_20200330_id222_fem_(3).jpg;353
1172;1534;222;MANDRILLS BKB_222_20200330_id222_fem_(4).jpg;362
1224;1534;222;MANDRILLS BKB_222_20200330_id222_fem_(5).jpg;310
1171;1566;222;MANDRILLS BKB_222_20200501_id222_fem.jpg;395
1327;1740;222;MANDRILLS BKB_222_20201022_id222_fem_(1).jpg;413
1278;1740;222;MANDRILLS BKB_222_20201022_id222_fem_(2).jpg;462
1300;1755;222;MANDRILLS BKB_222_20201106_id222_fem.jpg;455
1380;1794;222;MANDRILLS BKB_222_20201215_id222_fem_(1).jpg;414
1609;1794;222;MANDRILLS BKB_222_20201215_id222_fem_(2).jpg;185
1742;1801;222;MANDRILLS BKB_222_20201222_id222_fem.jpg;59
1354;1814;222;MANDRILLS BKB_222_20210104_id222_fem.jpg;460
1654;1839;222;MANDRILLS BKB_222_20210129_id222_fem_(1).jpg;185
1466;1839;222;MANDRILLS BKB_222_20210129_id222_fem_(2).jpg;373
1608;1839;222;MANDRILLS BKB_222_20210129_id222_fem_(3).jpg;231
1445;1839;222;MANDRILLS BKB_222_20210129_id222_fem_(4).jpg;394
1623;1839;222;MANDRILLS BKB_222_20210129_id222_fem_(5).jpg;216
1672;1840;222;MANDRILLS BKB_222_20210130_id222_fem.jpg;168
1499;1844;222;MANDRILLS BKB_222_20210203_id222_fem.jpg;345
1281;1853;222;MANDRILLS BKB_222_20210212_id222_fem_(1).jpg;572
1609;1853;222;MANDRILLS BKB_222_20210212_id222_fem_(2).jpg;244
1377;1853;222;MANDRILLS BKB_222_20210212_id222_fem_(3).jpg;476
1239;1853;222;MANDRILLS BKB_222_20210212_id222_fem_(4).jpg;614
1754;1853;222;MANDRILLS BKB_222_20210212_id222_fem_(5).jpg;99
1464;1855;222;MANDRILLS BKB_222_20210214_id222_fem.jpg;391
1429;1862;222;MANDRILLS BKB_222_20210221_id222_fem_(1).jpg;433
1376;1862;222;MANDRILLS BKB_222_20210221_id222_fem_(2).jpg;486
1446;1870;222;MANDRILLS BKB_222_20210301_id222_femadu_(1).jpg;424
1645;1870;222;MANDRILLS BKB_222_20210301_id222_femadu_(2).jpg;225
1540;1894;222;MANDRILLS BKB_222_20210325_id222_femadu.jpg;354
1615;1919;222;MANDRILLS BKB_222_20210419_id222_femadu.jpg;304
1865;1957;222;MANDRILLS BKB_222_20210527_id222_femadu_(1).jpg;92
1712;1957;222;MANDRILLS BKB_222_20210527_id222_femadu_(2).jpg;245
1857;1957;222;MANDRILLS BKB_222_20210527_id222_femadu_(3).jpg;100
1751;1957;222;MANDRILLS BKB_222_20210527_id222_femadu_(4).jpg;206
1748;1957;222;MANDRILLS BKB_222_20210527_id222_femadu_(5).jpg;209
1819;2069;222;MANDRILLS BKB_222_20210916_id222_femadu.jpg;250
1633;2072;222;MANDRILLS BKB_222_20210919_id222_femadu (1).jpg;439
1444;2080;222;MANDRILLS BKB_222_20210927_id222_femadu.jpg;636
1622;2088;222;MANDRILLS BKB_222_20211005_id222_femadu_(1).jpg;466
1771;2088;222;MANDRILLS BKB_222_20211005_id222_femadu_(2).jpg;317
1707;2089;222;MANDRILLS BKB_222_20211006_id222_femadu.jpg;382
1930;2099;222;MANDRILLS BKB_222_20211016_id222_femadu.jpg;169
1675;2116;222;MANDRILLS BKB_222_20211102_id222_femadu.jpg;441
1571;2125;222;MANDRILLS BKB_222_20211111_id222_femadu.jpg;554
1691;2154;222;MANDRILLS BKB_222_20211210_id222_femadu_(1).jpg;463
1718;2154;222;MANDRILLS BKB_222_20211210_id222_femadu_(2).jpg;436
1867;2161;222;MANDRILLS BKB_222_20211217_id222_femadu_(3).jpg;294
2066;2161;222;MANDRILLS BKB_222_20211217_id222_femadu_(4).jpg;95
2322;2161;222;MANDRILLS BKB_222_20211217_id222_femadu_(5).jpg;161
1841;2161;222;MANDRILLS BKB_222_20211217_id222_femadu_(6).jpg;320
1932;2202;222;MANDRILLS BKB_222_20220127_id222 (2).jpg;270
1808;2202;222;MANDRILLS BKB_222_20220127_id222 (3).jpg;394
1782;2202;222;MANDRILLS BKB_222_20220127_id222 (4).jpg;420
1825;2202;222;MANDRILLS BKB_222_20220127_id222.jpg;377
1739;2207;222;MANDRILLS BKB_222_20220201_id222_femadu (1).jpg;468
1755;2207;222;MANDRILLS BKB_222_20220201_id222_femadu (2).jpg;452
1894;2227;222;MANDRILLS BKB_222_20220221_id222_femadu (1).jpg;333
1763;2227;222;MANDRILLS BKB_222_20220221_id222_femadu (2).jpg;464
2175;2232;222;MANDRILLS BKB_222_20220226_id222_feladu (1).jpg;57
1804;2232;222;MANDRILLS BKB_222_20220226_id222_feladu (2).jpg;428
2054;2232;222;MANDRILLS BKB_222_20220226_id222_feladu (3).jpg;178
1573;2232;222;MANDRILLS BKB_222_20220226_id222_femadu.jpg;659
2078;2243;222;MANDRILLS BKB_222_20220309_id222_femadu.jpg;165
1949;2257;222;MANDRILLS BKB_222_20220323_id222_femadu (1).jpg;308
1963;2257;222;MANDRILLS BKB_222_20220323_id222_femadu (2).jpg;294
1758;2257;222;MANDRILLS BKB_222_20220323_id222_femadu (3).jpg;499
1640;2258;222;MANDRILLS BKB_222_20220324_id222_femadu.jpg;618
1877;2272;222;MANDRILLS BKB_222_20220407_id222_femadu (1).jpg;395
2056;2272;222;MANDRILLS BKB_222_20220407_id222_femadu (3).jpg;216
1837;2272;222;MANDRILLS BKB_222_20220407_id222_femadu (4).jpg;435
2114;2275;222;MANDRILLS BKB_222_20220410_id222_femadu (1).jpg;161
2032;2275;222;MANDRILLS BKB_222_20220410_id222_femadu (2).jpg;243
2052;2275;222;MANDRILLS BKB_222_20220410_id222_femadu (3).jpg;223
1949;2292;222;MANDRILLS BKB_222_20220427_id222_femadu.jpg;343
2040;2310;222;MANDRILLS BKB_222_20220515_id222_femadu (1).jpg;270
1802;2310;222;MANDRILLS BKB_222_20220515_id222_femadu (2).jpg;508
2121;2310;222;MANDRILLS BKB_222_20220515_id222_femadu (3).jpg;189
2033;2310;222;MANDRILLS BKB_222_20220515_id222_femadu (4).jpg;277
2242;2311;222;MANDRILLS BKB_222_20220516_id222_femadu (1).jpg;69
2097;2311;222;MANDRILLS BKB_222_20220516_id222_femadu (2).jpg;214
2058;2313;222;MANDRILLS BKB_222_20220518_id222_femadu (1).jpg;255
1839;2313;222;MANDRILLS BKB_222_20220518_id222_femadu (2).jpg;474
2108;2313;222;MANDRILLS BKB_222_20220518_id222_femadu (3).jpg;205
1963;2313;222;MANDRILLS BKB_222_20220518_id222_femadu (4).jpg;350
1980;2324;222;MANDRILLS BKB_222_20220529_id222_femadu.jpg;344
2020;2355;222;MANDRILLS BKB_222_20220629_id222.jpg;335
2047;2362;222;MANDRILLS BKB_222_20220706_id222.jpg;315
1991;2367;222;MANDRILLS BKB_222_20220711_id222 (2).jpg;376
2273;2367;222;MANDRILLS BKB_222_20220711_id222 (3).jpg;94
2333;2367;222;MANDRILLS BKB_222_20220711_id222 (4).jpg;34
1993;2367;222;MANDRILLS BKB_222_20220711_id222.jpg;374
1667;2370;222;MANDRILLS BKB_222_20220714_id222_femadu (1).jpg;703
1822;2370;222;MANDRILLS BKB_222_20220714_id222_femadu (2).jpg;548
1992;2372;222;MANDRILLS BKB_222_20220716_id222.jpg;380
1915;2372;222;MANDRILLS BKB_222_20220716_id222_femadu.jpg;457
1829;2375;222;MANDRILLS BKB_222_20220719_id222.jpg;546
2201;2377;222;MANDRILLS BKB_222_20220721_id222.jpg;176
1927;2381;222;MANDRILLS BKB_222_20220725_id222.jpg;454
1963;2390;222;MANDRILLS BKB_222_20220803_id222 (2).jpg;427
1831;2390;222;MANDRILLS BKB_222_20220803_id222 (3).jpg;559
2132;2390;222;MANDRILLS BKB_222_20220803_id222.jpg;258
2519;2391;222;MANDRILLS BKB_222_20220804_id222.jpg;128
1970;2399;222;MANDRILLS BKB_222_20220812_id222 (1).jpg;429
2517;2413;222;MANDRILLS BKB_222_20220826_id222.jpg;104
2139;2422;222;MANDRILLS BKB_222_20220904_id222 (1).jpg;283
2030;2422;222;MANDRILLS BKB_222_20220904_id222 (2).jpg;392
2232;2423;222;MANDRILLS BKB_222_20220905_id222 (2).jpg;191
2679;2426;222;MANDRILLS BKB_222_20220908_id222 (1).jpg;253
2003;2426;222;MANDRILLS BKB_222_20220908_id222 (2).jpg;423
1765;2426;222;MANDRILLS BKB_222_20220908_id222 (3).jpg;661
2059;2430;222;MANDRILLS BKB_222_20220912_id222.jpg;371
1999;2453;222;MANDRILLS BKB_222_20221005_id222.jpg;454
2678;2470;222;MANDRILLS BKB_222_20221022_id222.jpg;208
2297;2496;222;MANDRILLS BKB_222_20221117_id222 (2).jpg;199
2012;2496;222;MANDRILLS BKB_222_20221117_id222 (3).jpg;484
2065;2496;222;MANDRILLS BKB_222_20221117_id222 (4).jpg;431
2036;2515;222;MANDRILLS BKB_222_20221206_id222.jpg;479
1959;2518;222;MANDRILLS BKB_222_20221209_id222 (1).jpg;559
2133;2518;222;MANDRILLS BKB_222_20221209_id222 (2).jpg;385
2275;2530;222;MANDRILLS BKB_222_20221221_id222.jpg;255
1044;942;223;MANDRILLS BKB_223_20190822_id223_fem_(1).jpg;102
965;942;223;MANDRILLS BKB_223_20190822_id223_fem_(2).jpg;23
955;942;223;MANDRILLS BKB_223_20190822_id223_fem_(3).jpg;13
834;976;223;MANDRILLS BKB_223_20190925_id223_fem_(1).jpg;142
954;976;223;MANDRILLS BKB_223_20190925_id223_fem_(2).jpg;22
910;976;223;MANDRILLS BKB_223_20190925_id223_fem_(3).jpg;66
1148;1369;223;MANDRILLS BKB_223_20201022_id223_fem.jpg;221
1355;1421;223;MANDRILLS BKB_223_20201213_id223_fem.jpg;66
1346;1431;223;MANDRILLS BKB_223_20201223_id223_fem_(1).jpg;85
1404;1431;223;MANDRILLS BKB_223_20201223_id223_fem_(2).jpg;27
1480;1438;223;MANDRILLS BKB_223_20201230_id223_fem_(1).jpg;42
1491;1438;223;MANDRILLS BKB_223_20201230_id223_fem_(2).jpg;53
1311;1438;223;MANDRILLS BKB_223_20201230_id223_fem_(3).jpg;127
1381;1439;223;MANDRILLS BKB_223_20201231_id223_fem.jpg;58
1357;1468;223;MANDRILLS BKB_223_20210129_id223_fem_(1).jpg;111
1301;1468;223;MANDRILLS BKB_223_20210129_id223_fem_(2).jpg;167
1373;1474;223;MANDRILLS BKB_223_20210204_id223_fem_(1).jpg;101
1366;1474;223;MANDRILLS BKB_223_20210204_id223_fem_(2).jpg;108
1319;1474;223;MANDRILLS BKB_223_20210204_id223_fem_(3).jpg;155
1548;1474;223;MANDRILLS BKB_223_20210204_id223_fem_(4).jpg;74
1371;1531;223;MANDRILLS BKB_223_20210402_id223_femadu_(1).jpg;160
1468;1531;223;MANDRILLS BKB_223_20210402_id223_femadu_(2).jpg;63
1341;1534;223;MANDRILLS BKB_223_20210405_id223_femadu.jpg;193
1638;1643;223;MANDRILLS BKB_223_20210723_id223_femadu.jpg;5
1664;1646;223;MANDRILLS BKB_223_20210726_id223_femadu.jpg;18
1626;1719;223;MANDRILLS BKB_223_20211007_id223_femadu.jpg;93
1567;1751;223;MANDRILLS BKB_223_20211108_id223_femadu_(1).jpg;184
1851;1751;223;MANDRILLS BKB_223_20211108_id223_femadu_(10).jpg;100
1691;1751;223;MANDRILLS BKB_223_20211108_id223_femadu_(11).jpg;60
1632;1751;223;MANDRILLS BKB_223_20211108_id223_femadu_(4).jpg;119
1413;1751;223;MANDRILLS BKB_223_20211108_id223_femadu_(5).jpg;338
1992;1751;223;MANDRILLS BKB_223_20211108_id223_femadu_(6).jpg;241
1670;1751;223;MANDRILLS BKB_223_20211108_id223_femadu_(9).jpg;81
1742;1754;223;MANDRILLS BKB_223_20211111_id223_femadu.jpg;12
1651;1790;223;MANDRILLS BKB_223_20211217_id223_femadu.jpg;139
1387;1799;223;MANDRILLS BKB_223_20211226_id223_femadu_(1).jpg;412
1502;1799;223;MANDRILLS BKB_223_20211226_id223_femadu_(2).jpg;297
1556;1799;223;MANDRILLS BKB_223_20211226_id223_femadu_(3).jpg;243
1660;1799;223;MANDRILLS BKB_223_20211226_ID223_femadu_(4).jpg;139
1657;1799;223;MANDRILLS BKB_223_20211226_ID223_femadu_(5).jpg;142
1658;1820;223;MANDRILLS BKB_223_20220116_id223_femadu (1).jpg;162
1697;1820;223;MANDRILLS BKB_223_20220116_id223_femadu (2).jpg;123
1739;1831;223;MANDRILLS BKB_223_20220127_id223 (2).jpg;92
1655;1831;223;MANDRILLS BKB_223_20220127_id223 (3).jpg;176
1937;1831;223;MANDRILLS BKB_223_20220127_id223.jpg;106
1726;1836;223;MANDRILLS BKB_223_20220201_id223_femadu.jpg;110
2005;1851;223;MANDRILLS BKB_223_20220216_id223_femadu.jpg;154
1732;1872;223;MANDRILLS BKB_223_20220309_id223_femadu (1).jpg;140
1735;1872;223;MANDRILLS BKB_223_20220309_id223_femadu (2).jpg;137
1931;1872;223;MANDRILLS BKB_223_20220309_id223_femadu.jpg;59
1428;1893;223;MANDRILLS BKB_223_20220330_id223_femadu (1).jpg;465
1849;1893;223;MANDRILLS BKB_223_20220330_id223_femadu (2).jpg;44
1675;1895;223;MANDRILLS BKB_223_20220401_id223_femadu (1).jpg;220
1754;1895;223;MANDRILLS BKB_223_20220401_id223_femadu (2).jpg;141
1862;1895;223;MANDRILLS BKB_223_20220401_id223_femadu (3).jpg;33
1761;1941;223;MANDRILLS BKB_223_20220517_id223_femadu.jpg;180
1761;1959;223;MANDRILLS BKB_223_20220604_id223_femadu.jpg;198
1949;1984;223;MANDRILLS BKB_223_20220629_id223 (1).jpg;35
1972;1984;223;MANDRILLS BKB_223_20220629_id223 (2).jpg;12
1930;1994;223;MANDRILLS BKB_223_20220709_id223 (2).jpg;64
2171;1994;223;MANDRILLS BKB_223_20220709_id223.jpg;177
1801;1998;223;MANDRILLS BKB_223_20220713_id223 (2).jpg;197
1689;1999;223;MANDRILLS BKB_223_20220714_id223_femadu.jpg;310
1764;2006;223;MANDRILLS BKB_223_20220721_id223 (2).jpg;242
1730;2013;223;MANDRILLS BKB_223_20220728_id223.jpg;283
1888;2031;223;MANDRILLS BKB_223_20220815_id223.jpg;143
1709;2051;223;MANDRILLS BKB_223_20220904_id223.jpg;342
1840;2071;223;MANDRILLS BKB_223_20220924_id223.jpg;231
1796;2088;223;MANDRILLS BKB_223_20221011_id223.jpg;292
1819;2147;223;MANDRILLS BKB_223_20221209_id223 (1).jpg;328
1945;2156;223;MANDRILLS BKB_223_20221218_id 223.jpg;211
1498;1427;225;MANDRILLS BKB_225_20201215_id225_fem_(2).jpg;71
1545;1427;225;MANDRILLS BKB_225_20201215_id225_fem_(3).jpg;118
1535;1427;225;MANDRILLS BKB_225_20201215_id225_fem_(4).jpg;108
1587;1427;225;MANDRILLS BKB_225_20201215_id225_fem_(5).jpg;160
1428;1427;225;MANDRILLS BKB_225_20201215_id225_fem_(6).jpg;1
1506;1427;225;MANDRILLS BKB_225_20201215_id225_fem_(7).jpg;79
1534;1447;225;MANDRILLS BKB_225_20210104_id225_fem_(1).jpg;87
1546;1447;225;MANDRILLS BKB_225_20210104_id225_fem_(2).jpg;99
1591;1449;225;MANDRILLS BKB_225_20210106_id225_fem_(1).jpg;142
1761;1449;225;MANDRILLS BKB_225_20210106_id225_fem_(2).jpg;312
1431;1471;225;MANDRILLS BKB_225_20210128_id225_fem_(1).jpg;40
1479;1471;225;MANDRILLS BKB_225_20210128_id225_fem_(2).jpg;8
1374;1472;225;MANDRILLS BKB_225_20210129_id225_fem.jpg;98
1515;1486;225;MANDRILLS BKB_225_20210212_id225_fem.jpg;29
1452;1500;225;MANDRILLS BKB_225_20210226_id225_fem.jpg;48
1630;1540;225;MANDRILLS BKB_225_20210407_id225_femadu_(1).jpg;90
1515;1540;225;MANDRILLS BKB_225_20210407_id225_femadu_(2).jpg;25
1518;1543;225;MANDRILLS BKB_225_20210410_id225_femadu.jpg;25
1835;1552;225;MANDRILLS BKB_225_20210419_id225_femadu_(1).jpg;283
1724;1552;225;MANDRILLS BKB_225_20210419_id225_femadu_(2).jpg;172
1657;1590;225;MANDRILLS BKB_225_20210527_id225_femadu_(1).jpg;67
1559;1590;225;MANDRILLS BKB_225_20210527_id225_femadu_(2).jpg;31
1784;1642;225;MANDRILLS BKB_225_20210718_id225_femadu.jpg;142
1722;1647;225;MANDRILLS BKB_225_20210723_id225_femadu_(1).jpg;75
1547;1647;225;MANDRILLS BKB_225_20210723_id225_femadu_(2).jpg;100
1928;1705;225;MANDRILLS BKB_225_20210919_id225_femadu (1).jpg;223
1654;1705;225;MANDRILLS BKB_225_20210919_id225_femadu (2).jpg;51
1642;1705;225;MANDRILLS BKB_225_20210919_id225_femadu (3).jpg;63
1793;1735;225;MANDRILLS BKB_225_20211019_id225_femadu.jpg;58
1907;1766;225;MANDRILLS BKB_225_20211119_id225_femadu.jpg;141
1890;1769;225;MANDRILLS BKB_225_20211122_id225_femadu.jpg;121
1842;1838;225;MANDRILLS BKB_225_20220130_id225 (2).jpg;4
1829;1838;225;MANDRILLS BKB_225_20220130_id225 (3).jpg;9
1921;1838;225;MANDRILLS BKB_225_20220130_id225.jpg;83
2028;1841;225;MANDRILLS BKB_225_20220202_id225_femadu.jpg;187
1730;1850;225;MANDRILLS BKB_225_20220211_id225_femadu (1).jpg;120
1895;1850;225;MANDRILLS BKB_225_20220211_id225_femadu (2).jpg;45
1957;1855;225;MANDRILLS BKB_225_20220216_id225_femadu.jpg;102
1695;1886;225;MANDRILLS BKB_225_20220319_id225_femadu.jpg;191
2012;1889;225;MANDRILLS BKB_225_20220322_id225_femadu (1).jpg;123
1997;1889;225;MANDRILLS BKB_225_20220322_id225_femadu (2).jpg;108
2031;1889;225;MANDRILLS BKB_225_20220322_id225_femadu (3).jpg;142
2267;1889;225;MANDRILLS BKB_225_20220322_id225_femadu (4).jpg;378
2287;1890;225;MANDRILLS BKB_225_20220323_id225_femadu (1).jpg;397
1821;1890;225;MANDRILLS BKB_225_20220323_id225_femadu (2).jpg;69
2045;1890;225;MANDRILLS BKB_225_20220323_id225_femadu (3).jpg;155
1763;1908;225;MANDRILLS BKB_225_20220410_id225_femadu.jpg;145
1976;1924;225;MANDRILLS BKB_225_20220426_id225_femadu (1).jpg;52
1808;1924;225;MANDRILLS BKB_225_20220426_id225_femadu (2).jpg;116
1952;1944;225;MANDRILLS BKB_225_20220516_id225_femadu.jpg;8
2707;1946;225;MANDRILLS BKB_225_20220518_id225_femadu (1).jpg;761
2029;1946;225;MANDRILLS BKB_225_20220518_id225_femadu (2).jpg;83
1842;1946;225;MANDRILLS BKB_225_20220518_id225_femadu (3).jpg;104
1834;1965;225;MANDRILLS BKB_225_20220606_id225_femadu (1).jpg;131
1862;1965;225;MANDRILLS BKB_225_20220606_id225_femadu (2).jpg;103
1594;1969;225;MANDRILLS BKB_225_20220610_id225_femadu (1).jpg;375
1830;1969;225;MANDRILLS BKB_225_20220610_id225_femadu (2).jpg;139
1818;1974;225;MANDRILLS BKB_225_20220615_id225_femadu (1).jpg;156
1986;1974;225;MANDRILLS BKB_225_20220615_id225_femadu (2).jpg;12
1816;1974;225;MANDRILLS BKB_225_20220615_id225_femadu (3).jpg;158
1776;1974;225;MANDRILLS BKB_225_20220615_id225_femadu (4).jpg;198
2254;1978;225;MANDRILLS BKB_225_20220619_id225_femadu (1).jpg;276
1711;1978;225;MANDRILLS BKB_225_20220619_id225_femadu (2).jpg;267
1898;1981;225;MANDRILLS BKB_225_20220622_id225_femadu (2).jpg;83
2138;1988;225;MANDRILLS BKB_225_20220629_id225.jpg;150
1899;1995;225;MANDRILLS BKB_225_20220706_id225 (2).jpg;96
2377;1995;225;MANDRILLS BKB_225_20220706_id225.jpg;382
1953;2000;225;MANDRILLS BKB_225_20220711_id225 (2).jpg;47
2178;2000;225;MANDRILLS BKB_225_20220711_id225.jpg;178
1918;2001;225;MANDRILLS BKB_225_20220712_id225.jpg;83
1950;2003;225;MANDRILLS BKB_225_20220714_id225_femadu.jpg;53
2198;2008;225;MANDRILLS BKB_225_20220719_id225 (1).jpg;190
2024;2008;225;MANDRILLS BKB_225_20220719_id225 (2).jpg;16
1946;2025;225;MANDRILLS BKB_225_20220805_id225 (1).jpg;79
1920;2025;225;MANDRILLS BKB_225_20220805_id225 (2).jpg;105
2199;2032;225;MANDRILLS BKB_225_20220812_id225 (1).jpg;167
2057;2032;225;MANDRILLS BKB_225_20220812_id225 (2).jpg;25
1957;2038;225;MANDRILLS BKB_225_20220818_id225 (2).jpg;81
1941;2043;225;MANDRILLS BKB_225_20220823_id225 (2).jpg;102
2196;2043;225;MANDRILLS BKB_225_20220823_id225.jpg;153
1972;2046;225;MANDRILLS BKB_225_20220826_id225.jpg;74
1961;2055;225;MANDRILLS BKB_225_20220904_id225.jpg;94
1867;2062;225;MANDRILLS BKB_225_20220911_id225.jpg;195
2140;2086;225;MANDRILLS BKB_225_20221005_id225 (1).jpg;54
2191;2086;225;MANDRILLS BKB_225_20221005_id225 (2).jpg;105
1934;2100;225;MANDRILLS BKB_225_20221019_id225 (1).jpg;166
1928;2100;225;MANDRILLS BKB_225_20221019_id225 (2).jpg;172
2016;2103;225;MANDRILLS BKB_225_20221022_id225 (1).jpg;87
2187;2103;225;MANDRILLS BKB_225_20221022_id225 (2).jpg;84
1865;2151;225;MANDRILLS BKB_225_20221209_id225.jpg;286
1987;2169;225;MANDRILLS BKB_225_20221227_id225.jpg;182
661;778;231;MANDRILLS BKB_231_20200108_id231_fem_(1).jpg;117
722;778;231;MANDRILLS BKB_231_20200108_id231_fem_(2).jpg;56
661;778;231;MANDRILLS BKB_231_20200108_id231_fem_(3).jpg;117
710;778;231;MANDRILLS BKB_231_20200108_id231_fem_(4).jpg;68
639;778;231;MANDRILLS BKB_231_20200108_id231_fem_(5).jpg;139
738;778;231;MANDRILLS BKB_231_20200108_id231_fem_(6).jpg;40
1169;1140;231;MANDRILLS BKB_231_20210104_id231_fem_(1).jpg;29
1027;1140;231;MANDRILLS BKB_231_20210104_id231_fem_(2).jpg;113
1001;1140;231;MANDRILLS BKB_231_20210104_id231_fem_(3).jpg;139
881;1142;231;MANDRILLS BKB_231_20210106_id231_fem_(1).jpg;261
929;1142;231;MANDRILLS BKB_231_20210106_id231_fem_(2).jpg;213
1007;1142;231;MANDRILLS BKB_231_20210106_id231_fem_(3).jpg;135
945;1142;231;MANDRILLS BKB_231_20210106_id231_fem_(4).jpg;197
922;1142;231;MANDRILLS BKB_231_20210106_id231_fem_(5).jpg;220
868;1142;231;MANDRILLS BKB_231_20210106_id231_fem_(6).jpg;274
1108;1142;231;MANDRILLS BKB_231_20210106_id231_fem_(7).jpg;34
967;1152;231;MANDRILLS BKB_231_20210116_id231_fem_(1).jpg;185
1017;1152;231;MANDRILLS BKB_231_20210116_id231_fem_(2).jpg;135
1029;1164;231;MANDRILLS BKB_231_20210128_id231_fem.jpg;135
979;1165;231;MANDRILLS BKB_231_20210129_id231_fem_(1).jpg;186
782;1165;231;MANDRILLS BKB_231_20210129_id231_fem_(2).jpg;383
959;1165;231;MANDRILLS BKB_231_20210129_id231_fem_(3).jpg;206
1118;1248;231;MANDRILLS BKB_231_20210422_id231_femjuv_(1).jpg;130
1066;1248;231;MANDRILLS BKB_231_20210422_id231_femjuv_(2).jpg;182
1101;1248;231;MANDRILLS BKB_231_20210422_id231_femjuv_(3).jpg;147
1140;1248;231;MANDRILLS BKB_231_20210422_id231_femjuv_(4).jpg;108
1336;1249;231;MANDRILLS BKB_231_20210423_id231_femjuv_(1).jpg;87
1142;1400;231;MANDRILLS BKB_231_20210921_id231_femjuv (1).jpg;258
1126;1400;231;MANDRILLS BKB_231_20210921_id231_femjuv (2).jpg;274
1055;1448;231;MANDRILLS BKB_231_20211108_id231_femjuv_(10).jpg;393
1033;1448;231;MANDRILLS BKB_231_20211108_id231_femjuv_(12).jpg;415
1194;1448;231;MANDRILLS BKB_231_20211108_id231_femjuv_(3).jpg;254
1091;1448;231;MANDRILLS BKB_231_20211108_id231_femjuv_(5).jpg;357
1112;1448;231;MANDRILLS BKB_231_20211108_id231_femjuv_(8).jpg;336
1303;1448;231;MANDRILLS BKB_231_20211108_id231_femjuv_(9).jpg;145
1314;1496;231;MANDRILLS BKB_231_20211226_id231_femjuv_(1).jpg;182
1356;1527;231;MANDRILLS BKB_231_20220126_id231.jpg;171
1413;1579;231;MANDRILLS BKB_231_20220319_id231_femadu (2).jpg;166
1487;1579;231;MANDRILLS BKB_231_20220319_id231_femadu (3).jpg;92
1413;1601;231;MANDRILLS BKB_231_20220410_id231_femadu (2).jpg;188
1543;1601;231;MANDRILLS BKB_231_20220410_id231_femadu (3).jpg;58
1374;1601;231;MANDRILLS BKB_231_20220410_id231_femadu (4).jpg;227
1407;1601;231;MANDRILLS BKB_231_20220410_id231_femadu.jpg;194
1473;1617;231;MANDRILLS BKB_231_20220426_id231_femadu (1).jpg;144
1516;1617;231;MANDRILLS BKB_231_20220426_id231_femadu (2).jpg;101
1479;1618;231;MANDRILLS BKB_231_20220427_id231_femadu.jpg;139
1448;1654;231;MANDRILLS BKB_231_20220602_id231_femadu (1).jpg;206
1269;1654;231;MANDRILLS BKB_231_20220602_id231_femadu (3).jpg;385
1568;1676;231;MANDRILLS BKB_231_20220624_id231_femadu (1).jpg;108
1556;1676;231;MANDRILLS BKB_231_20220624_id231_femadu (2).jpg;120
1481;1676;231;MANDRILLS BKB_231_20220624_id231_femadu (3).jpg;195
1641;1676;231;MANDRILLS BKB_231_20220624_id231_femadu (4).jpg;35
1552;1690;231;MANDRILLS BKB_231_20220708_id231.jpg;138
1478;1691;231;MANDRILLS BKB_231_20220709_id231 (1).jpg;213
1442;1691;231;MANDRILLS BKB_231_20220709_id231 (2).jpg;249
1622;1691;231;MANDRILLS BKB_231_20220709_id231 (3).jpg;69
1616;1691;231;MANDRILLS BKB_231_20220709_id231 (4).jpg;75
1629;1693;231;MANDRILLS BKB_231_20220711_id231.jpg;64
1664;1698;231;MANDRILLS BKB_231_20220716_id231_femadu (1).jpg;34
1764;1698;231;MANDRILLS BKB_231_20220716_id231_femadu (2).jpg;66
1702;1698;231;MANDRILLS BKB_231_20220716_id231_femadu (3).jpg;4
1692;1699;231;MANDRILLS BKB_231_20220717_id231 (2).jpg;7
1502;1707;231;MANDRILLS BKB_231_20220725_id231.jpg;205
1743;1718;231;MANDRILLS BKB_231_20220805_id231 (1).jpg;25
1674;1718;231;MANDRILLS BKB_231_20220805_id231 (2).jpg;44
1673;1718;231;MANDRILLS BKB_231_20220805_id231 (3).jpg;45
1521;1718;231;MANDRILLS BKB_231_20220805_id231.jpg;197
1667;1725;231;MANDRILLS BKB_231_20220812_id231.jpg;58
1512;1731;231;MANDRILLS BKB_231_20220818_id231.jpg;219
1639;1739;231;MANDRILLS BKB_231_20220826_id231.jpg;100
1607;1740;231;MANDRILLS BKB_231_20220827_id231.jpg;133
1531;1743;231;MANDRILLS BKB_231_20220830_id231.jpg;212
1655;1748;231;MANDRILLS BKB_231_20220904_id231 (1).jpg;93
1515;1748;231;MANDRILLS BKB_231_20220904_id231 (2).jpg;233
1654;1748;231;MANDRILLS BKB_231_20220904_id231 (3).jpg;94
1635;1758;231;MANDRILLS BKB_231_20220914_id231.jpg;123
1642;1764;231;MANDRILLS BKB_231_20220920_id231.jpg;122
1751;1779;231;MANDRILLS BKB_231_20221005_id231 (1).jpg;28
1679;1779;231;MANDRILLS BKB_231_20221005_id231 (2).jpg;100
1545;1793;231;MANDRILLS BKB_231_20221019_id231.jpg;248
1976;1821;231;MANDRILLS BKB_231_20221116_id231.jpg;155
1573;1849;231;MANDRILLS BKB_231_20221214_id231.jpg;276
2420;4066;26;MANDRILLS BKB_26_20150524_id26_femadu_(1)_ORIGINAL.jpg;1646
2897;4066;26;MANDRILLS BKB_26_20150524_id26_femadu_(2)_ORIGINAL.jpg;1169
2621;4066;26;MANDRILLS BKB_26_20150524_id26_femadu_(3)_ORIGINAL.jpg;1445
2828;4066;26;MANDRILLS BKB_26_20150524_id26_femadu_(4)_ORIGINAL.jpg;1238
2569;4066;26;MANDRILLS BKB_26_20150524_id26_femadu_(6)_ORIGINAL.jpg;1497
2657;4066;26;MANDRILLS BKB_26_20150524_id26_femadu_(7)_ORIGINAL.jpg;1409
2483;4066;26;MANDRILLS BKB_26_20150524_id26_femadu_(8)_ORIGINAL.jpg;1583
3286;4267;26;MANDRILLS BKB_26_20151211_id26_femadu_(1)_ORIGINAL.jpg;981
3472;4267;26;MANDRILLS BKB_26_20151211_id26_femadu_(2)_ORIGINAL.jpg;795
3443;4267;26;MANDRILLS BKB_26_20151211_id26_femadu_(3)_ORIGINAL.jpg;824
201;269;284;MANDRILLS BKB_284_20190618_id4071_malinf.jpg;68
273;369;284;MANDRILLS BKB_284_20190926_id4071_maljuv_(1).jpg;96
309;369;284;MANDRILLS BKB_284_20190926_id4071_maljuv_(2).jpg;60
347;418;284;MANDRILLS BKB_284_20191114_id4071_maljuv_(1).jpg;71
304;418;284;MANDRILLS BKB_284_20191114_id4071_maljuv_(2).jpg;114
314;418;284;MANDRILLS BKB_284_20191114_id4071_maljuv_(3).jpg;104
363;510;284;MANDRILLS BKB_284_20200214_id4071_maljuv.jpg;147
347;514;284;MANDRILLS BKB_284_20200218_id4071_maljuv_(1).jpg;167
403;514;284;MANDRILLS BKB_284_20200218_id4071_maljuv_(2).jpg;111
613;761;284;MANDRILLS BKB_284_20201022_id4071_maljuv_(1).jpg;148
583;761;284;MANDRILLS BKB_284_20201022_id4071_maljuv_(2).jpg;178
692;772;284;MANDRILLS BKB_284_20201102_id4071_maljuv_(1).jpg;80
732;772;284;MANDRILLS BKB_284_20201102_id4071_maljuv_(3).jpg;40
735;813;284;MANDRILLS BKB_284_20201213_id4071_maljuv_(1).jpg;78
652;813;284;MANDRILLS BKB_284_20201213_id4071_maljuv_(2).jpg;161
642;813;284;MANDRILLS BKB_284_20201213_id4071_maljuv_(3).jpg;171
585;818;284;MANDRILLS BKB_284_20201218_id4071_maljuv_(1).jpg;233
702;818;284;MANDRILLS BKB_284_20201218_id4071_maljuv_(2).jpg;116
943;844;284;MANDRILLS BKB_284_20210113_id4071_maljuv_(1).jpg;99
677;844;284;MANDRILLS BKB_284_20210113_id4071_maljuv_(2).jpg;167
629;844;284;MANDRILLS BKB_284_20210113_id4071_maljuv_(3).jpg;215
657;844;284;MANDRILLS BKB_284_20210113_id4071_maljuv_(4).jpg;187
735;844;284;MANDRILLS BKB_284_20210113_id4071_maljuv_(5).jpg;109
764;844;284;MANDRILLS BKB_284_20210113_id4071_maljuv_(6).jpg;80
792;852;284;MANDRILLS BKB_284_20210121_id4071_maljuv_(1).jpg;60
749;852;284;MANDRILLS BKB_284_20210121_id4071_maljuv_(2).jpg;103
892;860;284;MANDRILLS BKB_284_20210129_id4071_maljuv_(1).jpg;32
779;860;284;MANDRILLS BKB_284_20210129_id4071_maljuv_(2).jpg;81
795;927;284;MANDRILLS BKB_284_20210406_id4071_maljuv_(1).jpg;132
860;927;284;MANDRILLS BKB_284_20210406_id4071_maljuv_(2).jpg;67
816;927;284;MANDRILLS BKB_284_20210406_id4071_maljuv_(3).jpg;111
811;944;284;MANDRILLS BKB_284_20210423_id4071_maljuv_(1).jpg;133
792;944;284;MANDRILLS BKB_284_20210423_id4071_maljuv_(2).jpg;152
757;1025;284;MANDRILLS BKB_284_20210713_id4071_maljuv.jpg;268
853;1030;284;MANDRILLS BKB_284_20210718_id4071_maljuv_(1).jpg;177
891;1030;284;MANDRILLS BKB_284_20210718_id4071_maljuv_(2).jpg;139
907;1030;284;MANDRILLS BKB_284_20210718_id4071_maljuv_(3).jpg;123
965;1078;284;MANDRILLS BKB_284_20210904_id4071_maljuv (1).jpg;113
728;1078;284;MANDRILLS BKB_284_20210904_id4071_maljuv (2).jpg;350
885;1078;284;MANDRILLS BKB_284_20210904_id4071_maljuv (3).jpg;193
971;1078;284;MANDRILLS BKB_284_20210904_id4071_maljuv (4).jpg;107
1065;1096;284;MANDRILLS BKB_284_20210922_id4071_maljuv.jpg;31
920;1098;284;MANDRILLS BKB_284_20210924_id4071_maljuv.jpg;178
984;1141;284;MANDRILLS BKB_284_20211106_id4071_maljuv_(1).jpg;157
1035;1141;284;MANDRILLS BKB_284_20211106_id4071_maljuv_(2).jpg;106
1079;1141;284;MANDRILLS BKB_284_20211106_id4071_maljuv_(3).jpg;62
1004;1141;284;MANDRILLS BKB_284_20211106_id4071_maljuv_(4).jpg;137
1180;1143;284;MANDRILLS BKB_284_20211108_id4071_maljuv_(2).jpg;37
1197;1143;284;MANDRILLS BKB_284_20211108_id4071_maljuv_(3).jpg;54
1085;1143;284;MANDRILLS BKB_284_20211108_id4071_maljuv_(4).jpg;58
1147;1228;284;MANDRILLS BKB_284_20220201_id4071_maljuv.jpg;81
1170;1233;284;MANDRILLS BKB_284_20220206_id4071_maljuv.jpg;63
1244;1262;284;MANDRILLS BKB_284_20220307_id4071_maljuv.jpg;18
1136;1275;284;MANDRILLS BKB_284_20220320_id4071_maljuv.jpg;139
1067;1282;284;MANDRILLS BKB_284_20220327_id4071_maljuv (1).jpg;215
1129;1282;284;MANDRILLS BKB_284_20220327_id4071_maljuv (2).jpg;153
1261;1282;284;MANDRILLS BKB_284_20220327_id4071_maljuv (3).jpg;21
1236;1282;284;MANDRILLS BKB_284_20220327_id4071_maljuv (4).jpg;46
1152;1282;284;MANDRILLS BKB_284_20220327_id4071_maljuv.jpg;130
1188;1287;284;MANDRILLS BKB_284_20220401_id4071_maljuv (1).jpg;99
1259;1287;284;MANDRILLS BKB_284_20220401_id4071_maljuv (2).jpg;28
1240;1287;284;MANDRILLS BKB_284_20220401_id4071_maljuv (3).jpg;47
1246;1332;284;MANDRILLS BKB_284_20220516_id4071_maljuv (1).jpg;86
1175;1332;284;MANDRILLS BKB_284_20220516_id4071_maljuv (2).jpg;157
1321;1332;284;MANDRILLS BKB_284_20220516_id4071_maljuv (3).jpg;11
1279;1337;284;MANDRILLS BKB_284_20220521_id4071_maljuv (2).jpg;58
1204;1337;284;MANDRILLS BKB_284_20220521_id4071_maljuv.jpg;133
1192;1340;284;MANDRILLS BKB_284_20220524_id4071_maljuv.jpg;148
1215;1354;284;MANDRILLS BKB_284_20220607_id4071_maljuv (1).jpg;139
1242;1354;284;MANDRILLS BKB_284_20220607_id4071_maljuv (2).jpg;112
1373;1371;284;MANDRILLS BKB_284_20220624_id4071_maljuv (1).jpg;2
1374;1371;284;MANDRILLS BKB_284_20220624_id4071_maljuv (2).jpg;3
1374;1391;284;MANDRILLS BKB_284_20220714_id4071_maljuv (1).jpg;17
1359;1391;284;MANDRILLS BKB_284_20220714_id4071_maljuv (2).jpg;32
1266;1393;284;MANDRILLS BKB_284_20220716_id4071.jpg;127
1385;1394;284;MANDRILLS BKB_284_20220717_id4071.jpg;9
1193;1396;284;MANDRILLS BKB_284_20220719_id4071 (1).jpg;203
1182;1396;284;MANDRILLS BKB_284_20220719_id4071 (2).jpg;214
1561;1434;284;MANDRILLS BKB_284_20220826_id4071.jpg;127
1381;1443;284;MANDRILLS BKB_284_20220904_id4071 (1).jpg;62
1343;1443;284;MANDRILLS BKB_284_20220904_id4071 (2).jpg;100
1297;1444;284;MANDRILLS BKB_284_20220905_id4071 (1).jpg;147
1436;1444;284;MANDRILLS BKB_284_20220905_id4071 (2).jpg;8
1393;1444;284;MANDRILLS BKB_284_20220905_id4071.jpg;51
1365;1451;284;MANDRILLS BKB_284_20220912_id4071 (1).jpg;86
1394;1451;284;MANDRILLS BKB_284_20220912_id4071 (2).jpg;57
1345;1451;284;MANDRILLS BKB_284_20220912_id4071.jpg;106
1394;1457;284;MANDRILLS BKB_284_20220918_id4071 (2).jpg;63
1398;1474;284;MANDRILLS BKB_284_20221005_id4071.jpg;76
1367;1480;284;MANDRILLS BKB_284_20221011_id4071.jpg;113
1443;1530;284;MANDRILLS BKB_284_20221130_id4071.jpg;87
64;87;294;MANDRILLS BKB_294_20190317_id4158_malinf_(1).jpg;23
67;87;294;MANDRILLS BKB_294_20190317_id4158_malinf_(3).jpg;20
130;208;294;MANDRILLS BKB_294_20190716_id4158_malinf_(1).jpg;78
160;208;294;MANDRILLS BKB_294_20190716_id4158_malinf_(2).jpg;48
180;210;294;MANDRILLS BKB_294_20190718_id4158_malinf.jpg;30
194;228;294;MANDRILLS BKB_294_20190805_id4158_malinf_(1).jpg;34
197;228;294;MANDRILLS BKB_294_20190805_id4158_malinf_(2).jpg;31
204;228;294;MANDRILLS BKB_294_20190805_id4158_malinf_GAUCHE_(1).jpg;24
224;228;294;MANDRILLS BKB_294_20190805_id4158_malinf_GAUCHE_(2).jpg;4
160;228;294;MANDRILLS BKB_294_20190805_id4158_malinf_GAUCHE_(3).jpg;68
184;228;294;MANDRILLS BKB_294_20190805_id4158_malinf_GAUCHE_(4).jpg;44
191;228;294;MANDRILLS BKB_294_20190805_id4158_malinf_GAUCHE_(5).jpg;37
400;228;294;MANDRILLS BKB_294_20190805_id4158_malinf_GAUCHE_(7).jpg;172
246;272;294;MANDRILLS BKB_294_20190918_id4158_malinf_(1).jpg;26
272;272;294;MANDRILLS BKB_294_20190918_id4158_malinf_(10).jpg;0
330;272;294;MANDRILLS BKB_294_20190918_id4158_malinf_(11).jpg;58
280;272;294;MANDRILLS BKB_294_20190918_id4158_malinf_(12).jpg;8
271;272;294;MANDRILLS BKB_294_20190918_id4158_malinf_(13).jpg;1
300;272;294;MANDRILLS BKB_294_20190918_id4158_malinf_(14).jpg;28
278;272;294;MANDRILLS BKB_294_20190918_id4158_malinf_(15).jpg;6
246;272;294;MANDRILLS BKB_294_20190918_id4158_malinf_(16).jpg;26
260;272;294;MANDRILLS BKB_294_20190918_id4158_malinf_(2).jpg;12
236;272;294;MANDRILLS BKB_294_20190918_id4158_malinf_(3).jpg;36
252;272;294;MANDRILLS BKB_294_20190918_id4158_malinf_(7).jpg;20
204;272;294;MANDRILLS BKB_294_20190918_id4158_malinf_(9).jpg;68
238;279;294;MANDRILLS BKB_294_20190925_id4158_malinf_(1).jpg;41
234;279;294;MANDRILLS BKB_294_20190925_id4158_malinf_(2).jpg;45
235;280;294;MANDRILLS BKB_294_20190926_id4158_malinf_(1).jpg;45
217;280;294;MANDRILLS BKB_294_20190926_id4158_malinf_(3).jpg;63
226;280;294;MANDRILLS BKB_294_20190926_id4158_malinf_DROITE.jpg;54
288;312;294;MANDRILLS BKB_294_20191028_id4158_malinf_(1).jpg;24
301;312;294;MANDRILLS BKB_294_20191028_id4158_malinf_(2).jpg;11
262;335;294;MANDRILLS BKB_294_20191120_id4158_malinf.jpg;73
492;503;294;MANDRILLS BKB_294_20200506_id4158_maljuv.jpg;11
428;503;294;MANDRILLS BKB_294_20200506_id4158_maljuv_(1).jpg;75
472;503;294;MANDRILLS BKB_294_20200506_id4158_maljuv_(2).jpg;31
551;503;294;MANDRILLS BKB_294_20200506_id4158_maljuv_(3).jpg;48
532;665;294;MANDRILLS BKB_294_20201015_id4158_maljuv.jpg;133
559;668;294;MANDRILLS BKB_294_20201018_id4158_maljuv_(1).jpg;109
565;668;294;MANDRILLS BKB_294_20201018_id4158_maljuv_(2).jpg;103
619;668;294;MANDRILLS BKB_294_20201018_id4158_maljuv_(3).jpg;49
460;668;294;MANDRILLS BKB_294_20201018_id4158_maljuv_(4).jpg;208
632;669;294;MANDRILLS BKB_294_20201019_id4158_maljuv_(1).jpg;37
512;669;294;MANDRILLS BKB_294_20201019_id4158_maljuv_(2).jpg;157
597;687;294;MANDRILLS BKB_294_20201106_id4158_maljuv.jpg;90
641;742;294;MANDRILLS BKB_294_20201231_id4158_maljuv.jpg;101
633;749;294;MANDRILLS BKB_294_20210107_id4158.jpg;116
693;771;294;MANDRILLS BKB_294_20210129_id4158_maljuv_(1).jpg;78
583;771;294;MANDRILLS BKB_294_20210129_id4158_maljuv_(2).jpg;188
640;771;294;MANDRILLS BKB_294_20210129_id4158_maljuv_(3).jpg;131
747;771;294;MANDRILLS BKB_294_20210129_id4158_maljuv_(4).jpg;24
704;771;294;MANDRILLS BKB_294_20210129_id4158_maljuv_(5).jpg;67
601;771;294;MANDRILLS BKB_294_20210129_id4158_maljuv_(7).jpg;170
653;771;294;MANDRILLS BKB_294_20210129_id4158_maljuv_(8).jpg;118
693;789;294;MANDRILLS BKB_294_20210216_id4158_maljuv.jpg;96
682;809;294;MANDRILLS BKB_294_20210308_id4158_maljuv.jpg;127
733;834;294;MANDRILLS BKB_294_20210402_id4158_maljuv_(1).jpg;101
661;834;294;MANDRILLS BKB_294_20210402_id4158_maljuv_(2).jpg;173
677;834;294;MANDRILLS BKB_294_20210402_id4158_maljuv_(3).jpg;157
736;834;294;MANDRILLS BKB_294_20210402_id4158_maljuv_(4).jpg;98
758;834;294;MANDRILLS BKB_294_20210402_id4158_maljuv_(5).jpg;76
669;834;294;MANDRILLS BKB_294_20210402_id4158_maljuv_(6).jpg;165
587;834;294;MANDRILLS BKB_294_20210402_id4158_maljuv_(7).jpg;247
835;1020;294;MANDRILLS BKB_294_20211005_id4158_maljuv_(1).jpg;185
759;1020;294;MANDRILLS BKB_294_20211005_id4158_maljuv_(2).jpg;261
1035;1054;294;MANDRILLS BKB_294_20211108_id4158_maljuv_(3).jpg;19
1011;1065;294;MANDRILLS BKB_294_20211119_id4158_maljuv_(1).jpg;54
1041;1065;294;MANDRILLS BKB_294_20211119_id4158_maljuv_(2).jpg;24
1072;1102;294;MANDRILLS BKB_294_20211226_id4158_maljuv.jpg;30
1017;1154;294;MANDRILLS BKB_294_20220216_id4158_maljuv.jpg;137
998;1196;294;MANDRILLS BKB_294_20220330_id4158_maljuv (2).jpg;198
965;1196;294;MANDRILLS BKB_294_20220330_id4158_maljuv (3).jpg;231
1077;1196;294;MANDRILLS BKB_294_20220330_id4158_maljuv (4).jpg;119
1135;1196;294;MANDRILLS BKB_294_20220330_id4158_maljuv (5).jpg;61
1025;1201;294;MANDRILLS BKB_294_20220404_id4158_maljuv.jpg;176
1108;1230;294;MANDRILLS BKB_294_20220503_id4158_maljuv (1).jpg;122
1138;1230;294;MANDRILLS BKB_294_20220503_id4158_maljuv (2).jpg;92
1143;1254;294;MANDRILLS BKB_294_20220527_id4158_maljuv (1).jpg;111
1131;1254;294;MANDRILLS BKB_294_20220527_id4158_maljuv (3).jpg;123
1191;1256;294;MANDRILLS BKB_294_20220529_id4158_maljuv (2).jpg;65
1049;1256;294;MANDRILLS BKB_294_20220529_id4158_maljuv.jpg;207
1111;1259;294;MANDRILLS BKB_294_20220601_id4158_maljuv.jpg;148
1094;1282;294;MANDRILLS BKB_294_20220624_id4158_maljuv (1).jpg;188
994;1282;294;MANDRILLS BKB_294_20220624_id4158_maljuv (2).jpg;288
1090;1282;294;MANDRILLS BKB_294_20220624_id4158_maljuv (3).jpg;192
1176;1302;294;MANDRILLS BKB_294_20220714_id4158_maljuv.jpg;126
1042;1304;294;MANDRILLS BKB_294_20220716_id4158_maljuv.jpg;262
1076;1309;294;MANDRILLS BKB_294_20220721_id4158 (2).jpg;233
1054;1309;294;MANDRILLS BKB_294_20220721_id4158.jpg;255
1310;1337;294;MANDRILLS BKB_294_20220818_id4158 (3).jpg;27
1116;1337;294;MANDRILLS BKB_294_20220818_id4158.jpg;221
1127;1346;294;MANDRILLS BKB_294_20220827_id4158 (2).jpg;219
1123;1346;294;MANDRILLS BKB_294_20220827_id4158.jpg;223
1167;1354;294;MANDRILLS BKB_294_20220904_id4158 (1).jpg;187
1327;1354;294;MANDRILLS BKB_294_20220904_id4158 (2).jpg;27
1019;1354;294;MANDRILLS BKB_294_20220904_id4158.jpg;335
1113;1385;294;MANDRILLS BKB_294_20221005_id4158 (1).jpg;272
1185;1385;294;MANDRILLS BKB_294_20221005_id4158 (2).jpg;200
1274;1385;294;MANDRILLS BKB_294_20221005_id4158 (3).jpg;111
1229;1399;294;MANDRILLS BKB_294_20221019_id4158.jpg;170
1316;1402;294;MANDRILLS BKB_294_20221022_id4158.jpg;86
1229;1410;294;MANDRILLS BKB_294_20221030_id4158 (1).jpg;181
1312;1410;294;MANDRILLS BKB_294_20221030_id4158 (2).jpg;98
1151;1441;294;MANDRILLS BKB_294_20221130_id4158 (1).jpg;290
1155;1441;294;MANDRILLS BKB_294_20221130_id4158 (3).jpg;286
308;269;300;MANDRILLS BKB_300_20190926_id4041_feminf.jpg;39
493;324;300;MANDRILLS BKB_300_20191120_id4041_feminf_(1).jpg;169
444;324;300;MANDRILLS BKB_300_20191120_id4041_feminf_(2).jpg;120
364;324;300;MANDRILLS BKB_300_20191120_id4041_feminf_(3).jpg;40
368;324;300;MANDRILLS BKB_300_20191120_id4041_feminf_(4).jpg;44
478;324;300;MANDRILLS BKB_300_20191120_id4041_feminf_(5).jpg;154
409;336;300;MANDRILLS BKB_300_20191202_id4041_feminf_(1).jpg;73
448;336;300;MANDRILLS BKB_300_20191202_id4041_feminf_(2).jpg;112
411;336;300;MANDRILLS BKB_300_20191202_id4041_feminf_(3).jpg;75
358;365;300;MANDRILLS BKB_300_20191231_id4041_femjuv_(1).jpg;7
477;365;300;MANDRILLS BKB_300_20191231_id4041_femjuv_(2).jpg;112
334;365;300;MANDRILLS BKB_300_20191231_id4041_femjuv_(3).jpg;31
405;373;300;MANDRILLS BKB_300_20200108_id4041_femjuv.jpg;32
581;487;300;MANDRILLS BKB_300_20200501_id4041_femjuv_(1).jpg;94
585;487;300;MANDRILLS BKB_300_20200501_id4041_femjuv_(2).jpg;98
959;661;300;MANDRILLS BKB_300_20201022_id4041_femjuv.jpg;298
634;663;300;MANDRILLS BKB_300_20201024_id4041_femjuv_(1).jpg;29
763;663;300;MANDRILLS BKB_300_20201024_id4041_femjuv_(2).jpg;100
778;663;300;MANDRILLS BKB_300_20201024_id4041_femjuv_(3).jpg;115
740;667;300;MANDRILLS BKB_300_20201028_id4041_femjuv_(1).jpg;73
726;667;300;MANDRILLS BKB_300_20201028_id4041_femjuv_(2).jpg;59
631;667;300;MANDRILLS BKB_300_20201028_id4041_femjuv_(3).jpg;36
797;693;300;MANDRILLS BKB_300_20201123_id4041_femadu_(1).jpg;104
807;693;300;MANDRILLS BKB_300_20201123_id4041_femadu_(2).jpg;114
882;715;300;MANDRILLS BKB_300_20201215_id4041_femjuv_(1).jpg;167
946;715;300;MANDRILLS BKB_300_20201215_id4041_femjuv_(2).jpg;231
752;715;300;MANDRILLS BKB_300_20201215_id4041_femjuv_(3).jpg;37
855;715;300;MANDRILLS BKB_300_20201215_id4041_femjuv_(4).jpg;140
740;715;300;MANDRILLS BKB_300_20201215_id4041_femjuv_(5).jpg;25
971;715;300;MANDRILLS BKB_300_20201215_id4041_femjuv_(6).jpg;256
836;715;300;MANDRILLS BKB_300_20201215_id4041_femjuv_(7).jpg;121
831;740;300;MANDRILLS BKB_300_20210109_id4041_femjuv_(1).jpg;91
788;740;300;MANDRILLS BKB_300_20210109_id4041_femjuv_(2).jpg;48
779;760;300;MANDRILLS BKB_300_20210129_id4041_femjuv.jpg;19
749;763;300;MANDRILLS BKB_300_20210201_id4041_femjuv.jpg;14
933;889;300;MANDRILLS BKB_300_20210607_id4041_femjuv_(1).jpg;44
944;889;300;MANDRILLS BKB_300_20210607_id4041_femjuv_(2).jpg;55
1019;889;300;MANDRILLS BKB_300_20210607_id4041_femjuv_(3).jpg;130
994;889;300;MANDRILLS BKB_300_20210607_id4041_femjuv_(4).jpg;105
954;898;300;MANDRILLS BKB_300_20210616_id4041_(1).jpg;56
975;898;300;MANDRILLS BKB_300_20210616_id4041_(2).jpg;77
1047;978;300;MANDRILLS BKB_300_20210904_id4041_femjuv (1).jpg;69
990;978;300;MANDRILLS BKB_300_20210904_id4041_femjuv (2).jpg;12
987;1009;300;MANDRILLS BKB_300_20211005_id4041_femjuv_(1).jpg;22
907;1009;300;MANDRILLS BKB_300_20211005_id4041_femjuv_(2).jpg;102
953;1020;300;MANDRILLS BKB_300_20211016_id4041_femjuv.jpg;67
1023;1026;300;MANDRILLS BKB_300_20211022_id4041_femjuv_(3).jpg;3
1165;1128;300;MANDRILLS BKB_300_20220201_id4041_femjuv (1).jpg;37
1110;1128;300;MANDRILLS BKB_300_20220201_id4041_femjuv (2).jpg;18
1142;1128;300;MANDRILLS BKB_300_20220201_id4041_femjuv (3).jpg;14
1118;1128;300;MANDRILLS BKB_300_20220201_id4041_femjuv (4).jpg;10
1169;1128;300;MANDRILLS BKB_300_20220201_id4041_femjuv (5).jpg;41
1130;1128;300;MANDRILLS BKB_300_20220201_id4041_femjuv (6).jpg;2
1083;1153;300;MANDRILLS BKB_300_20220226_id4041_femjuv (1).jpg;70
1114;1153;300;MANDRILLS BKB_300_20220226_id4041_femjuv (2).jpg;39
1117;1184;300;MANDRILLS BKB_300_20220329_id4041_femjuv.jpg;67
1129;1185;300;MANDRILLS BKB_300_20220330_id4041_femjuv.jpg;56
1198;1219;300;MANDRILLS BKB_300_20220503_id4041_femjuv.jpg;21
1254;1231;300;MANDRILLS BKB_300_20220515_id4041_femjuv.jpg;23
1175;1232;300;MANDRILLS BKB_300_20220516_id4041_femjuv (1).jpg;57
1205;1232;300;MANDRILLS BKB_300_20220516_id4041_femjuv (2).jpg;27
1201;1242;300;MANDRILLS BKB_300_20220526_id4041_femjuv (2).jpg;41
1210;1242;300;MANDRILLS BKB_300_20220526_id4041_femjuv (3).jpg;32
1209;1253;300;MANDRILLS BKB_300_20220606_id4041_femjuv (1).jpg;44
1119;1253;300;MANDRILLS BKB_300_20220606_id4041_femjuv (2).jpg;134
1299;1278;300;MANDRILLS BKB_300_20220701_id4041.jpg;21
1295;1293;300;MANDRILLS BKB_300_20220716_id4041_femjuv (1).jpg;2
1312;1293;300;MANDRILLS BKB_300_20220716_id4041_femjuv (2).jpg;19
1308;1293;300;MANDRILLS BKB_300_20220716_id4041_femjuv (3).jpg;15
1309;1298;300;MANDRILLS BKB_300_20220721_id4041 (2).jpg;11
1351;1317;300;MANDRILLS BKB_300_20220809_id4041 (1).jpg;34
1384;1317;300;MANDRILLS BKB_300_20220809_id4041 (2).jpg;67
1238;1317;300;MANDRILLS BKB_300_20220809_id4041 (3).jpg;79
1302;1317;300;MANDRILLS BKB_300_20220809_id4041 (4).jpg;15
1332;1317;300;MANDRILLS BKB_300_20220809_id4041 (5).jpg;15
1228;1320;300;MANDRILLS BKB_300_20220812_id4041.jpg;92
1406;1343;300;MANDRILLS BKB_300_20220904_id4041.jpg;63
1237;1344;300;MANDRILLS BKB_300_20220905_id4041.jpg;107
1395;1374;300;MANDRILLS BKB_300_20221005_id4041 (2).jpg;21
1539;1374;300;MANDRILLS BKB_300_20221005_id4041.jpg;165
1410;1430;300;MANDRILLS BKB_300_20221130_id4041 (2).jpg;20
1467;1430;300;MANDRILLS BKB_300_20221130_id4041.jpg;37
1486;1454;300;MANDRILLS BKB_300_20221224_id300 (2).jpg;32
1380;1454;300;MANDRILLS BKB_300_20221224_id300.jpg;74
242;176;308;MANDRILLS BKB_308_20190317_id4104_feminf_BAS_(1).jpg;66
230;178;308;MANDRILLS BKB_308_20190319_id4104_feminf.jpg;52
243;178;308;MANDRILLS BKB_308_20190319_id4104_feminf_DROITE.jpg;65
335;322;308;MANDRILLS BKB_308_20190810_id4104_feminf.jpg;13
346;322;308;MANDRILLS BKB_308_20190810_id4104_feminf_(1).jpg;24
431;401;308;MANDRILLS BKB_308_20191028_id4104_femjuv.jpg;30
495;416;308;MANDRILLS BKB_308_20191112_id4104_femjuv.jpg;79
588;472;308;MANDRILLS BKB_308_20200107_id4104_femjuv_(1).jpg;116
551;472;308;MANDRILLS BKB_308_20200107_id4104_femjuv_(2).jpg;79
587;472;308;MANDRILLS BKB_308_20200107_id4104_femjuv_(3).jpg;115
447;514;308;MANDRILLS BKB_308_20200218_id4104_femjuv.jpg;67
712;761;308;MANDRILLS BKB_308_20201022_id4104_femjuv_(1).jpg;49
727;761;308;MANDRILLS BKB_308_20201022_id4104_femjuv_(2).jpg;34
792;761;308;MANDRILLS BKB_308_20201022_id4104_femjuv_(3).jpg;31
840;770;308;MANDRILLS BKB_308_20201031_id4104_femjuv_(1).jpg;70
761;770;308;MANDRILLS BKB_308_20201031_id4104_femjuv_(2).jpg;9
729;770;308;MANDRILLS BKB_308_20201031_id4104_femjuv_(3).jpg;41
847;771;308;MANDRILLS BKB_308_20201101_id4104_femjuv_(1).jpg;76
991;771;308;MANDRILLS BKB_308_20201101_id4104_femjuv_(2).jpg;220
741;773;308;MANDRILLS BKB_308_20201103_id4104_femjuv_(1).jpg;32
797;773;308;MANDRILLS BKB_308_20201103_id4104_femjuv_(2).jpg;24
879;773;308;MANDRILLS BKB_308_20201103_id4104_femjuv_(3).jpg;106
901;773;308;MANDRILLS BKB_308_20201103_id4104_femjuv_(4).jpg;128
859;773;308;MANDRILLS BKB_308_20201103_id4104_femjuv_(5).jpg;86
915;773;308;MANDRILLS BKB_308_20201103_id4104_femjuv_(6).jpg;142
772;776;308;MANDRILLS BKB_308_20201106_id4104_femjuv.jpg;4
753;813;308;MANDRILLS BKB_308_20201213_id4104_femjuv_(1).jpg;60
854;813;308;MANDRILLS BKB_308_20201213_id4104_femjuv_(10).jpg;41
682;813;308;MANDRILLS BKB_308_20201213_id4104_femjuv_(2).jpg;131
750;813;308;MANDRILLS BKB_308_20201213_id4104_femjuv_(3).jpg;63
779;813;308;MANDRILLS BKB_308_20201213_id4104_femjuv_(4).jpg;34
761;813;308;MANDRILLS BKB_308_20201213_id4104_femjuv_(5).jpg;52
798;813;308;MANDRILLS BKB_308_20201213_id4104_femjuv_(6).jpg;15
826;813;308;MANDRILLS BKB_308_20201213_id4104_femjuv_(7).jpg;13
757;813;308;MANDRILLS BKB_308_20201213_id4104_femjuv_(8).jpg;56
855;813;308;MANDRILLS BKB_308_20201213_id4104_femjuv_(9).jpg;42
799;815;308;MANDRILLS BKB_308_20201215_id4104_(1).jpg;16
737;815;308;MANDRILLS BKB_308_20201215_id4104_femjuv_(1).jpg;78
848;815;308;MANDRILLS BKB_308_20201215_id4104_femjuv_(2).jpg;33
873;815;308;MANDRILLS BKB_308_20201215_id4104_femjuv_(3).jpg;58
819;815;308;MANDRILLS BKB_308_20201215_id4104_femjuv_(4).jpg;4
754;815;308;MANDRILLS BKB_308_20201215_id4104_femjuv_(5).jpg;61
831;815;308;MANDRILLS BKB_308_20201215_id4104_femjuv_(6).jpg;16
902;822;308;MANDRILLS BKB_308_20201222_id4104_femjuv.jpg;80
761;830;308;MANDRILLS BKB_308_20201230_id4104_femjuv_(1).jpg;69
851;830;308;MANDRILLS BKB_308_20201230_id4104_femjuv_(2).jpg;21
837;835;308;MANDRILLS BKB_308_20210104_id4104_femjuv.jpg;2
870;842;308;MANDRILLS BKB_308_20210111_id4104_femjuv_(1).jpg;28
862;842;308;MANDRILLS BKB_308_20210111_id4104_femjuv_(2).jpg;20
1021;842;308;MANDRILLS BKB_308_20210111_id4104_femjuv_(3).jpg;179
704;844;308;MANDRILLS BKB_308_20210113_id4104_femjuv_(2).jpg;140
952;860;308;MANDRILLS BKB_308_20210129_id4104_femjuv_(1).jpg;92
826;860;308;MANDRILLS BKB_308_20210129_id4104_femjuv_(2).jpg;34
996;874;308;MANDRILLS BKB_308_20210212_id4104_femjuv.jpg;122
882;926;308;MANDRILLS BKB_308_20210405_id4104_femjuv.jpg;44
1093;931;308;MANDRILLS BKB_308_20210410_id4104_femjuv_(1).jpg;162
936;943;308;MANDRILLS BKB_308_20210422_id4104_femjuv_(1).jpg;7
887;943;308;MANDRILLS BKB_308_20210422_id4104_femjuv_(2).jpg;56
988;995;308;MANDRILLS BKB_308_20210613_id4104_femjuv.jpg;7
1123;1035;308;MANDRILLS BKB_308_20210723_id4104_femjuv.jpg;88
1026;1038;308;MANDRILLS BKB_308_20210726_id4104_femjuv_(1).jpg;12
1007;1038;308;MANDRILLS BKB_308_20210726_id4104_femjuv_(12).jpg;31
1017;1038;308;MANDRILLS BKB_308_20210726_id4104_femjuv_(2).jpg;21
983;1038;308;MANDRILLS BKB_308_20210726_id4104_femjuv_(3).jpg;55
1013;1038;308;MANDRILLS BKB_308_20210726_id4104_femjuv_(5).jpg;25
1076;1038;308;MANDRILLS BKB_308_20210726_id4104_femjuv_(6).jpg;38
1019;1038;308;MANDRILLS BKB_308_20210726_id4104_femjuv_(7).jpg;19
1069;1038;308;MANDRILLS BKB_308_20210726_id4104_femjuv_(8).jpg;31
1178;1072;308;MANDRILLS BKB_308_20210829_id4104_femjuv.jpg;106
1071;1096;308;MANDRILLS BKB_308_20210922_id4104_femjuv.jpg;25
1207;1123;308;MANDRILLS BKB_308_20211019_id4104_femjuv_(1).jpg;84
1221;1123;308;MANDRILLS BKB_308_20211019_id4104_femjuv_(2).jpg;98
1193;1170;308;MANDRILLS BKB_308_20211205_id4104_femjuv.jpg;23
1244;1182;308;MANDRILLS BKB_308_20211217_id4104_femjuv.jpg;62
1123;1183;308;MANDRILLS BKB_308_20211218_id4104_femjuv_(1).jpg;60
1167;1183;308;MANDRILLS BKB_308_20211218_id4104_femjuv_(2).jpg;16
1189;1183;308;MANDRILLS BKB_308_20211218_id4104_femjuv_(3).jpg;6
1159;1183;308;MANDRILLS BKB_308_20211218_id4104_femjuv_(4).jpg;24
1158;1228;308;MANDRILLS BKB_308_20220201_id4104_femjuv (1).jpg;70
1250;1228;308;MANDRILLS BKB_308_20220201_id4104_femjuv (2).jpg;22
1384;1264;308;MANDRILLS BKB_308_20220309_id4104_femjuv (1).jpg;120
1361;1264;308;MANDRILLS BKB_308_20220309_id4104_femjuv (2).jpg;97
1328;1264;308;MANDRILLS BKB_308_20220309_id4104_femjuv (3).jpg;64
1270;1264;308;MANDRILLS BKB_308_20220309_id4104_femjuv.jpg;6
1218;1268;308;MANDRILLS BKB_308_20220313_id4104_femjuv.jpg;50
1217;1287;308;MANDRILLS BKB_308_20220401_id4104_femjuv.jpg;70
1342;1331;308;MANDRILLS BKB_308_20220515_id4104_femjuv (1).jpg;11
1278;1331;308;MANDRILLS BKB_308_20220515_id4104_femjuv (2).jpg;53
1381;1332;308;MANDRILLS BKB_308_20220516_id4104_femjuv.jpg;49
1243;1334;308;MANDRILLS BKB_308_20220518_id4104_femjuv.jpg;91
1293;1346;308;MANDRILLS BKB_308_20220530_id4104_femjuv (1).jpg;53
1288;1346;308;MANDRILLS BKB_308_20220530_id4104_femjuv (2).jpg;58
1394;1351;308;MANDRILLS BKB_308_20220604_id4104_femjuv (1).jpg;43
1323;1351;308;MANDRILLS BKB_308_20220604_id4104_femjuv (2).jpg;28
1280;1353;308;MANDRILLS BKB_308_20220606_id4104_femjuv.jpg;73
1382;1376;308;MANDRILLS BKB_308_20220629_id4104 (1).jpg;6
1378;1376;308;MANDRILLS BKB_308_20220629_id4104 (2).jpg;2
1348;1378;308;MANDRILLS BKB_308_20220701_id4104 (2).jpg;30
1400;1378;308;MANDRILLS BKB_308_20220701_id4104 (3).jpg;22
1323;1378;308;MANDRILLS BKB_308_20220701_id4104.jpg;55
1442;1383;308;MANDRILLS BKB_308_20220706_id4104.jpg;59
1223;1388;308;MANDRILLS BKB_308_20220711_id4104.jpg;165
1526;1389;308;MANDRILLS BKB_308_20220712_id4104.jpg;137
1284;1391;308;MANDRILLS BKB_308_20220714_id4104_femjuv (1).jpg;107
1278;1391;308;MANDRILLS BKB_308_20220714_id4104_femjuv (2).jpg;113
1278;1406;308;MANDRILLS BKB_308_20220729_id4104 (1).jpg;128
1217;1406;308;MANDRILLS BKB_308_20220729_id4104 (2).jpg;189
1347;1409;308;MANDRILLS BKB_308_20220801_id4104.jpg;62
1322;1412;308;MANDRILLS BKB_308_20220804_id4104 (1).jpg;90
1356;1412;308;MANDRILLS BKB_308_20220804_id4104 (2).jpg;56
1453;1450;308;MANDRILLS BKB_308_20220911_id4104.jpg;3
1433;1453;308;MANDRILLS BKB_308_20220914_id4104.jpg;20
1366;1474;308;MANDRILLS BKB_308_20221005_id4104 (1).jpg;108
1536;1474;308;MANDRILLS BKB_308_20221005_id4104 (2).jpg;62
1446;1490;308;MANDRILLS BKB_308_20221021_id4104.jpg;44
1382;1491;308;MANDRILLS BKB_308_20221022_id4104 (1).jpg;109
1377;1491;308;MANDRILLS BKB_308_20221022_id4104 (2).jpg;114
1382;1491;308;MANDRILLS BKB_308_20221022_id4104.jpg;109
1520;1525;308;MANDRILLS BKB_308_20221125_id4104.jpg;5
-2;35;310;MANDRILLS BKB_310_20190305_id4147_inf_CENTRE_(1)_ORIGINAL.jpg;37
2;35;310;MANDRILLS BKB_310_20190305_id4147_inf_CENTRE_(2)_ORIGINAL.jpg;33
-11;35;310;MANDRILLS BKB_310_20190305_id4147_inf_CENTRE_(3)_ORIGINAL.jpg;46
241;187;310;MANDRILLS BKB_310_20190804_id4147_feminf_DROITE_(1).jpg;54
285;187;310;MANDRILLS BKB_310_20190804_id4147_feminf_DROITE_(11).jpg;98
242;187;310;MANDRILLS BKB_310_20190804_id4147_feminf_DROITE_(2).jpg;55
205;187;310;MANDRILLS BKB_310_20190804_id4147_feminf_DROITE_(3).jpg;18
228;187;310;MANDRILLS BKB_310_20190804_id4147_feminf_DROITE_(4).jpg;41
238;187;310;MANDRILLS BKB_310_20190804_id4147_feminf_DROITE_(5).jpg;51
241;187;310;MANDRILLS BKB_310_20190804_id4147_feminf_DROITE_(6).jpg;54
206;187;310;MANDRILLS BKB_310_20190804_id4147_feminf_DROITE_(8).jpg;19
392;344;310;MANDRILLS BKB_310_20200108_id4147_feminf_(4).jpg;48
392;344;310;MANDRILLS BKB_310_20200108_id4147_feminf_(5).jpg;48
417;344;310;MANDRILLS BKB_310_20200108_id4147_feminf_(6).jpg;73
411;344;310;MANDRILLS BKB_310_20200108_id4147_feminf_(7).jpg;67
446;351;310;MANDRILLS BKB_310_20200115_id4147_feminf.jpg;95
723;628;310;MANDRILLS BKB_310_20201018_id4147_femjuv_(1).jpg;95
651;628;310;MANDRILLS BKB_310_20201018_id4147_femjuv_(2).jpg;23
653;628;310;MANDRILLS BKB_310_20201018_id4147_femjuv_(3).jpg;25
659;628;310;MANDRILLS BKB_310_20201018_id4147_femjuv_(5).jpg;31
530;628;310;MANDRILLS BKB_310_20201018_id4147_femjuv_(6).jpg;98
599;628;310;MANDRILLS BKB_310_20201018_id4147_femjuv_(7).jpg;29
576;632;310;MANDRILLS BKB_310_20201022_id4147_femjuv_(1).jpg;56
586;632;310;MANDRILLS BKB_310_20201022_id4147_femjuv_(2).jpg;46
648;632;310;MANDRILLS BKB_310_20201022_id4147_femjuv_(3).jpg;16
750;644;310;MANDRILLS BKB_310_20201103_id4147_femjuv_(1).jpg;106
635;644;310;MANDRILLS BKB_310_20201103_id4147_femjuv_(10).jpg;9
710;644;310;MANDRILLS BKB_310_20201103_id4147_femjuv_(11).jpg;66
640;644;310;MANDRILLS BKB_310_20201103_id4147_femjuv_(12).jpg;4
506;644;310;MANDRILLS BKB_310_20201103_id4147_femjuv_(13).jpg;138
614;644;310;MANDRILLS BKB_310_20201103_id4147_femjuv_(2).jpg;30
618;644;310;MANDRILLS BKB_310_20201103_id4147_femjuv_(3).jpg;26
637;644;310;MANDRILLS BKB_310_20201103_id4147_femjuv_(4).jpg;7
622;644;310;MANDRILLS BKB_310_20201103_id4147_femjuv_(6).jpg;22
729;644;310;MANDRILLS BKB_310_20201103_id4147_femjuv_(7).jpg;85
679;644;310;MANDRILLS BKB_310_20201103_id4147_femjuv_(8).jpg;35
593;644;310;MANDRILLS BKB_310_20201103_id4147_femjuv_(9).jpg;51
719;723;310;MANDRILLS BKB_310_20210121_id4147_femjuv_(1).jpg;4
760;723;310;MANDRILLS BKB_310_20210121_id4147_femjuv_(10).jpg;37
741;723;310;MANDRILLS BKB_310_20210121_id4147_femjuv_(11).jpg;18
760;723;310;MANDRILLS BKB_310_20210121_id4147_femjuv_(12).jpg;37
829;723;310;MANDRILLS BKB_310_20210121_id4147_femjuv_(13).jpg;106
651;723;310;MANDRILLS BKB_310_20210121_id4147_femjuv_(2).jpg;72
764;723;310;MANDRILLS BKB_310_20210121_id4147_femjuv_(3).jpg;41
720;723;310;MANDRILLS BKB_310_20210121_id4147_femjuv_(4).jpg;3
943;723;310;MANDRILLS BKB_310_20210121_id4147_femjuv_(5).jpg;220
773;723;310;MANDRILLS BKB_310_20210121_id4147_femjuv_(6).jpg;50
842;723;310;MANDRILLS BKB_310_20210121_id4147_femjuv_(7).jpg;119
752;723;310;MANDRILLS BKB_310_20210121_id4147_femjuv_(8).jpg;29
684;723;310;MANDRILLS BKB_310_20210121_id4147_femjuv_(9).jpg;39
767;730;310;MANDRILLS BKB_310_20210128_id4147_femjuv.jpg;37
785;750;310;MANDRILLS BKB_310_20210217_id4147_femjuv.jpg;35
959;790;310;MANDRILLS BKB_310_20210329_id4147_femjuv_(1).jpg;169
876;790;310;MANDRILLS BKB_310_20210329_id4147_femjuv_(2).jpg;86
784;790;310;MANDRILLS BKB_310_20210329_id4147_femjuv_(3).jpg;6
866;790;310;MANDRILLS BKB_310_20210329_id4147_femjuv_(4).jpg;76
997;790;310;MANDRILLS BKB_310_20210329_id4147_femjuv_(5).jpg;207
801;790;310;MANDRILLS BKB_310_20210329_id4147_femjuv_(6).jpg;11
819;790;310;MANDRILLS BKB_310_20210329_id4147_femjuv_(7).jpg;29
902;790;310;MANDRILLS BKB_310_20210329_id4147_femjuv_(8).jpg;112
836;790;310;MANDRILLS BKB_310_20210329_id4147_femjuv_(9).jpg;46
819;802;310;MANDRILLS BKB_310_20210410_id4147_femjuv.jpg;17
1035;950;310;MANDRILLS BKB_310_20210905_id4147_femjuv.jpg;85
1017;958;310;MANDRILLS BKB_310_20210913_id4147_femjuv.jpg;59
1141;1150;310;MANDRILLS BKB_310_20220324_id4147_femjuv.jpg;9
1140;1211;310;MANDRILLS BKB_310_20220524_id4147_femjuv.jpg;71
1243;1247;310;MANDRILLS BKB_310_20220629_id4147 (1).jpg;4
1324;1247;310;MANDRILLS BKB_310_20220629_id4147 (2).jpg;77
1318;1262;310;MANDRILLS BKB_310_20220714_id4147_femjuv.jpg;56
1170;1305;310;MANDRILLS BKB_310_20220826_id4147 (1).jpg;135
1232;1305;310;MANDRILLS BKB_310_20220826_id4147 (2).jpg;73
980;1315;310;MANDRILLS BKB_310_20220905_id4147 (1).jpg;335
1278;1315;310;MANDRILLS BKB_310_20220905_id4147 (2).jpg;37
1314;1315;310;MANDRILLS BKB_310_20220905_id4147 (3).jpg;1
1270;1315;310;MANDRILLS BKB_310_20220905_id4147 (4).jpg;45
1228;1315;310;MANDRILLS BKB_310_20220905_id4147 (5).jpg;87
1210;1315;310;MANDRILLS BKB_310_20220905_id4147 (6).jpg;105
1444;1315;310;MANDRILLS BKB_310_20220905_id4147.jpg;129
1238;1328;310;MANDRILLS BKB_310_20220918_id4147 (1).jpg;90
1207;1328;310;MANDRILLS BKB_310_20220918_id4147 (2).jpg;121
1339;1328;310;MANDRILLS BKB_310_20220918_id4147 (3).jpg;11
1289;1338;310;MANDRILLS BKB_310_20220928_id4147 (1).jpg;49
1342;1359;310;MANDRILLS BKB_310_20221019_id4147 (1).jpg;17
1222;1359;310;MANDRILLS BKB_310_20221019_id4147 (2).jpg;137
1424;1361;310;MANDRILLS BKB_310_20221021_id4147.jpg;63
1281;1370;310;MANDRILLS BKB_310_20221030_id4147 (1).jpg;89
1231;1370;310;MANDRILLS BKB_310_20221030_id4147 (2).jpg;139
1317;1401;310;MANDRILLS BKB_310_20221130_id4147 (1).jpg;84
1377;1401;310;MANDRILLS BKB_310_20221130_id4147 (2).jpg;24
1480;1419;310;MANDRILLS BKB_310_20221218_id310.jpg;61
1472;1422;310;MANDRILLS BKB_310_20221221_id310.jpg;50
37;50;32;MANDRILLS BKB_32_20120420_id32_malinf_(1)_ORIGINAL.jpg;13
24;50;32;MANDRILLS BKB_32_20120420_id32_malinf_(2)_ORIGINAL.jpg;26
52;50;32;MANDRILLS BKB_32_20120420_id32_malinf_(3)_ORIGINAL.jpg;2
32;50;32;MANDRILLS BKB_32_20120420_id32_malinf_(4)_ORIGINAL.jpg;18
27;50;32;MANDRILLS BKB_32_20120420_id32_malinf_(6)_ORIGINAL.jpg;23
42;60;32;MANDRILLS BKB_32_20120430_id32_malinf_(5)_ORIGINAL.jpg;18
49;60;32;MANDRILLS BKB_32_20120430_id32_malinf_(6)_ORIGINAL.jpg;11
43;60;32;MANDRILLS BKB_32_20120430_id32_malinf_(7)_ORIGINAL.jpg;17
38;60;32;MANDRILLS BKB_32_20120430_id32_malinf_(8)_ORIGINAL.jpg;22
68;71;32;MANDRILLS BKB_32_20120511_id32_malinfGAUCHE_(1)_ORIGINAL.jpg;3
58;71;32;MANDRILLS BKB_32_20120511_id32_malinfGAUCHE_(2)_ORIGINAL.jpg;13
62;71;32;MANDRILLS BKB_32_20120511_id32_malinf_ORIGINAL.jpg;9
61;82;32;MANDRILLS BKB_32_20120522_id32_malinf_ORIGINAL.jpg;21
16;38;4018;MANDRILLS BKB_4018_20190112_4018_mal_inf_BAS_ORIGINAL.jpg;22
242;195;4018;MANDRILLS BKB_4018_20190618_id4018_malinf.jpg;47
357;368;4018;MANDRILLS BKB_4018_20191208_id4018_maljuv.jpg;11
534;398;4018;MANDRILLS BKB_4018_20200107_id4018_maljuv.jpg;136
578;408;4018;MANDRILLS BKB_4018_20200117_id4018_maljuv_(1).jpg;170
614;408;4018;MANDRILLS BKB_4018_20200117_id4018_maljuv_(2).jpg;206
751;441;4018;MANDRILLS BKB_4018_20200219_id4018_maljuv_(1).jpg;310
659;441;4018;MANDRILLS BKB_4018_20200219_id4018_maljuv_(3).jpg;218
411;463;4018;MANDRILLS BKB_4018_20200312_id4018_maljuv_(1).jpg;52
464;463;4018;MANDRILLS BKB_4018_20200312_id4018_maljuv_(2).jpg;1
17;20;4020;MANDRILLS BKB_4020_20181008_id4020_feminfDROITE_(1)_ORIGINAL.jpg;3
20;20;4020;MANDRILLS BKB_4020_20181008_id4020_feminfDROITE_(10)_ORIGINAL.jpg;0
14;20;4020;MANDRILLS BKB_4020_20181008_id4020_feminfDROITE_(11)_ORIGINAL.jpg;6
2;20;4020;MANDRILLS BKB_4020_20181008_id4020_feminfDROITE_(12)_ORIGINAL.jpg;18
1;20;4020;MANDRILLS BKB_4020_20181008_id4020_feminfDROITE_(13)_ORIGINAL.jpg;19
2;20;4020;MANDRILLS BKB_4020_20181008_id4020_feminfDROITE_(14)_ORIGINAL.jpg;18
8;20;4020;MANDRILLS BKB_4020_20181008_id4020_feminfDROITE_(15)_ORIGINAL.jpg;12
6;20;4020;MANDRILLS BKB_4020_20181008_id4020_feminfDROITE_(16)_ORIGINAL.jpg;14
17;20;4020;MANDRILLS BKB_4020_20181008_id4020_feminfDROITE_(2)_ORIGINAL.jpg;3
2;20;4020;MANDRILLS BKB_4020_20181008_id4020_feminfDROITE_(3)_ORIGINAL.jpg;18
6;20;4020;MANDRILLS BKB_4020_20181008_id4020_feminfDROITE_(4)_ORIGINAL.jpg;14
4;20;4020;MANDRILLS BKB_4020_20181008_id4020_feminfDROITE_(5)_ORIGINAL.jpg;16
24;20;4020;MANDRILLS BKB_4020_20181008_id4020_feminfDROITE_(6)_ORIGINAL.jpg;4
17;20;4020;MANDRILLS BKB_4020_20181008_id4020_feminfDROITE_(7)_ORIGINAL.jpg;3
2;20;4020;MANDRILLS BKB_4020_20181008_id4020_feminfDROITE_(8)_ORIGINAL.jpg;18
-8;20;4020;MANDRILLS BKB_4020_20181008_id4020_feminfDROITE_(9)_ORIGINAL.jpg;28
-4;8;4163;MANDRILLS BKB_4163_20190204_id4163_inf_BAS_(1)_ORIGINAL.jpg;12
23;8;4163;MANDRILLS BKB_4163_20190204_id4163_inf_BAS_(2)_ORIGINAL.jpg;15
21;8;4163;MANDRILLS BKB_4163_20190204_id4163_inf_BAS_(3)_ORIGINAL.jpg;13
81;44;4163;MANDRILLS BKB_4163_20190312_id4163_feminf_BAS_(1).jpg;37
107;44;4163;MANDRILLS BKB_4163_20190312_id4163_feminf_BAS_(2).jpg;63
50;44;4163;MANDRILLS BKB_4163_20190312_id4163_feminf_BAS_(3).jpg;6
50;49;4163;MANDRILLS BKB_4163_20190317_id4163_feminf_CENTRE.jpg;1
40;51;4163;MANDRILLS BKB_4163_20190319_id4163_feminf_DROITE_(1).jpg;11
30;51;4163;MANDRILLS BKB_4163_20190319_id4163_feminf_DROITE_(2).jpg;21
67;51;4163;MANDRILLS BKB_4163_20190319_id4163_feminf_DROITE_(5).jpg;16
53;51;4163;MANDRILLS BKB_4163_20190319_id4163_feminf_DROITE_(7).jpg;2
42;51;4163;MANDRILLS BKB_4163_20190319_id4163_feminf_DROITE_(9).jpg;9
250;190;4163;MANDRILLS BKB_4163_20190805_id4163_feminf_(1).jpg;60
229;190;4163;MANDRILLS BKB_4163_20190805_id4163_feminf_(2).jpg;39
197;190;4163;MANDRILLS BKB_4163_20190805_id4163_feminf_(3).jpg;7
275;190;4163;MANDRILLS BKB_4163_20190805_id4163_feminf_DROITE.jpg;85
198;190;4163;MANDRILLS BKB_4163_20190805_id4163_feminf_DROITE_(1).jpg;8
212;190;4163;MANDRILLS BKB_4163_20190805_id4163_feminf_DROITE_(2).jpg;22
200;190;4163;MANDRILLS BKB_4163_20190805_id4163_feminf_DROITE_(3).jpg;10
194;190;4163;MANDRILLS BKB_4163_20190805_id4163_feminf_DROITE_(4).jpg;4
200;190;4163;MANDRILLS BKB_4163_20190805_id4163_feminf_DROITE_(5).jpg;10
205;190;4163;MANDRILLS BKB_4163_20190805_id4163_feminf_DROITE_(6).jpg;15
192;190;4163;MANDRILLS BKB_4163_20190805_id4163_feminf_DROITE_(7).jpg;2
284;222;4163;MANDRILLS BKB_4163_20190906_id4163_feminf_(1).jpg;62
272;222;4163;MANDRILLS BKB_4163_20190906_id4163_feminf_(2).jpg;50
264;222;4163;MANDRILLS BKB_4163_20190906_id4163_feminf_(3).jpg;42
271;222;4163;MANDRILLS BKB_4163_20190906_id4163_feminf_(4).jpg;49
259;222;4163;MANDRILLS BKB_4163_20190906_id4163_feminf_(5).jpg;37
249;222;4163;MANDRILLS BKB_4163_20190906_id4163_feminf_(6).jpg;27
223;285;4163;MANDRILLS BKB_4163_20191108_id4163_feminf_(1).jpg;62
265;285;4163;MANDRILLS BKB_4163_20191108_id4163_feminf_(2).jpg;20
282;353;4163;MANDRILLS BKB_4163_20200115_id4163_feminf_(1).jpg;71
289;379;4163;MANDRILLS BKB_4163_20200210_id4163_feminf_(1).jpg;90
290;379;4163;MANDRILLS BKB_4163_20200210_id4163_feminf_(2).jpg;89
271;379;4163;MANDRILLS BKB_4163_20200210_id4163_feminf_(3).jpg;108
351;388;4163;MANDRILLS BKB_4163_20200219_id4163_feminf.jpg;37
51;39;4164;MANDRILLS BKB_4164_20190315_id4164_feminf_(10).jpg;12
32;39;4164;MANDRILLS BKB_4164_20190315_id4164_feminf_(11).jpg;7
30;39;4164;MANDRILLS BKB_4164_20190315_id4164_feminf_(12).jpg;9
24;39;4164;MANDRILLS BKB_4164_20190315_id4164_feminf_(14).jpg;15
35;39;4164;MANDRILLS BKB_4164_20190315_id4164_feminf_(15).jpg;4
35;39;4164;MANDRILLS BKB_4164_20190315_id4164_feminf_(16).jpg;4
32;39;4164;MANDRILLS BKB_4164_20190315_id4164_feminf_(17).jpg;7
35;39;4164;MANDRILLS BKB_4164_20190315_id4164_feminf_(18).jpg;4
40;39;4164;MANDRILLS BKB_4164_20190315_id4164_feminf_(19).jpg;1
17;39;4164;MANDRILLS BKB_4164_20190315_id4164_feminf_(2).jpg;22
33;39;4164;MANDRILLS BKB_4164_20190315_id4164_feminf_(20).jpg;6
17;39;4164;MANDRILLS BKB_4164_20190315_id4164_feminf_(3).jpg;22
18;39;4164;MANDRILLS BKB_4164_20190315_id4164_feminf_(4).jpg;21
21;39;4164;MANDRILLS BKB_4164_20190315_id4164_feminf_(5).jpg;18
26;39;4164;MANDRILLS BKB_4164_20190315_id4164_feminf_(6).jpg;13
34;39;4164;MANDRILLS BKB_4164_20190315_id4164_feminf_(7).jpg;5
17;39;4164;MANDRILLS BKB_4164_20190315_id4164_feminf_(8).jpg;22
-3;39;4164;MANDRILLS BKB_4164_20190315_id4164_feminf_(9).jpg;42
55;85;4164;MANDRILLS BKB_4164_20190430_id4164_feminf_GAUCHE_(1).jpg;30
60;85;4164;MANDRILLS BKB_4164_20190430_id4164_feminf_GAUCHE_(2).jpg;25
67;85;4164;MANDRILLS BKB_4164_20190430_id4164_feminf_GAUCHE_(3).jpg;18
68;85;4164;MANDRILLS BKB_4164_20190430_id4164_feminf_GAUCHE_(4).jpg;17
56;85;4164;MANDRILLS BKB_4164_20190430_id4164_feminf_GAUCHE_(5).jpg;29
25;88;4164;MANDRILLS BKB_4164_20190503_id4164_feminf_GAUCHE_(1)_ORIGINAL.jpg;63
13;88;4164;MANDRILLS BKB_4164_20190503_id4164_feminf_GAUCHE_(2)_ORIGINAL.jpg;75
13;88;4164;MANDRILLS BKB_4164_20190503_id4164_feminf_GAUCHE_(3)_ORIGINAL.jpg;75
52;88;4164;MANDRILLS BKB_4164_20190503_id4164_feminf_GAUCHE_(6)_ORIGINAL.jpg;36
-16;12;5026;MANDRILLS BKB_5026_20191231_id5026_feminf_(1).jpg;28
8;12;5026;MANDRILLS BKB_5026_20191231_id5026_feminf_(2).jpg;4
6;12;5026;MANDRILLS BKB_5026_20191231_id5026_feminf_(3).jpg;6
17;30;5026;MANDRILLS BKB_5026_20200118_id5026_feminf.jpg;13
59;53;5026;MANDRILLS BKB_5026_20200210_id5026_feminf_(1).jpg;6
49;53;5026;MANDRILLS BKB_5026_20200210_id5026_feminf_(2).jpg;4
45;53;5026;MANDRILLS BKB_5026_20200210_id5026_feminf_(3).jpg;8
57;53;5026;MANDRILLS BKB_5026_20200210_id5026_feminf_(4).jpg;4
60;53;5026;MANDRILLS BKB_5026_20200210_id5026_feminf_(5).jpg;7
11;7;5031;MANDRILLS BKB_5031_20191231_id5031_feminf_(1).jpg;4
20;7;5031;MANDRILLS BKB_5031_20191231_id5031_feminf_(2).jpg;13
16;7;5031;MANDRILLS BKB_5031_20191231_id5031_feminf_(3).jpg;9
23;7;5031;MANDRILLS BKB_5031_20191231_id5031_feminf_(4).jpg;16
14;7;5031;MANDRILLS BKB_5031_20191231_id5031_feminf_(5).jpg;7
11;7;5031;MANDRILLS BKB_5031_20191231_id5031_feminf_(6).jpg;4
83;60;5031;MANDRILLS BKB_5031_20200222_id5031_feminf_(1).jpg;23
105;60;5031;MANDRILLS BKB_5031_20200222_id5031_feminf_(2).jpg;45
89;60;5031;MANDRILLS BKB_5031_20200222_id5031_feminf_(3).jpg;29
90;60;5031;MANDRILLS BKB_5031_20200222_id5031_feminf_(4).jpg;30
102;60;5031;MANDRILLS BKB_5031_20200222_id5031_feminf_(5).jpg;42
85;60;5031;MANDRILLS BKB_5031_20200222_id5031_feminf_(6).jpg;25
108;60;5031;MANDRILLS BKB_5031_20200222_id5031_feminf_(8).jpg;48
166;133;5031;MANDRILLS BKB_5031_20200505_id5031_feminf.jpg;33
179;134;5031;MANDRILLS BKB_5031_20200506_id5031_feminf.jpg;45
316;299;5031;MANDRILLS BKB_5031_20201018_id5031_feminf_(1).jpg;17
353;299;5031;MANDRILLS BKB_5031_20201018_id5031_feminf_(2).jpg;54
363;299;5031;MANDRILLS BKB_5031_20201018_id5031_feminf_(3).jpg;64
340;299;5031;MANDRILLS BKB_5031_20201018_id5031_feminf_(4).jpg;41
281;299;5031;MANDRILLS BKB_5031_20201018_id5031_feminf_(5).jpg;18
314;301;5031;MANDRILLS BKB_5031_20201020_id5031_feminf_(1).jpg;13
305;301;5031;MANDRILLS BKB_5031_20201020_id5031_feminf_(2).jpg;4
353;303;5031;MANDRILLS BKB_5031_20201022_id5031_feminf.jpg;50
366;313;5031;MANDRILLS BKB_5031_20201101_id5031_feminf_(1).jpg;53
389;313;5031;MANDRILLS BKB_5031_20201101_id5031_feminf_(2).jpg;76
408;315;5031;MANDRILLS BKB_5031_20201103_id5031_feminf.jpg;93
495;377;5031;MANDRILLS BKB_5031_20210104_id5031_femjuv.jpg;118
527;379;5031;MANDRILLS BKB_5031_20210106_id5031_femjuv_(1).jpg;148
347;379;5031;MANDRILLS BKB_5031_20210106_id5031_femjuv_(2).jpg;32
468;379;5031;MANDRILLS BKB_5031_20210106_id5031_femjuv_(3).jpg;89
443;379;5031;MANDRILLS BKB_5031_20210106_id5031_femjuv_(5).jpg;64
412;401;5031;MANDRILLS BKB_5031_20210128_id5031_femjuv_(1).jpg;11
343;401;5031;MANDRILLS BKB_5031_20210128_id5031_femjuv_(2).jpg;58
363;401;5031;MANDRILLS BKB_5031_20210128_id5031_femjuv_(3).jpg;38
402;401;5031;MANDRILLS BKB_5031_20210128_id5031_femjuv_(4).jpg;1
352;402;5031;MANDRILLS BKB_5031_20210129_id5031_femjuv_(10).jpg;50
522;402;5031;MANDRILLS BKB_5031_20210129_id5031_femjuv_(2).jpg;120
354;402;5031;MANDRILLS BKB_5031_20210129_id5031_femjuv_(3).jpg;48
414;402;5031;MANDRILLS BKB_5031_20210129_id5031_femjuv_(4).jpg;12
426;402;5031;MANDRILLS BKB_5031_20210129_id5031_femjuv_(5).jpg;24
343;402;5031;MANDRILLS BKB_5031_20210129_id5031_femjuv_(6).jpg;59
349;402;5031;MANDRILLS BKB_5031_20210129_id5031_femjuv_(7).jpg;53
441;402;5031;MANDRILLS BKB_5031_20210129_id5031_femjuv_(8).jpg;39
353;402;5031;MANDRILLS BKB_5031_20210129_id5031_femjuv_(9).jpg;49
508;414;5031;MANDRILLS BKB_5031_20210210_id5031_femjuv_(1).jpg;94
477;414;5031;MANDRILLS BKB_5031_20210210_id5031_femjuv_(2).jpg;63
514;416;5031;MANDRILLS BKB_5031_20210212_id5031_femjuv.jpg;98
604;640;5031;MANDRILLS BKB_5031_20210924_id5031_femjuv (1).jpg;36
684;640;5031;MANDRILLS BKB_5031_20210924_id5031_femjuv (2).jpg;44
593;640;5031;MANDRILLS BKB_5031_20210924_id5031_femjuv (3).jpg;47
597;640;5031;MANDRILLS BKB_5031_20210924_id5031_femjuv (4).jpg;43
726;760;5031;MANDRILLS BKB_5031_20220122_id5031.jpg;34
764;764;5031;MANDRILLS BKB_5031_20220126_id5031.jpg;0
670;770;5031;MANDRILLS BKB_5031_20220201_id5031_femjuv (1).jpg;100
793;770;5031;MANDRILLS BKB_5031_20220201_id5031_femjuv (2).jpg;23
792;777;5031;MANDRILLS BKB_5031_20220208_id5031_femjuv (1).jpg;15
690;777;5031;MANDRILLS BKB_5031_20220208_id5031_femjuv (2).jpg;87
683;777;5031;MANDRILLS BKB_5031_20220208_id5031_femjuv (3).jpg;94
812;801;5031;MANDRILLS BKB_5031_20220304_id5031_femjuv (1).jpg;11
874;801;5031;MANDRILLS BKB_5031_20220304_id5031_femjuv (2).jpg;73
960;806;5031;MANDRILLS BKB_5031_20220309_id5031_femjuv.jpg;154
801;810;5031;MANDRILLS BKB_5031_20220313_id5031_femjuv.jpg;9
919;824;5031;MANDRILLS BKB_5031_20220327_id5031_femjuv (1).jpg;95
766;824;5031;MANDRILLS BKB_5031_20220327_id5031_femjuv (2).jpg;58
900;853;5031;MANDRILLS BKB_5031_20220425_id5031_femjuv (1).jpg;47
834;853;5031;MANDRILLS BKB_5031_20220425_id5031_femjuv (2).jpg;19
877;853;5031;MANDRILLS BKB_5031_20220425_id5031_femjuv (3).jpg;24
870;882;5031;MANDRILLS BKB_5031_20220524_id5031_femjuv (1).jpg;12
721;882;5031;MANDRILLS BKB_5031_20220524_id5031_femjuv (2).jpg;161
851;892;5031;MANDRILLS BKB_5031_20220603_id5031_femjuv (3).jpg;41
727;892;5031;MANDRILLS BKB_5031_20220603_id5031_femjuv (4).jpg;165
999;892;5031;MANDRILLS BKB_5031_20220603_id5031_femjuv (5).jpg;107
765;910;5031;MANDRILLS BKB_5031_20220621_id5031_femjuv (1).jpg;145
877;910;5031;MANDRILLS BKB_5031_20220621_id5031_femjuv (2).jpg;33
809;918;5031;MANDRILLS BKB_5031_20220629_id5031 (1).jpg;109
1014;918;5031;MANDRILLS BKB_5031_20220629_id5031 (2).jpg;96
920;943;5031;MANDRILLS BKB_5031_20220724_id5031.jpg;23
726;965;5031;MANDRILLS BKB_5031_20220815_id5031.jpg;239
852;976;5031;MANDRILLS BKB_5031_20220826_id5031 (1).jpg;124
1047;976;5031;MANDRILLS BKB_5031_20220826_id5031 (2).jpg;71
891;976;5031;MANDRILLS BKB_5031_20220826_id5031 (3).jpg;85
859;976;5031;MANDRILLS BKB_5031_20220826_id5031 (4).jpg;117
1100;1030;5031;MANDRILLS BKB_5031_20221019_id5031.jpg;70
1211;1065;5031;MANDRILLS BKB_5031_20221123_id5031 (1).jpg;146
902;1065;5031;MANDRILLS BKB_5031_20221123_id5031 (2).jpg;163
898;1065;5031;MANDRILLS BKB_5031_20221123_id5031 (3).jpg;167
19;43;5067;MANDRILLS BKB_5067_20200107_id5067_feminf.jpg;24
34;44;5067;MANDRILLS BKB_5067_20200108_id5067_feminf.jpg;10
65;77;5067;MANDRILLS BKB_5067_20200210_id5067_feminf_(1).jpg;12
48;77;5067;MANDRILLS BKB_5067_20200210_id5067_feminf_(2).jpg;29
86;77;5067;MANDRILLS BKB_5067_20200210_id5067_feminf_(3).jpg;9
78;77;5067;MANDRILLS BKB_5067_20200210_id5067_feminf_(4).jpg;1
123;114;5067;MANDRILLS BKB_5067_20200318_id5067_feminf_(1).jpg;9
106;114;5067;MANDRILLS BKB_5067_20200318_id5067_feminf_(2).jpg;8
105;114;5067;MANDRILLS BKB_5067_20200318_id5067_feminf_(3).jpg;9
261;160;5067;MANDRILLS BKB_5067_20200503_id5067_feminf_(1).jpg;101
149;160;5067;MANDRILLS BKB_5067_20200503_id5067_feminf_(2).jpg;11
237;160;5067;MANDRILLS BKB_5067_20200503_id5067_feminf_(3).jpg;77
301;328;5067;MANDRILLS BKB_5067_20201018_id5067_feminf.jpg;27
245;332;5067;MANDRILLS BKB_5067_20201022_id5067_feminf.jpg;87
303;332;5067;MANDRILLS BKB_5067_20201022_id5067_feminf_(1).jpg;29
274;332;5067;MANDRILLS BKB_5067_20201022_id5067_feminf_(2).jpg;58
290;338;5067;MANDRILLS BKB_5067_20201028_id5067_feminf_(1).jpg;48
260;338;5067;MANDRILLS BKB_5067_20201028_id5067_feminf_(2).jpg;78
283;341;5067;MANDRILLS BKB_5067_20201031_id5067_feminf_(1).jpg;58
321;341;5067;MANDRILLS BKB_5067_20201031_id5067_feminf_(2).jpg;20
264;341;5067;MANDRILLS BKB_5067_20201031_id5067_feminf_(3).jpg;77
281;342;5067;MANDRILLS BKB_5067_20201101_id5067_feminf_(1).jpg;61
303;342;5067;MANDRILLS BKB_5067_20201101_id5067_feminf_(2).jpg;39
275;342;5067;MANDRILLS BKB_5067_20201101_id5067_feminf_(3).jpg;67
340;347;5067;MANDRILLS BKB_5067_20201106_id5067_feminf.jpg;7
310;362;5067;MANDRILLS BKB_5067_20201121_id5067_feminf_(1).jpg;52
289;362;5067;MANDRILLS BKB_5067_20201121_id5067_feminf_(2).jpg;73
410;362;5067;MANDRILLS BKB_5067_20201121_id5067_feminf_(4).jpg;48
303;362;5067;MANDRILLS BKB_5067_20201121_id5067_feminf_(5).jpg;59
325;362;5067;MANDRILLS BKB_5067_20201121_id5067_feminf_(6).jpg;37
303;362;5067;MANDRILLS BKB_5067_20201121_id5067_feminf_(7).jpg;59
245;364;5067;MANDRILLS BKB_5067_20201123_id5067_femjuv_(1).jpg;119
268;364;5067;MANDRILLS BKB_5067_20201123_id5067_femjuv_(2).jpg;96
312;392;5067;MANDRILLS BKB_5067_20201221_id5067_femjuv_(1).jpg;80
428;392;5067;MANDRILLS BKB_5067_20201221_id5067_femjuv_(2).jpg;36
449;392;5067;MANDRILLS BKB_5067_20201221_id5067_femjuv_(3).jpg;57
388;392;5067;MANDRILLS BKB_5067_20201221_id5067_femjuv_(4).jpg;4
310;398;5067;MANDRILLS BKB_5067_20201227_id5067_femjuv_(1).jpg;88
337;398;5067;MANDRILLS BKB_5067_20201227_id5067_femjuv_(2).jpg;61
331;398;5067;MANDRILLS BKB_5067_20201227_id5067_femjuv_(3).jpg;67
335;398;5067;MANDRILLS BKB_5067_20201227_id5067_femjuv_(4).jpg;63
329;398;5067;MANDRILLS BKB_5067_20201227_id5067_femjuv_(5).jpg;69
336;398;5067;MANDRILLS BKB_5067_20201227_id5067_femjuv_(6).jpg;62
356;401;5067;MANDRILLS BKB_5067_20201230_id5067_femjuv_(2).jpg;45
404;408;5067;MANDRILLS BKB_5067_20210106_id5067_femjuv_(1)-2.jpg;4
386;408;5067;MANDRILLS BKB_5067_20210106_id5067_femjuv_(1).jpg;22
357;408;5067;MANDRILLS BKB_5067_20210106_id5067_femjuv_(2).jpg;51
437;432;5067;MANDRILLS BKB_5067_20210130_id5067_femjuv.jpg;5
465;447;5067;MANDRILLS BKB_5067_20210214_id5067_femjuv_(1).jpg;18
397;447;5067;MANDRILLS BKB_5067_20210214_id5067_femjuv_(2).jpg;50
599;680;5067;MANDRILLS BKB_5067_20211005_id5067_femjuv_(1).jpg;81
499;680;5067;MANDRILLS BKB_5067_20211005_id5067_femjuv_(3).jpg;181
563;727;5067;MANDRILLS BKB_5067_20211121_id5067_femjuv.jpg;164
642;799;5067;MANDRILLS BKB_5067_20220201_id5067_femjuv (1).jpg;157
574;799;5067;MANDRILLS BKB_5067_20220201_id5067_femjuv (2).jpg;225
633;799;5067;MANDRILLS BKB_5067_20220201_id5067_femjuv (3).jpg;166
523;824;5067;MANDRILLS BKB_5067_20220226_id5067_femjuv (1).jpg;301
546;824;5067;MANDRILLS BKB_5067_20220226_id5067_femjuv (2).jpg;278
643;847;5067;MANDRILLS BKB_5067_20220321_id5067_femjuv (1).jpg;204
568;847;5067;MANDRILLS BKB_5067_20220321_id5067_femjuv (2).jpg;279
731;882;5067;MANDRILLS BKB_5067_20220425_id5067_femjuv (1).jpg;151
819;882;5067;MANDRILLS BKB_5067_20220425_id5067_femjuv (2).jpg;63
763;882;5067;MANDRILLS BKB_5067_20220425_id5067_femjuv (4).jpg;119
651;939;5067;MANDRILLS BKB_5067_20220621_id5067_femjuv (1).jpg;288
712;939;5067;MANDRILLS BKB_5067_20220621_id5067_femjuv (2).jpg;227
692;962;5067;MANDRILLS BKB_5067_20220714_id5067.jpg;270
836;962;5067;MANDRILLS BKB_5067_20220714_id5067_femjuv (1).jpg;126
830;962;5067;MANDRILLS BKB_5067_20220714_id5067_femjuv (2).jpg;132
591;969;5067;MANDRILLS BKB_5067_20220721_id5067 (1).jpg;378
750;969;5067;MANDRILLS BKB_5067_20220721_id5067 (2).jpg;219
742;981;5067;MANDRILLS BKB_5067_20220802_id5067.jpg;239
791;984;5067;MANDRILLS BKB_5067_20220805_id5067.jpg;193
703;1006;5067;MANDRILLS BKB_5067_20220827_id5067 (2).jpg;303
770;1015;5067;MANDRILLS BKB_5067_20220905_id5067.jpg;245
725;1021;5067;MANDRILLS BKB_5067_20220911_id5067 (1).jpg;296
752;1021;5067;MANDRILLS BKB_5067_20220911_id5067 (2).jpg;269
745;1038;5067;MANDRILLS BKB_5067_20220928_id5067.jpg;293
878;1070;5067;MANDRILLS BKB_5067_20221030_id5067.jpg;192
810;1094;5067;MANDRILLS BKB_5067_20221123_id5067 (1).jpg;284
816;1094;5067;MANDRILLS BKB_5067_20221123_id5067 (2).jpg;278
793;1094;5067;MANDRILLS BKB_5067_20221123_id5067 (3).jpg;301
799;1125;5067;MANDRILLS BKB_5067_20221224_id5067.jpg;326
13;3;6038;MANDRILLS BKB_6038_20210210_id6038_feminf_(1).jpg;10
12;3;6038;MANDRILLS BKB_6038_20210210_id6038_feminf_(2).jpg;9
24;5;6038;MANDRILLS BKB_6038_20210212_id6038_feminf_(1).jpg;19
17;5;6038;MANDRILLS BKB_6038_20210212_id6038_feminf_(2).jpg;12
25;19;6038;MANDRILLS BKB_6038_20210226_id6038_feminf_(1).jpg;6
4;19;6038;MANDRILLS BKB_6038_20210226_id6038_feminf_(2).jpg;15
33;19;6038;MANDRILLS BKB_6038_20210226_id6038_feminf_(3).jpg;14
15;19;6038;MANDRILLS BKB_6038_20210226_id6038_feminf_(4).jpg;4
2;26;6038;MANDRILLS BKB_6038_20210305_id6038_feminf.jpg;24
64;54;6038;MANDRILLS BKB_6038_20210402_id6038_feminf_(1).jpg;10
58;54;6038;MANDRILLS BKB_6038_20210402_id6038_feminf_(10).jpg;4
75;54;6038;MANDRILLS BKB_6038_20210402_id6038_feminf_(11).jpg;21
73;54;6038;MANDRILLS BKB_6038_20210402_id6038_feminf_(12).jpg;19
75;54;6038;MANDRILLS BKB_6038_20210402_id6038_feminf_(13).jpg;21
61;54;6038;MANDRILLS BKB_6038_20210402_id6038_feminf_(14).jpg;7
64;54;6038;MANDRILLS BKB_6038_20210402_id6038_feminf_(15).jpg;10
63;54;6038;MANDRILLS BKB_6038_20210402_id6038_feminf_(16).jpg;9
64;54;6038;MANDRILLS BKB_6038_20210402_id6038_feminf_(2).jpg;10
76;54;6038;MANDRILLS BKB_6038_20210402_id6038_feminf_(3).jpg;22
70;54;6038;MANDRILLS BKB_6038_20210402_id6038_feminf_(4).jpg;16
74;54;6038;MANDRILLS BKB_6038_20210402_id6038_feminf_(5).jpg;20
56;54;6038;MANDRILLS BKB_6038_20210402_id6038_feminf_(6).jpg;2
54;54;6038;MANDRILLS BKB_6038_20210402_id6038_feminf_(7).jpg;0
59;54;6038;MANDRILLS BKB_6038_20210402_id6038_feminf_(8).jpg;5
68;54;6038;MANDRILLS BKB_6038_20210402_id6038_feminf_(9).jpg;14
77;62;6038;MANDRILLS BKB_6038_20210410_id6038_feminf.jpg;15
86;72;6038;MANDRILLS BKB_6038_20210420_id6038_feminf.jpg;14
123;97;6038;MANDRILLS BKB_6038_20210515_id6038_feminf_(1).jpg;26
215;166;6038;MANDRILLS BKB_6038_20210723_id6038_feminf_(1).jpg;49
216;166;6038;MANDRILLS BKB_6038_20210723_id6038_feminf_(2).jpg;50
183;166;6038;MANDRILLS BKB_6038_20210723_id6038_feminf_(3).jpg;17
263;169;6038;MANDRILLS BKB_6038_20210726_id6038_feminf_(1).jpg;94
235;169;6038;MANDRILLS BKB_6038_20210726_id6038_feminf_(2).jpg;66
208;169;6038;MANDRILLS BKB_6038_20210726_id6038_feminf_(3).jpg;39
223;169;6038;MANDRILLS BKB_6038_20210726_id6038_feminf_(4).jpg;54
214;169;6038;MANDRILLS BKB_6038_20210726_id6038_feminf_(5).jpg;45
323;229;6038;MANDRILLS BKB_6038_20210924_id6038_feminf (1).jpg;94
287;229;6038;MANDRILLS BKB_6038_20210924_id6038_feminf (2).jpg;58
298;229;6038;MANDRILLS BKB_6038_20210924_id6038_feminf (3).jpg;69
223;229;6038;MANDRILLS BKB_6038_20210924_id6038_feminf (4).jpg;6
264;240;6038;MANDRILLS BKB_6038_20211005_id6038_feminf_(1).jpg;24
292;240;6038;MANDRILLS BKB_6038_20211005_id6038_feminf_(2).jpg;52
422;259;6038;MANDRILLS BKB_6038_20211024_id6038_feminf_(2).jpg;163
307;259;6038;MANDRILLS BKB_6038_20211024_id6038_feminf_(3).jpg;48
286;259;6038;MANDRILLS BKB_6038_20211024_id6038_feminf_(4).jpg;27
383;318;6038;MANDRILLS BKB_6038_20211222_id6038_feminf.jpg;65
477;322;6038;MANDRILLS BKB_6038_20211226_id6038_femadu_(1).jpg;155
418;366;6038;MANDRILLS BKB_6038_20220208_id6038_femjuv.jpg;52
507;374;6038;MANDRILLS BKB_6038_20220216_id6038_femjuv.jpg;133
646;399;6038;MANDRILLS BKB_6038_20220313_id6038_femjuv.jpg;247
626;443;6038;MANDRILLS BKB_6038_20220426_id6038_femjuv (1).jpg;183
536;443;6038;MANDRILLS BKB_6038_20220426_id6038_femjuv (2).jpg;93
612;471;6038;MANDRILLS BKB_6038_20220524_id6038_femjuv.jpg;141
634;473;6038;MANDRILLS BKB_6038_20220526_id6038_femjuv (3).jpg;161
569;473;6038;MANDRILLS BKB_6038_20220526_id6038_femjuv (5).jpg;96
605;514;6038;MANDRILLS BKB_6038_20220706_id6038 (1).jpg;91
775;514;6038;MANDRILLS BKB_6038_20220706_id6038 (2).jpg;261
890;522;6038;MANDRILLS BKB_6038_20220714_id6038_femjuv (1).jpg;368
690;522;6038;MANDRILLS BKB_6038_20220714_id6038_femjuv (2).jpg;168
624;522;6038;MANDRILLS BKB_6038_20220714_id6038_femjuv (4).jpg;102
791;524;6038;MANDRILLS BKB_6038_20220716_id6038_femjuv (1).jpg;267
661;524;6038;MANDRILLS BKB_6038_20220716_id6038_femjuv (2).jpg;137
686;524;6038;MANDRILLS BKB_6038_20220716_id6038_femjuv (3).jpg;162
664;524;6038;MANDRILLS BKB_6038_20220716_id6038_femjuv (4).jpg;140
797;524;6038;MANDRILLS BKB_6038_20220716_id6038_femjuv (6).jpg;273
670;526;6038;MANDRILLS BKB_6038_20220718_id6038.jpg;144
769;527;6038;MANDRILLS BKB_6038_20220719_id6038.jpg;242
724;542;6038;MANDRILLS BKB_6038_20220803_id6038 (1).jpg;182
748;542;6038;MANDRILLS BKB_6038_20220803_id6038 (2).jpg;206
692;542;6038;MANDRILLS BKB_6038_20220803_id6038 (3).jpg;150
626;551;6038;MANDRILLS BKB_6038_20220812_id6038 (1).jpg;75
858;551;6038;MANDRILLS BKB_6038_20220812_id6038 (2).jpg;307
814;551;6038;MANDRILLS BKB_6038_20220812_id6038 (3).jpg;263
730;551;6038;MANDRILLS BKB_6038_20220812_id6038 (4).jpg;179
682;551;6038;MANDRILLS BKB_6038_20220812_id6038 (5).jpg;131
510;551;6038;MANDRILLS BKB_6038_20220812_id6038.jpg;41
857;575;6038;MANDRILLS BKB_6038_20220905_id6038.jpg;282
715;581;6038;MANDRILLS BKB_6038_20220911_id6038 (1).jpg;134
746;581;6038;MANDRILLS BKB_6038_20220911_id6038 (3).jpg;165
835;582;6038;MANDRILLS BKB_6038_20220912_id6038.jpg;253
723;584;6038;MANDRILLS BKB_6038_20220914_id6038.jpg;139
843;629;6038;MANDRILLS BKB_6038_20221029_id6038.jpg;214
892;671;6038;MANDRILLS BKB_6038_20221210_id6038.jpg;221
16;6;6039;MANDRILLS BKB_6039_20201213_id6039_malinf_(1).jpg;10
10;6;6039;MANDRILLS BKB_6039_20201213_id6039_malinf_(10).jpg;4
-5;6;6039;MANDRILLS BKB_6039_20201213_id6039_malinf_(11).jpg;11
3;6;6039;MANDRILLS BKB_6039_20201213_id6039_malinf_(12).jpg;3
3;6;6039;MANDRILLS BKB_6039_20201213_id6039_malinf_(2).jpg;3
5;6;6039;MANDRILLS BKB_6039_20201213_id6039_malinf_(3).jpg;1
-1;6;6039;MANDRILLS BKB_6039_20201213_id6039_malinf_(4).jpg;7
21;6;6039;MANDRILLS BKB_6039_20201213_id6039_malinf_(5).jpg;15
1;6;6039;MANDRILLS BKB_6039_20201213_id6039_malinf_(6).jpg;5
11;6;6039;MANDRILLS BKB_6039_20201213_id6039_malinf_(7).jpg;5
26;6;6039;MANDRILLS BKB_6039_20201213_id6039_malinf_(8).jpg;20
14;6;6039;MANDRILLS BKB_6039_20201213_id6039_malinf_(9).jpg;8
7;10;6039;MANDRILLS BKB_6039_20201217_id6039_malinf_(1).jpg;3
4;10;6039;MANDRILLS BKB_6039_20201217_id6039_malinf_(10).jpg;6
0;10;6039;MANDRILLS BKB_6039_20201217_id6039_malinf_(11).jpg;10
15;10;6039;MANDRILLS BKB_6039_20201217_id6039_malinf_(12).jpg;5
14;10;6039;MANDRILLS BKB_6039_20201217_id6039_malinf_(13).jpg;4
5;10;6039;MANDRILLS BKB_6039_20201217_id6039_malinf_(2).jpg;5
2;10;6039;MANDRILLS BKB_6039_20201217_id6039_malinf_(3).jpg;8
7;10;6039;MANDRILLS BKB_6039_20201217_id6039_malinf_(4).jpg;3
-1;10;6039;MANDRILLS BKB_6039_20201217_id6039_malinf_(5).jpg;11
0;10;6039;MANDRILLS BKB_6039_20201217_id6039_malinf_(6).jpg;10
-2;10;6039;MANDRILLS BKB_6039_20201217_id6039_malinf_(7).jpg;12
-4;10;6039;MANDRILLS BKB_6039_20201217_id6039_malinf_(8).jpg;14
2;10;6039;MANDRILLS BKB_6039_20201217_id6039_malinf_(9).jpg;8
14;21;6039;MANDRILLS BKB_6039_20201228_id6039_malinf_(1).jpg;7
-9;21;6039;MANDRILLS BKB_6039_20201228_id6039_malinf_(2).jpg;30
-1;21;6039;MANDRILLS BKB_6039_20201228_id6039_malinf_(3).jpg;22
5;21;6039;MANDRILLS BKB_6039_20201228_id6039_malinf_(4).jpg;16
-7;31;6039;MANDRILLS BKB_6039_20210107_id6039_malinf_(1).jpg;38
-16;31;6039;MANDRILLS BKB_6039_20210107_id6039_malinf_(2).jpg;47
8;31;6039;MANDRILLS BKB_6039_20210107_id6039_malinf_(3).jpg;23
23;31;6039;MANDRILLS BKB_6039_20210107_id6039_malinf_(4).jpg;8
-4;31;6039;MANDRILLS BKB_6039_20210107_id6039_malinf_(5).jpg;35
19;33;6039;MANDRILLS BKB_6039_20210109_id6039_malinf_(1).jpg;14
-8;33;6039;MANDRILLS BKB_6039_20210109_id6039_malinf_(10).jpg;41
-10;33;6039;MANDRILLS BKB_6039_20210109_id6039_malinf_(11).jpg;43
2;33;6039;MANDRILLS BKB_6039_20210109_id6039_malinf_(12).jpg;31
12;33;6039;MANDRILLS BKB_6039_20210109_id6039_malinf_(2).jpg;21
-7;33;6039;MANDRILLS BKB_6039_20210109_id6039_malinf_(3).jpg;40
10;33;6039;MANDRILLS BKB_6039_20210109_id6039_malinf_(4).jpg;23
1;33;6039;MANDRILLS BKB_6039_20210109_id6039_malinf_(5).jpg;32
3;33;6039;MANDRILLS BKB_6039_20210109_id6039_malinf_(6).jpg;30
2;33;6039;MANDRILLS BKB_6039_20210109_id6039_malinf_(7).jpg;31
2;33;6039;MANDRILLS BKB_6039_20210109_id6039_malinf_(8).jpg;31
17;33;6039;MANDRILLS BKB_6039_20210109_id6039_malinf_(9).jpg;16
4;37;6039;MANDRILLS BKB_6039_20210113_id6039_malinf_(1).jpg;33
15;37;6039;MANDRILLS BKB_6039_20210113_id6039_malinf_(2).jpg;22
9;37;6039;MANDRILLS BKB_6039_20210113_id6039_malinf_(3).jpg;28
9;37;6039;MANDRILLS BKB_6039_20210113_id6039_malinf_(4).jpg;28
20;37;6039;MANDRILLS BKB_6039_20210113_id6039_malinf_(5).jpg;17
9;37;6039;MANDRILLS BKB_6039_20210113_id6039_malinf_(6).jpg;28
33;37;6039;MANDRILLS BKB_6039_20210113_id6039_malinf_(7).jpg;4
32;44;6039;MANDRILLS BKB_6039_20210120_id6039_malinf_(1).jpg;12
23;44;6039;MANDRILLS BKB_6039_20210120_id6039_malinf_(2).jpg;21
37;56;6039;MANDRILLS BKB_6039_20210201_id6039_malinf_(1).jpg;19
28;56;6039;MANDRILLS BKB_6039_20210201_id6039_malinf_(2).jpg;28
29;56;6039;MANDRILLS BKB_6039_20210201_id6039_malinf_(3).jpg;27
39;58;6039;MANDRILLS BKB_6039_20210203_id6039_malinf_(1).jpg;19
23;58;6039;MANDRILLS BKB_6039_20210203_id6039_malinf_(2).jpg;35
47;58;6039;MANDRILLS BKB_6039_20210203_id6039_malinf_(3).jpg;11
64;67;6039;MANDRILLS BKB_6039_20210212_id6039_malinf_(1).jpg;3
36;67;6039;MANDRILLS BKB_6039_20210212_id6039_malinf_(2).jpg;31
64;67;6039;MANDRILLS BKB_6039_20210212_id6039_malinf_(3).jpg;3
54;67;6039;MANDRILLS BKB_6039_20210212_id6039_malinf_(4).jpg;13
49;67;6039;MANDRILLS BKB_6039_20210212_id6039_malinf_(5).jpg;18
36;67;6039;MANDRILLS BKB_6039_20210212_id6039_malinf_(6).jpg;31
38;67;6039;MANDRILLS BKB_6039_20210212_id6039_malinf_(7).jpg;29
57;67;6039;MANDRILLS BKB_6039_20210212_id6039_malinf_(8).jpg;10
52;67;6039;MANDRILLS BKB_6039_20210212_id6039_malinf_(9).jpg;15
55;72;6039;MANDRILLS BKB_6039_20210217_id6039_malinf_(1).jpg;17
45;72;6039;MANDRILLS BKB_6039_20210217_id6039_malinf_(2).jpg;27
58;72;6039;MANDRILLS BKB_6039_20210217_id6039_malinf_(3).jpg;14
60;72;6039;MANDRILLS BKB_6039_20210217_id6039_malinf_(4).jpg;12
57;72;6039;MANDRILLS BKB_6039_20210217_id6039_malinf_(5).jpg;15
54;73;6039;MANDRILLS BKB_6039_20210218_id6039_malinf.jpg;19
74;84;6039;MANDRILLS BKB_6039_20210301_id6039_malinf_(1).jpg;10
56;84;6039;MANDRILLS BKB_6039_20210301_id6039_malinf_(2).jpg;28
73;84;6039;MANDRILLS BKB_6039_20210301_id6039_malinf_(3).jpg;11
69;84;6039;MANDRILLS BKB_6039_20210301_id6039_malinf_(4).jpg;15
61;84;6039;MANDRILLS BKB_6039_20210301_id6039_malinf_(5).jpg;23
57;84;6039;MANDRILLS BKB_6039_20210301_id6039_malinf_(6).jpg;27
86;115;6039;MANDRILLS BKB_6039_20210401_id6039_malinf_(1).jpg;29
69;116;6039;MANDRILLS BKB_6039_20210402_id6039_malinf_(1).jpg;47
74;116;6039;MANDRILLS BKB_6039_20210402_id6039_malinf_(2).jpg;42
87;124;6039;MANDRILLS BKB_6039_20210410_id6039_malinf_(1).jpg;37
98;124;6039;MANDRILLS BKB_6039_20210410_id6039_malinf_(10).jpg;26
110;124;6039;MANDRILLS BKB_6039_20210410_id6039_malinf_(11).jpg;14
111;124;6039;MANDRILLS BKB_6039_20210410_id6039_malinf_(12).jpg;13
105;124;6039;MANDRILLS BKB_6039_20210410_id6039_malinf_(13).jpg;19
96;124;6039;MANDRILLS BKB_6039_20210410_id6039_malinf_(2).jpg;28
131;124;6039;MANDRILLS BKB_6039_20210410_id6039_malinf_(3).jpg;7
119;124;6039;MANDRILLS BKB_6039_20210410_id6039_malinf_(4).jpg;5
103;124;6039;MANDRILLS BKB_6039_20210410_id6039_malinf_(5).jpg;21
101;124;6039;MANDRILLS BKB_6039_20210410_id6039_malinf_(6).jpg;23
94;124;6039;MANDRILLS BKB_6039_20210410_id6039_malinf_(7).jpg;30
113;124;6039;MANDRILLS BKB_6039_20210410_id6039_malinf_(8).jpg;11
109;124;6039;MANDRILLS BKB_6039_20210410_id6039_malinf_(9).jpg;15
96;134;6039;MANDRILLS BKB_6039_20210420_id6039_malinf_(1).jpg;38
104;134;6039;MANDRILLS BKB_6039_20210420_id6039_malinf_(2).jpg;30
114;134;6039;MANDRILLS BKB_6039_20210420_id6039_malinf_(3).jpg;20
103;137;6039;MANDRILLS BKB_6039_20210423_id6039_malinf.jpg;34
244;286;6039;MANDRILLS BKB_6039_20210919_id6039_malinf (1).jpg;42
324;286;6039;MANDRILLS BKB_6039_20210919_id6039_malinf (2).jpg;38
300;291;6039;MANDRILLS BKB_6039_20210924_id6039_malinf (1).jpg;9
341;313;6039;MANDRILLS BKB_6039_20211016_id6039_malinf.jpg;28
411;375;6039;MANDRILLS BKB_6039_20211217_id6039_maljuv_(1).jpg;36
380;375;6039;MANDRILLS BKB_6039_20211217_id6039_maljuv_(2).jpg;5
397;375;6039;MANDRILLS BKB_6039_20211217_id6039_maljuv_(3).jpg;22
375;375;6039;MANDRILLS BKB_6039_20211217_id6039_maljuv_(4).jpg;0
393;375;6039;MANDRILLS BKB_6039_20211217_id6039_maljuv_(5).jpg;18
384;375;6039;MANDRILLS BKB_6039_20211217_id6039_maljuv_(6).jpg;9
325;412;6039;MANDRILLS BKB_6039_20220123_id6039 (1).jpg;87
376;412;6039;MANDRILLS BKB_6039_20220123_id6039 (2).jpg;36
353;412;6039;MANDRILLS BKB_6039_20220123_id6039 (3).jpg;59
509;438;6039;MANDRILLS BKB_6039_20220218_id6039_maljuv (1).jpg;71
387;438;6039;MANDRILLS BKB_6039_20220218_id6039_maljuv (2).jpg;51
435;438;6039;MANDRILLS BKB_6039_20220218_id6039_maljuv.jpg;3
488;478;6039;MANDRILLS BKB_6039_20220330_id6039_maljuv (1).jpg;10
482;478;6039;MANDRILLS BKB_6039_20220330_id6039_maljuv (2).jpg;4
529;478;6039;MANDRILLS BKB_6039_20220330_id6039_maljuv (3).jpg;51
453;478;6039;MANDRILLS BKB_6039_20220330_id6039_maljuv (4).jpg;25
449;478;6039;MANDRILLS BKB_6039_20220330_id6039_maljuv (5).jpg;29
459;480;6039;MANDRILLS BKB_6039_20220401_id6039_maljuv (1).jpg;21
421;480;6039;MANDRILLS BKB_6039_20220401_id6039_maljuv (2).jpg;59
569;499;6039;MANDRILLS BKB_6039_20220420_id6039_maljuv (1).jpg;70
573;499;6039;MANDRILLS BKB_6039_20220420_id6039_maljuv (2).jpg;74
564;506;6039;MANDRILLS BKB_6039_20220427_id6039_maljuv (2).jpg;58
583;506;6039;MANDRILLS BKB_6039_20220427_id6039_maljuv (3).jpg;77
431;525;6039;MANDRILLS BKB_6039_20220516_id6039_maljuv (1).jpg;94
399;525;6039;MANDRILLS BKB_6039_20220516_id6039_maljuv (2).jpg;126
493;525;6039;MANDRILLS BKB_6039_20220516_id6039_maljuv (3).jpg;32
496;525;6039;MANDRILLS BKB_6039_20220516_id6039_maljuv (4).jpg;29
394;525;6039;MANDRILLS BKB_6039_20220516_id6039_maljuv (5).jpg;131
414;525;6039;MANDRILLS BKB_6039_20220516_id6039_maljuv (6).jpg;111
384;525;6039;MANDRILLS BKB_6039_20220516_id6039_maljuv (7).jpg;141
461;557;6039;MANDRILLS BKB_6039_20220617_id6039_maljuv (1).jpg;96
456;557;6039;MANDRILLS BKB_6039_20220617_id6039_maljuv (2).jpg;101
550;564;6039;MANDRILLS BKB_6039_20220624_id6039_maljuv (1).jpg;14
616;564;6039;MANDRILLS BKB_6039_20220624_id6039_maljuv (2).jpg;52
519;564;6039;MANDRILLS BKB_6039_20220624_id6039_maljuv (3).jpg;45
663;564;6039;MANDRILLS BKB_6039_20220624_id6039_maljuv (4).jpg;99
442;569;6039;MANDRILLS BKB_6039_20220629_id6039 (1).jpg;127
497;569;6039;MANDRILLS BKB_6039_20220629_id6039 (2).jpg;72
473;582;6039;MANDRILLS BKB_6039_20220712_id6039 (1).jpg;109
525;584;6039;MANDRILLS BKB_6039_20220714_id6039_maljuv (1).jpg;59
544;584;6039;MANDRILLS BKB_6039_20220714_id6039_maljuv (3).jpg;40
595;584;6039;MANDRILLS BKB_6039_20220714_id6039_maljuv.jpg;11
679;586;6039;MANDRILLS BKB_6039_20220716_id6039_maljuv (1).jpg;93
545;586;6039;MANDRILLS BKB_6039_20220716_id6039_maljuv (2).jpg;41
591;587;6039;MANDRILLS BKB_6039_20220717_id6039 (2).jpg;4
595;587;6039;MANDRILLS BKB_6039_20220717_id6039.jpg;8
630;588;6039;MANDRILLS BKB_6039_20220718_id6039 (1).jpg;42
534;588;6039;MANDRILLS BKB_6039_20220718_id6039 (2).jpg;54
510;589;6039;MANDRILLS BKB_6039_20220719_id6039.jpg;79
598;596;6039;MANDRILLS BKB_6039_20220726_id6039.jpg;2
540;610;6039;MANDRILLS BKB_6039_20220809_id6039 (1).jpg;70
525;610;6039;MANDRILLS BKB_6039_20220809_id6039 (2).jpg;85
512;610;6039;MANDRILLS BKB_6039_20220809_id6039 (3).jpg;98
612;610;6039;MANDRILLS BKB_6039_20220809_id6039 (4).jpg;2
718;610;6039;MANDRILLS BKB_6039_20220809_id6039 (5).jpg;108
554;610;6039;MANDRILLS BKB_6039_20220809_id6039 (6).jpg;56
539;610;6039;MANDRILLS BKB_6039_20220809_id6039 (7).jpg;71
516;610;6039;MANDRILLS BKB_6039_20220809_id6039 (8).jpg;94
537;636;6039;MANDRILLS BKB_6039_20220904_id6039 (1).jpg;99
465;636;6039;MANDRILLS BKB_6039_20220904_id6039 (2).jpg;171
758;637;6039;MANDRILLS BKB_6039_20220905_id6039 (1).jpg;121
526;637;6039;MANDRILLS BKB_6039_20220905_id6039 (2).jpg;111
597;644;6039;MANDRILLS BKB_6039_20220912_id6039 (1).jpg;47
636;644;6039;MANDRILLS BKB_6039_20220912_id6039 (2).jpg;8
517;660;6039;MANDRILLS BKB_6039_20220928_id6039.jpg;143
493;672;6039;MANDRILLS BKB_6039_20221010_id6039 (2).jpg;179
486;672;6039;MANDRILLS BKB_6039_20221010_id6039.jpg;186
621;685;6039;MANDRILLS BKB_6039_20221023_id6039 (2).jpg;64
611;685;6039;MANDRILLS BKB_6039_20221023_id6039.jpg;74
594;710;6039;MANDRILLS BKB_6039_20221117_id6039 (1).jpg;116
694;710;6039;MANDRILLS BKB_6039_20221117_id6039 (2).jpg;16
629;723;6039;MANDRILLS BKB_6039_20221130_id6039 (2).jpg;94
551;723;6039;MANDRILLS BKB_6039_20221130_id6039.jpg;172
707;733;6039;MANDRILLS BKB_6039_20221210_id6039 (1).jpg;26
775;747;6039;MANDRILLS BKB_6039_20221224_id6039 (2).jpg;28
643;747;6039;MANDRILLS BKB_6039_20221224_id6039.jpg;104
11;11;6063;MANDRILLS BKB_6063_20201124_id6063_(9).jpg;0
7;11;6063;MANDRILLS BKB_6063_20201124_id6063_feminf_(1).jpg;4
13;11;6063;MANDRILLS BKB_6063_20201124_id6063_feminf_(10).jpg;2
1;11;6063;MANDRILLS BKB_6063_20201124_id6063_feminf_(11).jpg;10
7;11;6063;MANDRILLS BKB_6063_20201124_id6063_feminf_(2).jpg;4
-3;11;6063;MANDRILLS BKB_6063_20201124_id6063_feminf_(3).jpg;14
-15;11;6063;MANDRILLS BKB_6063_20201124_id6063_feminf_(4).jpg;26
11;11;6063;MANDRILLS BKB_6063_20201124_id6063_feminf_(5).jpg;0
3;11;6063;MANDRILLS BKB_6063_20201124_id6063_feminf_(6).jpg;8
-9;11;6063;MANDRILLS BKB_6063_20201124_id6063_feminf_(7).jpg;20
10;11;6063;MANDRILLS BKB_6063_20201124_id6063_feminf_(8).jpg;1
0;11;6063;MANDRILLS BKB_6063_20201124_id6063_feminf_(9).jpg;11
1;12;6063;MANDRILLS BKB_6063_20201125_id6063_feminf_(1).jpg;11
-5;12;6063;MANDRILLS BKB_6063_20201125_id6063_feminf_(2).jpg;17
-12;12;6063;MANDRILLS BKB_6063_20201125_id6063_feminf_(3).jpg;24
-11;12;6063;MANDRILLS BKB_6063_20201125_id6063_feminf_(4).jpg;23
27;30;6063;MANDRILLS BKB_6063_20201213_id6063_feminf_(1).jpg;3
42;30;6063;MANDRILLS BKB_6063_20201213_id6063_feminf_(2).jpg;12
41;38;6063;MANDRILLS BKB_6063_20201221_id6063_feminf_(1).jpg;3
42;38;6063;MANDRILLS BKB_6063_20201221_id6063_feminf_(2).jpg;4
49;38;6063;MANDRILLS BKB_6063_20201221_id6063_feminf_(3).jpg;11
42;38;6063;MANDRILLS BKB_6063_20201221_id6063_feminf_(4).jpg;4
21;38;6063;MANDRILLS BKB_6063_20201221_id6063_feminf_(5).jpg;17
21;38;6063;MANDRILLS BKB_6063_20201221_id6063_feminf_(6).jpg;17
46;38;6063;MANDRILLS BKB_6063_20201221_id6063_feminf_(7).jpg;8
26;38;6063;MANDRILLS BKB_6063_20201221_id6063_feminf_(8).jpg;12
37;39;6063;MANDRILLS BKB_6063_20201222_id6063_feminf_(1).jpg;2
47;39;6063;MANDRILLS BKB_6063_20201222_id6063_feminf_(2).jpg;8
73;39;6063;MANDRILLS BKB_6063_20201222_id6063_feminf_(3).jpg;34
60;40;6063;MANDRILLS BKB_6063_20201223_id6063_feminf_(1).jpg;20
55;40;6063;MANDRILLS BKB_6063_20201223_id6063_feminf_(2).jpg;15
57;40;6063;MANDRILLS BKB_6063_20201223_id6063_feminf_(3).jpg;17
54;40;6063;MANDRILLS BKB_6063_20201223_id6063_feminf_(4).jpg;14
48;45;6063;MANDRILLS BKB_6063_20201228_id6063_feminf.jpg;3
62;52;6063;MANDRILLS BKB_6063_20210104_id6063_feminf_(1).jpg;10
86;52;6063;MANDRILLS BKB_6063_20210104_id6063_feminf_(10).jpg;34
62;52;6063;MANDRILLS BKB_6063_20210104_id6063_feminf_(11).jpg;10
69;52;6063;MANDRILLS BKB_6063_20210104_id6063_feminf_(2).jpg;17
54;52;6063;MANDRILLS BKB_6063_20210104_id6063_feminf_(3).jpg;2
50;52;6063;MANDRILLS BKB_6063_20210104_id6063_feminf_(4).jpg;2
65;52;6063;MANDRILLS BKB_6063_20210104_id6063_feminf_(5).jpg;13
60;52;6063;MANDRILLS BKB_6063_20210104_id6063_feminf_(6).jpg;8
62;52;6063;MANDRILLS BKB_6063_20210104_id6063_feminf_(7).jpg;10
51;52;6063;MANDRILLS BKB_6063_20210104_id6063_feminf_(8).jpg;1
62;52;6063;MANDRILLS BKB_6063_20210104_id6063_feminf_(9).jpg;10
69;61;6063;MANDRILLS BKB_6063_20210113_id6063_feminf_(1).jpg;8
55;61;6063;MANDRILLS BKB_6063_20210113_id6063_feminf_(10).jpg;6
59;61;6063;MANDRILLS BKB_6063_20210113_id6063_feminf_(2).jpg;2
73;61;6063;MANDRILLS BKB_6063_20210113_id6063_feminf_(3).jpg;12
73;61;6063;MANDRILLS BKB_6063_20210113_id6063_feminf_(4).jpg;12
50;61;6063;MANDRILLS BKB_6063_20210113_id6063_feminf_(5).jpg;11
54;61;6063;MANDRILLS BKB_6063_20210113_id6063_feminf_(6).jpg;7
64;61;6063;MANDRILLS BKB_6063_20210113_id6063_feminf_(7).jpg;3
56;61;6063;MANDRILLS BKB_6063_20210113_id6063_feminf_(8).jpg;5
68;61;6063;MANDRILLS BKB_6063_20210113_id6063_feminf_(9).jpg;7
45;65;6063;MANDRILLS BKB_6063_20210117_id6063_feminf.jpg;20
75;76;6063;MANDRILLS BKB_6063_20210128_id6063_feminf_(1).jpg;1
66;76;6063;MANDRILLS BKB_6063_20210128_id6063_feminf_(2).jpg;10
86;89;6063;MANDRILLS BKB_6063_20210210_id6063_feminf_(1).jpg;3
105;89;6063;MANDRILLS BKB_6063_20210210_id6063_feminf_(2).jpg;16
83;91;6063;MANDRILLS BKB_6063_20210212_id6063_feminf_(1).jpg;8
74;91;6063;MANDRILLS BKB_6063_20210212_id6063_feminf_(2).jpg;17
85;91;6063;MANDRILLS BKB_6063_20210212_id6063_feminf_(3).jpg;6
84;97;6063;MANDRILLS BKB_6063_20210218_id6063_feminf_(2).jpg;13
70;97;6063;MANDRILLS BKB_6063_20210218_id6063_feminf_(3).jpg;27
75;97;6063;MANDRILLS BKB_6063_20210218_id6063_feminf_(4).jpg;22
86;97;6063;MANDRILLS BKB_6063_20210218_id6063_feminf_(5).jpg;11
85;97;6063;MANDRILLS BKB_6063_20210218_id6063_feminf_(6).jpg;12
88;97;6063;MANDRILLS BKB_6063_20210218_id6063_feminf_(7).jpg;9
98;108;6063;MANDRILLS BKB_6063_20210301_id6063_feminf_(1).jpg;10
93;108;6063;MANDRILLS BKB_6063_20210301_id6063_feminf_(2).jpg;15
147;140;6063;MANDRILLS BKB_6063_20210402_id6063_feminf.jpg;7
157;145;6063;MANDRILLS BKB_6063_20210407_id6063_feminf.jpg;12
126;157;6063;MANDRILLS BKB_6063_20210419_id6063_feminf_(1).jpg;31
164;157;6063;MANDRILLS BKB_6063_20210419_id6063_feminf_(2).jpg;7
373;312;6063;MANDRILLS BKB_6063_20210921_id6063_feminf (1).jpg;61
343;312;6063;MANDRILLS BKB_6063_20210921_id6063_feminf (2).jpg;31
345;326;6063;MANDRILLS BKB_6063_20211005_id6063_feminf_(1).jpg;19
314;326;6063;MANDRILLS BKB_6063_20211005_id6063_feminf_(2).jpg;12
373;326;6063;MANDRILLS BKB_6063_20211005_id6063_feminf_(3).jpg;47
372;326;6063;MANDRILLS BKB_6063_20211005_id6063_feminf_(4).jpg;46
370;326;6063;MANDRILLS BKB_6063_20211005_id6063_feminf_(5).jpg;44
371;326;6063;MANDRILLS BKB_6063_20211005_id6063_feminf_(6).jpg;45
327;327;6063;MANDRILLS BKB_6063_20211006_id6063_feminf.jpg;0
374;329;6063;MANDRILLS BKB_6063_20211008_id6063_feminf_(1).jpg;45
389;343;6063;MANDRILLS BKB_6063_20211022_id6063_feminf_(1).jpg;46
373;343;6063;MANDRILLS BKB_6063_20211022_id6063_feminf_(2).jpg;30
485;470;6063;MANDRILLS BKB_6063_20220226_id6063_femjuv (1).jpg;15
513;470;6063;MANDRILLS BKB_6063_20220226_id6063_femjuv (2).jpg;43
537;470;6063;MANDRILLS BKB_6063_20220226_id6063_femjuv (3).jpg;67
514;470;6063;MANDRILLS BKB_6063_20220226_id6063_femjuv.jpg;44
429;499;6063;MANDRILLS BKB_6063_20220327_id6063_femjuv (1).jpg;70
425;499;6063;MANDRILLS BKB_6063_20220327_id6063_femjuv (2).jpg;74
445;502;6063;MANDRILLS BKB_6063_20220330_id6063_femjuv (1).jpg;57
477;502;6063;MANDRILLS BKB_6063_20220330_id6063_femjuv (2).jpg;25
476;507;6063;MANDRILLS BKB_6063_20220404_id6063_femjuv.jpg;31
548;508;6063;MANDRILLS BKB_6063_20220405_id6063_femjuv (1).jpg;40
474;508;6063;MANDRILLS BKB_6063_20220405_id6063_femjuv (2).jpg;34
508;508;6063;MANDRILLS BKB_6063_20220405_id6063_femjuv (3).jpg;0
492;508;6063;MANDRILLS BKB_6063_20220405_id6063_femjuv (4).jpg;16
437;508;6063;MANDRILLS BKB_6063_20220405_id6063_femjuv (5).jpg;71
462;508;6063;MANDRILLS BKB_6063_20220405_id6063_femjuv (6).jpg;46
533;508;6063;MANDRILLS BKB_6063_20220405_id6063_femjuv (7).jpg;25
435;529;6063;MANDRILLS BKB_6063_20220426_id6063_femjuv (1).jpg;94
551;529;6063;MANDRILLS BKB_6063_20220426_id6063_femjuv (3).jpg;22
592;557;6063;MANDRILLS BKB_6063_20220524_id6063_femjuv.jpg;35
630;571;6063;MANDRILLS BKB_6063_20220607_id6063_femjuv (1).jpg;59
512;571;6063;MANDRILLS BKB_6063_20220607_id6063_femjuv (2).jpg;59
750;587;6063;MANDRILLS BKB_6063_20220623_id6063_femjuv (1).jpg;163
553;587;6063;MANDRILLS BKB_6063_20220623_id6063_femjuv (2).jpg;34
490;593;6063;MANDRILLS BKB_6063_20220629_id6063.jpg;103
656;627;6063;MANDRILLS BKB_6063_20220802_id6063 (1).jpg;29
790;627;6063;MANDRILLS BKB_6063_20220802_id6063 (2).jpg;163
652;634;6063;MANDRILLS BKB_6063_20220809_id6063 (1).jpg;18
595;634;6063;MANDRILLS BKB_6063_20220809_id6063 (2).jpg;39
640;634;6063;MANDRILLS BKB_6063_20220809_id6063 (3).jpg;6
601;637;6063;MANDRILLS BKB_6063_20220812_id6063 (1).jpg;36
693;637;6063;MANDRILLS BKB_6063_20220812_id6063 (2).jpg;56
624;648;6063;MANDRILLS BKB_6063_20220823_id6063 (1).jpg;24
683;648;6063;MANDRILLS BKB_6063_20220823_id6063 (2).jpg;35
703;648;6063;MANDRILLS BKB_6063_20220823_id6063 (3).jpg;55
681;651;6063;MANDRILLS BKB_6063_20220826_id6063 (1).jpg;30
704;651;6063;MANDRILLS BKB_6063_20220826_id6063 (2).jpg;53
586;652;6063;MANDRILLS BKB_6063_20220827_id6063 (2).jpg;66
608;652;6063;MANDRILLS BKB_6063_20220827_id6063.jpg;44
760;661;6063;MANDRILLS BKB_6063_20220905_id6063 (4).jpg;99
638;661;6063;MANDRILLS BKB_6063_20220905_id6063 (5).jpg;23
593;664;6063;MANDRILLS BKB_6063_20220908_id6063 (2).jpg;71
603;664;6063;MANDRILLS BKB_6063_20220908_id6063 (3).jpg;61
592;668;6063;MANDRILLS BKB_6063_20220912_id6063 (1).jpg;76
692;668;6063;MANDRILLS BKB_6063_20220912_id6063 (2).jpg;24
750;680;6063;MANDRILLS BKB_6063_20220924_id6063 (1).jpg;70
679;680;6063;MANDRILLS BKB_6063_20220924_id6063 (2).jpg;1
665;696;6063;MANDRILLS BKB_6063_20221010_id6063.jpg;31
696;717;6063;MANDRILLS BKB_6063_20221031_id6063 (1).jpg;21
688;717;6063;MANDRILLS BKB_6063_20221031_id6063 (2).jpg;29
682;740;6063;MANDRILLS BKB_6063_20221123_id6063.jpg;58
710;747;6063;MANDRILLS BKB_6063_20221130_id6063.jpg;37
704;757;6063;MANDRILLS BKB_6063_20221210_id6063.jpg;53
776;759;6063;MANDRILLS BKB_6063_20221212_id6063.jpg;17
661;761;6063;MANDRILLS BKB_6063_20221214_id6063.jpg;100
674;771;6063;MANDRILLS BKB_6063_20221224_id6063 (1).jpg;97
665;771;6063;MANDRILLS BKB_6063_20221224_id6063 (2).jpg;106
-1;17;6070;MANDRILLS BKB_6070_20210330_id6070_malinf_(1).jpg;18
-1;17;6070;MANDRILLS BKB_6070_20210330_id6070_malinf_(2).jpg;18
18;19;6070;MANDRILLS BKB_6070_20210401_id6070_malinf_(1).jpg;1
14;19;6070;MANDRILLS BKB_6070_20210401_id6070_malinf_(2).jpg;5
21;20;6070;MANDRILLS BKB_6070_20210402_id6070_malinf_(1).jpg;1
28;20;6070;MANDRILLS BKB_6070_20210402_id6070_malinf_(2).jpg;8
11;20;6070;MANDRILLS BKB_6070_20210402_id6070_malinf_(3).jpg;9
17;20;6070;MANDRILLS BKB_6070_20210402_id6070_malinf_(4).jpg;3
16;20;6070;MANDRILLS BKB_6070_20210402_id6070_malinf_(5).jpg;4
15;20;6070;MANDRILLS BKB_6070_20210402_id6070_malinf_(6).jpg;5
29;20;6070;MANDRILLS BKB_6070_20210402_id6070_malinf_(7).jpg;9
17;20;6070;MANDRILLS BKB_6070_20210402_id6070_malinf_(8).jpg;3
10;20;6070;MANDRILLS BKB_6070_20210402_id6070_malinf_(9).jpg;10
19;28;6070;MANDRILLS BKB_6070_20210410_id6070_malinf_(1).jpg;9
7;28;6070;MANDRILLS BKB_6070_20210410_id6070_malinf_(2).jpg;21
45;36;6070;MANDRILLS BKB_6070_20210418_id6070_malinf.jpg;9
24;38;6070;MANDRILLS BKB_6070_20210420_id6070_malinf_(1).jpg;14
33;38;6070;MANDRILLS BKB_6070_20210420_id6070_malinf_(2).jpg;5
18;38;6070;MANDRILLS BKB_6070_20210420_id6070_malinf_(3).jpg;20
28;38;6070;MANDRILLS BKB_6070_20210420_id6070_malinf_(4).jpg;10
49;61;6070;MANDRILLS BKB_6070_20210513_id6070_malinf_(2).jpg;12
74;86;6070;MANDRILLS BKB_6070_20210607_id6070_malinf_(1).jpg;12
74;86;6070;MANDRILLS BKB_6070_20210607_id6070_malinf_(2).jpg;12
76;86;6070;MANDRILLS BKB_6070_20210607_id6070_malinf_(3).jpg;10
84;86;6070;MANDRILLS BKB_6070_20210607_id6070_malinf_(4).jpg;2
71;86;6070;MANDRILLS BKB_6070_20210607_id6070_malinf_(5).jpg;15
98;105;6070;MANDRILLS BKB_6070_20210626_id6070_malinf_(1).jpg;7
102;105;6070;MANDRILLS BKB_6070_20210626_id6070_malinf_(2).jpg;3
98;122;6070;MANDRILLS BKB_6070_20210713_id6070_malinf_(2).jpg;24
130;122;6070;MANDRILLS BKB_6070_20210713_id6070_malinf_(3).jpg;8
94;122;6070;MANDRILLS BKB_6070_20210713_id6070_malinf_(4).jpg;28
125;127;6070;MANDRILLS BKB_6070_20210718_id6070_malinf_(1).jpg;2
135;127;6070;MANDRILLS BKB_6070_20210718_id6070_malinf_(2).jpg;8
191;127;6070;MANDRILLS BKB_6070_20210718_id6070_malinf_(3).jpg;64
163;135;6070;MANDRILLS BKB_6070_20210726_id6070_malinf_(1).jpg;28
192;135;6070;MANDRILLS BKB_6070_20210726_id6070_malinf_(10).jpg;57
129;135;6070;MANDRILLS BKB_6070_20210726_id6070_malinf_(2).jpg;6
131;135;6070;MANDRILLS BKB_6070_20210726_id6070_malinf_(3).jpg;4
132;135;6070;MANDRILLS BKB_6070_20210726_id6070_malinf_(4).jpg;3
132;135;6070;MANDRILLS BKB_6070_20210726_id6070_malinf_(5).jpg;3
129;135;6070;MANDRILLS BKB_6070_20210726_id6070_malinf_(6).jpg;6
142;135;6070;MANDRILLS BKB_6070_20210726_id6070_malinf_(7).jpg;7
129;135;6070;MANDRILLS BKB_6070_20210726_id6070_malinf_(8).jpg;6
117;135;6070;MANDRILLS BKB_6070_20210726_id6070_malinf_(9).jpg;18
210;180;6070;MANDRILLS BKB_6070_20210909_id6070_malinf.jpg;30
235;181;6070;MANDRILLS BKB_6070_20210910_id6070_malinf (1).jpg;54
251;181;6070;MANDRILLS BKB_6070_20210910_id6070_malinf (3).jpg;70
239;181;6070;MANDRILLS BKB_6070_20210910_id6070_malinf (4).jpg;58
245;192;6070;MANDRILLS BKB_6070_20210921_id6070_malinf.jpg;53
263;206;6070;MANDRILLS BKB_6070_20211005_id6070_malinf.jpg;57
260;223;6070;MANDRILLS BKB_6070_20211022_id6070_malinf_(1).jpg;37
277;223;6070;MANDRILLS BKB_6070_20211022_id6070_malinf_(2).jpg;54
338;223;6070;MANDRILLS BKB_6070_20211022_id6070_malinf_(3).jpg;115
278;223;6070;MANDRILLS BKB_6070_20211022_id6070_malinf_(4).jpg;55
253;223;6070;MANDRILLS BKB_6070_20211022_id6070_malinf_(5).jpg;30
285;225;6070;MANDRILLS BKB_6070_20211024_id6070_malinf_(2).jpg;60
308;238;6070;MANDRILLS BKB_6070_20211106_id6070_malinf_(1).jpg;70
277;238;6070;MANDRILLS BKB_6070_20211106_id6070_malinf_(2).jpg;39
287;250;6070;MANDRILLS BKB_6070_20211118_id6070_malinf.jpg;37
307;254;6070;MANDRILLS BKB_6070_20211122_id6070_malinf.jpg;53
398;309;6070;MANDRILLS BKB_6070_20220116_id6070_malinf.jpg;89
353;313;6070;MANDRILLS BKB_6070_20220120_id6070.jpg;40
431;350;6070;MANDRILLS BKB_6070_20220226_id6070_malinf (1).jpg;81
399;350;6070;MANDRILLS BKB_6070_20220226_id6070_malinf (2).jpg;49
396;356;6070;MANDRILLS BKB_6070_20220304_id6070_malinf (1).jpg;40
422;356;6070;MANDRILLS BKB_6070_20220304_id6070_malinf (2).jpg;66
372;356;6070;MANDRILLS BKB_6070_20220304_id6070_malinf (3).jpg;16
426;356;6070;MANDRILLS BKB_6070_20220304_id6070_malinf (4).jpg;70
365;356;6070;MANDRILLS BKB_6070_20220304_id6070_malinf (5).jpg;9
387;356;6070;MANDRILLS BKB_6070_20220304_id6070_malinf (6).jpg;31
405;356;6070;MANDRILLS BKB_6070_20220304_id6070_malinf (7).jpg;49
444;356;6070;MANDRILLS BKB_6070_20220304_id6070_malinf (8).jpg;88
353;363;6070;MANDRILLS BKB_6070_20220311_id6070_maljuv (1).jpg;10
340;363;6070;MANDRILLS BKB_6070_20220311_id6070_maljuv (2).jpg;23
424;379;6070;MANDRILLS BKB_6070_20220327_id6070_maljuv (1).jpg;45
499;379;6070;MANDRILLS BKB_6070_20220327_id6070_maljuv (2).jpg;120
396;379;6070;MANDRILLS BKB_6070_20220327_id6070_maljuv (3).jpg;17
411;379;6070;MANDRILLS BKB_6070_20220327_id6070_maljuv (4).jpg;32
383;408;6070;MANDRILLS BKB_6070_20220425_id6070_maljuv (1).jpg;25
394;408;6070;MANDRILLS BKB_6070_20220425_id6070_maljuv (2).jpg;14
393;408;6070;MANDRILLS BKB_6070_20220425_id6070_maljuv (3).jpg;15
407;429;6070;MANDRILLS BKB_6070_20220516_id6070_maljuv.jpg;22
466;439;6070;MANDRILLS BKB_6070_20220526_id6070_maljuv (5).jpg;27
491;439;6070;MANDRILLS BKB_6070_20220526_id6070_maljuv (6).jpg;52
558;439;6070;MANDRILLS BKB_6070_20220526_id6070_maljuv (7).jpg;119
540;439;6070;MANDRILLS BKB_6070_20220526_id6070_maljuv (8).jpg;101
466;439;6070;MANDRILLS BKB_6070_20220526_id6070_maljuv (9).jpg;27
445;445;6070;MANDRILLS BKB_6070_20220601_id6070_maljuv (4).jpg;0
399;445;6070;MANDRILLS BKB_6070_20220601_id6070_maljuv (5).jpg;46
407;445;6070;MANDRILLS BKB_6070_20220601_id6070_maljuv (6).jpg;38
433;445;6070;MANDRILLS BKB_6070_20220601_id6070_maljuv (7).jpg;12
422;463;6070;MANDRILLS BKB_6070_20220619_id6070_maljuv (1).jpg;41
530;463;6070;MANDRILLS BKB_6070_20220619_id6070_maljuv (2).jpg;67
422;468;6070;MANDRILLS BKB_6070_20220624_id6070_maljuv.jpg;46
433;473;6070;MANDRILLS BKB_6070_20220629_id6070 (1).jpg;40
530;473;6070;MANDRILLS BKB_6070_20220629_id6070 (2).jpg;57
431;473;6070;MANDRILLS BKB_6070_20220629_id6070 (3).jpg;42
547;473;6070;MANDRILLS BKB_6070_20220629_id6070 (4).jpg;74
405;473;6070;MANDRILLS BKB_6070_20220629_id6070 (5).jpg;68
477;485;6070;MANDRILLS BKB_6070_20220711_id6070 (5).jpg;8
461;485;6070;MANDRILLS BKB_6070_20220711_id6070.jpg;24
501;490;6070;MANDRILLS BKB_6070_20220716_id6070 (2).jpg;11
561;495;6070;MANDRILLS BKB_6070_20220721_id6070 (1).jpg;66
499;495;6070;MANDRILLS BKB_6070_20220721_id6070 (2).jpg;4
498;495;6070;MANDRILLS BKB_6070_20220721_id6070 (4).jpg;3
592;503;6070;MANDRILLS BKB_6070_20220729_id6070.jpg;89
440;506;6070;MANDRILLS BKB_6070_20220801_id6070.jpg;66
570;523;6070;MANDRILLS BKB_6070_20220818_id6070.jpg;47
581;531;6070;MANDRILLS BKB_6070_20220826_id6070.jpg;50
574;540;6070;MANDRILLS BKB_6070_20220904_id6070.jpg;34
798;541;6070;MANDRILLS BKB_6070_20220905_id6070.jpg;257
648;551;6070;MANDRILLS BKB_6070_20220915_id6070.jpg;97
521;554;6070;MANDRILLS BKB_6070_20220918_id6070 (1).jpg;33
627;554;6070;MANDRILLS BKB_6070_20220918_id6070 (2).jpg;73
663;576;6070;MANDRILLS BKB_6070_20221010_id6070.jpg;87
635;588;6070;MANDRILLS BKB_6070_20221022_id6070.jpg;47
592;618;6070;MANDRILLS BKB_6070_20221121_id6070.jpg;26
793;627;6070;MANDRILLS BKB_6070_20221130_id6070 (2).jpg;166
767;627;6070;MANDRILLS BKB_6070_20221130_id6070.jpg;140
779;641;6070;MANDRILLS BKB_6070_20221214_id6070.jpg;138
-3;0;6090;MANDRILLS BKB_6090_20210214_id6090_malinf_(1).jpg;3
0;0;6090;MANDRILLS BKB_6090_20210214_id6090_malinf_(2).jpg;0
-3;15;6090;MANDRILLS BKB_6090_20210301_id6090_malinf.jpg;18
16;39;6090;MANDRILLS BKB_6090_20210325_id6090_malinf_(1).jpg;23
22;39;6090;MANDRILLS BKB_6090_20210325_id6090_malinf_(2).jpg;17
27;39;6090;MANDRILLS BKB_6090_20210325_id6090_malinf_(3).jpg;12
52;64;6090;MANDRILLS BKB_6090_20210419_id6090_malinf_(1).jpg;12
60;64;6090;MANDRILLS BKB_6090_20210419_id6090_malinf_(2).jpg;4
201;117;6090;MANDRILLS BKB_6090_20210611_id6090_malinf_(1).jpg;84
145;117;6090;MANDRILLS BKB_6090_20210611_id6090_malinf_(2).jpg;28
135;127;6090;MANDRILLS BKB_6090_20210621_id6090_malinf_(1).jpg;8
141;127;6090;MANDRILLS BKB_6090_20210621_id6090_malinf_(2).jpg;14
135;127;6090;MANDRILLS BKB_6090_20210621_id6090_malinf_(3).jpg;8
128;127;6090;MANDRILLS BKB_6090_20210621_id6090_malinf_(4).jpg;1
143;127;6090;MANDRILLS BKB_6090_20210621_id6090_malinf_(5).jpg;16
164;128;6090;MANDRILLS BKB_6090_20210622_id6090_malinf.jpg;36
293;202;6090;MANDRILLS BKB_6090_20210904_id6090_malinf (1).jpg;91
294;202;6090;MANDRILLS BKB_6090_20210904_id6090_malinf (10).jpg;92
254;202;6090;MANDRILLS BKB_6090_20210904_id6090_malinf (2).jpg;52
266;252;6090;MANDRILLS BKB_6090_20211024_id6090_malinf.jpg;14
310;265;6090;MANDRILLS BKB_6090_20211106_id6090_malinf_(1).jpg;45
280;265;6090;MANDRILLS BKB_6090_20211106_id6090_malinf_(2).jpg;15
234;265;6090;MANDRILLS BKB_6090_20211106_id6090_malinf_(3).jpg;31
244;265;6090;MANDRILLS BKB_6090_20211106_id6090_malinf_(4).jpg;21
311;265;6090;MANDRILLS BKB_6090_20211106_id6090_malinf_(5).jpg;46
389;310;6090;MANDRILLS BKB_6090_20211221_id6090_malinf.jpg;79
366;349;6090;MANDRILLS BKB_6090_20220129_id6090.jpg;17
443;352;6090;MANDRILLS BKB_6090_20220201_id6090_maljuv (1).jpg;91
492;352;6090;MANDRILLS BKB_6090_20220201_id6090_maljuv (13).jpg;140
447;352;6090;MANDRILLS BKB_6090_20220201_id6090_maljuv (14).jpg;95
410;352;6090;MANDRILLS BKB_6090_20220201_id6090_maljuv (15).jpg;58
339;352;6090;MANDRILLS BKB_6090_20220201_id6090_maljuv (16).jpg;13
332;352;6090;MANDRILLS BKB_6090_20220201_id6090_maljuv (17).jpg;20
344;352;6090;MANDRILLS BKB_6090_20220201_id6090_maljuv (18).jpg;8
522;352;6090;MANDRILLS BKB_6090_20220201_id6090_maljuv (19).jpg;170
427;352;6090;MANDRILLS BKB_6090_20220201_id6090_maljuv (2).jpg;75
520;352;6090;MANDRILLS BKB_6090_20220201_id6090_maljuv (20).jpg;168
481;352;6090;MANDRILLS BKB_6090_20220201_id6090_maljuv (21).jpg;129
514;352;6090;MANDRILLS BKB_6090_20220201_id6090_maljuv (22).jpg;162
395;352;6090;MANDRILLS BKB_6090_20220201_id6090_maljuv (23).jpg;43
361;352;6090;MANDRILLS BKB_6090_20220201_id6090_maljuv (24).jpg;9
361;352;6090;MANDRILLS BKB_6090_20220201_id6090_maljuv (25).jpg;9
417;352;6090;MANDRILLS BKB_6090_20220201_id6090_maljuv (26).jpg;65
370;352;6090;MANDRILLS BKB_6090_20220201_id6090_maljuv (3).jpg;18
469;352;6090;MANDRILLS BKB_6090_20220201_id6090_maljuv (30).jpg;117
432;352;6090;MANDRILLS BKB_6090_20220201_id6090_maljuv (31).jpg;80
404;352;6090;MANDRILLS BKB_6090_20220201_id6090_maljuv (33).jpg;52
385;352;6090;MANDRILLS BKB_6090_20220201_id6090_maljuv (34).jpg;33
403;352;6090;MANDRILLS BKB_6090_20220201_id6090_maljuv (35).jpg;51
408;352;6090;MANDRILLS BKB_6090_20220201_id6090_maljuv (36).jpg;56
401;352;6090;MANDRILLS BKB_6090_20220201_id6090_maljuv (4).jpg;49
466;352;6090;MANDRILLS BKB_6090_20220201_id6090_maljuv (5).jpg;114
499;352;6090;MANDRILLS BKB_6090_20220201_id6090_maljuv (6).jpg;147
405;352;6090;MANDRILLS BKB_6090_20220201_id6090_maljuv (7).jpg;53
413;352;6090;MANDRILLS BKB_6090_20220201_id6090_maljuv (8).jpg;61
364;352;6090;MANDRILLS BKB_6090_20220201_id6090_maljuv (9).jpg;12
400;386;6090;MANDRILLS BKB_6090_20220307_id6090_maljuv (2).jpg;14
395;386;6090;MANDRILLS BKB_6090_20220307_id6090_maljuv (3).jpg;9
390;392;6090;MANDRILLS BKB_6090_20220313_id6090_maljuv.jpg;2
340;393;6090;MANDRILLS BKB_6090_20220314_id6090_maljuv (1).jpg;53
417;393;6090;MANDRILLS BKB_6090_20220314_id6090_maljuv (3).jpg;24
474;393;6090;MANDRILLS BKB_6090_20220314_id6090_maljuv (4).jpg;81
430;403;6090;MANDRILLS BKB_6090_20220324_id6090_maljuv (1).jpg;27
447;403;6090;MANDRILLS BKB_6090_20220324_id6090_maljuv (2).jpg;44
464;464;6090;MANDRILLS BKB_6090_20220524_id6090_maljuv (1).jpg;0
467;464;6090;MANDRILLS BKB_6090_20220524_id6090_maljuv (2).jpg;3
473;464;6090;MANDRILLS BKB_6090_20220524_id6090_maljuv (3).jpg;9
415;464;6090;MANDRILLS BKB_6090_20220524_id6090_maljuv (4).jpg;49
431;466;6090;MANDRILLS BKB_6090_20220526_id6090_maljuv.jpg;35
505;469;6090;MANDRILLS BKB_6090_20220529_id6090_maljuv.jpg;36
458;474;6090;MANDRILLS BKB_6090_20220603_id6090_maljuv (3).jpg;16
421;474;6090;MANDRILLS BKB_6090_20220603_id6090_maljuv (4).jpg;53
451;474;6090;MANDRILLS BKB_6090_20220603_id6090_maljuv (5).jpg;23
544;502;6090;MANDRILLS BKB_6090_20220701_id6090 (1).jpg;42
500;502;6090;MANDRILLS BKB_6090_20220701_id6090 (2).jpg;2
519;502;6090;MANDRILLS BKB_6090_20220701_id6090 (3).jpg;17
460;502;6090;MANDRILLS BKB_6090_20220701_id6090 (4).jpg;42
510;502;6090;MANDRILLS BKB_6090_20220701_id6090 (5).jpg;8
523;502;6090;MANDRILLS BKB_6090_20220701_id6090 (6).jpg;21
541;506;6090;MANDRILLS BKB_6090_20220705_id6090 (2).jpg;35
588;506;6090;MANDRILLS BKB_6090_20220705_id6090.jpg;82
489;512;6090;MANDRILLS BKB_6090_20220711_id6090.jpg;23
468;515;6090;MANDRILLS BKB_6090_20220714_id6090_maljuv.jpg;47
533;517;6090;MANDRILLS BKB_6090_20220716_id6090_maljuv (1).jpg;16
456;517;6090;MANDRILLS BKB_6090_20220716_id6090_maljuv (2).jpg;61
437;519;6090;MANDRILLS BKB_6090_20220718_id6090.jpg;82
575;520;6090;MANDRILLS BKB_6090_20220719_id6090 (1).jpg;55
543;520;6090;MANDRILLS BKB_6090_20220719_id6090 (2).jpg;23
569;520;6090;MANDRILLS BKB_6090_20220719_id6090 (3).jpg;49
599;520;6090;MANDRILLS BKB_6090_20220719_id6090 (4).jpg;79
559;520;6090;MANDRILLS BKB_6090_20220719_id6090.jpg;39
505;534;6090;MANDRILLS BKB_6090_20220802_id6090 (1).jpg;29
547;534;6090;MANDRILLS BKB_6090_20220802_id6090 (2).jpg;13
611;541;6090;MANDRILLS BKB_6090_20220809_id6090 (2).jpg;70
500;541;6090;MANDRILLS BKB_6090_20220809_id6090 (3).jpg;41
640;541;6090;MANDRILLS BKB_6090_20220809_id6090 (4).jpg;99
543;541;6090;MANDRILLS BKB_6090_20220809_id6090 (5).jpg;2
585;544;6090;MANDRILLS BKB_6090_20220812_id6090 (2).jpg;41
592;544;6090;MANDRILLS BKB_6090_20220812_id6090 (4).jpg;48
609;544;6090;MANDRILLS BKB_6090_20220812_id6090.jpg;65
567;558;6090;MANDRILLS BKB_6090_20220826_id6090 (1).jpg;9
536;558;6090;MANDRILLS BKB_6090_20220826_id6090 (2).jpg;22
576;558;6090;MANDRILLS BKB_6090_20220826_id6090.jpg;18
518;574;6090;MANDRILLS BKB_6090_20220911_id6090.jpg;56
595;575;6090;MANDRILLS BKB_6090_20220912_id6090 (1).jpg;20
584;575;6090;MANDRILLS BKB_6090_20220912_id6090 (4).jpg;9
582;580;6090;MANDRILLS BKB_6090_20220917_id6090 (1).jpg;2
611;580;6090;MANDRILLS BKB_6090_20220917_id6090 (2).jpg;31
551;581;6090;MANDRILLS BKB_6090_20220918_id6090 (2).jpg;30
575;581;6090;MANDRILLS BKB_6090_20220918_id6090 (3).jpg;6
611;581;6090;MANDRILLS BKB_6090_20220918_id6090 (4).jpg;30
584;591;6090;MANDRILLS BKB_6090_20220928_id6090.jpg;7
619;612;6090;MANDRILLS BKB_6090_20221019_id6090.jpg;7
629;623;6090;MANDRILLS BKB_6090_20221030_id6090.jpg;6
676;654;6090;MANDRILLS BKB_6090_20221130_id6090.jpg;22
692;663;6090;MANDRILLS BKB_6090_20221209_id6090 (1).jpg;29
528;663;6090;MANDRILLS BKB_6090_20221209_id6090 (2).jpg;135
784;668;6090;MANDRILLS BKB_6090_20221214_id6090 (1).jpg;116
728;668;6090;MANDRILLS BKB_6090_20221214_id6090 (2).jpg;60
629;668;6090;MANDRILLS BKB_6090_20221214_id6090.jpg;39
-14;13;6093;MANDRILLS BKB_6093_20201103_id6093_malinf.jpg;27
32;34;6093;MANDRILLS BKB_6093_20201124_id6093_malinf.jpg;2
12;34;6093;MANDRILLS BKB_6093_20201124_id6093_malinf_(1).jpg;22
18;34;6093;MANDRILLS BKB_6093_20201124_id6093_malinf_(2).jpg;16
38;53;6093;MANDRILLS BKB_6093_20201213_id6093_malinf_(1).jpg;15
38;53;6093;MANDRILLS BKB_6093_20201213_id6093_malinf_(10).jpg;15
31;53;6093;MANDRILLS BKB_6093_20201213_id6093_malinf_(2).jpg;22
15;53;6093;MANDRILLS BKB_6093_20201213_id6093_malinf_(3).jpg;38
18;53;6093;MANDRILLS BKB_6093_20201213_id6093_malinf_(4).jpg;35
18;53;6093;MANDRILLS BKB_6093_20201213_id6093_malinf_(5).jpg;35
45;53;6093;MANDRILLS BKB_6093_20201213_id6093_malinf_(6).jpg;8
17;53;6093;MANDRILLS BKB_6093_20201213_id6093_malinf_(7).jpg;36
20;53;6093;MANDRILLS BKB_6093_20201213_id6093_malinf_(8).jpg;33
31;53;6093;MANDRILLS BKB_6093_20201213_id6093_malinf_(9).jpg;22
24;57;6093;MANDRILLS BKB_6093_20201217_id6093_malinf_(10)_(2).jpg;33
32;57;6093;MANDRILLS BKB_6093_20201217_id6093_malinf_(11)_(2).jpg;25
35;57;6093;MANDRILLS BKB_6093_20201217_id6093_malinf_(4)_(2).jpg;22
67;57;6093;MANDRILLS BKB_6093_20201217_id6093_malinf_(5)_(2).jpg;10
57;57;6093;MANDRILLS BKB_6093_20201217_id6093_malinf_(6)_(2).jpg;0
26;57;6093;MANDRILLS BKB_6093_20201217_id6093_malinf_(7)_(2).jpg;31
28;57;6093;MANDRILLS BKB_6093_20201217_id6093_malinf_(8)_(2).jpg;29
23;57;6093;MANDRILLS BKB_6093_20201217_id6093_malinf_(9)_(2).jpg;34
38;68;6093;MANDRILLS BKB_6093_20201228_id6093_malinf.jpg;30
44;75;6093;MANDRILLS BKB_6093_20210104_id6093_malinf.jpg;31
33;78;6093;MANDRILLS BKB_6093_20210107_id6093_malinf_(1).jpg;45
41;78;6093;MANDRILLS BKB_6093_20210107_id6093_malinf_(2).jpg;37
46;78;6093;MANDRILLS BKB_6093_20210107_id6093_malinf_(3).jpg;32
47;78;6093;MANDRILLS BKB_6093_20210107_id6093_malinf_(4).jpg;31
45;84;6093;MANDRILLS BKB_6093_20210113_id6093_malinf_(1).jpg;39
74;84;6093;MANDRILLS BKB_6093_20210113_id6093_malinf_(2).jpg;10
65;84;6093;MANDRILLS BKB_6093_20210113_id6093_malinf_(3).jpg;19
59;84;6093;MANDRILLS BKB_6093_20210113_id6093_malinf_(4).jpg;25
106;99;6093;MANDRILLS BKB_6093_20210128_id6093_malinf_(1).jpg;7
103;99;6093;MANDRILLS BKB_6093_20210128_id6093_malinf_(2).jpg;4
116;99;6093;MANDRILLS BKB_6093_20210128_id6093_malinf_(3).jpg;17
102;99;6093;MANDRILLS BKB_6093_20210128_id6093_malinf_(4).jpg;3
98;99;6093;MANDRILLS BKB_6093_20210128_id6093_malinf_(5).jpg;1
93;99;6093;MANDRILLS BKB_6093_20210128_id6093_malinf_(6).jpg;6
91;99;6093;MANDRILLS BKB_6093_20210128_id6093_malinf_(7).jpg;8
122;100;6093;MANDRILLS BKB_6093_20210129_id6093_malinf_(1).jpg;22
86;100;6093;MANDRILLS BKB_6093_20210129_id6093_malinf_(2).jpg;14
99;100;6093;MANDRILLS BKB_6093_20210129_id6093_malinf_(3).jpg;1
127;100;6093;MANDRILLS BKB_6093_20210129_id6093_malinf_(4).jpg;27
101;100;6093;MANDRILLS BKB_6093_20210129_id6093_malinf_(5).jpg;1
89;100;6093;MANDRILLS BKB_6093_20210129_id6093_malinf_(6).jpg;11
73;101;6093;MANDRILLS BKB_6093_20210130_id6093_malinf_(1).jpg;28
77;101;6093;MANDRILLS BKB_6093_20210130_id6093_malinf_(12).jpg;24
77;101;6093;MANDRILLS BKB_6093_20210130_id6093_malinf_(2).jpg;24
73;105;6093;MANDRILLS BKB_6093_20210203_id6093_malinf_(1).jpg;32
70;105;6093;MANDRILLS BKB_6093_20210203_id6093_malinf_(2).jpg;35
106;105;6093;MANDRILLS BKB_6093_20210203_id6093_malinf_(3).jpg;1
91;105;6093;MANDRILLS BKB_6093_20210203_id6093_malinf_(4).jpg;14
100;105;6093;MANDRILLS BKB_6093_20210203_id6093_malinf_(5).jpg;5
103;105;6093;MANDRILLS BKB_6093_20210203_id6093_malinf_(6).jpg;2
77;105;6093;MANDRILLS BKB_6093_20210203_id6093_malinf_(7).jpg;28
77;108;6093;MANDRILLS BKB_6093_20210206_id6093_malinf_(1).jpg;31
76;108;6093;MANDRILLS BKB_6093_20210206_id6093_malinf_(2).jpg;32
61;114;6093;MANDRILLS BKB_6093_20210212_id6093_malinf.jpg;53
125;120;6093;MANDRILLS BKB_6093_20210218_id6093_malinf.jpg;5
118;131;6093;MANDRILLS BKB_6093_20210301_id6093_malinf_(1).jpg;13
126;131;6093;MANDRILLS BKB_6093_20210301_id6093_malinf_(2).jpg;5
130;131;6093;MANDRILLS BKB_6093_20210301_id6093_malinf_(3).jpg;1
127;131;6093;MANDRILLS BKB_6093_20210301_id6093_malinf_(4).jpg;4
164;131;6093;MANDRILLS BKB_6093_20210301_id6093_malinf_(5).jpg;33
117;131;6093;MANDRILLS BKB_6093_20210301_id6093_malinf_(6).jpg;14
143;131;6093;MANDRILLS BKB_6093_20210301_id6093_malinf_(7).jpg;12
189;166;6093;MANDRILLS BKB_6093_20210405_id6093_malinf_(1).jpg;23
160;166;6093;MANDRILLS BKB_6093_20210405_id6093_malinf_(2).jpg;6
235;171;6093;MANDRILLS BKB_6093_20210410_id6093_malinf.jpg;64
214;181;6093;MANDRILLS BKB_6093_20210420_id6093_malinf_(1).jpg;33
242;181;6093;MANDRILLS BKB_6093_20210420_id6093_malinf_(2).jpg;61
269;265;6093;MANDRILLS BKB_6093_20210713_id6093_malinf_(1).jpg;4
263;265;6093;MANDRILLS BKB_6093_20210713_id6093_malinf_(2).jpg;2
290;273;6093;MANDRILLS BKB_6093_20210721_id6093_malinf.jpg;17
243;278;6093;MANDRILLS BKB_6093_20210726_id6093_malinf_(1).jpg;35
426;278;6093;MANDRILLS BKB_6093_20210726_id6093_malinf_(2).jpg;148
438;278;6093;MANDRILLS BKB_6093_20210726_id6093_malinf_(3).jpg;160
275;278;6093;MANDRILLS BKB_6093_20210726_id6093_malinf_(4).jpg;3
274;278;6093;MANDRILLS BKB_6093_20210726_id6093_malinf_(5).jpg;4
288;278;6093;MANDRILLS BKB_6093_20210726_id6093_malinf_(7).jpg;10
254;278;6093;MANDRILLS BKB_6093_20210726_id6093_malinf_(8).jpg;24
332;280;6093;MANDRILLS BKB_6093_20210728_id6093_malinf.jpg;52
319;349;6093;MANDRILLS BKB_6093_20211005_id6093_malinf.jpg;30
341;366;6093;MANDRILLS BKB_6093_20211022_id6093_maljuv.jpg;25
392;368;6093;MANDRILLS BKB_6093_20211024_id6093_maljuv_(1).jpg;24
417;368;6093;MANDRILLS BKB_6093_20211024_id6093_maljuv_(2).jpg;49
432;383;6093;MANDRILLS BKB_6093_20211108_id6093_maljuv_(2).jpg;49
358;383;6093;MANDRILLS BKB_6093_20211108_id6093_maljuv_(3).jpg;25
413;383;6093;MANDRILLS BKB_6093_20211108_id6093_maljuv_(4).jpg;30
402;383;6093;MANDRILLS BKB_6093_20211108_id6093_maljuv_(5).jpg;19
349;383;6093;MANDRILLS BKB_6093_20211108_id6093_maljuv_(6).jpg;34
395;383;6093;MANDRILLS BKB_6093_20211108_id6093_maljuv_(7).jpg;12
379;383;6093;MANDRILLS BKB_6093_20211108_id6093_maljuv_(8).jpg;4
477;394;6093;MANDRILLS BKB_6093_20211119_id6093_maljuv.jpg;83
480;422;6093;MANDRILLS BKB_6093_20211217_id6093_maljuv_(1).jpg;58
501;422;6093;MANDRILLS BKB_6093_20211217_id6093_maljuv_(2).jpg;79
442;483;6093;MANDRILLS BKB_6093_20220216_id6093_maljuv (1).jpg;41
477;483;6093;MANDRILLS BKB_6093_20220216_id6093_maljuv (2).jpg;6
450;483;6093;MANDRILLS BKB_6093_20220216_id6093_maljuv (3).jpg;33
463;493;6093;MANDRILLS BKB_6093_20220226_id6093_maljuv (1).jpg;30
459;493;6093;MANDRILLS BKB_6093_20220226_id6093_maljuv (2).jpg;34
442;493;6093;MANDRILLS BKB_6093_20220226_id6093_maljuv (3).jpg;51
404;493;6093;MANDRILLS BKB_6093_20220226_id6093_maljuv (5).jpg;89
530;508;6093;MANDRILLS BKB_6093_20220313_id6093.jpg;22
582;552;6093;MANDRILLS BKB_6093_20220426_id6093_maljuv (1).jpg;30
694;552;6093;MANDRILLS BKB_6093_20220426_id6093_maljuv (2).jpg;142
529;552;6093;MANDRILLS BKB_6093_20220426_id6093_maljuv (3).jpg;23
608;552;6093;MANDRILLS BKB_6093_20220426_id6093_maljuv (4).jpg;56
577;552;6093;MANDRILLS BKB_6093_20220426_id6093_maljuv (5).jpg;25
519;552;6093;MANDRILLS BKB_6093_20220426_id6093_maljuv (6).jpg;33
558;552;6093;MANDRILLS BKB_6093_20220426_id6093_maljuv.jpg;6
602;572;6093;MANDRILLS BKB_6093_20220516_id6093_maljuv (1).jpg;30
589;572;6093;MANDRILLS BKB_6093_20220516_id6093_maljuv (2).jpg;17
659;572;6093;MANDRILLS BKB_6093_20220516_id6093_maljuv (3).jpg;87
581;572;6093;MANDRILLS BKB_6093_20220516_id6093_maljuv (4).jpg;9
524;580;6093;MANDRILLS BKB_6093_20220524_id6093_maljuv (1).jpg;56
598;580;6093;MANDRILLS BKB_6093_20220524_id6093_maljuv (2).jpg;18
497;580;6093;MANDRILLS BKB_6093_20220524_id6093_maljuv (3).jpg;83
531;580;6093;MANDRILLS BKB_6093_20220524_id6093_maljuv (4).jpg;49
458;580;6093;MANDRILLS BKB_6093_20220524_id6093_maljuv (5).jpg;122
632;590;6093;MANDRILLS BKB_6093_20220603_id6093_maljuv (2).jpg;42
558;590;6093;MANDRILLS BKB_6093_20220603_id6093_maljuv (3).jpg;32
529;611;6093;MANDRILLS BKB_6093_20220624_id6093_maljuv (1).jpg;82
742;611;6093;MANDRILLS BKB_6093_20220624_id6093_maljuv (2).jpg;131
725;611;6093;MANDRILLS BKB_6093_20220624_id6093_maljuv (3).jpg;114
622;611;6093;MANDRILLS BKB_6093_20220624_id6093_maljuv (4).jpg;11
640;631;6093;MANDRILLS BKB_6093_20220714_id6093_maljuv (1).jpg;9
580;636;6093;MANDRILLS BKB_6093_20220719_id6093 (1).jpg;56
550;636;6093;MANDRILLS BKB_6093_20220719_id6093 (2).jpg;86
587;636;6093;MANDRILLS BKB_6093_20220719_id6093 (3).jpg;49
630;646;6093;MANDRILLS BKB_6093_20220729_id6093.jpg;16
687;650;6093;MANDRILLS BKB_6093_20220802_id6093 (1).jpg;37
699;650;6093;MANDRILLS BKB_6093_20220802_id6093 (2).jpg;49
676;650;6093;MANDRILLS BKB_6093_20220802_id6093 (3).jpg;26
678;650;6093;MANDRILLS BKB_6093_20220802_id6093 (4).jpg;28
798;674;6093;MANDRILLS BKB_6093_20220826_id6093 (1).jpg;124
777;674;6093;MANDRILLS BKB_6093_20220826_id6093 (2).jpg;103
767;683;6093;MANDRILLS BKB_6093_20220904_id6093.jpg;84
698;684;6093;MANDRILLS BKB_6093_20220905_id6093.jpg;14
782;690;6093;MANDRILLS BKB_6093_20220911_id6093.jpg;92
731;697;6093;MANDRILLS BKB_6093_20220918_id6093.jpg;34
742;719;6093;MANDRILLS BKB_6093_20221010_id6093.jpg;23
803;736;6093;MANDRILLS BKB_6093_20221027_id6093.jpg;67
756;738;6093;MANDRILLS BKB_6093_20221029_id6093.jpg;18
882;770;6093;MANDRILLS BKB_6093_20221130_id6093 (1).jpg;112
786;770;6093;MANDRILLS BKB_6093_20221130_id6093 (2).jpg;16
989;770;6093;MANDRILLS BKB_6093_20221130_id6093 (4).jpg;219
816;770;6093;MANDRILLS BKB_6093_20221130_id6093.jpg;46
63;0;6102;MANDRILLS BKB_6102_20210113_id6102_feminf_(1).jpg;63
-8;0;6102;MANDRILLS BKB_6102_20210113_id6102_feminf_(10).jpg;8
-20;0;6102;MANDRILLS BKB_6102_20210113_id6102_feminf_(11).jpg;20
-13;0;6102;MANDRILLS BKB_6102_20210113_id6102_feminf_(12).jpg;13
-13;0;6102;MANDRILLS BKB_6102_20210113_id6102_feminf_(13).jpg;13
-6;0;6102;MANDRILLS BKB_6102_20210113_id6102_feminf_(14).jpg;6
-4;0;6102;MANDRILLS BKB_6102_20210113_id6102_feminf_(15).jpg;4
-27;0;6102;MANDRILLS BKB_6102_20210113_id6102_feminf_(16).jpg;27
-2;0;6102;MANDRILLS BKB_6102_20210113_id6102_feminf_(17).jpg;2
-3;0;6102;MANDRILLS BKB_6102_20210113_id6102_feminf_(2).jpg;3
-18;0;6102;MANDRILLS BKB_6102_20210113_id6102_feminf_(3).jpg;18
0;0;6102;MANDRILLS BKB_6102_20210113_id6102_feminf_(4).jpg;0
-33;0;6102;MANDRILLS BKB_6102_20210113_id6102_feminf_(5).jpg;33
12;0;6102;MANDRILLS BKB_6102_20210113_id6102_feminf_(6).jpg;12
-4;0;6102;MANDRILLS BKB_6102_20210113_id6102_feminf_(7).jpg;4
-15;0;6102;MANDRILLS BKB_6102_20210113_id6102_feminf_(8).jpg;15
-12;0;6102;MANDRILLS BKB_6102_20210113_id6102_feminf_(9).jpg;12
2;15;6102;MANDRILLS BKB_6102_20210128_id6102_feminf.jpg;13
5;23;6102;MANDRILLS BKB_6102_20210205_id6102_feminf.jpg;18
8;24;6102;MANDRILLS BKB_6102_20210206_id6102_feminf_(1).jpg;16
4;24;6102;MANDRILLS BKB_6102_20210206_id6102_feminf_(2).jpg;20
4;24;6102;MANDRILLS BKB_6102_20210206_id6102_feminf_(3).jpg;20
6;24;6102;MANDRILLS BKB_6102_20210206_id6102_feminf_(4).jpg;18
5;24;6102;MANDRILLS BKB_6102_20210206_id6102_feminf_(5).jpg;19
35;24;6102;MANDRILLS BKB_6102_20210206_id6102_feminf_(6).jpg;11
20;24;6102;MANDRILLS BKB_6102_20210206_id6102_feminf_(7).jpg;4
4;30;6102;MANDRILLS BKB_6102_20210212_id6102_feminf_(2).jpg;26
20;36;6102;MANDRILLS BKB_6102_20210218_id6102_feminf_(1).jpg;16
39;36;6102;MANDRILLS BKB_6102_20210218_id6102_feminf_(2).jpg;3
85;78;6102;MANDRILLS BKB_6102_20210401_id6102_feminf.jpg;7
80;79;6102;MANDRILLS BKB_6102_20210402_id6102_feminf_(1).jpg;1
75;79;6102;MANDRILLS BKB_6102_20210402_id6102_feminf_(2).jpg;4
94;82;6102;MANDRILLS BKB_6102_20210405_id6102_feminf.jpg;12
94;87;6102;MANDRILLS BKB_6102_20210410_id6102_feminf_(1).jpg;7
76;87;6102;MANDRILLS BKB_6102_20210410_id6102_feminf_(2).jpg;11
78;87;6102;MANDRILLS BKB_6102_20210410_id6102_feminf_(3).jpg;9
76;87;6102;MANDRILLS BKB_6102_20210410_id6102_feminf_(4).jpg;11
85;87;6102;MANDRILLS BKB_6102_20210410_id6102_feminf_(5).jpg;2
97;87;6102;MANDRILLS BKB_6102_20210410_id6102_feminf_(6).jpg;10
102;87;6102;MANDRILLS BKB_6102_20210410_id6102_feminf_(7).jpg;15
108;87;6102;MANDRILLS BKB_6102_20210410_id6102_feminf_(8).jpg;21
86;96;6102;MANDRILLS BKB_6102_20210419_id6102_feminf.jpg;10
393;268;6102;MANDRILLS BKB_6102_20211008_id6102_feminf_(1).jpg;125
247;268;6102;MANDRILLS BKB_6102_20211008_id6102_feminf_(2).jpg;21
384;268;6102;MANDRILLS BKB_6102_20211008_id6102_feminf_(3).jpg;116
281;276;6102;MANDRILLS BKB_6102_20211016_id6102_feminf.jpg;5
298;282;6102;MANDRILLS BKB_6102_20211022_id6102_feminf_(1).jpg;16
256;282;6102;MANDRILLS BKB_6102_20211022_id6102_feminf_(2).jpg;26
385;338;6102;MANDRILLS BKB_6102_20211217_id6102_feminf_(1).jpg;47
357;338;6102;MANDRILLS BKB_6102_20211217_id6102_feminf_(2).jpg;19
366;338;6102;MANDRILLS BKB_6102_20211217_id6102_feminf_(3).jpg;28
307;338;6102;MANDRILLS BKB_6102_20211217_id6102_feminf_(4).jpg;31
284;338;6102;MANDRILLS BKB_6102_20211217_id6102_feminf_(5).jpg;54
379;338;6102;MANDRILLS BKB_6102_20211217_id6102_feminf_(7).jpg;41
388;338;6102;MANDRILLS BKB_6102_20211217_id6102_feminf_(8).jpg;50
333;372;6102;MANDRILLS BKB_6102_20220120_id6102 (1).jpg;39
419;372;6102;MANDRILLS BKB_6102_20220120_id6102 (2).jpg;47
404;375;6102;MANDRILLS BKB_6102_20220123_id6102 (1).jpg;29
378;375;6102;MANDRILLS BKB_6102_20220123_id6102 (2).jpg;3
462;409;6102;MANDRILLS BKB_6102_20220226_id6102_femjuv (1).jpg;53
453;409;6102;MANDRILLS BKB_6102_20220226_id6102_femjuv (2).jpg;44
437;425;6102;MANDRILLS BKB_6102_20220314_id6102_femjuv (1).jpg;12
377;425;6102;MANDRILLS BKB_6102_20220314_id6102_femjuv (2).jpg;48
504;425;6102;MANDRILLS BKB_6102_20220314_id6102_femjuv (3).jpg;79
480;431;6102;MANDRILLS BKB_6102_20220320_id6102_femjuv.jpg;49
469;432;6102;MANDRILLS BKB_6102_20220321_id6102_femjuv.jpg;37
458;446;6102;MANDRILLS BKB_6102_20220404_id6102_femjuv (1).jpg;12
529;446;6102;MANDRILLS BKB_6102_20220404_id6102_femjuv (2).jpg;83
550;460;6102;MANDRILLS BKB_6102_20220418_id6102_femjuv.jpg;90
467;488;6102;MANDRILLS BKB_6102_20220516_id6102_femjuv (2).jpg;21
506;488;6102;MANDRILLS BKB_6102_20220516_id6102_femjuv.jpg;18
583;498;6102;MANDRILLS BKB_6102_20220526_id6102_femjuv (5).jpg;85
554;498;6102;MANDRILLS BKB_6102_20220526_id6102_femjuv (6).jpg;56
584;498;6102;MANDRILLS BKB_6102_20220526_id6102_femjuv (7).jpg;86
540;498;6102;MANDRILLS BKB_6102_20220526_id6102_femjuv (8).jpg;42
573;498;6102;MANDRILLS BKB_6102_20220526_id6102_femjuv (9).jpg;75
570;499;6102;MANDRILLS BKB_6102_20220527_id6102_femjuv (1).jpg;71
545;499;6102;MANDRILLS BKB_6102_20220527_id6102_femjuv (2).jpg;46
462;499;6102;MANDRILLS BKB_6102_20220527_id6102_femjuv (3).jpg;37
425;499;6102;MANDRILLS BKB_6102_20220527_id6102_femjuv (4).jpg;74
420;499;6102;MANDRILLS BKB_6102_20220527_id6102_femjuv (6).jpg;79
549;506;6102;MANDRILLS BKB_6102_20220603_id6102_femjuv (4).jpg;43
524;506;6102;MANDRILLS BKB_6102_20220603_id6102_femjuv (5).jpg;18
500;506;6102;MANDRILLS BKB_6102_20220603_id6102_femjuv (6).jpg;6
544;506;6102;MANDRILLS BKB_6102_20220603_id6102_femjuv (7).jpg;38
490;510;6102;MANDRILLS BKB_6102_20220607_id6102_femjuv (1).jpg;20
534;510;6102;MANDRILLS BKB_6102_20220607_id6102_femjuv (2).jpg;24
621;522;6102;MANDRILLS BKB_6102_20220619_id6102_femjuv (1).jpg;99
956;522;6102;MANDRILLS BKB_6102_20220619_id6102_femjuv (2).jpg;434
573;522;6102;MANDRILLS BKB_6102_20220619_id6102_femjuv (3).jpg;51
533;527;6102;MANDRILLS BKB_6102_20220624_id6102_femjuv (1).jpg;6
493;527;6102;MANDRILLS BKB_6102_20220624_id6102_femjuv (2).jpg;34
567;527;6102;MANDRILLS BKB_6102_20220624_id6102_femjuv (3).jpg;40
538;527;6102;MANDRILLS BKB_6102_20220624_id6102_femjuv (4).jpg;11
684;532;6102;MANDRILLS BKB_6102_20220629_id6102 (1).jpg;152
600;532;6102;MANDRILLS BKB_6102_20220629_id6102 (2).jpg;68
518;532;6102;MANDRILLS BKB_6102_20220629_id6102 (3).jpg;14
535;542;6102;MANDRILLS BKB_6102_20220709_id6102_.jpg;7
655;547;6102;MANDRILLS BKB_6102_20220714_id6102_femjuv.jpg;108
555;549;6102;MANDRILLS BKB_6102_20220716_id6102_femjuv (1).jpg;6
532;549;6102;MANDRILLS BKB_6102_20220716_id6102_femjuv (4).jpg;17
647;565;6102;MANDRILLS BKB_6102_20220801_id6102 (1).jpg;82
526;565;6102;MANDRILLS BKB_6102_20220801_id6102 (2).jpg;39
582;565;6102;MANDRILLS BKB_6102_20220801_id6102 (3).jpg;17
684;573;6102;MANDRILLS BKB_6102_20220809_id6102.jpg;111
591;590;6102;MANDRILLS BKB_6102_20220826_id6102 (1).jpg;1
632;590;6102;MANDRILLS BKB_6102_20220826_id6102 (2).jpg;42
607;590;6102;MANDRILLS BKB_6102_20220826_id6102 (3).jpg;17
592;590;6102;MANDRILLS BKB_6102_20220826_id6102 (4).jpg;2
712;606;6102;MANDRILLS BKB_6102_20220911_id6102.jpg;106
624;607;6102;MANDRILLS BKB_6102_20220912_id6102 (1).jpg;17
544;607;6102;MANDRILLS BKB_6102_20220912_id6102 (2).jpg;63
755;610;6102;MANDRILLS BKB_6102_20220915_id6102.jpg;145
666;652;6102;MANDRILLS BKB_6102_20221027_id6102 (1).jpg;14
785;652;6102;MANDRILLS BKB_6102_20221027_id6102 (2).jpg;133
649;652;6102;MANDRILLS BKB_6102_20221027_id6102 (3).jpg;3
614;652;6102;MANDRILLS BKB_6102_20221027_id6102 (4).jpg;38
698;652;6102;MANDRILLS BKB_6102_20221027_id6102 (5).jpg;46
675;686;6102;MANDRILLS BKB_6102_20221130_id6102 (1).jpg;11
773;686;6102;MANDRILLS BKB_6102_20221130_id6102 (2).jpg;87
710;686;6102;MANDRILLS BKB_6102_20221130_id6102 (3).jpg;24
713;686;6102;MANDRILLS BKB_6102_20221130_id6102 (4).jpg;27
807;686;6102;MANDRILLS BKB_6102_20221130_id6102.jpg;121
792;696;6102;MANDRILLS BKB_6102_20221210_id6102.jpg;96
723;700;6102;MANDRILLS BKB_6102_20221214_id6102.jpg;23
15;3;6124;MANDRILLS BKB_6124_20201228_id6124_malinf_(1).jpg;12
4;3;6124;MANDRILLS BKB_6124_20201228_id6124_malinf_(2).jpg;1
4;12;6124;MANDRILLS BKB_6124_20210106_id6124_malinf_(1).jpg;8
19;12;6124;MANDRILLS BKB_6124_20210106_id6124_malinf_(2).jpg;7
9;12;6124;MANDRILLS BKB_6124_20210106_id6124_malinf_(3).jpg;3
6;12;6124;MANDRILLS BKB_6124_20210106_id6124_malinf_(4).jpg;6
16;12;6124;MANDRILLS BKB_6124_20210106_id6124_malinf_(5).jpg;4
32;12;6124;MANDRILLS BKB_6124_20210106_id6124_malinf_(6).jpg;20
24;19;6124;MANDRILLS BKB_6124_20210113_id6124_malinf_(1).jpg;5
17;19;6124;MANDRILLS BKB_6124_20210113_id6124_malinf_(2).jpg;2
-2;19;6124;MANDRILLS BKB_6124_20210113_id6124_malinf_(3).jpg;21
18;19;6124;MANDRILLS BKB_6124_20210113_id6124_malinf_(4).jpg;1
38;19;6124;MANDRILLS BKB_6124_20210113_id6124_malinf_(5).jpg;19
14;23;6124;MANDRILLS BKB_6124_20210117_id6124_malinf.jpg;9
29;32;6124;MANDRILLS BKB_6124_20210126_id6124_malinf_(1).jpg;3
39;32;6124;MANDRILLS BKB_6124_20210126_id6124_malinf_(2).jpg;7
56;32;6124;MANDRILLS BKB_6124_20210126_id6124_malinf_(3).jpg;24
36;34;6124;MANDRILLS BKB_6124_20210128_id6124_malinf_(1).jpg;2
38;34;6124;MANDRILLS BKB_6124_20210128_id6124_malinf_(2).jpg;4
49;35;6124;MANDRILLS BKB_6124_20210129_id6124_malinf.jpg;14
66;47;6124;MANDRILLS BKB_6124_20210210_id6124_malinf_(1).jpg;19
60;47;6124;MANDRILLS BKB_6124_20210210_id6124_malinf_(10).jpg;13
41;47;6124;MANDRILLS BKB_6124_20210210_id6124_malinf_(11).jpg;6
66;47;6124;MANDRILLS BKB_6124_20210210_id6124_malinf_(12).jpg;19
69;47;6124;MANDRILLS BKB_6124_20210210_id6124_malinf_(13).jpg;22
72;47;6124;MANDRILLS BKB_6124_20210210_id6124_malinf_(14).jpg;25
76;47;6124;MANDRILLS BKB_6124_20210210_id6124_malinf_(2).jpg;29
79;47;6124;MANDRILLS BKB_6124_20210210_id6124_malinf_(3).jpg;32
58;47;6124;MANDRILLS BKB_6124_20210210_id6124_malinf_(4).jpg;11
88;47;6124;MANDRILLS BKB_6124_20210210_id6124_malinf_(5).jpg;41
67;47;6124;MANDRILLS BKB_6124_20210210_id6124_malinf_(6).jpg;20
75;47;6124;MANDRILLS BKB_6124_20210210_id6124_malinf_(7).jpg;28
68;47;6124;MANDRILLS BKB_6124_20210210_id6124_malinf_(8).jpg;21
81;47;6124;MANDRILLS BKB_6124_20210210_id6124_malinf_(9).jpg;34
113;98;6124;MANDRILLS BKB_6124_20210402_id6124_malinf_(1).jpg;15
119;98;6124;MANDRILLS BKB_6124_20210402_id6124_malinf_(2).jpg;21
132;98;6124;MANDRILLS BKB_6124_20210402_id6124_malinf_(3).jpg;34
171;132;6124;MANDRILLS BKB_6124_20210506_id6124_malinf.jpg;39
198;153;6124;MANDRILLS BKB_6124_20210527_id6124_malinf.jpg;45
145;153;6124;MANDRILLS BKB_6124_20210527_id6124_malinf_(1).jpg;8
156;153;6124;MANDRILLS BKB_6124_20210527_id6124_malinf_(2).jpg;3
177;153;6124;MANDRILLS BKB_6124_20210527_id6124_malinf_(3).jpg;24
167;153;6124;MANDRILLS BKB_6124_20210527_id6124_malinf_(4).jpg;14
253;198;6124;MANDRILLS BKB_6124_20210711_id6124_malinf_(2).jpg;55
268;210;6124;MANDRILLS BKB_6124_20210723_id6124_malinf_(1).jpg;58
195;210;6124;MANDRILLS BKB_6124_20210723_id6124_malinf_(2).jpg;15
261;210;6124;MANDRILLS BKB_6124_20210723_id6124_malinf_(4).jpg;51
231;213;6124;MANDRILLS BKB_6124_20210726_id6124_malinf.jpg;18
395;298;6124;MANDRILLS BKB_6124_20211019_id6124_malinf.jpg;97
376;301;6124;MANDRILLS BKB_6124_20211022_id6124_malinf.jpg;75
300;303;6124;MANDRILLS BKB_6124_20211024_id6124_malinf_(1).jpg;3
392;353;6124;MANDRILLS BKB_6124_20211213_id6124_malinf.jpg;39
610;357;6124;MANDRILLS BKB_6124_20211217_id6124_malinf_(1).jpg;253
377;357;6124;MANDRILLS BKB_6124_20211217_id6124_malinf_(3).jpg;20
410;357;6124;MANDRILLS BKB_6124_20211217_id6124_malinf_(4).jpg;53
590;418;6124;MANDRILLS BKB_6124_20220216_id6124_maljuv (1).jpg;172
405;418;6124;MANDRILLS BKB_6124_20220216_id6124_maljuv (2).jpg;13
398;441;6124;MANDRILLS BKB_6124_20220311_id6124_maljuv.jpg;43
426;500;6124;MANDRILLS BKB_6124_20220509_id6124_maljuv.jpg;74
417;507;6124;MANDRILLS BKB_6124_20220516_id6124_femjuv (1).jpg;90
472;507;6124;MANDRILLS BKB_6124_20220516_id6124_femjuv (2).jpg;35
401;507;6124;MANDRILLS BKB_6124_20220516_id6124_femjuv (3).jpg;106
406;507;6124;MANDRILLS BKB_6124_20220516_id6124_femjuv (4).jpg;101
614;541;6124;MANDRILLS BKB_6124_20220619_id6124_maljuv.jpg;73
510;546;6124;MANDRILLS BKB_6124_20220624_id6124_maljuv (1).jpg;36
632;546;6124;MANDRILLS BKB_6124_20220624_id6124_maljuv (2).jpg;86
398;546;6124;MANDRILLS BKB_6124_20220624_id6124_maljuv.jpg;148
512;551;6124;MANDRILLS BKB_6124_20220629_id6124 (1).jpg;39
568;551;6124;MANDRILLS BKB_6124_20220629_id6124 (2).jpg;17
601;555;6124;MANDRILLS BKB_6124_20220703_id6124 (1).jpg;46
600;555;6124;MANDRILLS BKB_6124_20220703_id6124 (2).jpg;45
644;555;6124;MANDRILLS BKB_6124_20220703_id6124.jpg;89
564;566;6124;MANDRILLS BKB_6124_20220714_id6124_maljuv (2).jpg;2
699;568;6124;MANDRILLS BKB_6124_20220716_id6124 (2).jpg;131
607;568;6124;MANDRILLS BKB_6124_20220716_id6124_maljuv (1).jpg;39
629;568;6124;MANDRILLS BKB_6124_20220716_id6124_maljuv (2).jpg;61
580;568;6124;MANDRILLS BKB_6124_20220716_id6124_maljuv (3).jpg;12
667;595;6124;MANDRILLS BKB_6124_20220812_id6124 (1).jpg;72
593;595;6124;MANDRILLS BKB_6124_20220812_id6124 (2).jpg;2
507;609;6124;MANDRILLS BKB_6124_20220826_id6124 (1).jpg;102
541;609;6124;MANDRILLS BKB_6124_20220826_id6124 (2).jpg;68
564;609;6124;MANDRILLS BKB_6124_20220826_id6124 (3).jpg;45
531;609;6124;MANDRILLS BKB_6124_20220826_id6124 (4).jpg;78
500;609;6124;MANDRILLS BKB_6124_20220826_id6124 (5).jpg;109
613;609;6124;MANDRILLS BKB_6124_20220826_id6124 (6).jpg;4
550;609;6124;MANDRILLS BKB_6124_20220826_id6124 (7).jpg;59
641;618;6124;MANDRILLS BKB_6124_20220904_id6124 (1).jpg;23
568;619;6124;MANDRILLS BKB_6124_20220905_id6124.jpg;51
606;622;6124;MANDRILLS BKB_6124_20220908_id6124 (1).jpg;16
622;622;6124;MANDRILLS BKB_6124_20220908_id6124 (2).jpg;0
489;632;6124;MANDRILLS BKB_6124_20220918_id6124.jpg;143
736;698;6124;MANDRILLS BKB_6124_20221123_id6124 (2).jpg;38
659;698;6124;MANDRILLS BKB_6124_20221123_id6124 (3).jpg;39
701;700;6124;MANDRILLS BKB_6124_20221125_id6124.jpg;1
737;705;6124;MANDRILLS BKB_6124_20221130_id6124.jpg;32
829;717;6124;MANDRILLS BKB_6124_20221212_id6124 (1).jpg;112
694;717;6124;MANDRILLS BKB_6124_20221212_id6124 (2).jpg;23
761;717;6124;MANDRILLS BKB_6124_20221212_id6124 (3).jpg;44
785;719;6124;MANDRILLS BKB_6124_20221214_id6124.jpg;66
35;13;6145;MANDRILLS BKB_6145_20201121_id6145_malinf.jpg;22
23;13;6145;MANDRILLS BKB_6145_20201121_id6145_malinf_(1).jpg;10
32;13;6145;MANDRILLS BKB_6145_20201121_id6145_malinf_(10).jpg;19
22;13;6145;MANDRILLS BKB_6145_20201121_id6145_malinf_(2).jpg;9
19;13;6145;MANDRILLS BKB_6145_20201121_id6145_malinf_(3).jpg;6
25;13;6145;MANDRILLS BKB_6145_20201121_id6145_malinf_(4).jpg;12
21;13;6145;MANDRILLS BKB_6145_20201121_id6145_malinf_(5).jpg;8
32;13;6145;MANDRILLS BKB_6145_20201121_id6145_malinf_(6).jpg;19
27;13;6145;MANDRILLS BKB_6145_20201121_id6145_malinf_(7).jpg;14
43;13;6145;MANDRILLS BKB_6145_20201121_id6145_malinf_(8).jpg;30
21;13;6145;MANDRILLS BKB_6145_20201121_id6145_malinf_(9).jpg;8
17;15;6145;MANDRILLS BKB_6145_20201123_id6145_malinf_(1).jpg;2
18;15;6145;MANDRILLS BKB_6145_20201123_id6145_malinf_(10).jpg;3
12;15;6145;MANDRILLS BKB_6145_20201123_id6145_malinf_(2).jpg;3
29;15;6145;MANDRILLS BKB_6145_20201123_id6145_malinf_(3).jpg;14
28;15;6145;MANDRILLS BKB_6145_20201123_id6145_malinf_(4).jpg;13
24;15;6145;MANDRILLS BKB_6145_20201123_id6145_malinf_(5).jpg;9
35;15;6145;MANDRILLS BKB_6145_20201123_id6145_malinf_(6).jpg;20
19;15;6145;MANDRILLS BKB_6145_20201123_id6145_malinf_(7).jpg;4
23;15;6145;MANDRILLS BKB_6145_20201123_id6145_malinf_(8).jpg;8
14;15;6145;MANDRILLS BKB_6145_20201123_id6145_malinf_(9).jpg;1
23;16;6145;MANDRILLS BKB_6145_20201124_id6145_malinf_(1).jpg;7
20;16;6145;MANDRILLS BKB_6145_20201124_id6145_malinf_(2).jpg;4
26;16;6145;MANDRILLS BKB_6145_20201124_id6145_malinf_(3).jpg;10
32;17;6145;MANDRILLS BKB_6145_20201125_id6145_malinf_(1).jpg;15
22;17;6145;MANDRILLS BKB_6145_20201125_id6145_malinf_(2).jpg;5
27;17;6145;MANDRILLS BKB_6145_20201125_id6145_malinf_(3).jpg;10
31;35;6145;MANDRILLS BKB_6145_20201213_id6145_malinf_(1).jpg;4
25;35;6145;MANDRILLS BKB_6145_20201213_id6145_malinf_(2).jpg;10
38;35;6145;MANDRILLS BKB_6145_20201213_id6145_malinf_(3).jpg;3
35;35;6145;MANDRILLS BKB_6145_20201213_id6145_malinf_(4).jpg;0
49;35;6145;MANDRILLS BKB_6145_20201213_id6145_malinf_(5).jpg;14
31;35;6145;MANDRILLS BKB_6145_20201213_id6145_malinf_(6).jpg;4
28;35;6145;MANDRILLS BKB_6145_20201213_id6145_malinf_(7).jpg;7
56;39;6145;MANDRILLS BKB_6145_20201217_id6145_malinf.jpg;17
58;39;6145;MANDRILLS BKB_6145_20201217_id6145_malinf_(1).jpg;19
49;39;6145;MANDRILLS BKB_6145_20201217_id6145_malinf_(2).jpg;10
46;43;6145;MANDRILLS BKB_6145_20201221_id6145_malinf.jpg;3
71;44;6145;MANDRILLS BKB_6145_20201222_id6145_malinf_(1).jpg;27
63;44;6145;MANDRILLS BKB_6145_20201222_id6145_malinf_(2).jpg;19
64;53;6145;MANDRILLS BKB_6145_20201231_id6145_malinf_(1).jpg;11
55;59;6145;MANDRILLS BKB_6145_20210106_id6145_malinf.jpg;4
84;66;6145;MANDRILLS BKB_6145_20210113_id6145_malinf.jpg;18
101;81;6145;MANDRILLS BKB_6145_20210128_id6145_malinf.jpg;20
128;96;6145;MANDRILLS BKB_6145_20210212_id6145_malinf_(1).jpg;32
138;96;6145;MANDRILLS BKB_6145_20210212_id6145_malinf_(2).jpg;42
128;96;6145;MANDRILLS BKB_6145_20210212_id6145_malinf_(3).jpg;32
125;101;6145;MANDRILLS BKB_6145_20210217_id6145_malinf_(1).jpg;24
165;101;6145;MANDRILLS BKB_6145_20210217_id6145_malinf_(2).jpg;64
132;101;6145;MANDRILLS BKB_6145_20210217_id6145_malinf_(3).jpg;31
208;148;6145;MANDRILLS BKB_6145_20210405_id6145_malinf.jpg;60
303;184;6145;MANDRILLS BKB_6145_20210511_id6145_malinf_(1).jpg;119
301;184;6145;MANDRILLS BKB_6145_20210511_id6145_malinf_(2).jpg;117
418;186;6145;MANDRILLS BKB_6145_20210513_id6145_malinf_(1).jpg;232
315;186;6145;MANDRILLS BKB_6145_20210513_id6145_malinf_(2).jpg;129
299;211;6145;MANDRILLS BKB_6145_20210607_id6145_malinf_(1).jpg;88
322;211;6145;MANDRILLS BKB_6145_20210607_id6145_malinf_(2).jpg;111
291;211;6145;MANDRILLS BKB_6145_20210607_id6145_malinf_(3).jpg;80
331;211;6145;MANDRILLS BKB_6145_20210607_id6145_malinf_(4).jpg;120
288;213;6145;MANDRILLS BKB_6145_20210609_id6145_malinf_(1).jpg;75
318;213;6145;MANDRILLS BKB_6145_20210609_id6145_malinf_(2).jpg;105
338;255;6145;MANDRILLS BKB_6145_20210721_id6145_malinf_(1).jpg;83
399;255;6145;MANDRILLS BKB_6145_20210721_id6145_malinf_(2).jpg;144
428;255;6145;MANDRILLS BKB_6145_20210721_id6145_malinf_(3).jpg;173
387;255;6145;MANDRILLS BKB_6145_20210721_id6145_malinf_(4).jpg;132
385;262;6145;MANDRILLS BKB_6145_20210728_id6145_malinf_(1).jpg;123
393;262;6145;MANDRILLS BKB_6145_20210728_id6145_malinf_(2).jpg;131
495;262;6145;MANDRILLS BKB_6145_20210728_id6145_malinf_(3).jpg;233
371;262;6145;MANDRILLS BKB_6145_20210728_id6145_malinf_(4).jpg;109
324;262;6145;MANDRILLS BKB_6145_20210728_id6145_malinf_(5).jpg;62
390;262;6145;MANDRILLS BKB_6145_20210728_id6145_malinf_(6).jpg;128
378;262;6145;MANDRILLS BKB_6145_20210728_id6145_malinf_(7).jpg;116
371;262;6145;MANDRILLS BKB_6145_20210728_id6145_malinf_(8).jpg;109
388;262;6145;MANDRILLS BKB_6145_20210728_id6145_malinf_(9).jpg;126
394;342;6145;MANDRILLS BKB_6145_20211016_id6145_malinf_(2).jpg;52
539;363;6145;MANDRILLS BKB_6145_20211106_id6145_malinf.jpg;176
489;368;6145;MANDRILLS BKB_6145_20211111_id6145_maljuv.jpg;121
439;392;6145;MANDRILLS BKB_6145_20211205_id6145_maljuv.jpg;47
579;401;6145;MANDRILLS BKB_6145_20211214_id6145_maljuv.jpg;178
477;455;6145;MANDRILLS BKB_6145_20220206_id6145_maljuv (1).jpg;22
556;455;6145;MANDRILLS BKB_6145_20220206_id6145_maljuv (2).jpg;101
669;457;6145;MANDRILLS BKB_6145_20220208_id6145_maljuv (1).jpg;212
682;457;6145;MANDRILLS BKB_6145_20220208_id6145_maljuv (2).jpg;225
576;457;6145;MANDRILLS BKB_6145_20220208_id6145_maljuv (3).jpg;119
685;457;6145;MANDRILLS BKB_6145_20220208_id6145_maljuv (4).jpg;228
579;465;6145;MANDRILLS BKB_6145_20220216_id6145_maljuv (1).jpg;114
593;465;6145;MANDRILLS BKB_6145_20220216_id6145_maljuv (2).jpg;128
646;472;6145;MANDRILLS BKB_6145_20220223_id6145_maljuv.jpg;174
600;506;6145;MANDRILLS BKB_6145_20220329_id6145.jpg;94
649;509;6145;MANDRILLS BKB_6145_20220401_id6145_maljuv (2).jpg;140
661;512;6145;MANDRILLS BKB_6145_20220404_id6145_maljuv (1).jpg;149
609;512;6145;MANDRILLS BKB_6145_20220404_id6145_maljuv (2).jpg;97
713;512;6145;MANDRILLS BKB_6145_20220404_id6145_maljuv (3).jpg;201
695;554;6145;MANDRILLS BKB_6145_20220516_id6145_maljuv (1).jpg;141
594;554;6145;MANDRILLS BKB_6145_20220516_id6145_maljuv (2).jpg;40
594;554;6145;MANDRILLS BKB_6145_20220516_id6145_maljuv (3).jpg;40
720;564;6145;MANDRILLS BKB_6145_20220526_id6145_maljuv (2).jpg;156
630;564;6145;MANDRILLS BKB_6145_20220526_id6145_maljuv (3).jpg;66
730;572;6145;MANDRILLS BKB_6145_20220603_id6145_maljuv.jpg;158
936;575;6145;MANDRILLS BKB_6145_20220606_id6145_maljuv (2).jpg;361
729;588;6145;MANDRILLS BKB_6145_20220619_id6145_maljuv.jpg;141
727;590;6145;MANDRILLS BKB_6145_20220621_id6145 (1).jpg;137
585;590;6145;MANDRILLS BKB_6145_20220621_id6145 (3).jpg;5
580;590;6145;MANDRILLS BKB_6145_20220621_id6145 (4).jpg;10
803;590;6145;MANDRILLS BKB_6145_20220621_id6145 (5).jpg;213
868;590;6145;MANDRILLS BKB_6145_20220621_id6145 (6).jpg;278
708;600;6145;MANDRILLS BKB_6145_20220701_id6145 (1).jpg;108
736;600;6145;MANDRILLS BKB_6145_20220701_id6145 (2).jpg;136
621;602;6145;MANDRILLS BKB_6145_20220703_id6145 (1).jpg;19
782;605;6145;MANDRILLS BKB_6145_20220706_id6145 (2).jpg;177
620;613;6145;MANDRILLS BKB_6145_20220714_id6145_maljuv (1).jpg;7
812;613;6145;MANDRILLS BKB_6145_20220714_id6145_maljuv (2).jpg;199
761;620;6145;MANDRILLS BKB_6145_20220721_id6145.jpg;141
814;666;6145;MANDRILLS BKB_6145_20220905_id6145.jpg;148
672;670;6145;MANDRILLS BKB_6145_20220909_id6145.jpg;2
760;676;6145;MANDRILLS BKB_6145_20220915_id6145.jpg;84
787;743;6145;MANDRILLS BKB_6145_20221121_id6145.jpg;44
878;752;6145;MANDRILLS BKB_6145_20221130_id6145 (1).jpg;126
736;752;6145;MANDRILLS BKB_6145_20221130_id6145 (2).jpg;16
972;752;6145;MANDRILLS BKB_6145_20221130_id6145 (3).jpg;220
787;752;6145;MANDRILLS BKB_6145_20221130_id6145 (4).jpg;35
955;752;6145;MANDRILLS BKB_6145_20221130_id6145 (5).jpg;203
851;752;6145;MANDRILLS BKB_6145_20221130_id6145 (7).jpg;99
939;762;6145;MANDRILLS BKB_6145_20221210_id6145 (2).jpg;177
885;762;6145;MANDRILLS BKB_6145_20221210_id6145.jpg;123
248;265;6149;MANDRILLS BKB_6149_20211217_id6149_malinf.jpg;17
415;305;6149;MANDRILLS BKB_6149_20220126_id6149.jpg;110
345;308;6149;MANDRILLS BKB_6149_20220129_id6149_1.jpg;37
293;308;6149;MANDRILLS BKB_6149_20220129_id6149_2.jpg;15
287;308;6149;MANDRILLS BKB_6149_20220129_id6149_3.jpg;21
299;310;6149;MANDRILLS BKB_6149_20220131_id6149.jpg;11
392;333;6149;MANDRILLS BKB_6149_20220223_id6149_malinf.jpg;59
396;345;6149;MANDRILLS BKB_6149_20220307_id6149_malinf.jpg;51
361;349;6149;MANDRILLS BKB_6149_20220311_id6149_malinf.jpg;12
468;396;6149;MANDRILLS BKB_6149_20220427_id6149_maljuv.jpg;72
441;415;6149;MANDRILLS BKB_6149_20220516_id6149_maljuv (1).jpg;26
545;415;6149;MANDRILLS BKB_6149_20220516_id6149_maljuv (3).jpg;130
395;417;6149;MANDRILLS BKB_6149_20220518_id6149_maljuv.jpg;22
406;423;6149;MANDRILLS BKB_6149_20220524_id6149_maljuv (1).jpg;17
483;423;6149;MANDRILLS BKB_6149_20220524_id6149_maljuv (2).jpg;60
443;423;6149;MANDRILLS BKB_6149_20220524_id6149_maljuv (3).jpg;20
551;423;6149;MANDRILLS BKB_6149_20220524_id6149_maljuv (4).jpg;128
506;423;6149;MANDRILLS BKB_6149_20220524_id6149_maljuv (5).jpg;83
396;423;6149;MANDRILLS BKB_6149_20220524_id6149_maljuv (6).jpg;27
369;423;6149;MANDRILLS BKB_6149_20220524_id6149_maljuv (7).jpg;54
387;459;6149;MANDRILLS BKB_6149_20220629_id6149.jpg;72
480;473;6149;MANDRILLS BKB_6149_20220713_id6149.jpg;7
542;474;6149;MANDRILLS BKB_6149_20220714_id6149_maljuv (3).jpg;68
592;474;6149;MANDRILLS BKB_6149_20220714_id6149_maljuv (4).jpg;118
588;474;6149;MANDRILLS BKB_6149_20220714_id6149_maljuv (5).jpg;114
735;474;6149;MANDRILLS BKB_6149_20220714_id6149_maljuv (8).jpg;261
589;474;6149;MANDRILLS BKB_6149_20220714_id6149_maljuv (9).jpg;115
530;476;6149;MANDRILLS BKB_6149_20220716_id6149 (1).jpg;54
504;476;6149;MANDRILLS BKB_6149_20220716_id6149 (2).jpg;28
577;476;6149;MANDRILLS BKB_6149_20220716_id6149 (3).jpg;101
568;484;6149;MANDRILLS BKB_6149_20220724_id6149 (1).jpg;84
574;484;6149;MANDRILLS BKB_6149_20220724_id6149 (2).jpg;90
701;484;6149;MANDRILLS BKB_6149_20220724_id6149.jpg;217
488;485;6149;MANDRILLS BKB_6149_20220725_id6149.jpg;3
619;503;6149;MANDRILLS BKB_6149_20220812_id6149 (1).jpg;116
539;503;6149;MANDRILLS BKB_6149_20220812_id6149 (2).jpg;36
605;503;6149;MANDRILLS BKB_6149_20220812_id6149 (3).jpg;102
620;503;6149;MANDRILLS BKB_6149_20220812_id6149 (5).jpg;117
664;517;6149;MANDRILLS BKB_6149_20220826_id6149.jpg;147
628;526;6149;MANDRILLS BKB_6149_20220904_id6149 (1).jpg;102
648;526;6149;MANDRILLS BKB_6149_20220904_id6149 (2).jpg;122
549;526;6149;MANDRILLS BKB_6149_20220904_id6149.jpg;23
554;527;6149;MANDRILLS BKB_6149_20220905_id6149.jpg;27
602;557;6149;MANDRILLS BKB_6149_20221005_id6149 (1).jpg;45
729;573;6149;MANDRILLS BKB_6149_20221021_id6149 (1).jpg;156
693;573;6149;MANDRILLS BKB_6149_20221021_id6149 (2).jpg;120
709;637;6149;MANDRILLS BKB_6149_20221224_id6149.jpg;72
-7;0;6208;MANDRILLS BKB_6208_20201216_id6208_feminf_(1).jpg;7
-10;0;6208;MANDRILLS BKB_6208_20201216_id6208_feminf_(2).jpg;10
10;0;6208;MANDRILLS BKB_6208_20201216_id6208_feminf_(3).jpg;10
-2;0;6208;MANDRILLS BKB_6208_20201216_id6208_feminf_(4).jpg;2
7;0;6208;MANDRILLS BKB_6208_20201216_id6208_feminf_(5).jpg;7
14;17;6208;MANDRILLS BKB_6208_20210102_id6208_feminf_(1).jpg;3
11;17;6208;MANDRILLS BKB_6208_20210102_id6208_feminf_(2).jpg;6
-1;17;6208;MANDRILLS BKB_6208_20210102_id6208_feminf_(3).jpg;18
-8;17;6208;MANDRILLS BKB_6208_20210102_id6208_feminf_(4).jpg;25
17;21;6208;MANDRILLS BKB_6208_20210106_id6208_feminf_(1).jpg;4
6;21;6208;MANDRILLS BKB_6208_20210106_id6208_feminf_(2).jpg;15
21;21;6208;MANDRILLS BKB_6208_20210106_id6208_feminf_(3).jpg;0
11;21;6208;MANDRILLS BKB_6208_20210106_id6208_feminf_(4).jpg;10
7;21;6208;MANDRILLS BKB_6208_20210106_id6208_feminf_(5).jpg;14
9;21;6208;MANDRILLS BKB_6208_20210106_id6208_feminf_(6).jpg;12
8;21;6208;MANDRILLS BKB_6208_20210106_id6208_feminf_(7).jpg;13
20;26;6208;MANDRILLS BKB_6208_20210111_id6208_feminf.jpg;6
28;27;6208;MANDRILLS BKB_6208_20210112_id6208_feminf_(1).jpg;1
29;27;6208;MANDRILLS BKB_6208_20210112_id6208_feminf_(2).jpg;2
21;27;6208;MANDRILLS BKB_6208_20210112_id6208_feminf_(3).jpg;6
29;27;6208;MANDRILLS BKB_6208_20210112_id6208_feminf_(4).jpg;2
42;31;6208;MANDRILLS BKB_6208_20210116_id6208_feminf_(1).jpg;11
45;31;6208;MANDRILLS BKB_6208_20210116_id6208_feminf_(2).jpg;14
44;31;6208;MANDRILLS BKB_6208_20210116_id6208_feminf_(3).jpg;13
38;31;6208;MANDRILLS BKB_6208_20210116_id6208_feminf_(4).jpg;7
45;31;6208;MANDRILLS BKB_6208_20210116_id6208_feminf_(5).jpg;14
41;31;6208;MANDRILLS BKB_6208_20210116_id6208_feminf_(6).jpg;10
43;31;6208;MANDRILLS BKB_6208_20210116_id6208_feminf_(7).jpg;12
35;43;6208;MANDRILLS BKB_6208_20210128_id6208_feminf_(1).jpg;8
34;43;6208;MANDRILLS BKB_6208_20210128_id6208_feminf_(2).jpg;9
48;43;6208;MANDRILLS BKB_6208_20210128_id6208_feminf_(3).jpg;5
40;43;6208;MANDRILLS BKB_6208_20210128_id6208_feminf_(4).jpg;3
37;43;6208;MANDRILLS BKB_6208_20210128_id6208_feminf_(5).jpg;6
35;43;6208;MANDRILLS BKB_6208_20210128_id6208_feminf_(6).jpg;8
45;49;6208;MANDRILLS BKB_6208_20210203_id6208_feminf_(1).jpg;4
52;49;6208;MANDRILLS BKB_6208_20210203_id6208_feminf_(2).jpg;3
33;49;6208;MANDRILLS BKB_6208_20210203_id6208_feminf_(3).jpg;16
37;49;6208;MANDRILLS BKB_6208_20210203_id6208_feminf_(4).jpg;12
68;60;6208;MANDRILLS BKB_6208_20210214_id6208_feminf_(1).jpg;8
56;60;6208;MANDRILLS BKB_6208_20210214_id6208_feminf_(2).jpg;4
79;60;6208;MANDRILLS BKB_6208_20210214_id6208_feminf_(3).jpg;19
74;60;6208;MANDRILLS BKB_6208_20210214_id6208_feminf_(4).jpg;14
64;60;6208;MANDRILLS BKB_6208_20210214_id6208_feminf_(5).jpg;4
66;60;6208;MANDRILLS BKB_6208_20210214_id6208_feminf_(6).jpg;6
67;99;6208;MANDRILLS BKB_6208_20210325_id6208_feminf_(1).jpg;32
94;99;6208;MANDRILLS BKB_6208_20210325_id6208_feminf_(2).jpg;5
87;99;6208;MANDRILLS BKB_6208_20210325_id6208_feminf_(3).jpg;12
96;99;6208;MANDRILLS BKB_6208_20210325_id6208_feminf_(4).jpg;3
89;107;6208;MANDRILLS BKB_6208_20210402_id6208_feminf.jpg;18
94;107;6208;MANDRILLS BKB_6208_20210402_id6208_feminf_(1).jpg;13
91;107;6208;MANDRILLS BKB_6208_20210402_id6208_feminf_(2).jpg;16
110;125;6208;MANDRILLS BKB_6208_20210420_id6208_feminf_(1).jpg;15
106;125;6208;MANDRILLS BKB_6208_20210420_id6208_feminf_(2).jpg;19
108;125;6208;MANDRILLS BKB_6208_20210420_id6208_feminf_(3).jpg;17
103;125;6208;MANDRILLS BKB_6208_20210420_id6208_feminf_(4).jpg;22
17;18;6212;MANDRILLS BKB_6212_20201213_id6212_malinf_(1).jpg;1
41;18;6212;MANDRILLS BKB_6212_20201213_id6212_malinf_(2).jpg;23
13;18;6212;MANDRILLS BKB_6212_20201213_id6212_malinf_(3).jpg;5
28;18;6212;MANDRILLS BKB_6212_20201213_id6212_malinf_(4).jpg;10
25;18;6212;MANDRILLS BKB_6212_20201213_id6212_malinf_(5).jpg;7
13;18;6212;MANDRILLS BKB_6212_20201213_id6212_malinf_(6).jpg;5
30;18;6212;MANDRILLS BKB_6212_20201213_id6212_malinf_(7).jpg;12
22;18;6212;MANDRILLS BKB_6212_20201213_id6212_malinf_(8).jpg;4
-7;20;6212;MANDRILLS BKB_6212_20201215_id6212_malinf_(1).jpg;27
32;20;6212;MANDRILLS BKB_6212_20201215_id6212_malinf_(10).jpg;12
22;20;6212;MANDRILLS BKB_6212_20201215_id6212_malinf_(11).jpg;2
12;20;6212;MANDRILLS BKB_6212_20201215_id6212_malinf_(2).jpg;8
17;20;6212;MANDRILLS BKB_6212_20201215_id6212_malinf_(3).jpg;3
13;20;6212;MANDRILLS BKB_6212_20201215_id6212_malinf_(4).jpg;7
36;20;6212;MANDRILLS BKB_6212_20201215_id6212_malinf_(5).jpg;16
25;20;6212;MANDRILLS BKB_6212_20201215_id6212_malinf_(6).jpg;5
24;20;6212;MANDRILLS BKB_6212_20201215_id6212_malinf_(7).jpg;4
33;20;6212;MANDRILLS BKB_6212_20201215_id6212_malinf_(8).jpg;13
24;20;6212;MANDRILLS BKB_6212_20201215_id6212_malinf_(9).jpg;4
30;22;6212;MANDRILLS BKB_6212_20201217_id6212_malinf_(1).jpg;8
23;22;6212;MANDRILLS BKB_6212_20201217_id6212_malinf_(2).jpg;1
30;22;6212;MANDRILLS BKB_6212_20201217_id6212_malinf_(3).jpg;8
41;35;6212;MANDRILLS BKB_6212_20201230_id6212_malinf_(1).jpg;6
31;35;6212;MANDRILLS BKB_6212_20201230_id6212_malinf_(2).jpg;4
39;35;6212;MANDRILLS BKB_6212_20201230_id6212_malinf_(3).jpg;4
29;35;6212;MANDRILLS BKB_6212_20201230_id6212_malinf_(4).jpg;6
22;40;6212;MANDRILLS BKB_6212_20210104_id6212_malinf_(1).jpg;18
31;40;6212;MANDRILLS BKB_6212_20210104_id6212_malinf_(2).jpg;9
28;40;6212;MANDRILLS BKB_6212_20210104_id6212_malinf_(3).jpg;12
43;40;6212;MANDRILLS BKB_6212_20210104_id6212_malinf_(4).jpg;3
28;45;6212;MANDRILLS BKB_6212_20210109_id6212_malinf_(1).jpg;17
32;45;6212;MANDRILLS BKB_6212_20210109_id6212_malinf_(2).jpg;13
21;45;6212;MANDRILLS BKB_6212_20210109_id6212_malinf_(3).jpg;24
35;47;6212;MANDRILLS BKB_6212_20210111_id6212_malinf_(1).jpg;12
54;47;6212;MANDRILLS BKB_6212_20210111_id6212_malinf_(2).jpg;7
42;47;6212;MANDRILLS BKB_6212_20210111_id6212_malinf_(3).jpg;5
58;64;6212;MANDRILLS BKB_6212_20210128_id6212_malinf_(1).jpg;6
63;64;6212;MANDRILLS BKB_6212_20210128_id6212_malinf_(2).jpg;1
74;65;6212;MANDRILLS BKB_6212_20210129_id6212_malinf_(1).jpg;9
68;65;6212;MANDRILLS BKB_6212_20210129_id6212_malinf_(2).jpg;3
67;65;6212;MANDRILLS BKB_6212_20210129_id6212_malinf_(3).jpg;2
62;65;6212;MANDRILLS BKB_6212_20210129_id6212_malinf_(4).jpg;3
97;77;6212;MANDRILLS BKB_6212_20210210_id6212_malinf_(1).jpg;20
85;77;6212;MANDRILLS BKB_6212_20210210_id6212_malinf_(2).jpg;8
153;77;6212;MANDRILLS BKB_6212_20210210_id6212_malinf_(3).jpg;76
89;77;6212;MANDRILLS BKB_6212_20210210_id6212_malinf_(4).jpg;12
72;77;6212;MANDRILLS BKB_6212_20210210_id6212_malinf_(5).jpg;5
96;77;6212;MANDRILLS BKB_6212_20210210_id6212_malinf_(6).jpg;19
101;77;6212;MANDRILLS BKB_6212_20210210_id6212_malinf_(7).jpg;24
81;77;6212;MANDRILLS BKB_6212_20210210_id6212_malinf_(8).jpg;4
88;79;6212;MANDRILLS BKB_6212_20210212_id6212_malinf_(1).jpg;9
81;79;6212;MANDRILLS BKB_6212_20210212_id6212_malinf_(2).jpg;2
85;79;6212;MANDRILLS BKB_6212_20210212_id6212_malinf_(3).jpg;6
83;85;6212;MANDRILLS BKB_6212_20210218_id6212_malinf_(1).jpg;2
80;85;6212;MANDRILLS BKB_6212_20210218_id6212_malinf_(2).jpg;5
101;100;6212;MANDRILLS BKB_6212_20210305_id6212_malinf.jpg;1
117;120;6212;MANDRILLS BKB_6212_20210325_id6212_malinf_(1).jpg;3
127;120;6212;MANDRILLS BKB_6212_20210325_id6212_malinf_(2).jpg;7
113;120;6212;MANDRILLS BKB_6212_20210325_id6212_malinf_(3).jpg;7
135;128;6212;MANDRILLS BKB_6212_20210402_id6212_malinf.jpg;7
126;128;6212;MANDRILLS BKB_6212_20210402_id6212_malinf_(1).jpg;2
149;128;6212;MANDRILLS BKB_6212_20210402_id6212_malinf_(2).jpg;21
130;128;6212;MANDRILLS BKB_6212_20210402_id6212_malinf_(3).jpg;2
114;128;6212;MANDRILLS BKB_6212_20210402_id6212_malinf_(4).jpg;14
116;128;6212;MANDRILLS BKB_6212_20210402_id6212_malinf_(5).jpg;12
123;128;6212;MANDRILLS BKB_6212_20210402_id6212_malinf_(6).jpg;5
164;128;6212;MANDRILLS BKB_6212_20210402_id6212_malinf_(7).jpg;36
157;128;6212;MANDRILLS BKB_6212_20210402_id6212_malinf_(8).jpg;29
151;136;6212;MANDRILLS BKB_6212_20210410_id6212_malinf_(1).jpg;15
154;136;6212;MANDRILLS BKB_6212_20210410_id6212_malinf_(2).jpg;18
112;136;6212;MANDRILLS BKB_6212_20210410_id6212_malinf_(3).jpg;24
252;243;6212;MANDRILLS BKB_6212_20210726_id6212_malinf_(1).jpg;9
344;314;6212;MANDRILLS BKB_6212_20211005_id6212_malinf_(1).jpg;30
355;314;6212;MANDRILLS BKB_6212_20211005_id6212_malinf_(2).jpg;41
357;314;6212;MANDRILLS BKB_6212_20211005_id6212_malinf_(3).jpg;43
456;314;6212;MANDRILLS BKB_6212_20211005_id6212_malinf_(4).jpg;142
324;314;6212;MANDRILLS BKB_6212_20211005_id6212_malinf_(5).jpg;10
367;314;6212;MANDRILLS BKB_6212_20211005_id6212_malinf_(7).jpg;53
374;325;6212;MANDRILLS BKB_6212_20211016_id6212_malinf.jpg;49
494;380;6212;MANDRILLS BKB_6212_20211210_id6212_maljuv.jpg;114
434;383;6212;MANDRILLS BKB_6212_20211213_id6212_maljuv.jpg;51
588;474;6212;MANDRILLS BKB_6212_20220314_id6212_maljuv (1).jpg;114
600;474;6212;MANDRILLS BKB_6212_20220314_id6212_maljuv (2).jpg;126
532;484;6212;MANDRILLS BKB_6212_20220324_id6212_maljuv (1).jpg;48
545;484;6212;MANDRILLS BKB_6212_20220324_id6212_maljuv (2).jpg;61
497;484;6212;MANDRILLS BKB_6212_20220324_id6212_maljuv (3).jpg;13
550;484;6212;MANDRILLS BKB_6212_20220324_id6212_maljuv (4).jpg;66
548;484;6212;MANDRILLS BKB_6212_20220324_id6212_maljuv.jpg;64
546;487;6212;MANDRILLS BKB_6212_20220327_id6212_maljuv (1).jpg;59
527;487;6212;MANDRILLS BKB_6212_20220327_id6212_maljuv (2).jpg;40
545;537;6212;MANDRILLS BKB_6212_20220516_id6212_maljuv (1).jpg;8
504;537;6212;MANDRILLS BKB_6212_20220516_id6212_maljuv (2).jpg;33
551;545;6212;MANDRILLS BKB_6212_20220524_id6212_maluv.jpg;6
584;553;6212;MANDRILLS BKB_6212_20220601_id6212_maljuv.jpg;31
592;559;6212;MANDRILLS BKB_6212_20220607_id6212_maljuv.jpg;33
585;576;6212;MANDRILLS BKB_6212_20220624_id6212_maljuv (1).jpg;9
566;576;6212;MANDRILLS BKB_6212_20220624_id6212_maljuv (2).jpg;10
568;576;6212;MANDRILLS BKB_6212_20220624_id6212_maljuv.jpg;8
599;583;6212;MANDRILLS BKB_6212_20220701_id6212.jpg;16
605;599;6212;MANDRILLS BKB_6212_20220717_id6212.jpg;6
511;616;6212;MANDRILLS BKB_6212_20220803_id6212 (1).jpg;105
607;616;6212;MANDRILLS BKB_6212_20220803_id6212 (2).jpg;9
614;622;6212;MANDRILLS BKB_6212_20220809_id6212 (1).jpg;8
638;622;6212;MANDRILLS BKB_6212_20220809_id6212 (2).jpg;16
559;622;6212;MANDRILLS BKB_6212_20220809_id6212 (3).jpg;63
642;622;6212;MANDRILLS BKB_6212_20220809_id6212 (4).jpg;20
615;622;6212;MANDRILLS BKB_6212_20220809_id6212 (5).jpg;7
818;622;6212;MANDRILLS BKB_6212_20220809_id6212 (6).jpg;196
609;625;6212;MANDRILLS BKB_6212_20220812_id6212 (2).jpg;16
612;639;6212;MANDRILLS BKB_6212_20220826_id6212 (1).jpg;27
706;639;6212;MANDRILLS BKB_6212_20220826_id6212 (2).jpg;67
635;639;6212;MANDRILLS BKB_6212_20220826_id6212 (3).jpg;4
698;639;6212;MANDRILLS BKB_6212_20220826_id6212 (4).jpg;59
665;640;6212;MANDRILLS BKB_6212_20220827_id6212 (2).jpg;25
561;653;6212;MANDRILLS BKB_6212_20220909_id6212.jpg;92
743;656;6212;MANDRILLS BKB_6212_20220912_id6212.jpg;87
709;670;6212;MANDRILLS BKB_6212_20220926_id6212.jpg;39
675;701;6212;MANDRILLS BKB_6212_20221027_id6212 (2).jpg;26
774;701;6212;MANDRILLS BKB_6212_20221027_id6212.jpg;73
23;2;7168;MANDRILLS BKB_7168_20211029_id7168_malinf_(3).jpg;21
8;2;7168;MANDRILLS BKB_7168_20211029_id7168_malinf_(4).jpg;6
3;12;7168;MANDRILLS BKB_7168_20211108_id7168_malinf.jpg;9
47;53;7168;MANDRILLS BKB_7168_20211219_id7168_malinf.jpg;6
38;56;7168;MANDRILLS BKB_7168_20211222_id7168_malinf_(2).jpg;18
42;56;7168;MANDRILLS BKB_7168_20211222_id7168_malinf_(3).jpg;14
27;56;7168;MANDRILLS BKB_7168_20211222_id7168_malinf_(4).jpg;29
30;56;7168;MANDRILLS BKB_7168_20211222_id7168_malinf_(5).jpg;26
29;56;7168;MANDRILLS BKB_7168_20211222_id7168_malinf_(6).jpg;27
77;87;7168;MANDRILLS BKB_7168_20220122_id7168 (1).jpg;10
60;87;7168;MANDRILLS BKB_7168_20220122_id7168 (2).jpg;27
42;104;7168;MANDRILLS BKB_7168_20220208_id7168_malinf (1).jpg;62
78;104;7168;MANDRILLS BKB_7168_20220208_id7168_malinf (2).jpg;26
81;104;7168;MANDRILLS BKB_7168_20220208_id7168_malinf (3).jpg;23
80;107;7168;MANDRILLS BKB_7168_20220211_id7168_malinf (1).jpg;27
81;107;7168;MANDRILLS BKB_7168_20220211_id7168_malinf (2).jpg;26
98;112;7168;MANDRILLS BKB_7168_20220216_id7168_malinf (1).jpg;14
94;112;7168;MANDRILLS BKB_7168_20220216_id7168_malinf (2).jpg;18
99;112;7168;MANDRILLS BKB_7168_20220216_id7168_malinf (3).jpg;13
129;135;7168;MANDRILLS BKB_7168_20220311_id7168_malinf (1).jpg;6
143;135;7168;MANDRILLS BKB_7168_20220311_id7168_malinf (2).jpg;8
138;135;7168;MANDRILLS BKB_7168_20220311_id7168_malinf (3).jpg;3
132;138;7168;MANDRILLS BKB_7168_20220314_id7168_malinf (1).jpg;6
116;138;7168;MANDRILLS BKB_7168_20220314_id7168_malinf (2).jpg;22
140;138;7168;MANDRILLS BKB_7168_20220314_id7168_malinf (3).jpg;2
178;195;7168;MANDRILLS BKB_7168_20220510_id7168_malinf.jpg;17
200;201;7168;MANDRILLS BKB_7168_20220516_id7168 _malinf (1).jpg;1
186;201;7168;MANDRILLS BKB_7168_20220516_id7168 _malinf (2).jpg;15
333;201;7168;MANDRILLS BKB_7168_20220516_id7168 _malinf (3).jpg;132
210;201;7168;MANDRILLS BKB_7168_20220516_id7168 _malinf (4).jpg;9
205;201;7168;MANDRILLS BKB_7168_20220516_id7168 _malinf (5).jpg;4
186;201;7168;MANDRILLS BKB_7168_20220516_id7168 _malinf (6).jpg;15
201;201;7168;MANDRILLS BKB_7168_20220516_id7168_malinf (1).jpg;0
210;201;7168;MANDRILLS BKB_7168_20220516_id7168_malinf (2).jpg;9
254;222;7168;MANDRILLS BKB_7168_20220606_id7168_malinf (1).jpg;32
223;222;7168;MANDRILLS BKB_7168_20220606_id7168_malinf (2).jpg;1
225;222;7168;MANDRILLS BKB_7168_20220606_id7168_malinf (4).jpg;3
289;222;7168;MANDRILLS BKB_7168_20220606_id7168_malinf (5).jpg;67
307;222;7168;MANDRILLS BKB_7168_20220606_id7168_malinf (6).jpg;85
232;222;7168;MANDRILLS BKB_7168_20220606_id7168_malinf (7).jpg;10
264;222;7168;MANDRILLS BKB_7168_20220606_id7168_malinf.jpg;42
269;239;7168;MANDRILLS BKB_7168_20220623_id7168_malinf (1).jpg;30
253;239;7168;MANDRILLS BKB_7168_20220623_id7168_malinf (2).jpg;14
271;240;7168;MANDRILLS BKB_7168_20220624_id7168_malinf (1).jpg;31
302;240;7168;MANDRILLS BKB_7168_20220624_id7168_malinf (2).jpg;62
281;240;7168;MANDRILLS BKB_7168_20220624_id7168_malinf (3).jpg;41
276;240;7168;MANDRILLS BKB_7168_20220624_id7168_malinf (5).jpg;36
274;240;7168;MANDRILLS BKB_7168_20220624_id7168_malinf.jpg;34
271;245;7168;MANDRILLS BKB_7168_20220629_id7168 (1).jpg;26
228;245;7168;MANDRILLS BKB_7168_20220629_id7168 (2).jpg;17
252;245;7168;MANDRILLS BKB_7168_20220629_id7168 (3).jpg;7
277;245;7168;MANDRILLS BKB_7168_20220629_id7168 (4).jpg;32
237;245;7168;MANDRILLS BKB_7168_20220629_id7168 (5).jpg;8
278;245;7168;MANDRILLS BKB_7168_20220629_id7168 (6).jpg;33
287;245;7168;MANDRILLS BKB_7168_20220629_id7168.jpg;42
326;247;7168;MANDRILLS BKB_7168_20220701_id7168 (1).jpg;79
281;247;7168;MANDRILLS BKB_7168_20220701_id7168 (3).jpg;34
307;252;7168;MANDRILLS BKB_7168_20220706_id7168 (2).jpg;55
305;252;7168;MANDRILLS BKB_7168_20220706_id7168.jpg;53
342;254;7168;MANDRILLS BKB_7168_20220708_id7168 (2).jpg;88
271;254;7168;MANDRILLS BKB_7168_20220708_id7168(1).jpg;17
316;257;7168;MANDRILLS BKB_7168_20220711_id7168 (2).jpg;59
352;257;7168;MANDRILLS BKB_7168_20220711_id7168 (3).jpg;95
323;257;7168;MANDRILLS BKB_7168_20220711_id7168 (4).jpg;66
302;257;7168;MANDRILLS BKB_7168_20220711_id7168.jpg;45
310;260;7168;MANDRILLS BKB_7168_20220714_id7168.jpg;50
298;260;7168;MANDRILLS BKB_7168_20220714_id7168_malinf (2).jpg;38
279;260;7168;MANDRILLS BKB_7168_20220714_id7168_malinf (3).jpg;19
267;260;7168;MANDRILLS BKB_7168_20220714_id7168_malinf (4).jpg;7
332;262;7168;MANDRILLS BKB_7168_20220716_id7168_malinf (1).jpg;70
253;262;7168;MANDRILLS BKB_7168_20220716_id7168_malinf (2).jpg;9
388;265;7168;MANDRILLS BKB_7168_20220719_id7168 (3).jpg;123
284;267;7168;MANDRILLS BKB_7168_20220721_id7168 (1).jpg;17
291;267;7168;MANDRILLS BKB_7168_20220721_id7168 (2).jpg;24
234;267;7168;MANDRILLS BKB_7168_20220721_id7168.jpg;33
304;271;7168;MANDRILLS BKB_7168_20220725_id7168 (2).jpg;33
324;271;7168;MANDRILLS BKB_7168_20220725_id7168.jpg;53
311;286;7168;MANDRILLS BKB_7168_20220809_id7168 (1).jpg;25
381;286;7168;MANDRILLS BKB_7168_20220809_id7168 (2).jpg;95
301;286;7168;MANDRILLS BKB_7168_20220809_id7168 (3).jpg;15
311;286;7168;MANDRILLS BKB_7168_20220809_id7168 (4).jpg;25
447;286;7168;MANDRILLS BKB_7168_20220809_id7168 (5).jpg;161
365;289;7168;MANDRILLS BKB_7168_20220812_id7168 (1).jpg;76
274;289;7168;MANDRILLS BKB_7168_20220812_id7168 (2).jpg;15
356;307;7168;MANDRILLS BKB_7168_20220830_id7168 (1).jpg;49
362;307;7168;MANDRILLS BKB_7168_20220830_id7168 (2).jpg;55
411;307;7168;MANDRILLS BKB_7168_20220830_id7168 (3).jpg;104
324;307;7168;MANDRILLS BKB_7168_20220830_id7168 (4).jpg;17
296;312;7168;MANDRILLS BKB_7168_20220904_id7168.jpg;16
304;317;7168;MANDRILLS BKB_7168_20220909_id7168.jpg;13
323;332;7168;MANDRILLS BKB_7168_20220924_id7168 (1).jpg;9
346;332;7168;MANDRILLS BKB_7168_20220924_id7168 (2).jpg;14
344;343;7168;MANDRILLS BKB_7168_20221005_id7168.jpg;1
299;357;7168;MANDRILLS BKB_7168_20221019_id7168.jpg;58
324;360;7168;MANDRILLS BKB_7168_20221022_id7168 (1).jpg;36
309;360;7168;MANDRILLS BKB_7168_20221022_id7168 (2).jpg;51
259;360;7168;MANDRILLS BKB_7168_20221022_id7168 (3).jpg;101
377;360;7168;MANDRILLS BKB_7168_20221022_id7168 (4).jpg;17
312;360;7168;MANDRILLS BKB_7168_20221022_id7168 (5).jpg;48
376;367;7168;MANDRILLS BKB_7168_20221029_id7168 (1).jpg;9
421;367;7168;MANDRILLS BKB_7168_20221029_id7168 (2).jpg;54
378;367;7168;MANDRILLS BKB_7168_20221029_id7168 (3).jpg;11
295;386;7168;MANDRILLS BKB_7168_20221117_id7168 (5).jpg;91
399;399;7168;MANDRILLS BKB_7168_20221130_id7168 (1).jpg;0
411;399;7168;MANDRILLS BKB_7168_20221130_id7168 (2).jpg;12
357;399;7168;MANDRILLS BKB_7168_20221130_id7168 (3).jpg;42
331;399;7168;MANDRILLS BKB_7168_20221130_id7168 (4).jpg;68
401;401;7168;MANDRILLS BKB_7168_20221202_id7168.jpg;0
382;409;7168;MANDRILLS BKB_7168_20221210_id7168.jpg;27
397;414;7168;MANDRILLS BKB_7168_20221215_id7168 (2).jpg;17
355;414;7168;MANDRILLS BKB_7168_20221215_id7168 (3).jpg;59
92;95;7198;MANDRILLS BKB_7198_20211003_id7198_malinf_(2).jpg;3
113;98;7198;MANDRILLS BKB_7198_20211006_id7198_malinf.jpg;15
88;116;7198;MANDRILLS BKB_7198_20211024_id7198_malinf.jpg;28
110;116;7198;MANDRILLS BKB_7198_20211024_id7198_malinf_(1).jpg;6
110;116;7198;MANDRILLS BKB_7198_20211024_id7198_malinf_(2).jpg;6
122;129;7198;MANDRILLS BKB_7198_20211106_id7198_malinf_(1).jpg;7
136;129;7198;MANDRILLS BKB_7198_20211106_id7198_malinf_(11).jpg;7
182;129;7198;MANDRILLS BKB_7198_20211106_id7198_malinf_(3).jpg;53
123;129;7198;MANDRILLS BKB_7198_20211106_id7198_malinf_(4).jpg;6
120;129;7198;MANDRILLS BKB_7198_20211106_id7198_malinf_(5).jpg;9
126;129;7198;MANDRILLS BKB_7198_20211106_id7198_malinf_(6).jpg;3
128;129;7198;MANDRILLS BKB_7198_20211106_id7198_malinf_(7).jpg;1
94;131;7198;MANDRILLS BKB_7198_20211108_id7198_malinf.jpg;37
95;131;7198;MANDRILLS BKB_7198_20211108_id7198_malinf_(1).jpg;36
78;131;7198;MANDRILLS BKB_7198_20211108_id7198_malinf_(2).jpg;53
79;131;7198;MANDRILLS BKB_7198_20211108_id7198_malinf_(3).jpg;52
128;142;7198;MANDRILLS BKB_7198_20211119_id7198_malinf_(1).jpg;14
130;142;7198;MANDRILLS BKB_7198_20211119_id7198_malinf_(2).jpg;12
124;142;7198;MANDRILLS BKB_7198_20211119_id7198_malinf_(3).jpg;18
127;142;7198;MANDRILLS BKB_7198_20211119_id7198_malinf_(4).jpg;15
128;142;7198;MANDRILLS BKB_7198_20211119_id7198_malinf_(5).jpg;14
146;144;7198;MANDRILLS BKB_7198_20211121_id7198_malinf.jpg;2
127;145;7198;MANDRILLS BKB_7198_20211122_id7198_malinf.jpg;18
125;149;7198;MANDRILLS BKB_7198_20211126_id7198_malinf.jpg;24
197;179;7198;MANDRILLS BKB_7198_20211226_id7198_malinf_(1).jpg;18
186;179;7198;MANDRILLS BKB_7198_20211226_id7198_malinf_(2).jpg;7
170;179;7198;MANDRILLS BKB_7198_20211226_id7198_malinf_(3).jpg;9
196;179;7198;MANDRILLS BKB_7198_20211226_id7198_malinf_(4).jpg;17
193;179;7198;MANDRILLS BKB_7198_20211226_id7198_malinf_(6).jpg;14
194;179;7198;MANDRILLS BKB_7198_20211226_id7198_malinf_(7).jpg;15
337;233;7198;MANDRILLS BKB_7198_20220218_id7198_malinf (1).jpg;104
286;233;7198;MANDRILLS BKB_7198_20220218_id7198_malinf (2).jpg;53
250;233;7198;MANDRILLS BKB_7198_20220218_id7198_malinf (3).jpg;17
227;233;7198;MANDRILLS BKB_7198_20220218_id7198_malinf (4).jpg;6
261;233;7198;MANDRILLS BKB_7198_20220218_id7198_malinf (5).jpg;28
197;262;7198;MANDRILLS BKB_7198_20220319_id7198_malinf (1).jpg;65
242;262;7198;MANDRILLS BKB_7198_20220319_id7198_malinf (2).jpg;20
233;270;7198;MANDRILLS BKB_7198_20220327_id7198_malinf (1).jpg;37
289;270;7198;MANDRILLS BKB_7198_20220327_id7198_malinf (3).jpg;19
304;270;7198;MANDRILLS BKB_7198_20220327_id7198_malinf (4).jpg;34
333;313;7198;MANDRILLS BKB_7198_20220509_id7198_malinf (1).jpg;20
289;313;7198;MANDRILLS BKB_7198_20220509_id7198_malinf (2).jpg;24
264;313;7198;MANDRILLS BKB_7198_20220509_id7198_malinf.jpg;49
364;320;7198;MANDRILLS BKB_7198_20220516_id7198_malinf (1).jpg;44
338;320;7198;MANDRILLS BKB_7198_20220516_id7198_malinf (2).jpg;18
310;322;7198;MANDRILLS BKB_7198_20220518_id7198_malinf (1).jpg;12
378;322;7198;MANDRILLS BKB_7198_20220518_id7198_malinf (2).jpg;56
318;322;7198;MANDRILLS BKB_7198_20220518_id7198_malinf (3).jpg;4
331;330;7198;MANDRILLS BKB_7198_20220526_id7198_malinf (1).jpg;1
355;330;7198;MANDRILLS BKB_7198_20220526_id7198_malinf (2).jpg;25
344;330;7198;MANDRILLS BKB_7198_20220526_id7198_malinf (3).jpg;14
496;330;7198;MANDRILLS BKB_7198_20220526_id7198_malinf (4).jpg;166
389;330;7198;MANDRILLS BKB_7198_20220526_id7198_malinf (5).jpg;59
367;330;7198;MANDRILLS BKB_7198_20220526_id7198_malinf (6).jpg;37
431;330;7198;MANDRILLS BKB_7198_20220526_id7198_malinf (7).jpg;101
330;331;7198;MANDRILLS BKB_7198_20220527_id7198_malinf (1).jpg;1
295;331;7198;MANDRILLS BKB_7198_20220527_id7198_malinf (2).jpg;36
389;334;7198;MANDRILLS BKB_7198_20220530_id7198_malinf (1).jpg;55
379;334;7198;MANDRILLS BKB_7198_20220530_id7198_malinf (2).jpg;45
423;334;7198;MANDRILLS BKB_7198_20220530_id7198_malinf (3).jpg;89
297;334;7198;MANDRILLS BKB_7198_20220530_id7198_malinf.jpg;37
289;338;7198;MANDRILLS BKB_7198_20220603_id7198_malinf.jpg;49
304;342;7198;MANDRILLS BKB_7198_20220607_id7198_malinf.jpg;38
348;359;7198;MANDRILLS BKB_7198_20220624_id7198_malinf (1).jpg;11
350;359;7198;MANDRILLS BKB_7198_20220624_id7198_malinf (2).jpg;9
320;359;7198;MANDRILLS BKB_7198_20220624_id7198_malinf (3).jpg;39
430;359;7198;MANDRILLS BKB_7198_20220624_id7198_malinf (4).jpg;71
319;359;7198;MANDRILLS BKB_7198_20220624_id7198_malinf.jpg;40
329;364;7198;MANDRILLS BKB_7198_20220629_id7198 (1).jpg;35
432;364;7198;MANDRILLS BKB_7198_20220629_id7198 (2).jpg;68
405;364;7198;MANDRILLS BKB_7198_20220629_id7198 (3).jpg;41
320;364;7198;MANDRILLS BKB_7198_20220629_id7198 (4).jpg;44
343;364;7198;MANDRILLS BKB_7198_20220629_id7198 (5).jpg;21
380;364;7198;MANDRILLS BKB_7198_20220629_id7198 (6).jpg;16
415;364;7198;MANDRILLS BKB_7198_20220629_id7198.jpg;51
321;376;7198;MANDRILLS BKB_7198_20220711_id7198.jpg;55
358;379;7198;MANDRILLS BKB_7198_20220714_id7198_malinf.jpg;21
408;379;7198;MANDRILLS BKB_7198_20220714_id7198_maljuv (1).jpg;29
420;379;7198;MANDRILLS BKB_7198_20220714_id7198_maljuv (2).jpg;41
403;379;7198;MANDRILLS BKB_7198_20220714_id7198_maljuv (3).jpg;24
409;379;7198;MANDRILLS BKB_7198_20220714_id7198_maljuv (4).jpg;30
400;379;7198;MANDRILLS BKB_7198_20220714_id7198_maljuv (5).jpg;21
336;381;7198;MANDRILLS BKB_7198_20220716_id7198.jpg;45
393;398;7198;MANDRILLS BKB_7198_20220802_id7198 (1).jpg;5
465;398;7198;MANDRILLS BKB_7198_20220802_id7198 (2).jpg;67
451;408;7198;MANDRILLS BKB_7198_20220812_id7198 (1).jpg;43
494;408;7198;MANDRILLS BKB_7198_20220812_id7198 (2).jpg;86
510;419;7198;MANDRILLS BKB_7198_20220823_id7198 (1).jpg;91
526;419;7198;MANDRILLS BKB_7198_20220823_id7198 (2).jpg;107
352;419;7198;MANDRILLS BKB_7198_20220823_id7198 (3).jpg;67
350;431;7198;MANDRILLS BKB_7198_20220904_id7198.jpg;81
434;432;7198;MANDRILLS BKB_7198_20220905_id7198.jpg;2
432;440;7198;MANDRILLS BKB_7198_20220913_id7198.jpg;8
472;453;7198;MANDRILLS BKB_7198_20220926_id7198.jpg;19
347;455;7198;MANDRILLS BKB_7198_20220928_id7198.jpg;108
403;473;7198;MANDRILLS BKB_7198_20221016_id7198.jpg;70
564;511;7198;MANDRILLS BKB_7198_20221123_id7198 (3).jpg;53
537;511;7198;MANDRILLS BKB_7198_20221123_id7198 (4).jpg;26
592;511;7198;MANDRILLS BKB_7198_20221123_id7198 (5).jpg;81
598;529;7198;MANDRILLS BKB_7198_20221211_id7198.jpg;69
667;536;7198;MANDRILLS BKB_7198_20221218_id7198.jpg;131
-1;0;8047;MANDRILLS BKB_8047_20221130_id8047.jpg;1
30;9;8047;MANDRILLS BKB_8047_20221209_id8047 (2).jpg;21
14;9;8047;MANDRILLS BKB_8047_20221209_id8047 (3).jpg;5
39;9;8047;MANDRILLS BKB_8047_20221209_id8047 (4).jpg;30
35;15;8047;MANDRILLS BKB_8047_20221215_id8047 (10).jpg;20
24;15;8047;MANDRILLS BKB_8047_20221215_id8047 (11).jpg;9
41;15;8047;MANDRILLS BKB_8047_20221215_id8047 (6).jpg;26
22;15;8047;MANDRILLS BKB_8047_20221215_id8047 (7).jpg;7
17;7;8073;MANDRILLS BKB_8073_20221210_id8073.jpg;10
29;11;8073;MANDRILLS BKB_8073_20221214_id8073 (2).jpg;18
1;3;8102;MANDRILLS BKB_8102_20221214_id8102 (1).jpg;2
3;3;8102;MANDRILLS BKB_8102_20221214_id8102 (2).jpg;0
-11;3;8102;MANDRILLS BKB_8102_20221214_id8102 (3).jpg;14
6;3;8102;MANDRILLS BKB_8102_20221214_id8102 (4).jpg;3
-17;3;8102;MANDRILLS BKB_8102_20221214_id8102.jpg;20
-18;2;8137;MANDRILLS BKB_8137_20221130_id8137 (3).jpg;20
-2;2;8137;MANDRILLS BKB_8137_20221130_id8137 (5).jpg;4
-13;2;8137;MANDRILLS BKB_8137_20221130_id8137 (7).jpg;15
8;2;8137;MANDRILLS BKB_8137_20221130_id8137 (8).jpg;6
-4;12;8137;MANDRILLS BKB_8137_20221210_id8137.jpg;16
3;20;8137;MANDRILLS BKB_8137_20221218_id8137.jpg;17
-9;8;8143;MANDRILLS BKB_8143_20221130_id8143 (1).jpg;17
0;8;8143;MANDRILLS BKB_8143_20221130_id8143 (3).jpg;8
18;8;8143;MANDRILLS BKB_8143_20221130_id8143 (4).jpg;10
8;8;8143;MANDRILLS BKB_8143_20221130_id8143 (7).jpg;0
18;8;8143;MANDRILLS BKB_8143_20221130_id8143 (8).jpg;10
-3;8;8143;MANDRILLS BKB_8143_20221130_id8143.jpg;11
17;18;8143;MANDRILLS BKB_8143_20221210_id8143 (1).jpg;1
40;22;8143;MANDRILLS BKB_8143_20221214_id8143 (1).jpg;18
22;26;8143;MANDRILLS BKB_8143_20221218_id8143.jpg;4
10;22;8147;MANDRILLS BKB_8147_20221214_id8147 (2).jpg;12
-16;0;8159;MANDRILLS BKB_8159_20221201_id8159 (1).jpg;16
3;0;8159;MANDRILLS BKB_8159_20221201_id8159 (2).jpg;3
15;0;8159;MANDRILLS BKB_8159_20221201_id8159 (3).jpg;15
-14;8;8159;MANDRILLS BKB_8159_20221209_id8159.jpg;22
-2;9;8159;MANDRILLS BKB_8159_20221210_id8159 (3).jpg;11
22;13;8159;MANDRILLS BKB_8159_20221214_id8159 (1).jpg;9
3;13;8159;MANDRILLS BKB_8159_20221214_id8159 (2).jpg;10
-27;2;8163;MANDRILLS BKB_8163_20221210_id8163 (1).jpg;29
0;2;8163;MANDRILLS BKB_8163_20221210_id8163 (2).jpg;2
-17;2;8163;MANDRILLS BKB_8163_20221210_id8163 (3).jpg;19
-3;11;8199;MANDRILLS BKB_8199_20221210_id8199 (1).jpg;14
-13;11;8199;MANDRILLS BKB_8199_20221210_id8199 (2).jpg;24
4;15;8199;MANDRILLS BKB_8199_20221214_id8199 (1).jpg;11
8;15;8199;MANDRILLS BKB_8199_20221214_id8199 (2).jpg;7
29;16;8219;MANDRILLS BKB_8219_20221117_id8219 (1).jpg;13
14;16;8219;MANDRILLS BKB_8219_20221117_id8219 (2).jpg;2
4;16;8219;MANDRILLS BKB_8219_20221117_id8219.jpg;12
-10;20;8219;MANDRILLS BKB_8219_20221121_id8219 (1).jpg;30
15;29;8219;MANDRILLS BKB_8219_20221130_id8219 (2).jpg;14
9;29;8219;MANDRILLS BKB_8219_20221130_id8219.jpg;20
-1;35;8219;MANDRILLS BKB_8219_20221206_id8219 (1).jpg;36
2;35;8219;MANDRILLS BKB_8219_20221206_id8219 (2).jpg;33
2;35;8219;MANDRILLS BKB_8219_20221206_id8219 (3).jpg;33
-18;35;8219;MANDRILLS BKB_8219_20221206_id8219 (5).jpg;53
34;38;8219;MANDRILLS BKB_8219_20221209_id8219.jpg;4
18;43;8219;MANDRILLS BKB_8219_20221214_id8219.jpg;25
2;47;8219;MANDRILLS BKB_8219_20221218_id8219.jpg;45
277;253;89;MANDRILLS BKB_89_20140701_id89_malinf_(1)_ORIGINAL.jpg;24
341;253;89;MANDRILLS BKB_89_20140701_id89_malinf_(2)_ORIGINAL.jpg;88
315;253;89;MANDRILLS BKB_89_20140701_id89_malinf_(3)_ORIGINAL.jpg;62
783;774;89;MANDRILLS BKB_89_20151204_id89_maljuv_(1)_ORIGINAL.jpg;9
780;774;89;MANDRILLS BKB_89_20151204_id89_maljuv_(2)_ORIGINAL.jpg;6
768;774;89;MANDRILLS BKB_89_20151204_id89_maljuv_(3)_ORIGINAL.jpg;6
823;774;89;MANDRILLS BKB_89_20151204_id89_maljuv_(4)_ORIGINAL.jpg;49
786;774;89;MANDRILLS BKB_89_20151204_id89_maljuv_(5)_ORIGINAL.jpg;12
939;1089;89;MANDRILLS BKB_89_20161014_id89_maljuv_(3)_ORIGINAL.jpg;150
1888;1715;89;MANDRILLS BKB_89_20180702_id89_malado_(1)_ORIGINAL.jpg;173
1830;1715;89;MANDRILLS BKB_89_20180702_id89_malado_(2)_ORIGINAL.jpg;115
1910;1715;89;MANDRILLS BKB_89_20180702_id89_malado_(3)_ORIGINAL.jpg;195
1879;1715;89;MANDRILLS BKB_89_20180702_id89_malado_(4)_ORIGINAL.jpg;164
1765;1715;89;MANDRILLS BKB_89_20180702_id89_malado_(5)_ORIGINAL.jpg;50
1761;1718;89;MANDRILLS BKB_89_20180705_id89_malado_(1)_ORIGINAL.jpg;43
1718;1718;89;MANDRILLS BKB_89_20180705_id89_malado_(10)_ORIGINAL.jpg;0
1714;1718;89;MANDRILLS BKB_89_20180705_id89_malado_(2)_ORIGINAL.jpg;4
1703;1718;89;MANDRILLS BKB_89_20180705_id89_malado_(3)_ORIGINAL.jpg;15
1714;1718;89;MANDRILLS BKB_89_20180705_id89_malado_(4)_ORIGINAL.jpg;4
1751;1718;89;MANDRILLS BKB_89_20180705_id89_malado_(5)_ORIGINAL.jpg;33
1693;1718;89;MANDRILLS BKB_89_20180705_id89_malado_(6)_ORIGINAL.jpg;25
1728;1718;89;MANDRILLS BKB_89_20180705_id89_malado_(7)_ORIGINAL.jpg;10
1780;1718;89;MANDRILLS BKB_89_20180705_id89_malado_(8)_ORIGINAL.jpg;62
1719;1718;89;MANDRILLS BKB_89_20180705_id89_malado_(9)_ORIGINAL.jpg;1
1865;1731;89;MANDRILLS BKB_89_20180718_id89_malado_(3)_ORIGINAL.jpg;134
1884;1878;89;MANDRILLS BKB_89_20181212_id89_malado_(14)_ORIGINAL.jpg;6
1911;1878;89;MANDRILLS BKB_89_20181212_id89_malado_(15)_ORIGINAL.jpg;33
2055;1878;89;MANDRILLS BKB_89_20181212_id89_malado_(16)_ORIGINAL.jpg;177
1879;1878;89;MANDRILLS BKB_89_20181212_id89_malado_(17)_ORIGINAL.jpg;1
1939;1878;89;MANDRILLS BKB_89_20181212_id89_malado_(18)_ORIGINAL.jpg;61
1859;1878;89;MANDRILLS BKB_89_20181212_id89_malado_(20)_ORIGINAL.jpg;19
1891;1878;89;MANDRILLS BKB_89_20181212_id89_malado_(21)_ORIGINAL.jpg;13
1924;1878;89;MANDRILLS BKB_89_20181212_id89_malado_(22)_ORIGINAL.jpg;46
1941;1878;89;MANDRILLS BKB_89_20181212_id89_malado_(23)_ORIGINAL.jpg;63
1895;1878;89;MANDRILLS BKB_89_20181212_id89_malado_(24)_ORIGINAL.jpg;17
1907;1878;89;MANDRILLS BKB_89_20181212_id89_malado_(3)_ORIGINAL.jpg;29
1883;1878;89;MANDRILLS BKB_89_20181212_id89_malado_(4)_ORIGINAL.jpg;5
1809;1878;89;MANDRILLS BKB_89_20181212_id89_malado_(5)_ORIGINAL.jpg;69
1927;1878;89;MANDRILLS BKB_89_20181212_id89_malado_(6)_ORIGINAL.jpg;49
1883;1878;89;MANDRILLS BKB_89_20181212_id89_malado_(8)_ORIGINAL.jpg;5
1783;1909;89;MANDRILLS BKB_89_20190112_id89_malado_(1)_ORIGINAL.jpg;126
1924;1909;89;MANDRILLS BKB_89_20190112_id89_malado_(10)_ORIGINAL.jpg;15
1976;1909;89;MANDRILLS BKB_89_20190112_id89_malado_(11)_ORIGINAL.jpg;67
1946;1909;89;MANDRILLS BKB_89_20190112_id89_malado_(12)_ORIGINAL.jpg;37
1923;1909;89;MANDRILLS BKB_89_20190112_id89_malado_(13)_ORIGINAL.jpg;14
1959;1909;89;MANDRILLS BKB_89_20190112_id89_malado_(14)_ORIGINAL.jpg;50
1967;1909;89;MANDRILLS BKB_89_20190112_id89_malado_(15)_ORIGINAL.jpg;58
1951;1909;89;MANDRILLS BKB_89_20190112_id89_malado_(16)_ORIGINAL.jpg;42
1932;1909;89;MANDRILLS BKB_89_20190112_id89_malado_(17)_ORIGINAL.jpg;23
1898;1909;89;MANDRILLS BKB_89_20190112_id89_malado_(18)_ORIGINAL.jpg;11
1983;1909;89;MANDRILLS BKB_89_20190112_id89_malado_(19)_ORIGINAL.jpg;74
1924;1909;89;MANDRILLS BKB_89_20190112_id89_malado_(2)_ORIGINAL.jpg;15
1902;1909;89;MANDRILLS BKB_89_20190112_id89_malado_(20)_ORIGINAL.jpg;7
1829;1909;89;MANDRILLS BKB_89_20190112_id89_malado_(21)_ORIGINAL.jpg;80
1821;1909;89;MANDRILLS BKB_89_20190112_id89_malado_(22)_ORIGINAL.jpg;88
1862;1909;89;MANDRILLS BKB_89_20190112_id89_malado_(23)_ORIGINAL.jpg;47
1786;1909;89;MANDRILLS BKB_89_20190112_id89_malado_(24)_ORIGINAL.jpg;123
1803;1909;89;MANDRILLS BKB_89_20190112_id89_malado_(25)_ORIGINAL.jpg;106
1915;1909;89;MANDRILLS BKB_89_20190112_id89_malado_(3)_ORIGINAL.jpg;6
1905;1909;89;MANDRILLS BKB_89_20190112_id89_malado_(4)_ORIGINAL.jpg;4
1937;1909;89;MANDRILLS BKB_89_20190112_id89_malado_(5)_ORIGINAL.jpg;28
1987;1909;89;MANDRILLS BKB_89_20190112_id89_malado_(6)_ORIGINAL.jpg;78
1987;1909;89;MANDRILLS BKB_89_20190112_id89_malado_(7)_ORIGINAL.jpg;78
1961;1909;89;MANDRILLS BKB_89_20190112_id89_malado_(8)_ORIGINAL.jpg;52
1930;1909;89;MANDRILLS BKB_89_20190112_id89_malado_(9)_ORIGINAL.jpg;21
2005;1935;89;MANDRILLS BKB_89_20190207_id89_malado_(1)_ORIGINAL.jpg;70
2005;1935;89;MANDRILLS BKB_89_20190207_id89_malado_(10)_ORIGINAL.jpg;70
2057;1935;89;MANDRILLS BKB_89_20190207_id89_malado_(11)_ORIGINAL.jpg;122
2029;1935;89;MANDRILLS BKB_89_20190207_id89_malado_(12)_ORIGINAL.jpg;94
2002;1935;89;MANDRILLS BKB_89_20190207_id89_malado_(13)_ORIGINAL.jpg;67
2028;1935;89;MANDRILLS BKB_89_20190207_id89_malado_(14)_ORIGINAL.jpg;93
2067;1935;89;MANDRILLS BKB_89_20190207_id89_malado_(15)_ORIGINAL.jpg;132
2012;1935;89;MANDRILLS BKB_89_20190207_id89_malado_(16)_ORIGINAL.jpg;77
2026;1935;89;MANDRILLS BKB_89_20190207_id89_malado_(17)_ORIGINAL.jpg;91
1980;1935;89;MANDRILLS BKB_89_20190207_id89_malado_(18)_ORIGINAL.jpg;45
2019;1935;89;MANDRILLS BKB_89_20190207_id89_malado_(19)_ORIGINAL.jpg;84
2050;1935;89;MANDRILLS BKB_89_20190207_id89_malado_(2)_ORIGINAL.jpg;115
2050;1935;89;MANDRILLS BKB_89_20190207_id89_malado_(20)_ORIGINAL.jpg;115
2066;1935;89;MANDRILLS BKB_89_20190207_id89_malado_(21)_ORIGINAL.jpg;131
1981;1935;89;MANDRILLS BKB_89_20190207_id89_malado_(3)_ORIGINAL.jpg;46
2036;1935;89;MANDRILLS BKB_89_20190207_id89_malado_(4)_ORIGINAL.jpg;101
1976;1935;89;MANDRILLS BKB_89_20190207_id89_malado_(5)_ORIGINAL.jpg;41
1997;1935;89;MANDRILLS BKB_89_20190207_id89_malado_(6)_ORIGINAL.jpg;62
2001;1935;89;MANDRILLS BKB_89_20190207_id89_malado_(7)_ORIGINAL.jpg;66
2051;1935;89;MANDRILLS BKB_89_20190207_id89_malado_(8)_ORIGINAL.jpg;116
2002;1935;89;MANDRILLS BKB_89_20190207_id89_malado_(9)_ORIGINAL.jpg;67
1979;1961;89;MANDRILLS BKB_89_20190305_id89_malado_(1)_ORIGINAL.jpg;18
1946;1961;89;MANDRILLS BKB_89_20190305_id89_malado_(3)_ORIGINAL.jpg;15
1879;1969;89;MANDRILLS BKB_89_20190313_id89_malado_(1).jpg;90
2103;1969;89;MANDRILLS BKB_89_20190313_id89_malado_(2).jpg;134
1977;1969;89;MANDRILLS BKB_89_20190313_id89_malado_DROITE_(3).jpg;8
2188;1971;89;MANDRILLS BKB_89_20190315_id89_malado_(1).jpg;217
2042;1971;89;MANDRILLS BKB_89_20190315_id89_malado_(10).jpg;71
2111;1971;89;MANDRILLS BKB_89_20190315_id89_malado_(13).jpg;140
2152;1971;89;MANDRILLS BKB_89_20190315_id89_malado_(14).jpg;181
1995;1971;89;MANDRILLS BKB_89_20190315_id89_malado_(15).jpg;24
2023;1971;89;MANDRILLS BKB_89_20190315_id89_malado_(2).jpg;52
2005;1971;89;MANDRILLS BKB_89_20190315_id89_malado_(3).jpg;34
2104;1971;89;MANDRILLS BKB_89_20190315_id89_malado_(4).jpg;133
1998;1971;89;MANDRILLS BKB_89_20190315_id89_malado_(5).jpg;27
2041;1971;89;MANDRILLS BKB_89_20190315_id89_malado_(6).jpg;70
1956;1971;89;MANDRILLS BKB_89_20190315_id89_malado_(7).jpg;15
2120;1971;89;MANDRILLS BKB_89_20190315_id89_malado_(8).jpg;149
2061;1973;89;MANDRILLS BKB_89_20190317_id89_malado_(1).jpg;88
2094;1973;89;MANDRILLS BKB_89_20190317_id89_malado_(3).jpg;121
2186;1973;89;MANDRILLS BKB_89_20190317_id89_malado_(4).jpg;213
2031;1973;89;MANDRILLS BKB_89_20190317_id89_malado_(6).jpg;58
1983;1975;89;MANDRILLS BKB_89_20190319_id89_malado_(1).jpg;8
2110;1975;89;MANDRILLS BKB_89_20190319_id89_malado_(2).jpg;135
1984;1975;89;MANDRILLS BKB_89_20190319_id89_malado_(3).jpg;9
1943;1975;89;MANDRILLS BKB_89_20190319_id89_malado_(4).jpg;32
2313;2193;89;MANDRILLS BKB_89_20191023_id89_malado_(1).jpg;120
2258;2193;89;MANDRILLS BKB_89_20191023_id89_malado_(2).jpg;65
2098;2194;89;MANDRILLS BKB_89_20191024_id89_malado.jpg;96
2329;2214;89;MANDRILLS BKB_89_20191113_id89_malado.jpg;115
2271;2246;89;MANDRILLS BKB_89_20191215_id89_malado.jpg;25
50;72;92;MANDRILLS BKB_92_20120507_id92_malinfDEVANT_ORIGINAL.jpg;22
24;77;92;MANDRILLS BKB_92_20120512_id92_malinfDEVANT_ORIGINAL.jpg;53
59;79;92;MANDRILLS BKB_92_20120514_id92_malinfMILIEU_(1)_ORIGINAL.jpg;20
811;858;92;MANDRILLS BKB_92_20140702_id92_maljuv_(1)_ORIGINAL.jpg;47
880;858;92;MANDRILLS BKB_92_20140702_id92_maljuv_(2)_ORIGINAL.jpg;22
781;858;92;MANDRILLS BKB_92_20140702_id92_maljuv_(3)_ORIGINAL.jpg;77
76;94;1031;MANDRILLS BKB_1031_20160612_id1031_malinf_ORIGINAL.jpg;18
3343;2905;16;MANDRILLS BKB_16_20120301_id16_femaduDROITE_(1)_ORIGINAL.jpg;438
2986;2905;16;MANDRILLS BKB_16_20120301_id16_femaduDROITE_(2)_ORIGINAL.jpg;81
2674;2905;16;MANDRILLS BKB_16_20120301_id16_femaduDROITE_(3)_ORIGINAL.jpg;231
3030;2905;16;MANDRILLS BKB_16_20120301_id16_femaduDROITE_(4)_ORIGINAL.jpg;125
2629;2905;16;MANDRILLS BKB_16_20120301_id16_femaduDROITE_(5)_ORIGINAL.jpg;276
3112;2905;16;MANDRILLS BKB_16_20120301_id16_femaduDROITE_(6)_ORIGINAL.jpg;207
2636;2905;16;MANDRILLS BKB_16_20120301_id16_femaduGAUCHE_(1)_ORIGINAL.jpg;269
3400;2905;16;MANDRILLS BKB_16_20120301_id16_femadu_(10)_ORIGINAL.jpg;495
3277;2905;16;MANDRILLS BKB_16_20120301_id16_femadu_(11)_ORIGINAL.jpg;372
2967;2905;16;MANDRILLS BKB_16_20120301_id16_femadu_(13)_ORIGINAL.jpg;62
3114;2905;16;MANDRILLS BKB_16_20120301_id16_femadu_(8)_ORIGINAL.jpg;209
3419;2905;16;MANDRILLS BKB_16_20120301_id16_femadu_(9)_ORIGINAL.jpg;514
2721;2955;16;MANDRILLS BKB_16_20120420_id16_femadu_(1)_ORIGINAL.jpg;234
2672;2955;16;MANDRILLS BKB_16_20120420_id16_femadu_(10)_ORIGINAL.jpg;283
3395;2955;16;MANDRILLS BKB_16_20120420_id16_femadu_(11)_ORIGINAL.jpg;440
2664;2955;16;MANDRILLS BKB_16_20120420_id16_femadu_(6)_ORIGINAL.jpg;291
3615;2955;16;MANDRILLS BKB_16_20120420_id16_femadu_(7)_ORIGINAL.jpg;660
3606;2955;16;MANDRILLS BKB_16_20120420_id16_femadu_(8)_ORIGINAL.jpg;651
2602;2955;16;MANDRILLS BKB_16_20120420_id16_femadu_(9)_ORIGINAL.jpg;353
2412;2965;16;MANDRILLS BKB_16_20120430_id16_femadu_(1)_ORIGINAL.jpg;553
2646;2965;16;MANDRILLS BKB_16_20120430_id16_femadu_(2)_ORIGINAL.jpg;319
2379;2965;16;MANDRILLS BKB_16_20120430_id16_femadu_(3)_ORIGINAL.jpg;586
2846;2965;16;MANDRILLS BKB_16_20120430_id16_femadu_(4)_ORIGINAL.jpg;119
2466;2965;16;MANDRILLS BKB_16_20120430_id16_femadu_(5)_ORIGINAL.jpg;499
2689;2965;16;MANDRILLS BKB_16_20120430_id16_femadu_(6)_ORIGINAL.jpg;276
2718;2965;16;MANDRILLS BKB_16_20120430_id16_femadu_(7)_ORIGINAL.jpg;247
2565;2965;16;MANDRILLS BKB_16_20120430_id16_femadu_(8)_ORIGINAL.jpg;400
2548;2976;16;MANDRILLS BKB_16_20120511_id16_femaduDROITE_(1)_ORIGINAL.jpg;428
2541;2980;16;MANDRILLS BKB_16_20120515_id16_femadu_(1)_ORIGINAL.jpg;439
2611;2980;16;MANDRILLS BKB_16_20120515_id16_femadu_(2)_ORIGINAL.jpg;369
2416;2987;16;MANDRILLS BKB_16_20120522_id16_femadu_ORIGINAL.jpg;571
2319;2988;16;MANDRILLS BKB_16_20120523_id16_femadu_ORIGINAL.jpg;669
2465;3007;16;MANDRILLS BKB_16_20120611_id16_femadu_(1)_ORIGINAL.jpg;542
2503;3007;16;MANDRILLS BKB_16_20120611_id16_femadu_(2)_ORIGINAL.jpg;504
2507;3007;16;MANDRILLS BKB_16_20120611_id16_femadu_ORIGINAL.jpg;500
3200;3044;16;MANDRILLS BKB_16_20120718_id16_femadu_(1)_ORIGINAL.jpg;156
2499;3044;16;MANDRILLS BKB_16_20120718_id16_femadu_(11)_ORIGINAL.jpg;545
2913;3044;16;MANDRILLS BKB_16_20120718_id16_femadu_(12)_ORIGINAL.jpg;131
3212;3044;16;MANDRILLS BKB_16_20120718_id16_femadu_(13)_ORIGINAL.jpg;168
3109;3044;16;MANDRILLS BKB_16_20120718_id16_femadu_(14)_ORIGINAL.jpg;65
3107;3044;16;MANDRILLS BKB_16_20120718_id16_femadu_(15)_ORIGINAL.jpg;63
3116;3044;16;MANDRILLS BKB_16_20120718_id16_femadu_(16)_ORIGINAL.jpg;72
3231;3044;16;MANDRILLS BKB_16_20120718_id16_femadu_(17)_ORIGINAL.jpg;187
2511;3044;16;MANDRILLS BKB_16_20120718_id16_femadu_(18)_ORIGINAL.jpg;533
3233;3044;16;MANDRILLS BKB_16_20120718_id16_femadu_(2)_ORIGINAL.jpg;189
3100;3044;16;MANDRILLS BKB_16_20120718_id16_femadu_(20)_ORIGINAL.jpg;56
3050;3044;16;MANDRILLS BKB_16_20120718_id16_femadu_(3)_ORIGINAL.jpg;6
3004;3044;16;MANDRILLS BKB_16_20120718_id16_femadu_(4)_ORIGINAL.jpg;40
3486;3044;16;MANDRILLS BKB_16_20120718_id16_femadu_(7)_ORIGINAL.jpg;442
2910;3044;16;MANDRILLS BKB_16_20120718_id16_femadu_(8)_ORIGINAL.jpg;134
3082;3044;16;MANDRILLS BKB_16_20120718_id16_femadu_(9)_ORIGINAL.jpg;38
2792;3609;16;MANDRILLS BKB_16_20140203_id16_femadu_(3)_ORIGINAL.jpg;817
2584;3609;16;MANDRILLS BKB_16_20140203_id16_femadu_(4)_ORIGINAL.jpg;1025
2545;3626;16;MANDRILLS BKB_16_20140220_id16_femadu_(1)_ORIGINAL.jpg;1081
2270;3626;16;MANDRILLS BKB_16_20140220_id16_femadu_(10)_ORIGINAL.jpg;1356
2676;3626;16;MANDRILLS BKB_16_20140220_id16_femadu_(11)_ORIGINAL.jpg;950
2751;3626;16;MANDRILLS BKB_16_20140220_id16_femadu_(12)_ORIGINAL.jpg;875
2461;3626;16;MANDRILLS BKB_16_20140220_id16_femadu_(14)_ORIGINAL.jpg;1165
2471;3626;16;MANDRILLS BKB_16_20140220_id16_femadu_(15)_ORIGINAL.jpg;1155
2717;3626;16;MANDRILLS BKB_16_20140220_id16_femadu_(16)_ORIGINAL.jpg;909
2338;3626;16;MANDRILLS BKB_16_20140220_id16_femadu_(17)_ORIGINAL.jpg;1288
2386;3626;16;MANDRILLS BKB_16_20140220_id16_femadu_(18)_ORIGINAL.jpg;1240
2724;3626;16;MANDRILLS BKB_16_20140220_id16_femadu_(19)_ORIGINAL.jpg;902
2678;3626;16;MANDRILLS BKB_16_20140220_id16_femadu_(2)_ORIGINAL.jpg;948
2652;3626;16;MANDRILLS BKB_16_20140220_id16_femadu_(20)_ORIGINAL.jpg;974
2624;3626;16;MANDRILLS BKB_16_20140220_id16_femadu_(21)_ORIGINAL.jpg;1002
2291;3626;16;MANDRILLS BKB_16_20140220_id16_femadu_(22)_ORIGINAL.jpg;1335
2692;3626;16;MANDRILLS BKB_16_20140220_id16_femadu_(3)_ORIGINAL.jpg;934
2641;3626;16;MANDRILLS BKB_16_20140220_id16_femadu_(4)_ORIGINAL.jpg;985
2605;3626;16;MANDRILLS BKB_16_20140220_id16_femadu_(5)_ORIGINAL.jpg;1021
2595;3626;16;MANDRILLS BKB_16_20140220_id16_femadu_(6)_ORIGINAL.jpg;1031
2643;3626;16;MANDRILLS BKB_16_20140220_id16_femadu_(7)_ORIGINAL.jpg;983
2585;3626;16;MANDRILLS BKB_16_20140220_id16_femadu_(8)_ORIGINAL.jpg;1041
2658;3626;16;MANDRILLS BKB_16_20140220_id16_femadu_(9)_ORIGINAL.jpg;968
2740;3626;16;MANDRILLS BKB_16_20140220_id16_femadu_ORIGINAL.jpg;886
3534;3647;16;MANDRILLS BKB_16_20140313_id16_femadu_(1)_ORIGINAL.jpg;113
2253;3659;16;MANDRILLS BKB_16_20140325_id16_femadu_(1)_ORIGINAL.jpg;1406
2517;3659;16;MANDRILLS BKB_16_20140325_id16_femadu_(10)_ORIGINAL.jpg;1142
2419;3659;16;MANDRILLS BKB_16_20140325_id16_femadu_(11)_ORIGINAL.jpg;1240
2478;3659;16;MANDRILLS BKB_16_20140325_id16_femadu_(13)_ORIGINAL.jpg;1181
2356;3659;16;MANDRILLS BKB_16_20140325_id16_femadu_(14)_ORIGINAL.jpg;1303
2711;3659;16;MANDRILLS BKB_16_20140325_id16_femadu_(15)_ORIGINAL.jpg;948
2608;3659;16;MANDRILLS BKB_16_20140325_id16_femadu_(16)_ORIGINAL.jpg;1051
2451;3659;16;MANDRILLS BKB_16_20140325_id16_femadu_(17)_ORIGINAL.jpg;1208
2537;3659;16;MANDRILLS BKB_16_20140325_id16_femadu_(18)_ORIGINAL.jpg;1122
2523;3659;16;MANDRILLS BKB_16_20140325_id16_femadu_(19)_ORIGINAL.jpg;1136
2502;3659;16;MANDRILLS BKB_16_20140325_id16_femadu_(2)_ORIGINAL.jpg;1157
2595;3659;16;MANDRILLS BKB_16_20140325_id16_femadu_(20)_ORIGINAL.jpg;1064
2724;3659;16;MANDRILLS BKB_16_20140325_id16_femadu_(22)_ORIGINAL.jpg;935
2776;3659;16;MANDRILLS BKB_16_20140325_id16_femadu_(23)_ORIGINAL.jpg;883
2633;3659;16;MANDRILLS BKB_16_20140325_id16_femadu_(24)_ORIGINAL.jpg;1026
2396;3659;16;MANDRILLS BKB_16_20140325_id16_femadu_(25)_ORIGINAL.jpg;1263
2807;3659;16;MANDRILLS BKB_16_20140325_id16_femadu_(26)_ORIGINAL.jpg;852
2532;3659;16;MANDRILLS BKB_16_20140325_id16_femadu_(27)_ORIGINAL.jpg;1127
2745;3659;16;MANDRILLS BKB_16_20140325_id16_femadu_(28)_ORIGINAL.jpg;914
2667;3659;16;MANDRILLS BKB_16_20140325_id16_femadu_(29)_ORIGINAL.jpg;992
2643;3659;16;MANDRILLS BKB_16_20140325_id16_femadu_(3)_ORIGINAL.jpg;1016
2553;3659;16;MANDRILLS BKB_16_20140325_id16_femadu_(30)_ORIGINAL.jpg;1106
2702;3659;16;MANDRILLS BKB_16_20140325_id16_femadu_(31)_ORIGINAL.jpg;957
2836;3659;16;MANDRILLS BKB_16_20140325_id16_femadu_(32)_ORIGINAL.jpg;823
3302;3659;16;MANDRILLS BKB_16_20140325_id16_femadu_(33)_ORIGINAL.jpg;357
2361;3659;16;MANDRILLS BKB_16_20140325_id16_femadu_(34)_ORIGINAL.jpg;1298
2550;3659;16;MANDRILLS BKB_16_20140325_id16_femadu_(35)_ORIGINAL.jpg;1109
2476;3659;16;MANDRILLS BKB_16_20140325_id16_femadu_(4)_ORIGINAL.jpg;1183
2499;3659;16;MANDRILLS BKB_16_20140325_id16_femadu_(5)_ORIGINAL.jpg;1160
2534;3659;16;MANDRILLS BKB_16_20140325_id16_femadu_(6)_ORIGINAL.jpg;1125
2815;3659;16;MANDRILLS BKB_16_20140325_id16_femadu_(7)_ORIGINAL.jpg;844
2356;3659;16;MANDRILLS BKB_16_20140325_id16_femadu_(8)_ORIGINAL.jpg;1303
2587;3659;16;MANDRILLS BKB_16_20140325_id16_femadu_(9)_ORIGINAL.jpg;1072
2639;3666;16;MANDRILLS BKB_16_20140401_id16_femaduGAUCHE_(1)_ORIGINAL.jpg;1027
2511;3666;16;MANDRILLS BKB_16_20140401_id16_femaduGAUCHE_(10)_ORIGINAL.jpg;1155
2774;3666;16;MANDRILLS BKB_16_20140401_id16_femaduGAUCHE_(11)_ORIGINAL.jpg;892
2898;3666;16;MANDRILLS BKB_16_20140401_id16_femaduGAUCHE_(12)_ORIGINAL.jpg;768
2341;3666;16;MANDRILLS BKB_16_20140401_id16_femaduGAUCHE_(13)_ORIGINAL.jpg;1325
2738;3666;16;MANDRILLS BKB_16_20140401_id16_femaduGAUCHE_(14)_ORIGINAL.jpg;928
2992;3666;16;MANDRILLS BKB_16_20140401_id16_femaduGAUCHE_(15)_ORIGINAL.jpg;674
3307;3666;16;MANDRILLS BKB_16_20140401_id16_femaduGAUCHE_(16)_ORIGINAL.jpg;359
2468;3666;16;MANDRILLS BKB_16_20140401_id16_femaduGAUCHE_(17)_ORIGINAL.jpg;1198
2554;3666;16;MANDRILLS BKB_16_20140401_id16_femaduGAUCHE_(19)_ORIGINAL.jpg;1112
2505;3666;16;MANDRILLS BKB_16_20140401_id16_femaduGAUCHE_(2)_ORIGINAL.jpg;1161
2319;3666;16;MANDRILLS BKB_16_20140401_id16_femaduGAUCHE_(20)_ORIGINAL.jpg;1347
2619;3666;16;MANDRILLS BKB_16_20140401_id16_femaduGAUCHE_(21)_ORIGINAL.jpg;1047
2477;3666;16;MANDRILLS BKB_16_20140401_id16_femaduGAUCHE_(22)_ORIGINAL.jpg;1189
2406;3666;16;MANDRILLS BKB_16_20140401_id16_femaduGAUCHE_(24)_ORIGINAL.jpg;1260
2754;3666;16;MANDRILLS BKB_16_20140401_id16_femaduGAUCHE_(26)_ORIGINAL.jpg;912
2892;3666;16;MANDRILLS BKB_16_20140401_id16_femaduGAUCHE_(28)_ORIGINAL.jpg;774
2539;3666;16;MANDRILLS BKB_16_20140401_id16_femaduGAUCHE_(29)_ORIGINAL.jpg;1127
2509;3666;16;MANDRILLS BKB_16_20140401_id16_femaduGAUCHE_(3)_ORIGINAL.jpg;1157
2506;3666;16;MANDRILLS BKB_16_20140401_id16_femaduGAUCHE_(30)_ORIGINAL.jpg;1160
2301;3666;16;MANDRILLS BKB_16_20140401_id16_femaduGAUCHE_(31)_ORIGINAL.jpg;1365
2728;3666;16;MANDRILLS BKB_16_20140401_id16_femaduGAUCHE_(32)_ORIGINAL.jpg;938
2609;3666;16;MANDRILLS BKB_16_20140401_id16_femaduGAUCHE_(33)_ORIGINAL.jpg;1057
2516;3666;16;MANDRILLS BKB_16_20140401_id16_femaduGAUCHE_(34)_ORIGINAL.jpg;1150
2687;3666;16;MANDRILLS BKB_16_20140401_id16_femaduGAUCHE_(38)_ORIGINAL.jpg;979
2693;3666;16;MANDRILLS BKB_16_20140401_id16_femaduGAUCHE_(39)_ORIGINAL.jpg;973
2765;3666;16;MANDRILLS BKB_16_20140401_id16_femaduGAUCHE_(40)_ORIGINAL.jpg;901
2572;3666;16;MANDRILLS BKB_16_20140401_id16_femaduGAUCHE_(41)_ORIGINAL.jpg;1094
2689;3666;16;MANDRILLS BKB_16_20140401_id16_femaduGAUCHE_(43)_ORIGINAL.jpg;977
2861;3666;16;MANDRILLS BKB_16_20140401_id16_femaduGAUCHE_(45)_ORIGINAL.jpg;805
2895;3666;16;MANDRILLS BKB_16_20140401_id16_femaduGAUCHE_(6)_ORIGINAL.jpg;771
2650;3666;16;MANDRILLS BKB_16_20140401_id16_femaduGAUCHE_(7)_ORIGINAL.jpg;1016
2839;3666;16;MANDRILLS BKB_16_20140401_id16_femaduGAUCHE_(8)_ORIGINAL.jpg;827
3181;3666;16;MANDRILLS BKB_16_20140401_id16_femaduGAUCHE_(9)_ORIGINAL.jpg;485
2516;3666;16;MANDRILLS BKB_16_20140401_id16_femadu_(5)_ORIGINAL.jpg;1150
2753;3676;16;MANDRILLS BKB_16_20140411_id16_femadu_(1)_ORIGINAL.jpg;923
2605;3676;16;MANDRILLS BKB_16_20140411_id16_femadu_(10)_ORIGINAL.jpg;1071
2512;3676;16;MANDRILLS BKB_16_20140411_id16_femadu_(13)_ORIGINAL.jpg;1164
2446;3676;16;MANDRILLS BKB_16_20140411_id16_femadu_(14)_ORIGINAL.jpg;1230
3433;3676;16;MANDRILLS BKB_16_20140411_id16_femadu_(15)_ORIGINAL.jpg;243
3283;3676;16;MANDRILLS BKB_16_20140411_id16_femadu_(18)_ORIGINAL.jpg;393
3256;3676;16;MANDRILLS BKB_16_20140411_id16_femadu_(2)_ORIGINAL.jpg;420
2624;3676;16;MANDRILLS BKB_16_20140411_id16_femadu_(21)_ORIGINAL.jpg;1052
3536;3676;16;MANDRILLS BKB_16_20140411_id16_femadu_(22)_ORIGINAL.jpg;140
3443;3676;16;MANDRILLS BKB_16_20140411_id16_femadu_(23)_ORIGINAL.jpg;233
2662;3676;16;MANDRILLS BKB_16_20140411_id16_femadu_(24)_ORIGINAL.jpg;1014
2822;3676;16;MANDRILLS BKB_16_20140411_id16_femadu_(25)_ORIGINAL.jpg;854
2934;3676;16;MANDRILLS BKB_16_20140411_id16_femadu_(26)_ORIGINAL.jpg;742
2660;3676;16;MANDRILLS BKB_16_20140411_id16_femadu_(28)_ORIGINAL.jpg;1016
3455;3676;16;MANDRILLS BKB_16_20140411_id16_femadu_(29)_ORIGINAL.jpg;221
2763;3676;16;MANDRILLS BKB_16_20140411_id16_femadu_(30)_ORIGINAL.jpg;913
2791;3676;16;MANDRILLS BKB_16_20140411_id16_femadu_(31)_ORIGINAL.jpg;885
2457;3676;16;MANDRILLS BKB_16_20140411_id16_femadu_(32)_ORIGINAL.jpg;1219
2365;3676;16;MANDRILLS BKB_16_20140411_id16_femadu_(33)_ORIGINAL.jpg;1311
2594;3676;16;MANDRILLS BKB_16_20140411_id16_femadu_(34)_ORIGINAL.jpg;1082
2381;3676;16;MANDRILLS BKB_16_20140411_id16_femadu_(35)_ORIGINAL.jpg;1295
2865;3676;16;MANDRILLS BKB_16_20140411_id16_femadu_(36)_ORIGINAL.jpg;811
2839;3676;16;MANDRILLS BKB_16_20140411_id16_femadu_(37)_ORIGINAL.jpg;837
2414;3676;16;MANDRILLS BKB_16_20140411_id16_femadu_(39)_ORIGINAL.jpg;1262
2642;3676;16;MANDRILLS BKB_16_20140411_id16_femadu_(4)_ORIGINAL.jpg;1034
2458;3676;16;MANDRILLS BKB_16_20140411_id16_femadu_(40)_ORIGINAL.jpg;1218
2759;3676;16;MANDRILLS BKB_16_20140411_id16_femadu_(41)_ORIGINAL.jpg;917
2420;3676;16;MANDRILLS BKB_16_20140411_id16_femadu_(43)_ORIGINAL.jpg;1256
2785;3676;16;MANDRILLS BKB_16_20140411_id16_femadu_(44)_ORIGINAL.jpg;891
2448;3676;16;MANDRILLS BKB_16_20140411_id16_femadu_(45)_ORIGINAL.jpg;1228
2898;3676;16;MANDRILLS BKB_16_20140411_id16_femadu_(47)_ORIGINAL.jpg;778
3513;3676;16;MANDRILLS BKB_16_20140411_id16_femadu_(49)_ORIGINAL.jpg;163
2746;3676;16;MANDRILLS BKB_16_20140411_id16_femadu_(5)_ORIGINAL.jpg;930
2475;3676;16;MANDRILLS BKB_16_20140411_id16_femadu_(50)_ORIGINAL.jpg;1201
3012;3676;16;MANDRILLS BKB_16_20140411_id16_femadu_(6)_ORIGINAL.jpg;664
2634;3676;16;MANDRILLS BKB_16_20140411_id16_femadu_(8)_ORIGINAL.jpg;1042
2900;3676;16;MANDRILLS BKB_16_20140411_id16_femadu_(9)_ORIGINAL.jpg;776
3661;3758;16;MANDRILLS BKB_16_20140702_id16_femadu_(1)_ORIGINAL.jpg;97
3466;3758;16;MANDRILLS BKB_16_20140702_id16_femadu_(10)_ORIGINAL.jpg;292
3805;3758;16;MANDRILLS BKB_16_20140702_id16_femadu_(11)_ORIGINAL.jpg;47
3568;3758;16;MANDRILLS BKB_16_20140702_id16_femadu_(12)_ORIGINAL.jpg;190
2799;3758;16;MANDRILLS BKB_16_20140702_id16_femadu_(13)_ORIGINAL.jpg;959
3196;3758;16;MANDRILLS BKB_16_20140702_id16_femadu_(14)_ORIGINAL.jpg;562
3565;3758;16;MANDRILLS BKB_16_20140702_id16_femadu_(15)_ORIGINAL.jpg;193
3356;3758;16;MANDRILLS BKB_16_20140702_id16_femadu_(17)_ORIGINAL.jpg;402
3492;3758;16;MANDRILLS BKB_16_20140702_id16_femadu_(18)_ORIGINAL.jpg;266
3264;3758;16;MANDRILLS BKB_16_20140702_id16_femadu_(19)_ORIGINAL.jpg;494
3717;3758;16;MANDRILLS BKB_16_20140702_id16_femadu_(2)_ORIGINAL.jpg;41
3712;3758;16;MANDRILLS BKB_16_20140702_id16_femadu_(20)_ORIGINAL.jpg;46
3295;3758;16;MANDRILLS BKB_16_20140702_id16_femadu_(21)_ORIGINAL.jpg;463
3205;3758;16;MANDRILLS BKB_16_20140702_id16_femadu_(22)_ORIGINAL.jpg;553
3658;3758;16;MANDRILLS BKB_16_20140702_id16_femadu_(23)_ORIGINAL.jpg;100
3490;3758;16;MANDRILLS BKB_16_20140702_id16_femadu_(24)_ORIGINAL.jpg;268
3408;3758;16;MANDRILLS BKB_16_20140702_id16_femadu_(25)_ORIGINAL.jpg;350
3368;3758;16;MANDRILLS BKB_16_20140702_id16_femadu_(26)_ORIGINAL.jpg;390
3387;3758;16;MANDRILLS BKB_16_20140702_id16_femadu_(27)_ORIGINAL.jpg;371
3317;3758;16;MANDRILLS BKB_16_20140702_id16_femadu_(3)_ORIGINAL.jpg;441
2806;3758;16;MANDRILLS BKB_16_20140702_id16_femadu_(4)_ORIGINAL.jpg;952
2865;3758;16;MANDRILLS BKB_16_20140702_id16_femadu_(5)_ORIGINAL.jpg;893
2928;3758;16;MANDRILLS BKB_16_20140702_id16_femadu_(6)_ORIGINAL.jpg;830
3366;3758;16;MANDRILLS BKB_16_20140702_id16_femadu_(7)_ORIGINAL.jpg;392
2971;3758;16;MANDRILLS BKB_16_20140702_id16_femadu_(8)_ORIGINAL.jpg;787
2834;3758;16;MANDRILLS BKB_16_20140702_id16_femadu_(9)_ORIGINAL.jpg;924
2809;3762;16;MANDRILLS BKB_16_20140706_id16_femadu_(1)_ORIGINAL.jpg;953
2871;3762;16;MANDRILLS BKB_16_20140706_id16_femadu_(10)_ORIGINAL.jpg;891
3801;3762;16;MANDRILLS BKB_16_20140706_id16_femadu_(11)_ORIGINAL.jpg;39
2806;3762;16;MANDRILLS BKB_16_20140706_id16_femadu_(12)_ORIGINAL.jpg;956
2316;3762;16;MANDRILLS BKB_16_20140706_id16_femadu_(13)_ORIGINAL.jpg;1446
2630;3762;16;MANDRILLS BKB_16_20140706_id16_femadu_(2)_ORIGINAL.jpg;1132
2944;3762;16;MANDRILLS BKB_16_20140706_id16_femadu_(3)_ORIGINAL.jpg;818
2457;3762;16;MANDRILLS BKB_16_20140706_id16_femadu_(4)_ORIGINAL.jpg;1305
3130;3762;16;MANDRILLS BKB_16_20140706_id16_femadu_(5)_ORIGINAL.jpg;632
2895;3762;16;MANDRILLS BKB_16_20140706_id16_femadu_(6)_ORIGINAL.jpg;867
2617;3762;16;MANDRILLS BKB_16_20140706_id16_femadu_(7)_ORIGINAL.jpg;1145
2613;3762;16;MANDRILLS BKB_16_20140706_id16_femadu_(8)_ORIGINAL.jpg;1149
2594;3762;16;MANDRILLS BKB_16_20140706_id16_femadu_(9)_ORIGINAL.jpg;1168
2770;3811;16;MANDRILLS BKB_16_20140824_id16_femadu_(1)_ORIGINAL.jpg;1041
2616;3811;16;MANDRILLS BKB_16_20140824_id16_femadu_(2)_ORIGINAL.jpg;1195
3913;3916;16;MANDRILLS BKB_16_20141207_id16_femadu_(4)_ORIGINAL.jpg;3
2369;4008;16;MANDRILLS BKB_16_20150309_id16_femadu_(1)_ORIGINAL.jpg;1639
3131;4008;16;MANDRILLS BKB_16_20150309_id16_femadu_(2)_ORIGINAL.jpg;877
2887;4076;16;MANDRILLS BKB_16_20150516_id16_femadu_ORIGINAL.jpg;1189
2921;4113;16;MANDRILLS BKB_16_20150622_id16_femadu_(1)_ORIGINAL.jpg;1192
2833;4113;16;MANDRILLS BKB_16_20150622_id16_femadu_(2)_ORIGINAL.jpg;1280
2583;4113;16;MANDRILLS BKB_16_20150622_id16_femadu_(3)_ORIGINAL.jpg;1530
3010;4113;16;MANDRILLS BKB_16_20150622_id16_femadu_(4)_ORIGINAL.jpg;1103
3131;4113;16;MANDRILLS BKB_16_20150622_id16_femadu_(5)_ORIGINAL.jpg;982
3153;4113;16;MANDRILLS BKB_16_20150622_id16_femadu_(6)_ORIGINAL.jpg;960
2960;4113;16;MANDRILLS BKB_16_20150622_id16_femadu_(7)_ORIGINAL.jpg;1153
2969;4120;16;MANDRILLS BKB_16_20150629_id16_femadu_(1)_ORIGINAL.jpg;1151
3821;4120;16;MANDRILLS BKB_16_20150629_id16_femadu_(2)_ORIGINAL.jpg;299
2474;4137;16;MANDRILLS BKB_16_20150716_id16_femadu_(1)_ORIGINAL.jpg;1663
2839;4137;16;MANDRILLS BKB_16_20150716_id16_femadu_(2)_ORIGINAL.jpg;1298
3187;4137;16;MANDRILLS BKB_16_20150716_id16_femadu_(3)_ORIGINAL.jpg;950
2700;4137;16;MANDRILLS BKB_16_20150716_id16_femadu_ORIGINAL.jpg;1437
3137;4268;16;MANDRILLS BKB_16_20151124_id16_femadu_(1)_ORIGINAL.jpg;1131
2847;4268;16;MANDRILLS BKB_16_20151124_id16_femadu_(2)_ORIGINAL.jpg;1421
2823;4274;16;MANDRILLS BKB_16_20151130_id16_femadu_(2)_ORIGINAL.jpg;1451
2817;4274;16;MANDRILLS BKB_16_20151130_id16_femadu_(4)_ORIGINAL.jpg;1457
2882;4274;16;MANDRILLS BKB_16_20151130_id16_femadu_(5)_ORIGINAL.jpg;1392
2766;4274;16;MANDRILLS BKB_16_20151130_id16_femadu_(6)_ORIGINAL.jpg;1508
2770;4274;16;MANDRILLS BKB_16_20151130_id16_femadu_(7)_ORIGINAL.jpg;1504
3876;4284;16;MANDRILLS BKB_16_20151210_id16_femadu_(1)_ORIGINAL.jpg;408
3865;4284;16;MANDRILLS BKB_16_20151210_id16_femadu_(3)_ORIGINAL.jpg;419
2831;4338;16;MANDRILLS BKB_16_20160202_id16_femadu_ORIGINAL.jpg;1507
1347;1260;180;MANDRILLS BKB_180_20190718_180_maljuv_(1).jpg;87
1381;1260;180;MANDRILLS BKB_180_20190718_180_maljuv_(3).jpg;121
1377;1260;180;MANDRILLS BKB_180_20190718_180_maljuv_(4).jpg;117
859;1260;180;MANDRILLS BKB_180_20190718_id180_maljuv_GAUCHE_(1).jpg;401
1207;1373;180;MANDRILLS BKB_180_20191108_id180_maljuv.jpg;166
1470;1481;180;MANDRILLS BKB_180_20200224_id180_maljuv_(1).jpg;11
1448;1481;180;MANDRILLS BKB_180_20200224_id180_maljuv_(2).jpg;33
1504;1481;180;MANDRILLS BKB_180_20200224_id180_maljuv_(3).jpg;23
1341;1718;180;MANDRILLS BKB_180_20201018_id180_maljuv_(1).jpg;377
1453;1718;180;MANDRILLS BKB_180_20201018_id180_maljuv_(2).jpg;265
1525;1718;180;MANDRILLS BKB_180_20201018_id180_maljuv_(3).jpg;193
1698;1719;180;MANDRILLS BKB_180_20201019_id180_maljuv_(1).jpg;21
1548;1719;180;MANDRILLS BKB_180_20201019_id180_maljuv_(2).jpg;171
1676;1719;180;MANDRILLS BKB_180_20201019_id180_maljuv_(3).jpg;43
1679;1719;180;MANDRILLS BKB_180_20201019_id180_maljuv_(4).jpg;40
1663;1719;180;MANDRILLS BKB_180_20201019_id180_maljuv_(5).jpg;56
1579;1722;180;MANDRILLS BKB_180_20201022_id180_maljuv_(1).jpg;143
1528;1722;180;MANDRILLS BKB_180_20201022_id180_maljuv_(2).jpg;194
1613;1755;180;MANDRILLS BKB_180_20201124_id180_maljuv_(1).jpg;142
1873;1774;180;MANDRILLS BKB_180_20201213_id180_maljuv_(1).jpg;99
1589;1774;180;MANDRILLS BKB_180_20201213_id180_maljuv_(2).jpg;185
1641;1796;180;MANDRILLS BKB_180_20210104_id180_malado_(1).jpg;155
1711;1796;180;MANDRILLS BKB_180_20210104_id180_malado_(2).jpg;85
1660;1797;180;MANDRILLS BKB_180_20210105_id180_malado.jpg;137
1790;1798;180;MANDRILLS BKB_180_20210106_id180_malado.jpg;8
1655;1808;180;MANDRILLS BKB_180_20210116_id180_malado.jpg;153
1807;1817;180;MANDRILLS BKB_180_20210125_id180_malado.jpg;10
1920;1826;180;MANDRILLS BKB_180_20210203_id180_malado_(1).jpg;94
1777;1826;180;MANDRILLS BKB_180_20210203_id180_malado_(2).jpg;49
1659;1826;180;MANDRILLS BKB_180_20210203_id180_malado_(3).jpg;167
1630;1826;180;MANDRILLS BKB_180_20210203_id180_malado_(4).jpg;196
1689;1837;180;MANDRILLS BKB_180_20210214_id180_malado_(1).jpg;148
1768;1837;180;MANDRILLS BKB_180_20210214_id180_malado_(2).jpg;69
1695;1839;180;MANDRILLS BKB_180_20210216_id180_malado_(1).jpg;144
1810;1839;180;MANDRILLS BKB_180_20210216_id180_malado_(2).jpg;29
1790;1884;180;MANDRILLS BKB_180_20210402_id180_malado_(1).jpg;94
1692;1884;180;MANDRILLS BKB_180_20210402_id180_malado_(2).jpg;192
1779;1884;180;MANDRILLS BKB_180_20210402_id180_malado_(3).jpg;105
1833;1884;180;MANDRILLS BKB_180_20210402_id180_malado_(4).jpg;51
1808;1905;180;MANDRILLS BKB_180_20210423_id180_malado.jpg;97
1872;2044;180;MANDRILLS BKB_180_20210909_id180_malado (1).jpg;172
1832;2044;180;MANDRILLS BKB_180_20210909_id180_malado (2).jpg;212
1998;2044;180;MANDRILLS BKB_180_20210909_id180_malado (3).jpg;46
1980;2057;180;MANDRILLS BKB_180_20210922_id180_malado.jpg;77
1958;2084;180;MANDRILLS BKB_180_20211019_id180_malado_(1).jpg;126
1993;2084;180;MANDRILLS BKB_180_20211019_id180_malado_(2).jpg;91
1894;2098;180;MANDRILLS BKB_180_20211102_id180_malado.jpg;204
1997;2115;180;MANDRILLS BKB_180_20211119_id180_malado.jpg;118
1966;2120;180;MANDRILLS BKB_180_20211124_id180_malado.jpg;154
2057;2136;180;MANDRILLS BKB_180_20211210_id180_malado.jpg;79
2180;2143;180;MANDRILLS BKB_180_20211217_id180_malado.jpg;37
2042;2145;180;MANDRILLS BKB_180_20211219_id180_malado.jpg;103
1990;2146;180;MANDRILLS BKB_180_20211220_ID180_malado_(1).jpg;156
2002;2146;180;MANDRILLS BKB_180_20211220_ID180_malado_(2).jpg;144
2159;2179;180;MANDRILLS BKB_180_20220122_id180 (1).jpg;20
1970;2179;180;MANDRILLS BKB_180_20220122_id180 (2).jpg;209
2066;2179;180;MANDRILLS BKB_180_20220122_id180 (3).jpg;113
2100;2187;180;MANDRILLS BKB_180_20220130_id180.jpg;87
2054;2187;180;MANDRILLS BKB_180_20220130_id180_malado (1).jpg;133
2025;2187;180;MANDRILLS BKB_180_20220130_ID180_malado.jpg;162
2234;2204;180;MANDRILLS BKB_180_20220216_id180_malado (1).jpg;30
2291;2204;180;MANDRILLS BKB_180_20220216_id180_malado (2).jpg;87
2160;2204;180;MANDRILLS BKB_180_20220216_id180_malado (3).jpg;44
2092;2205;180;MANDRILLS BKB_180_20220217_id180_malado.jpg;113
2221;2225;180;MANDRILLS BKB_180_20220309_id180_malado.jpg;4
2276;2231;180;MANDRILLS BKB_180_20220315_id180_malado (1).jpg;45
2207;2231;180;MANDRILLS BKB_180_20220315_id180_malado (2).jpg;24
2225;2248;180;MANDRILLS BKB_180_20220401_id180_malado (1).jpg;23
2216;2248;180;MANDRILLS BKB_180_20220401_id180_malado (2).jpg;32
2138;2248;180;MANDRILLS BKB_180_20220401_id180_malado (3).jpg;110
2258;2248;180;MANDRILLS BKB_180_20220401_id180_malado (4).jpg;10
2137;2267;180;MANDRILLS BKB_180_20220420_id180_malado.jpg;130
2266;2273;180;MANDRILLS BKB_180_20220426_id180_malado (1).jpg;7
2217;2274;180;MANDRILLS BKB_180_20220427_id180_malado.jpg;57
2207;2281;180;MANDRILLS BKB_180_20220504_id180_malado.jpg;74
2280;2286;180;MANDRILLS BKB_180_20220509_id180_malado (2).jpg;6
2219;2286;180;MANDRILLS BKB_180_20220509_id180_malado.jpg;67
2276;2292;180;MANDRILLS BKB_180_20220515_id180_malado.jpg;16
2161;2293;180;MANDRILLS BKB_180_20220516_id180_malado (1).jpg;132
2221;2293;180;MANDRILLS BKB_180_20220516_id180_malado (2).jpg;72
2193;2293;180;MANDRILLS BKB_180_20220516_id180_malado.jpg;100
2184;2294;180;MANDRILLS BKB_180_20220517_id180_malado (3).jpg;110
2330;2295;180;MANDRILLS BKB_180_20220518_id180_malado.jpg;35
2195;2304;180;MANDRILLS BKB_180_20220527_id180_malado (1).jpg;109
2283;2304;180;MANDRILLS BKB_180_20220527_id180_malado (2).jpg;21
2296;2304;180;MANDRILLS BKB_180_20220527_id180_malado (3).jpg;8
2121;2306;180;MANDRILLS BKB_180_20220529_id180.jpg;185
2242;2307;180;MANDRILLS BKB_180_20220530_id180_malado (1).jpg;65
2254;2307;180;MANDRILLS BKB_180_20220530_id180_malado (3).jpg;53
2321;2311;180;MANDRILLS BKB_180_20220603_id180_malado.jpg;10
2279;2312;180;MANDRILLS BKB_180_20220604_id180_malado (1).jpg;33
2252;2315;180;MANDRILLS BKB_180_20220607_id180_malado.jpg;63
2226;2325;180;MANDRILLS BKB_180_20220617_id180_malado.jpg;99
2330;2326;180;MANDRILLS BKB_180_20220618_id180_malado.jpg;4
2279;2332;180;MANDRILLS BKB_180_20220624_id180_malado (1).jpg;53
2183;2332;180;MANDRILLS BKB_180_20220624_id180_malado (2).jpg;149
2268;2332;180;MANDRILLS BKB_180_20220624_id180_malado (3).jpg;64
2296;2337;180;MANDRILLS BKB_180_20220629_id180 (2).jpg;41
2313;2337;180;MANDRILLS BKB_180_20220629_id180.jpg;24
2166;2339;180;MANDRILLS BKB_180_20220701_id180 (2).jpg;173
2225;2339;180;MANDRILLS BKB_180_20220701_id180.jpg;114
2349;2344;180;MANDRILLS BKB_180_20220706_id180(2).jpg;5
2276;2344;180;MANDRILLS BKB_180_20220706_id180.jpg;68
2293;2347;180;MANDRILLS BKB_180_20220709_id180.jpg;54
2323;2349;180;MANDRILLS BKB_180_20220711_id180.jpg;26
2361;2352;180;MANDRILLS BKB_180_20220714_id180_malado (1).jpg;9
2383;2352;180;MANDRILLS BKB_180_20220714_id180_malado (2).jpg;31
2340;2352;180;MANDRILLS BKB_180_20220714_id180_malado (3).jpg;12
2346;2354;180;MANDRILLS BKB_180_20220716_id180.jpg;8
2279;2354;180;MANDRILLS BKB_180_20220716_id180_malado (1).jpg;75
2422;2354;180;MANDRILLS BKB_180_20220716_id180_malado (2).jpg;68
2310;2355;180;MANDRILLS BKB_180_20220717_id180.jpg;45
2313;2359;180;MANDRILLS BKB_180_20220721_id180.jpg;46
2360;2363;180;MANDRILLS BKB_180_20220725_id180 (1).jpg;3
2283;2363;180;MANDRILLS BKB_180_20220725_id180 (2).jpg;80
2326;2363;180;MANDRILLS BKB_180_20220725_id180 (3).jpg;37
2411;2363;180;MANDRILLS BKB_180_20220725_id180.jpg;48
2371;2367;180;MANDRILLS BKB_180_20220729_id180.jpg;4
2338;2373;180;MANDRILLS BKB_180_20220804_id180 (1).jpg;35
2328;2378;180;MANDRILLS BKB_180_20220809_id180 (1).jpg;50
2308;2378;180;MANDRILLS BKB_180_20220809_id180 (3).jpg;70
2277;2384;180;MANDRILLS BKB_180_20220815_id180 (2).jpg;107
2253;2392;180;MANDRILLS BKB_180_20220823_id180.jpg;139
2332;2412;180;MANDRILLS BKB_180_20220912_id180.jpg;80
2295;2419;180;MANDRILLS BKB_180_20220919_id180.jpg;124
2365;2420;180;MANDRILLS BKB_180_20220920_id180.jpg;55
2318;2428;180;MANDRILLS BKB_180_20220928_id180.jpg;110
2355;2435;180;MANDRILLS BKB_180_20221005_id180.jpg;80
2334;2451;180;MANDRILLS BKB_180_20221021_id180.jpg;117
2300;2460;180;MANDRILLS BKB_180_20221030_id180.jpg;160
2430;2486;180;MANDRILLS BKB_180_20221125_id180 (1).jpg;56
2424;2491;180;MANDRILLS BKB_180_20221130_id180.jpg;67
2362;2500;180;MANDRILLS BKB_180_20221209_id180 (1).jpg;138
2322;2500;180;MANDRILLS BKB_180_20221209_id180 (2).jpg;178
2401;2501;180;MANDRILLS BKB_180_20221210_id180.jpg;100
2365;2515;180;MANDRILLS BKB_180_20221224_id180.jpg;150
1594;1629;183;MANDRILLS BKB_183_20190618_id183_malado_DERRIERE_(1).jpg;35
1680;1629;183;MANDRILLS BKB_183_20190618_id183_malado_DERRIERE_(2).jpg;51
1689;1657;183;MANDRILLS BKB_183_20190716_id183_malado_(1).jpg;32
1667;1657;183;MANDRILLS BKB_183_20190716_id183_malado_(2).jpg;10
1588;1657;183;MANDRILLS BKB_183_20190716_id183_malado_(3).jpg;69
1688;1657;183;MANDRILLS BKB_183_20190716_id183_malado_(4).jpg;31
1649;1657;183;MANDRILLS BKB_183_20190716_id183_malado_(7).jpg;8
1708;1657;183;MANDRILLS BKB_183_20190716_id183_malado_(8).jpg;51
1702;1657;183;MANDRILLS BKB_183_20190716_id183_malado_(9).jpg;45
1705;1729;183;MANDRILLS BKB_183_20190926_id183_malado_(1).jpg;24
1799;1729;183;MANDRILLS BKB_183_20190926_id183_malado_(10).jpg;70
1725;1729;183;MANDRILLS BKB_183_20190926_id183_malado_(11).jpg;4
1768;1729;183;MANDRILLS BKB_183_20190926_id183_malado_(2).jpg;39
1737;1729;183;MANDRILLS BKB_183_20190926_id183_malado_(5).jpg;8
1720;1729;183;MANDRILLS BKB_183_20190926_id183_malado_(6).jpg;9
1737;1729;183;MANDRILLS BKB_183_20190926_id183_malado_(7).jpg;8
1744;1729;183;MANDRILLS BKB_183_20190926_id183_malado_(8).jpg;15
1676;1729;183;MANDRILLS BKB_183_20190926_id183_malado_(9).jpg;53
1818;1809;183;MANDRILLS BKB_183_20191215_id183_malado.jpg;9
1935;1952;183;MANDRILLS BKB_183_20200506_id183_malado_(1).jpg;17
1872;1952;183;MANDRILLS BKB_183_20200506_id183_malado_(2).jpg;80
2128;2155;183;MANDRILLS BKB_183_20201125_id183_malado.jpg;27
1940;2173;183;MANDRILLS BKB_183_20201213_id183_malado_(1).jpg;233
1980;2173;183;MANDRILLS BKB_183_20201213_id183_malado_(2).jpg;193
2043;2173;183;MANDRILLS BKB_183_20201213_id183_malado_(3).jpg;130
2012;2173;183;MANDRILLS BKB_183_20201213_id183_malado_(4).jpg;161
2118;2176;183;MANDRILLS BKB_183_20201216_id183_malado_(1).jpg;58
1905;2176;183;MANDRILLS BKB_183_20201216_id183_malado_(2).jpg;271
2075;2177;183;MANDRILLS BKB_183_20201217_id183_malado.jpg;102
2004;2181;183;MANDRILLS BKB_183_20201221_id183_malado_(1).jpg;177
2080;2181;183;MANDRILLS BKB_183_20201221_id183_malado_(2).jpg;101
2130;2209;183;MANDRILLS BKB_183_20210118_id183_malado_(1).jpg;79
2133;2209;183;MANDRILLS BKB_183_20210118_id183_malado_(2).jpg;76
2091;2209;183;MANDRILLS BKB_183_20210118_id183_malado_(3).jpg;118
2095;2209;183;MANDRILLS BKB_183_20210118_id183_malado_(4).jpg;114
2081;2209;183;MANDRILLS BKB_183_20210118_id183_malado_(5).jpg;128
2127;2209;183;MANDRILLS BKB_183_20210118_id183_malado_(6).jpg;82
2202;2226;183;MANDRILLS BKB_183_20210204_id183_malado.jpg;24
2277;2282;183;MANDRILLS BKB_183_20210401_id183_malado_(1).jpg;5
2157;2282;183;MANDRILLS BKB_183_20210401_id183_malado_(2).jpg;125
2314;2291;183;MANDRILLS BKB_183_20210410_id183_malado.jpg;23
2384;2443;183;MANDRILLS BKB_183_20210909_id183_malado (1).jpg;59
2356;2443;183;MANDRILLS BKB_183_20210909_id183_malado (2).jpg;87
2541;2450;183;MANDRILLS BKB_183_20210916_id183_malado (1).jpg;91
2438;2450;183;MANDRILLS BKB_183_20210916_id183_malado (2).jpg;12
2398;2453;183;MANDRILLS BKB_183_20210919_id183_malado.jpg;55
2368;2456;183;MANDRILLS BKB_183_20210922_id183_malado.jpg;88
2498;2481;183;MANDRILLS BKB_183_20211017_id183_malado_(1).jpg;17
2432;2481;183;MANDRILLS BKB_183_20211017_id183_malado_(2).jpg;49
2397;2506;183;MANDRILLS BKB_183_20211111_id183_malado.jpg;109
2389;2516;183;MANDRILLS BKB_183_20211121_id183_malado.jpg;127
2404;2519;183;MANDRILLS BKB_183_20211124_id183_malado.jpg;115
2532;2521;183;MANDRILLS BKB_183_20211126_id183_malado.jpg;11
2492;2535;183;MANDRILLS BKB_183_20211210_id183_malado.jpg;43
2533;2538;183;MANDRILLS BKB_183_20211213_id183_malado.jpg;5
2443;2542;183;MANDRILLS BKB_183_20211217_id183_malado_(1).jpg;99
2445;2542;183;MANDRILLS BKB_183_20211217_id183_malado_(2).jpg;97
2504;2542;183;MANDRILLS BKB_183_20211217_id183_malado_(3).jpg;38
2474;2542;183;MANDRILLS BKB_183_20211217_id183_malado_(4).jpg;68
2482;2542;183;MANDRILLS BKB_183_20211217_id183_malado_(5).jpg;60
2478;2542;183;MANDRILLS BKB_183_20211217_id183_malado_(6).jpg;64
2468;2542;183;MANDRILLS BKB_183_20211217_id183_malado_(7).jpg;74
2530;2545;183;MANDRILLS BKB_183_20211220_ID183_malado_(1).jpg;15
2411;2545;183;MANDRILLS BKB_183_20211220_ID183_malado_(2).jpg;134
2477;2546;183;MANDRILLS BKB_183_20211221_id183_malado.jpg;69
2512;2551;183;MANDRILLS BKB_183_20211226_id183_malado_(1).jpg;39
2493;2551;183;MANDRILLS BKB_183_20211226_id183_malado_(2).jpg;58
2600;2579;183;MANDRILLS BKB_183_20220123_id183 (1).jpg;21
2595;2579;183;MANDRILLS BKB_183_20220123_id183 (2).jpg;16
2601;2579;183;MANDRILLS BKB_183_20220123_id183 (3).jpg;22
2647;2579;183;MANDRILLS BKB_183_20220123_id183.jpg;68
2388;2588;183;MANDRILLS BKB_183_20220201_id183_malsub (1).jpg;200
2337;2588;183;MANDRILLS BKB_183_20220201_id183_malsub (2).jpg;251
2380;2588;183;MANDRILLS BKB_183_20220201_id183_malsub (3).jpg;208
2194;2588;183;MANDRILLS BKB_183_20220201_id183_malsub (4).jpg;394
2386;2588;183;MANDRILLS BKB_183_20220201_id183_malsub (5).jpg;202
2452;2588;183;MANDRILLS BKB_183_20220201_id183_malsub (6).jpg;136
2460;2588;183;MANDRILLS BKB_183_20220201_id183_malsub (7).jpg;128
2483;2598;183;MANDRILLS BKB_183_20220211_id183_malsub (1).jpg;115
2522;2598;183;MANDRILLS BKB_183_20220211_id183_malsub (2).jpg;76
2928;2610;183;MANDRILLS BKB_183_20220223_id183_malsub (1).jpg;318
2511;2610;183;MANDRILLS BKB_183_20220223_id183_malsub (2).jpg;99
2624;2622;183;MANDRILLS BKB_183_20220307_id183_malsub (1).jpg;2
2560;2622;183;MANDRILLS BKB_183_20220307_id183_malsub (2).jpg;62
2527;2622;183;MANDRILLS BKB_183_20220307_id183_malsub (3).jpg;95
2627;2622;183;MANDRILLS BKB_183_20220307_id183_malsub (4).jpg;5
2616;2622;183;MANDRILLS BKB_183_20220307_id183_malsub (5).jpg;6
2408;2622;183;MANDRILLS BKB_183_20220307_id183_malsub.jpg;214
2549;2624;183;MANDRILLS BKB_183_20220309_id183_malsub.jpg;75
2461;2629;183;MANDRILLS BKB_183_20220314_id183_malsub (1).jpg;168
2305;2629;183;MANDRILLS BKB_183_20220314_id183_malsub (2).jpg;324
2453;2641;183;MANDRILLS BKB_183_20220326_id183_malsub.jpg;188
2448;2645;183;MANDRILLS BKB_183_20220330_id183_malsub.jpg;197
2515;2647;183;MANDRILLS BKB_183_20220401_id183_malsub.jpg;132
2606;2672;183;MANDRILLS BKB_183_20220426_id183_malsub (1).jpg;66
2541;2672;183;MANDRILLS BKB_183_20220426_id183_malsub (2).jpg;131
2567;2679;183;MANDRILLS BKB_183_20220503_id183_malsub (1).jpg;112
2587;2679;183;MANDRILLS BKB_183_20220503_id183_malsub (2).jpg;92
2491;2685;183;MANDRILLS BKB_183_20220509_id183_malsub.jpg;194
2521;2685;183;MANDRILLS BKB_183_20220509_id183_mal_sub.jpg;164
2470;2693;183;MANDRILLS BKB_183_20220517_id183_malsub.jpg;223
2520;2710;183;MANDRILLS BKB_183_20220603_id183_malsub.jpg;190
2724;2711;183;MANDRILLS BKB_183_20220604_id183_malsub (1).jpg;13
2543;2715;183;MANDRILLS BKB_183_20220608_id183_malsub (1).jpg;172
2647;2715;183;MANDRILLS BKB_183_20220608_id183_malsub (2).jpg;68
2545;2715;183;MANDRILLS BKB_183_20220608_id183_malsub (3).jpg;170
2684;2717;183;MANDRILLS BKB_183_20220610_id183_malsub.jpg;33
2492;2728;183;MANDRILLS BKB_183_20220621_id183_malsub (1).jpg;236
2594;2728;183;MANDRILLS BKB_183_20220621_id183_malsub (2).jpg;134
2617;2730;183;MANDRILLS BKB_183_20220623_id183_malsub.jpg;113
2645;2731;183;MANDRILLS BKB_183_20220624_id183_malsub.jpg;86
2550;2736;183;MANDRILLS BKB_183_20220629_id183 (1).jpg;186
2552;2736;183;MANDRILLS BKB_183_20220629_id183 (2).jpg;184
2553;2738;183;MANDRILLS BKB_183_20220701_id183.jpg;185
2786;2748;183;MANDRILLS BKB_183_20220711_id183 (2).jpg;38
2625;2748;183;MANDRILLS BKB_183_20220711_id183.jpg;123
2573;2749;183;MANDRILLS BKB_183_20220712_id183.jpg;176
2483;2753;183;MANDRILLS BKB_183_20220716_id183 (2).jpg;270
2626;2753;183;MANDRILLS BKB_183_20220716_id183.jpg;127
2872;2758;183;MANDRILLS BKB_183_20220721_id183 (2).jpg;114
2617;2758;183;MANDRILLS BKB_183_20220721_id183 (3).jpg;141
2638;2758;183;MANDRILLS BKB_183_20220721_id183.jpg;120
2526;2763;183;MANDRILLS BKB_183_20220726_id183.jpg;237
2526;2772;183;MANDRILLS BKB_183_20220804_id183 (2).jpg;246
2577;2772;183;MANDRILLS BKB_183_20220804_id183 (3).jpg;195
2526;2772;183;MANDRILLS BKB_183_20220804_id183 (4).jpg;246
2678;2772;183;MANDRILLS BKB_183_20220804_id183.jpg;94
2661;2780;183;MANDRILLS BKB_183_20220812_id183.jpg;119
2556;2783;183;MANDRILLS BKB_183_20220815_id183 (2).jpg;227
3184;2783;183;MANDRILLS BKB_183_20220815_id183.jpg;401
2586;2786;183;MANDRILLS BKB_183_20220818_id183.jpg;200
2656;2791;183;MANDRILLS BKB_183_20220823_id183.jpg;135
2561;2810;183;MANDRILLS BKB_183_20220911_id183.jpg;249
2603;2811;183;MANDRILLS BKB_183_20220912_id183.jpg;208
2535;2819;183;MANDRILLS BKB_183_20220920_id183.jpg;284
2556;2823;183;MANDRILLS BKB_183_20220924_id183.jpg;267
2526;2827;183;MANDRILLS BKB_183_20220928_id183.jpg;301
2578;2834;183;MANDRILLS BKB_183_20221005_id183 (1).jpg;256
2759;2834;183;MANDRILLS BKB_183_20221005_id183 (2).jpg;75
2542;2848;183;MANDRILLS BKB_183_20221019_id183.jpg;306
2508;2859;183;MANDRILLS BKB_183_20221030_id183 (2).jpg;351
2575;2869;183;MANDRILLS BKB_183_20221109_id183 (2).jpg;294
2739;2873;183;MANDRILLS BKB_183_20221113_id183.jpg;134
2567;2874;183;MANDRILLS BKB_183_20221114_id183 (2).jpg;307
2596;2874;183;MANDRILLS BKB_183_20221114_id183.jpg;278
2718;2876;183;MANDRILLS BKB_183_20221116_id183.jpg;158
2514;2877;183;MANDRILLS BKB_183_20221117_id183 (2).jpg;363
2612;2877;183;MANDRILLS BKB_183_20221117_id183 (4).jpg;265
2644;2885;183;MANDRILLS BKB_183_20221125_id183 (1).jpg;241
2672;2885;183;MANDRILLS BKB_183_20221125_id183 (3).jpg;213
2459;2890;183;MANDRILLS BKB_183_20221130_id183 (1).jpg;431
2783;2890;183;MANDRILLS BKB_183_20221130_id183 (2).jpg;107
2611;2914;183;MANDRILLS BKB_183_20221224_id183.jpg;303
895;914;190;MANDRILLS BKB_190_20190715_id190_femjuv_(1).jpg;19
1074;914;190;MANDRILLS BKB_190_20190715_id190_femjuv_(2).jpg;160
968;914;190;MANDRILLS BKB_190_20190715_id190_femjuv_(3).jpg;54
967;914;190;MANDRILLS BKB_190_20190715_id190_femjuv_(4).jpg;53
812;914;190;MANDRILLS BKB_190_20190715_id190_femjuv_(7).jpg;102
1067;914;190;MANDRILLS BKB_190_20190715_id190_femjuv_(8).jpg;153
1125;917;190;MANDRILLS BKB_190_20190718_id190_femjuv_(1).jpg;208
1231;917;190;MANDRILLS BKB_190_20190718_id190_femjuv_(2).jpg;314
962;917;190;MANDRILLS BKB_190_20190718_id190_femjuv_(3).jpg;45
1163;1067;190;MANDRILLS BKB_190_20191215_id190_femjuv.jpg;96
1301;1207;190;MANDRILLS BKB_190_20200503_id190_femjuv.jpg;94
1185;1210;190;MANDRILLS BKB_190_20200506_id190_femjuv_(1).jpg;25
1227;1210;190;MANDRILLS BKB_190_20200506_id190_femjuv_(2).jpg;17
1333;1372;190;MANDRILLS BKB_190_20201015_id190_femjuv_(2).jpg;39
1310;1379;190;MANDRILLS BKB_190_20201022_id190_femjuv.jpg;69
1429;1431;190;MANDRILLS BKB_190_20201213_id190_femjuv.jpg;2
1416;1435;190;MANDRILLS BKB_190_20201217_id190_femjuv_(1).jpg;19
1431;1435;190;MANDRILLS BKB_190_20201217_id190_femjuv_(2).jpg;4
1510;1466;190;MANDRILLS BKB_190_20210117_id190_femadu_(1).jpg;44
1418;1466;190;MANDRILLS BKB_190_20210117_id190_femadu_(2).jpg;48
1438;1466;190;MANDRILLS BKB_190_20210117_id190_femadu_(3).jpg;28
1405;1466;190;MANDRILLS BKB_190_20210117_id190_femadu_(4).jpg;61
1551;1479;190;MANDRILLS BKB_190_20210130_id190_femadu_(1).jpg;72
1478;1479;190;MANDRILLS BKB_190_20210130_id190_femadu_(2).jpg;1
1410;1479;190;MANDRILLS BKB_190_20210130_id190_femadu_(3).jpg;69
1469;1479;190;MANDRILLS BKB_190_20210130_id190_femadu_(4).jpg;10
1407;1537;190;MANDRILLS BKB_190_20210329_id190_femadu.jpg;130
1724;1596;190;MANDRILLS BKB_190_20210527_id190_femadu_(1).jpg;128
1733;1596;190;MANDRILLS BKB_190_20210527_id190_femadu_(2).jpg;137
1786;1596;190;MANDRILLS BKB_190_20210527_id190_femadu_(3).jpg;190
1608;1596;190;MANDRILLS BKB_190_20210527_id190_femadu_(4).jpg;12
1752;1596;190;MANDRILLS BKB_190_20210527_id190_femadu_(5).jpg;156
1779;1729;190;MANDRILLS BKB_190_20211007_id190_femadu.jpg;50
1945;1775;190;MANDRILLS BKB_190_20211122_id190_femadu.jpg;170
1794;1779;190;MANDRILLS BKB_190_20211126_id190_femadu_(1).jpg;15
1955;1779;190;MANDRILLS BKB_190_20211126_id190_femadu_(2).jpg;176
1976;1804;190;MANDRILLS BKB_190_20211221_id190_femadu.jpg;172
2185;1809;190;MANDRILLS BKB_190_20211226_ID190_femadu_(1).jpg;376
1941;1880;190;MANDRILLS BKB_190_20220307_id190_femadu.jpg;61
1810;1921;190;MANDRILLS BKB_190_20220417_id190_femadu.jpg;111
1838;1951;190;MANDRILLS BKB_190_20220517_id190_femadu (1).jpg;113
2123;1951;190;MANDRILLS BKB_190_20220517_id190_femadu (2).jpg;172
1934;1964;190;MANDRILLS BKB_190_20220530_id190_femadu (2).jpg;30
2054;1964;190;MANDRILLS BKB_190_20220530_id190_femadu.jpg;90
3221;1994;190;MANDRILLS BKB_190_20220629_id190.jpg;1227
2265;2038;190;MANDRILLS BKB_190_20220812_id190 (1).jpg;227
2515;2038;190;MANDRILLS BKB_190_20220812_id190 (2).jpg;477
3281;2038;190;MANDRILLS BKB_190_20220812_id190 (3).jpg;1243
2597;2053;190;MANDRILLS BKB_190_20220827_id190 (2).jpg;544
3418;2053;190;MANDRILLS BKB_190_20220827_id190.jpg;1365
2084;2061;190;MANDRILLS BKB_190_20220904_id190 (1).jpg;23
3356;2061;190;MANDRILLS BKB_190_20220904_id190 (2).jpg;1295
1907;2061;190;MANDRILLS BKB_190_20220904_id190 (3).jpg;154
1826;2061;190;MANDRILLS BKB_190_20220904_id190 (4).jpg;235
1845;2066;190;MANDRILLS BKB_190_20220909_id190 (2).jpg;221
2823;2066;190;MANDRILLS BKB_190_20220909_id190.jpg;757
1788;2075;190;MANDRILLS BKB_190_20220918_id190.jpg;287
2077;2092;190;MANDRILLS BKB_190_20221005_id190.jpg;15
1888;2106;190;MANDRILLS BKB_190_20221019_id190 (1).jpg;218
2020;2106;190;MANDRILLS BKB_190_20221019_id190 (2).jpg;86
2172;2106;190;MANDRILLS BKB_190_20221019_id190.jpg;66
2305;2120;190;MANDRILLS BKB_190_20221102_id190.jpg;185
2264;2127;190;MANDRILLS BKB_190_20221109_id190.jpg;137
2977;2141;190;MANDRILLS BKB_190_20221123_id190 (2).jpg;836
3335;2141;190;MANDRILLS BKB_190_20221123_id190 (3).jpg;1194
3303;2148;190;MANDRILLS BKB_190_20221130_id190.jpg;1155
1465;1305;194;MANDRILLS BKB_194_20190822_id194_maljuv.jpg;160
1641;1340;194;MANDRILLS BKB_194_20190926_id194_maljuv.jpg;301
1717;1474;194;MANDRILLS BKB_194_20200207_id194_maljuv.jpg;243
1691;1477;194;MANDRILLS BKB_194_20200210_id194_malado.jpg;214
1705;1531;194;MANDRILLS BKB_194_20200404_id194_maljuv_(1).jpg;174
1735;1531;194;MANDRILLS BKB_194_20200404_id194_maljuv_(10).jpg;204
1746;1531;194;MANDRILLS BKB_194_20200404_id194_maljuv_(11).jpg;215
1702;1531;194;MANDRILLS BKB_194_20200404_id194_maljuv_(2).jpg;171
1835;1531;194;MANDRILLS BKB_194_20200404_id194_maljuv_(3).jpg;304
1538;1531;194;MANDRILLS BKB_194_20200404_id194_maljuv_(4).jpg;7
1678;1531;194;MANDRILLS BKB_194_20200404_id194_maljuv_(5).jpg;147
1633;1531;194;MANDRILLS BKB_194_20200404_id194_maljuv_(6).jpg;102
1815;1531;194;MANDRILLS BKB_194_20200404_id194_maljuv_(7).jpg;284
1762;1531;194;MANDRILLS BKB_194_20200404_id194_maljuv_(8).jpg;231
1760;1531;194;MANDRILLS BKB_194_20200404_id194_maljuv_(9).jpg;229
1869;1563;194;MANDRILLS BKB_194_20200506_id194_maljuv_(1).jpg;306
1893;1563;194;MANDRILLS BKB_194_20200506_id194_maljuv_(2).jpg;330
1859;1563;194;MANDRILLS BKB_194_20200506_id194_maljuv_(3).jpg;296
1315;1288;199;MANDRILLS BKB_199_20190706_id199_femadu_(1).jpg;27
1365;1288;199;MANDRILLS BKB_199_20190706_id199_femadu_(2).jpg;77
1504;1288;199;MANDRILLS BKB_199_20190706_id199_femadu_(3).jpg;216
1347;1288;199;MANDRILLS BKB_199_20190706_id199_femadu_(4).jpg;59
1303;1350;199;MANDRILLS BKB_199_20190906_id199_femadu_(1).jpg;47
1220;1350;199;MANDRILLS BKB_199_20190906_id199_femadu_(2).jpg;130
1643;1521;199;MANDRILLS BKB_199_20200224_id199_femadu.jpg;122
2042;1590;199;MANDRILLS BKB_199_20200503_id199_femadu.jpg;452
1801;1593;199;MANDRILLS BKB_199_20200506_id199_femadu_(2).jpg;208
1843;1773;199;MANDRILLS BKB_199_20201102_id199_femadu_(1).jpg;70
1847;1773;199;MANDRILLS BKB_199_20201102_id199_femadu_(2).jpg;74
1921;1773;199;MANDRILLS BKB_199_20201102_id199_femadu_(3).jpg;148
2004;1773;199;MANDRILLS BKB_199_20201102_id199_femadu_(4).jpg;231
2104;1775;199;MANDRILLS BKB_199_20201104_id199_femadu_(1).jpg;329
2119;1775;199;MANDRILLS BKB_199_20201104_id199_femadu_(2).jpg;344
1983;1775;199;MANDRILLS BKB_199_20201104_id199_femadu_(3).jpg;208
2191;1775;199;MANDRILLS BKB_199_20201104_id199_femadu_(4).jpg;416
1892;1775;199;MANDRILLS BKB_199_20201104_id199_femadu_(5).jpg;117
1959;1775;199;MANDRILLS BKB_199_20201104_id199_femadu_(6).jpg;184
2083;1775;199;MANDRILLS BKB_199_20201104_id199_femadu_(7).jpg;308
1689;1792;199;MANDRILLS BKB_199_20201121_id199_femadu_(1).jpg;103
2182;1792;199;MANDRILLS BKB_199_20201121_id199_femadu_(1b).jpg;390
2173;1792;199;MANDRILLS BKB_199_20201121_id199_femadu_(2b).jpg;381
1936;1792;199;MANDRILLS BKB_199_20201121_id199_femadu_(3).jpg;144
2199;1792;199;MANDRILLS BKB_199_20201121_id199_femadu_(4).jpg;407
1979;1796;199;MANDRILLS BKB_199_20201125_id199_femadu_(1).jpg;183
1944;1796;199;MANDRILLS BKB_199_20201125_id199_femadu_(2).jpg;148
2205;1796;199;MANDRILLS BKB_199_20201125_id199_femadu_(3).jpg;409
2464;1814;199;MANDRILLS BKB_199_20201213_id199_femadu_(1).jpg;650
2463;1814;199;MANDRILLS BKB_199_20201213_id199_femadu_(2).jpg;649
2663;1817;199;MANDRILLS BKB_199_20201216_id199_femadu_(1).jpg;846
2546;1817;199;MANDRILLS BKB_199_20201216_id199_femadu_(2).jpg;729
2386;1818;199;MANDRILLS BKB_199_20201217_id199_femadu_(1).jpg;568
2410;1818;199;MANDRILLS BKB_199_20201217_id199_femadu_(2).jpg;592
2357;1822;199;MANDRILLS BKB_199_20201221_id199_femadu.jpg;535
2304;1892;199;MANDRILLS BKB_199_20210301_id199_femadu_(1).jpg;412
96;1892;199;MANDRILLS BKB_199_20210301_id199_femadu_(2).jpg;1796
2083;1892;199;MANDRILLS BKB_199_20210301_id199_femadu_(3).jpg;191
2631;1892;199;MANDRILLS BKB_199_20210301_id199_femadu_(4).jpg;739
2258;1965;199;MANDRILLS BKB_199_20210513_id199_femadu.jpg;293
2195;2005;199;MANDRILLS BKB_199_20210622_id199_femadu_(1).jpg;190
2096;2005;199;MANDRILLS BKB_199_20210622_id199_femadu_(2).jpg;91
2229;2034;199;MANDRILLS BKB_199_20210721_id199_femadu_(1).jpg;195
2200;2034;199;MANDRILLS BKB_199_20210721_id199_femadu_(3).jpg;166
2548;2034;199;MANDRILLS BKB_199_20210721_id199_femadu_(4).jpg;514
2462;2094;199;MANDRILLS BKB_199_20210919_id199_femadu (1).jpg;368
2921;2094;199;MANDRILLS BKB_199_20210919_id199_femadu (2).jpg;827
2417;2138;199;MANDRILLS BKB_199_20211102_id199_femadu.jpg;279
2259;2147;199;MANDRILLS BKB_199_20211111_id199_femadu.jpg;112
2600;2158;199;MANDRILLS BKB_199_20211122_id199_femadu_(1).jpg;442
2237;2162;199;MANDRILLS BKB_199_20211126_id199_femadu_(1)-2.jpg;75
1921;2162;199;MANDRILLS BKB_199_20211126_id199_femadu_(1).jpg;241
2124;2162;199;MANDRILLS BKB_199_20211126_id199_femadu_(2).jpg;38
2400;2179;199;MANDRILLS BKB_199_20211213_id199_femadu.jpg;221
2298;2179;199;MANDRILLS BKB_199_20211213_id199_femadu_(2).jpg;119
2079;2229;199;MANDRILLS BKB_199_20220201_id199_femadu (1).jpg;150
2450;2229;199;MANDRILLS BKB_199_20220201_id199_femadu (2).jpg;221
2626;2229;199;MANDRILLS BKB_199_20220201_id199_femadu (3).jpg;397
2524;2229;199;MANDRILLS BKB_199_20220201_id199_femadu (4).jpg;295
2392;2234;199;MANDRILLS BKB_199_20220206_id199_femadu (1).jpg;158
2379;2234;199;MANDRILLS BKB_199_20220206_id199_femadu (2).jpg;145
3138;2278;199;MANDRILLS BKB_199_20220322_id199_femadu.jpg;860
2773;2282;199;MANDRILLS BKB_199_20220326_id199_femadu (3).jpg;491
2161;2282;199;MANDRILLS BKB_199_20220326_id199_femadu (4).jpg;121
2278;2283;199;MANDRILLS BKB_199_20220327_id199_femadu (1).jpg;5
2164;2283;199;MANDRILLS BKB_199_20220327_id199_femadu (2).jpg;119
2291;2283;199;MANDRILLS BKB_199_20220327_id199_femadu (3).jpg;8
2391;2286;199;MANDRILLS BKB_199_20220330_id199_femadu (1).jpg;105
2445;2286;199;MANDRILLS BKB_199_20220330_id199_femadu (2).jpg;159
2311;2305;199;MANDRILLS BKB_199_20220418_id199_femadu (1).jpg;6
2969;2305;199;MANDRILLS BKB_199_20220418_id199_femadu (2).jpg;664
2106;2305;199;MANDRILLS BKB_199_20220418_id199_femadu (3).jpg;199
2321;2314;199;MANDRILLS BKB_199_20220427_id199_femadu (1).jpg;7
2518;2314;199;MANDRILLS BKB_199_20220427_id199_femadu (2).jpg;204
2242;2333;199;MANDRILLS BKB_199_20220516_id199_femadu.jpg;91
2928;2341;199;MANDRILLS BKB_199_20220524_id199_femadu (1).jpg;587
2325;2341;199;MANDRILLS BKB_199_20220524_id199_femadu (2).jpg;16
2185;2349;199;MANDRILLS BKB_199_20220601_id199_femadu.jpg;164
2453;2371;199;MANDRILLS BKB_199_20220623_id199_femadu.jpg;82
2817;2377;199;MANDRILLS BKB_199_20220629_id199 (1).jpg;440
2605;2377;199;MANDRILLS BKB_199_20220629_id199 (2).jpg;228
2393;2377;199;MANDRILLS BKB_199_20220629_id199 (3).jpg;16
3173;2377;199;MANDRILLS BKB_199_20220629_id199.jpg;796
2326;2379;199;MANDRILLS BKB_199_20220701_id199 (3).jpg;53
3310;2379;199;MANDRILLS BKB_199_20220701_id199.jpg;931
3171;2384;199;MANDRILLS BKB_199_20220706_id199.jpg;787
2279;2392;199;MANDRILLS BKB_199_20220714_id199_femadu (1).jpg;113
2563;2392;199;MANDRILLS BKB_199_20220714_id199_femadu (2).jpg;171
2433;2397;199;MANDRILLS BKB_199_20220719_id199 (2).jpg;36
2402;2397;199;MANDRILLS BKB_199_20220719_id199.jpg;5
3335;2421;199;MANDRILLS BKB_199_20220812_id199 (1).jpg;914
3110;2421;199;MANDRILLS BKB_199_20220812_id199 (2).jpg;689
2503;2421;199;MANDRILLS BKB_199_20220812_id199.jpg;82
2470;2427;199;MANDRILLS BKB_199_20220818_id199.jpg;43
2434;2460;199;MANDRILLS BKB_199_20220920_id199.jpg;26
2472;2475;199;MANDRILLS BKB_199_20221005_id199 (2).jpg;3
2221;2475;199;MANDRILLS BKB_199_20221005_id199.jpg;254
2534;2492;199;MANDRILLS BKB_199_20221022_id199 (1).jpg;42
2457;2492;199;MANDRILLS BKB_199_20221022_id199 (2).jpg;35
2383;2517;199;MANDRILLS BKB_199_20221116_id199 (1).jpg;134
2552;2517;199;MANDRILLS BKB_199_20221116_id199 (2).jpg;35
2534;2517;199;MANDRILLS BKB_199_20221116_id199 (3).jpg;17
1957;2524;199;MANDRILLS BKB_199_20221123_id199 (1).jpg;567
2645;2524;199;MANDRILLS BKB_199_20221123_id199 (2).jpg;121
2620;2531;199;MANDRILLS BKB_199_20221130_id199 (2).jpg;89
2343;2531;199;MANDRILLS BKB_199_20221130_id199 (3).jpg;188
2265;2540;199;MANDRILLS BKB_199_20221209_id199 (2).jpg;275
3473;2541;199;MANDRILLS BKB_199_20221210_id199.jpg;932
2280;2542;199;MANDRILLS BKB_199_20221211_id199 (2).jpg;262
2006;2542;199;MANDRILLS BKB_199_20221211_id199.jpg;536
2597;2545;199;MANDRILLS BKB_199_20221214_id199 (2).jpg;52
2538;2545;199;MANDRILLS BKB_199_20221214_id199.jpg;7
2287;2549;199;MANDRILLS BKB_199_20221218_id199 (2).jpg;262
2098;2549;199;MANDRILLS BKB_199_20221218_id199 (3).jpg;451
2321;2549;199;MANDRILLS BKB_199_20221218_id199.jpg;228
1489;1617;207;MANDRILLS BKB_207_20190717_id931_femadu_(1).jpg;128
1646;1617;207;MANDRILLS BKB_207_20190717_id931_femadu_(2).jpg;29
1489;1653;207;MANDRILLS BKB_207_20190822_id931_femadu_(1).jpg;164
1406;1653;207;MANDRILLS BKB_207_20190822_id931_femadu_(2).jpg;247
1532;1653;207;MANDRILLS BKB_207_20190822_id931_femadu_(4).jpg;121
1363;1653;207;MANDRILLS BKB_207_20190822_id931_femadu_(7).jpg;290
1610;1666;207;MANDRILLS BKB_207_20190904_id931_femadu_MILIEU_(1).jpg;56
1463;1666;207;MANDRILLS BKB_207_20190904_id931_femadu_MILIEU_(12).jpg;203
1545;1666;207;MANDRILLS BKB_207_20190904_id931_femadu_MILIEU_(14).jpg;121
1515;1666;207;MANDRILLS BKB_207_20190904_id931_femadu_MILIEU_(15).jpg;151
1560;1666;207;MANDRILLS BKB_207_20190904_id931_femadu_MILIEU_(16).jpg;106
1316;1666;207;MANDRILLS BKB_207_20190904_id931_femadu_MILIEU_(17).jpg;350
1685;1666;207;MANDRILLS BKB_207_20190904_id931_femadu_MILIEU_(18).jpg;19
1508;1666;207;MANDRILLS BKB_207_20190904_id931_femadu_MILIEU_(2).jpg;158
1650;1666;207;MANDRILLS BKB_207_20190904_id931_femadu_MILIEU_(3).jpg;16
1309;1666;207;MANDRILLS BKB_207_20190904_id931_femadu_MILIEU_(30).jpg;357
1179;1666;207;MANDRILLS BKB_207_20190904_id931_femadu_MILIEU_(31).jpg;487
1462;1666;207;MANDRILLS BKB_207_20190904_id931_femadu_MILIEU_(32).jpg;204
1542;1666;207;MANDRILLS BKB_207_20190904_id931_femadu_MILIEU_(33).jpg;124
1502;1666;207;MANDRILLS BKB_207_20190904_id931_femadu_MILIEU_(34).jpg;164
1358;1666;207;MANDRILLS BKB_207_20190904_id931_femadu_MILIEU_(35).jpg;308
1356;1666;207;MANDRILLS BKB_207_20190904_id931_femadu_MILIEU_(36).jpg;310
1351;1666;207;MANDRILLS BKB_207_20190904_id931_femadu_MILIEU_(37).jpg;315
1802;1666;207;MANDRILLS BKB_207_20190904_id931_femadu_MILIEU_(38).jpg;136
1610;1666;207;MANDRILLS BKB_207_20190904_id931_femadu_MILIEU_(4).jpg;56
1613;1666;207;MANDRILLS BKB_207_20190904_id931_femadu_MILIEU_(5).jpg;53
1393;1666;207;MANDRILLS BKB_207_20190904_id931_femadu_MILIEU_(7).jpg;273
1492;1666;207;MANDRILLS BKB_207_20190904_id931_femadu_MILIEU_(9).jpg;174
1215;1687;207;MANDRILLS BKB_207_20190925_id931_femadu_GAUCHE_(1).jpg;472
1156;1687;207;MANDRILLS BKB_207_20190925_id931_femadu_GAUCHE_(3).jpg;531
1180;1687;207;MANDRILLS BKB_207_20190925_id931_femadu_GAUCHE_(4).jpg;507
1503;1687;207;MANDRILLS BKB_207_20190925_id931_femadu_GAUCHE_(5).jpg;184
1603;1688;207;MANDRILLS BKB_207_20190926_id931_femadu.jpg;85
1918;1911;207;MANDRILLS BKB_207_20200506_id207_femadu_(1).jpg;7
1749;1911;207;MANDRILLS BKB_207_20200506_id207_femadu_(2).jpg;162
1701;1911;207;MANDRILLS BKB_207_20200506_id207_femadu_(3).jpg;210
1842;1911;207;MANDRILLS BKB_207_20200506_id207_femadu_(4).jpg;69
1787;1911;207;MANDRILLS BKB_207_20200506_id207_femadu_(5).jpg;124
1913;1911;207;MANDRILLS BKB_207_20200506_id207_femadu_(6).jpg;2
1670;1911;207;MANDRILLS BKB_207_20200506_id931_femadu.jpg;241
1719;2076;207;MANDRILLS BKB_207_20201018_id207_femadu.jpg;357
1755;2080;207;MANDRILLS BKB_207_20201022_id207_femadu.jpg;325
2152;2154;207;MANDRILLS BKB_207_20210104_id207_femadu_(1).jpg;2
2068;2154;207;MANDRILLS BKB_207_20210104_id207_femadu_(2).jpg;86
1839;2179;207;MANDRILLS BKB_207_20210129_id207_femadu_(1).jpg;340
1675;2179;207;MANDRILLS BKB_207_20210129_id207_femadu_(2).jpg;504
1900;2179;207;MANDRILLS BKB_207_20210129_id207_femadu_(3).jpg;279
1751;2179;207;MANDRILLS BKB_207_20210129_id207_femadu_(4).jpg;428
1984;2179;207;MANDRILLS BKB_207_20210129_id207_femadu_(5).jpg;195
1970;2179;207;MANDRILLS BKB_207_20210129_id207_femadu_(6).jpg;209
1946;2179;207;MANDRILLS BKB_207_20210129_id207_femadu_(7).jpg;233
2155;2179;207;MANDRILLS BKB_207_20210129_id207_femadu_(8).jpg;24
1795;2184;207;MANDRILLS BKB_207_20210203_id207_femadu.jpg;389
2005;2250;207;MANDRILLS BKB_207_20210410_id207_femadu_(1).jpg;245
1969;2250;207;MANDRILLS BKB_207_20210410_id207_femadu_(2).jpg;281
2156;2250;207;MANDRILLS BKB_207_20210410_id207_femadu_(3).jpg;94
1791;2250;207;MANDRILLS BKB_207_20210410_id207_femadu_(4).jpg;459
1863;2330;207;MANDRILLS BKB_207_20210629_id207_femadu.jpg;467
1692;2402;207;MANDRILLS BKB_207_20210909_id207_femadu (1).jpg;710
1884;2402;207;MANDRILLS BKB_207_20210909_id207_femadu (2).jpg;518
2271;2412;207;MANDRILLS BKB_207_20210919_id207_femadu.jpg;141
1709;2415;207;MANDRILLS BKB_207_20210922_id207_femadu.jpg;706
2083;2443;207;MANDRILLS BKB_207_20211020_id207_femadu_(2).jpg;360
1983;2456;207;MANDRILLS BKB_207_20211102_id207_femadu_(2).jpg;473
2253;2460;207;MANDRILLS BKB_207_20211106_id207_femadu_(1).jpg;207
2224;2460;207;MANDRILLS BKB_207_20211106_id207_femadu_(2).jpg;236
2051;2460;207;MANDRILLS BKB_207_20211106_id207_femadu_(3).jpg;409
2154;2460;207;MANDRILLS BKB_207_20211106_id207_femadu_(4).jpg;306
2085;2460;207;MANDRILLS BKB_207_20211106_id207_femadu_(5).jpg;375
1953;2462;207;MANDRILLS BKB_207_20211108_id207_femadu_(1).jpg;509
2025;2462;207;MANDRILLS BKB_207_20211108_id207_femadu_(2).jpg;437
1867;2465;207;MANDRILLS BKB_207_20211111_id207_femadu_(1).jpg;598
2190;2465;207;MANDRILLS BKB_207_20211111_id207_femadu_(2).jpg;275
2402;2469;207;MANDRILLS BKB_207_20211115_id207_femadu.jpg;67
2993;2476;207;MANDRILLS BKB_207_20211122_id207_femadu_(1).jpg;517
1957;2476;207;MANDRILLS BKB_207_20211122_id207_femadu_(2).jpg;519
2098;2488;207;MANDRILLS BKB_207_20211204_id207_femadu_(1).jpg;390
2298;2488;207;MANDRILLS BKB_207_20211204_id207_femadu_(2).jpg;190
2285;2497;207;MANDRILLS BKB_207_20211213_id207_femadu.jpg;212
2167;2501;207;MANDRILLS BKB_207_20211217_id207_femadu_(1).jpg;334
2107;2501;207;MANDRILLS BKB_207_20211217_id207_femadu_(2).jpg;394
2268;2501;207;MANDRILLS BKB_207_20211217_id207_femadu_(3).jpg;233
2229;2504;207;MANDRILLS BKB_207_20211220_ID207_femadu.jpg;275
2215;2505;207;MANDRILLS BKB_207_20211221_ID207_femadu.jpg;290
2147;2547;207;MANDRILLS BKB_207_20220201_id207_femadu (2).jpg;400
2256;2547;207;MANDRILLS BKB_207_20220201_id207_femadu (3).jpg;291
2280;2547;207;MANDRILLS BKB_207_20220201_id207_femadu.jpg;267
2800;2559;207;MANDRILLS BKB_207_20220213_id207_femadu (1).jpg;241
3099;2559;207;MANDRILLS BKB_207_20220213_id207_femadu (2).jpg;540
2199;2562;207;MANDRILLS BKB_207_20220216_id207_femadu (1).jpg;363
2063;2562;207;MANDRILLS BKB_207_20220216_id207_femadu (2).jpg;499
2306;2569;207;MANDRILLS BKB_207_20220223_id207_feladu.jpg;263
2769;2604;207;MANDRILLS BKB_207_20220330_id207_femadu (1).jpg;165
2960;2604;207;MANDRILLS BKB_207_20220330_id207_femadu (2).jpg;356
2051;2631;207;MANDRILLS BKB_207_20220426_id207_femadu (1).jpg;580
2895;2631;207;MANDRILLS BKB_207_20220426_id207_femadu (2).jpg;264
2370;2631;207;MANDRILLS BKB_207_20220426_id207_femadu (3).jpg;261
1730;2652;207;MANDRILLS BKB_207_20220517_id207_femadu (1).jpg;922
2290;2652;207;MANDRILLS BKB_207_20220517_id207_femadu (2).jpg;362
2288;2653;207;MANDRILLS BKB_207_20220518_id207_femadu.jpg;365
2927;2659;207;MANDRILLS BKB_207_20220524_id207_femadu.jpg;268
1765;2669;207;MANDRILLS BKB_207_20220603_id207_femadu (1).jpg;904
1973;2669;207;MANDRILLS BKB_207_20220603_id207_femadu (3).jpg;696
2321;2669;207;MANDRILLS BKB_207_20220603_id207_femadu (4).jpg;348
2155;2669;207;MANDRILLS BKB_207_20220603_id207_femadu.jpg;514
2301;2673;207;MANDRILLS BKB_207_20220607_id207_femadu.jpg;372
2190;2683;207;MANDRILLS BKB_207_20220617_id207_femadu.jpg;493
2084;2687;207;MANDRILLS BKB_207_20220621_id207_femadu (1).jpg;603
2282;2687;207;MANDRILLS BKB_207_20220621_id207_femadu (2).jpg;405
2030;2687;207;MANDRILLS BKB_207_20220621_id207_femadu (3).jpg;657
2074;2697;207;MANDRILLS BKB_207_20220701_id207 (2).jpg;623
2051;2697;207;MANDRILLS BKB_207_20220701_id207.jpg;646
2514;2702;207;MANDRILLS BKB_207_20220706_id207 (2).jpg;188
2560;2702;207;MANDRILLS BKB_207_20220706_id207 (3).jpg;142
2286;2702;207;MANDRILLS BKB_207_20220706_id207.jpg;416
2168;2707;207;MANDRILLS BKB_207_20220711_id207 (2).jpg;539
2367;2707;207;MANDRILLS BKB_207_20220711_id207 (3).jpg;340
2226;2707;207;MANDRILLS BKB_207_20220711_id207.jpg;481
3257;2709;207;MANDRILLS BKB_207_20220713_id207 (1).jpg;548
2375;2709;207;MANDRILLS BKB_207_20220713_id207 (2).jpg;334
2364;2710;207;MANDRILLS BKB_207_20220714_id207.jpg;346
2323;2710;207;MANDRILLS BKB_207_20220714_id207_femadu.jpg;387
2337;2713;207;MANDRILLS BKB_207_20220717_id207 (1).jpg;376
2961;2713;207;MANDRILLS BKB_207_20220717_id207 (2).jpg;248
2375;2724;207;MANDRILLS BKB_207_20220728_id207.jpg;349
1864;2731;207;MANDRILLS BKB_207_20220804_id207 (1).jpg;867
2830;2731;207;MANDRILLS BKB_207_20220804_id207 (2).jpg;99
2338;2732;207;MANDRILLS BKB_207_20220805_id207 (1).jpg;394
2166;2732;207;MANDRILLS BKB_207_20220805_id207 (2).jpg;566
2180;2732;207;MANDRILLS BKB_207_20220805_id207 (3).jpg;552
2512;2739;207;MANDRILLS BKB_207_20220812_id207 (1).jpg;227
2933;2739;207;MANDRILLS BKB_207_20220812_id207 (2).jpg;194
2261;2739;207;MANDRILLS BKB_207_20220812_id207.jpg;478
3091;2742;207;MANDRILLS BKB_207_20220815_id207.jpg;349
2955;2784;207;MANDRILLS BKB_207_20220926_id207.jpg;171
2201;2793;207;MANDRILLS BKB_207_20221005_id207 (1).jpg;592
2674;2793;207;MANDRILLS BKB_207_20221005_id207 (2).jpg;119
2528;2815;207;MANDRILLS BKB_207_20221027_id207.jpg;287
1973;2828;207;MANDRILLS BKB_207_20221109_id207.jpg;855
2282;2833;207;MANDRILLS BKB_207_20221114_id207.jpg;551
3034;2836;207;MANDRILLS BKB_207_20221117_id207 (1).jpg;198
2436;2836;207;MANDRILLS BKB_207_20221117_id207 (3).jpg;400
2268;2858;207;MANDRILLS BKB_207_20221209_id207 (1).jpg;590
2052;2858;207;MANDRILLS BKB_207_20221209_id207 (3).jpg;806
2025;2863;207;MANDRILLS BKB_207_20221214_id207.jpg;838
1783;2876;207;MANDRILLS BKB_207_20221227_id207.jpg;1093
310;339;208;MANDRILLS BKB_208_20151202_id948_feminf_(1)_ORIGINAL.jpg;29
338;339;208;MANDRILLS BKB_208_20151202_id948_feminf_(2)_ORIGINAL.jpg;1
347;339;208;MANDRILLS BKB_208_20151202_id948_feminf_(3)_ORIGINAL.jpg;8
405;339;208;MANDRILLS BKB_208_20151202_id948_feminf_(4)_ORIGINAL.jpg;66
525;339;208;MANDRILLS BKB_208_20151202_id948_feminf_(5)_ORIGINAL.jpg;186
755;564;208;MANDRILLS BKB_208_20160714_id948_femjuv_(1)_ORIGINAL.jpg;191
610;564;208;MANDRILLS BKB_208_20160714_id948_femjuv_(2)_ORIGINAL.jpg;46
730;564;208;MANDRILLS BKB_208_20160714_id948_femjuv_(3)_ORIGINAL.jpg;166
608;564;208;MANDRILLS BKB_208_20160714_id948_femjuv_(4)_ORIGINAL.jpg;44
728;646;208;MANDRILLS BKB_208_20161004_id948_femjuv_ORIGINAL.jpg;82
1329;1192;208;MANDRILLS BKB_208_20180403_id948_femjuv_(1)_ORIGINAL.jpg;137
1465;1192;208;MANDRILLS BKB_208_20180403_id948_femjuv_(3)_ORIGINAL.jpg;273
1303;1224;208;MANDRILLS BKB_208_20180505_id948_femjuv_(1)_ORIGINAL.jpg;79
1488;1224;208;MANDRILLS BKB_208_20180505_id948_femjuv_(2)_ORIGINAL.jpg;264
1392;1256;208;MANDRILLS BKB_208_20180606_id948_femjuv_(1)_ORIGINAL.jpg;136
1428;1266;208;MANDRILLS BKB_208_20180616_id948_femjuv_(1)_ORIGINAL.jpg;162
1466;1266;208;MANDRILLS BKB_208_20180616_id948_femjuv_(11)_ORIGINAL.jpg;200
1432;1266;208;MANDRILLS BKB_208_20180616_id948_femjuv_(12)_ORIGINAL.jpg;166
1516;1266;208;MANDRILLS BKB_208_20180616_id948_femjuv_(13)_ORIGINAL.jpg;250
1270;1266;208;MANDRILLS BKB_208_20180616_id948_femjuv_(14)_ORIGINAL.jpg;4
1751;1266;208;MANDRILLS BKB_208_20180616_id948_femjuv_(15)_ORIGINAL.jpg;485
1452;1266;208;MANDRILLS BKB_208_20180616_id948_femjuv_(16)_ORIGINAL.jpg;186
1413;1266;208;MANDRILLS BKB_208_20180616_id948_femjuv_(4)_ORIGINAL.jpg;147
1505;1266;208;MANDRILLS BKB_208_20180616_id948_femjuv_(5)_ORIGINAL.jpg;239
1407;1266;208;MANDRILLS BKB_208_20180616_id948_femjuv_(7)_ORIGINAL.jpg;141
1467;1266;208;MANDRILLS BKB_208_20180616_id948_femjuv_(8)_ORIGINAL.jpg;201
1456;1269;208;MANDRILLS BKB_208_20180619_id948_femjuv_(1)_ORIGINAL.jpg;187
1397;1269;208;MANDRILLS BKB_208_20180619_id948_femjuv_(10)_ORIGINAL.jpg;128
1298;1269;208;MANDRILLS BKB_208_20180619_id948_femjuv_(11)_ORIGINAL.jpg;29
1307;1269;208;MANDRILLS BKB_208_20180619_id948_femjuv_(12)_ORIGINAL.jpg;38
1361;1269;208;MANDRILLS BKB_208_20180619_id948_femjuv_(13)_ORIGINAL.jpg;92
1348;1269;208;MANDRILLS BKB_208_20180619_id948_femjuv_(14)_ORIGINAL.jpg;79
1272;1269;208;MANDRILLS BKB_208_20180619_id948_femjuv_(15)_ORIGINAL.jpg;3
1386;1269;208;MANDRILLS BKB_208_20180619_id948_femjuv_(16)_ORIGINAL.jpg;117
1406;1269;208;MANDRILLS BKB_208_20180619_id948_femjuv_(17)_ORIGINAL.jpg;137
1212;1269;208;MANDRILLS BKB_208_20180619_id948_femjuv_(18)_ORIGINAL.jpg;57
1234;1269;208;MANDRILLS BKB_208_20180619_id948_femjuv_(19)_ORIGINAL.jpg;35
1398;1269;208;MANDRILLS BKB_208_20180619_id948_femjuv_(2)_ORIGINAL.jpg;129
1258;1269;208;MANDRILLS BKB_208_20180619_id948_femjuv_(20)_ORIGINAL.jpg;11
1295;1269;208;MANDRILLS BKB_208_20180619_id948_femjuv_(21)_ORIGINAL.jpg;26
1302;1269;208;MANDRILLS BKB_208_20180619_id948_femjuv_(22)_ORIGINAL.jpg;33
1409;1269;208;MANDRILLS BKB_208_20180619_id948_femjuv_(23)_ORIGINAL.jpg;140
1296;1269;208;MANDRILLS BKB_208_20180619_id948_femjuv_(24)_ORIGINAL.jpg;27
1338;1269;208;MANDRILLS BKB_208_20180619_id948_femjuv_(25)_ORIGINAL.jpg;69
1344;1269;208;MANDRILLS BKB_208_20180619_id948_femjuv_(26)_ORIGINAL.jpg;75
1405;1269;208;MANDRILLS BKB_208_20180619_id948_femjuv_(27)_ORIGINAL.jpg;136
1380;1269;208;MANDRILLS BKB_208_20180619_id948_femjuv_(28)_ORIGINAL.jpg;111
1541;1269;208;MANDRILLS BKB_208_20180619_id948_femjuv_(29)_ORIGINAL.jpg;272
1363;1269;208;MANDRILLS BKB_208_20180619_id948_femjuv_(3)_ORIGINAL.jpg;94
1362;1269;208;MANDRILLS BKB_208_20180619_id948_femjuv_(4)_ORIGINAL.jpg;93
1373;1269;208;MANDRILLS BKB_208_20180619_id948_femjuv_(5)_ORIGINAL.jpg;104
1357;1269;208;MANDRILLS BKB_208_20180619_id948_femjuv_(6)_ORIGINAL.jpg;88
1362;1269;208;MANDRILLS BKB_208_20180619_id948_femjuv_(7)_ORIGINAL.jpg;93
1343;1269;208;MANDRILLS BKB_208_20180619_id948_femjuv_(8)_ORIGINAL.jpg;74
1398;1269;208;MANDRILLS BKB_208_20180619_id948_femjuv_(9)_ORIGINAL.jpg;129
1416;1306;208;MANDRILLS BKB_208_20180726_id948_femjuvDROITE_(1)_ORIGINAL.jpg;110
1360;1306;208;MANDRILLS BKB_208_20180726_id948_femjuvDROITE_(2)_ORIGINAL.jpg;54
1464;1306;208;MANDRILLS BKB_208_20180726_id948_femjuvDROITE_(3)_ORIGINAL.jpg;158
1353;1306;208;MANDRILLS BKB_208_20180726_id948_femjuvDROITE_(4)_ORIGINAL.jpg;47
1315;1306;208;MANDRILLS BKB_208_20180726_id948_femjuvDROITE_(5)_ORIGINAL.jpg;9
1597;1306;208;MANDRILLS BKB_208_20180726_id948_femjuv_(2)_ORIGINAL.jpg;291
1488;1306;208;MANDRILLS BKB_208_20180726_id948_femjuv_(4)_ORIGINAL.jpg;182
1499;1306;208;MANDRILLS BKB_208_20180726_id948_femjuv_(5)_ORIGINAL.jpg;193
1400;1306;208;MANDRILLS BKB_208_20180726_id948_femjuv_(6)_ORIGINAL.jpg;94
1419;1306;208;MANDRILLS BKB_208_20180726_id948_femjuv_(7)_ORIGINAL.jpg;113
1454;1306;208;MANDRILLS BKB_208_20180726_id948_femjuv_(8)_ORIGINAL.jpg;148
1627;1346;208;MANDRILLS BKB_208_20180904_id948_femjuv_(1)_ORIGINAL.jpg;281
1527;1346;208;MANDRILLS BKB_208_20180904_id948_femjuv_(10)_ORIGINAL.jpg;181
1373;1346;208;MANDRILLS BKB_208_20180904_id948_femjuv_(11)_ORIGINAL.jpg;27
1454;1346;208;MANDRILLS BKB_208_20180904_id948_femjuv_(12)_ORIGINAL.jpg;108
1375;1346;208;MANDRILLS BKB_208_20180904_id948_femjuv_(13)_ORIGINAL.jpg;29
1417;1346;208;MANDRILLS BKB_208_20180904_id948_femjuv_(14)_ORIGINAL.jpg;71
1447;1346;208;MANDRILLS BKB_208_20180904_id948_femjuv_(2)_ORIGINAL.jpg;101
1371;1346;208;MANDRILLS BKB_208_20180904_id948_femjuv_(3)_ORIGINAL.jpg;25
1314;1346;208;MANDRILLS BKB_208_20180904_id948_femjuv_(4)_ORIGINAL.jpg;32
1480;1346;208;MANDRILLS BKB_208_20180904_id948_femjuv_(5)_ORIGINAL.jpg;134
1410;1346;208;MANDRILLS BKB_208_20180904_id948_femjuv_(6)_ORIGINAL.jpg;64
1404;1346;208;MANDRILLS BKB_208_20180904_id948_femjuv_(7)_ORIGINAL.jpg;58
1431;1346;208;MANDRILLS BKB_208_20180904_id948_femjuv_(8)_ORIGINAL.jpg;85
1492;1346;208;MANDRILLS BKB_208_20180904_id948_femjuv_(9)_ORIGINAL.jpg;146
1807;1542;208;MANDRILLS BKB_208_20190319_id948_femadu.jpg;265
1868;1619;208;MANDRILLS BKB_208_20190604_id948_femadu_(1).jpg;249
1918;1619;208;MANDRILLS BKB_208_20190604_id948_femadu_(2).jpg;299
1788;1619;208;MANDRILLS BKB_208_20190604_id948_femadu_(3).jpg;169
1725;1619;208;MANDRILLS BKB_208_20190604_id948_femadu_(4).jpg;106
1707;1619;208;MANDRILLS BKB_208_20190604_id948_femadu_(5).jpg;88
2044;1619;208;MANDRILLS BKB_208_20190604_id948_femadu_(6).jpg;425
1959;1619;208;MANDRILLS BKB_208_20190604_id948_femadu_(7).jpg;340
2109;1619;208;MANDRILLS BKB_208_20190604_id948_femadu_(8).jpg;490
1824;1619;208;MANDRILLS BKB_208_20190604_id948_femadu_(9).jpg;205
1839;1633;208;MANDRILLS BKB_208_20190618_id948_femadu.jpg;206
1741;1651;208;MANDRILLS BKB_208_20190706_id948_femadu_(2).jpg;90
1789;1651;208;MANDRILLS BKB_208_20190706_id948_femadu_(3).jpg;138
1862;1711;208;MANDRILLS BKB_208_20190904_id948_femadu_(1).jpg;151
1981;1711;208;MANDRILLS BKB_208_20190904_id948_femadu_(2).jpg;270
1808;1711;208;MANDRILLS BKB_208_20190904_id948_femadu_(3).jpg;97
1847;1711;208;MANDRILLS BKB_208_20190904_id948_femadu_(4).jpg;136
2247;1870;208;MANDRILLS BKB_208_20200210_id948_femadu_(1).jpg;377
2163;1870;208;MANDRILLS BKB_208_20200210_id948_femadu_(2).jpg;293
2052;1882;208;MANDRILLS BKB_208_20200222_id948_femadu_(1).jpg;170
2212;1882;208;MANDRILLS BKB_208_20200222_id948_femadu_(2).jpg;330
2152;1882;208;MANDRILLS BKB_208_20200222_id948_femadu_(3).jpg;270
2108;1899;208;MANDRILLS BKB_208_20200310_id948_femadu.jpg;209
2226;1909;208;MANDRILLS BKB_208_20200320_id948_femadu.jpg;317
2008;1956;208;MANDRILLS BKB_208_20200506_id208_femadu.jpg;52
2148;1956;208;MANDRILLS BKB_208_20200506_id948_femadu_(1).jpg;192
2134;1956;208;MANDRILLS BKB_208_20200506_id948_femadu_(2).jpg;178
2332;2118;208;MANDRILLS BKB_208_20201015_id208_femadu.jpg;214
2039;2121;208;MANDRILLS BKB_208_20201018_id208_femadu_(1).jpg;82
2253;2121;208;MANDRILLS BKB_208_20201018_id208_femadu_(2).jpg;132
1983;2121;208;MANDRILLS BKB_208_20201018_id208_femadu_(3).jpg;138
2283;2121;208;MANDRILLS BKB_208_20201018_id208_femadu_(4).jpg;162
2037;2121;208;MANDRILLS BKB_208_20201018_id208_femadu_(5).jpg;84
2327;2159;208;MANDRILLS BKB_208_20201125_id208_femadu_(1).jpg;168
2353;2159;208;MANDRILLS BKB_208_20201125_id208_femadu_(2).jpg;194
2228;2159;208;MANDRILLS BKB_208_20201125_id208_femadu_(3).jpg;69
2170;2159;208;MANDRILLS BKB_208_20201125_id208_femadu_(4).jpg;11
2353;2159;208;MANDRILLS BKB_208_20201125_id208_femadu_(5).jpg;194
2396;2180;208;MANDRILLS BKB_208_20201216_id208_femadu_(1).jpg;216
2480;2180;208;MANDRILLS BKB_208_20201216_id208_femadu_(2).jpg;300
2254;2180;208;MANDRILLS BKB_208_20201216_id208_femadu_(3).jpg;74
2372;2182;208;MANDRILLS BKB_208_20201218_id208_femadu_(1).jpg;190
2392;2182;208;MANDRILLS BKB_208_20201218_id208_femadu_(2).jpg;210
2683;2185;208;MANDRILLS BKB_208_20201221_id208_femadu.jpg;498
2286;2186;208;MANDRILLS BKB_208_20201222_id208_femadu_(1).jpg;100
2414;2186;208;MANDRILLS BKB_208_20201222_id208_femadu_(2).jpg;228
2464;2201;208;MANDRILLS BKB_208_20210106_id208_femadu_(1).jpg;263
2444;2201;208;MANDRILLS BKB_208_20210106_id208_femadu_(2).jpg;243
2332;2201;208;MANDRILLS BKB_208_20210106_id208_femadu_(3).jpg;131
2576;2201;208;MANDRILLS BKB_208_20210106_id208_femadu_(4).jpg;375
2283;2229;208;MANDRILLS BKB_208_20210203_id208_femadu.jpg;54
2339;2240;208;MANDRILLS BKB_208_20210214_id208_femadu.jpg;99
2884;2342;208;MANDRILLS BKB_208_20210527_id208_femadu_(1).jpg;542
2865;2342;208;MANDRILLS BKB_208_20210527_id208_femadu_(2).jpg;523
2826;2342;208;MANDRILLS BKB_208_20210527_id208_femadu_(3).jpg;484
2845;2342;208;MANDRILLS BKB_208_20210527_id208_femadu_(4).jpg;503
2860;2342;208;MANDRILLS BKB_208_20210527_id208_femadu_(5).jpg;518
2460;2342;208;MANDRILLS BKB_208_20210527_id208_femadu_(6).jpg;118
2548;2342;208;MANDRILLS BKB_208_20210527_id208_femadu_(7).jpg;206
1230;1113;212;MANDRILLS BKB_212_20190319_id1029_femjuv_(1).jpg;117
1413;1113;212;MANDRILLS BKB_212_20190319_id1029_femjuv_(10).jpg;300
1387;1113;212;MANDRILLS BKB_212_20190319_id1029_femjuv_(11).jpg;274
1346;1113;212;MANDRILLS BKB_212_20190319_id1029_femjuv_(12).jpg;233
1242;1113;212;MANDRILLS BKB_212_20190319_id1029_femjuv_(13).jpg;129
1335;1113;212;MANDRILLS BKB_212_20190319_id1029_femjuv_(14).jpg;222
1310;1113;212;MANDRILLS BKB_212_20190319_id1029_femjuv_(15).jpg;197
1251;1113;212;MANDRILLS BKB_212_20190319_id1029_femjuv_(16).jpg;138
1247;1113;212;MANDRILLS BKB_212_20190319_id1029_femjuv_(17).jpg;134
1298;1113;212;MANDRILLS BKB_212_20190319_id1029_femjuv_(18).jpg;185
1273;1113;212;MANDRILLS BKB_212_20190319_id1029_femjuv_(19).jpg;160
1153;1113;212;MANDRILLS BKB_212_20190319_id1029_femjuv_(2).jpg;40
1343;1113;212;MANDRILLS BKB_212_20190319_id1029_femjuv_(20).jpg;230
1189;1113;212;MANDRILLS BKB_212_20190319_id1029_femjuv_(3).jpg;76
1172;1113;212;MANDRILLS BKB_212_20190319_id1029_femjuv_(4).jpg;59
1261;1113;212;MANDRILLS BKB_212_20190319_id1029_femjuv_(5).jpg;148
1330;1113;212;MANDRILLS BKB_212_20190319_id1029_femjuv_(6).jpg;217
1320;1113;212;MANDRILLS BKB_212_20190319_id1029_femjuv_(7).jpg;207
1385;1113;212;MANDRILLS BKB_212_20190319_id1029_femjuv_(8).jpg;272
1338;1113;212;MANDRILLS BKB_212_20190319_id1029_femjuv_(9).jpg;225
1284;1113;212;MANDRILLS BKB_212_20190319_id1029_femjuv_GAUCHE_(1).jpg;171
1274;1113;212;MANDRILLS BKB_212_20190319_id1029_femjuv_GAUCHE_(2).jpg;161
1657;1113;212;MANDRILLS BKB_212_20190319_id1029_femjuv_GAUCHE_(3).jpg;544
1245;1113;212;MANDRILLS BKB_212_20190319_id1029_femjuv_GAUCHE_(5).jpg;132
1183;1113;212;MANDRILLS BKB_212_20190319_id1029_femjuv_GAUCHE_(6).jpg;70
1219;1113;212;MANDRILLS BKB_212_20190319_id1029_femjuv_GAUCHE_(7).jpg;106
1346;1113;212;MANDRILLS BKB_212_20190319_id1029_femjuv_GAUCHE_(8).jpg;233
1262;1284;212;MANDRILLS BKB_212_20190906_id1029_femjuv_(1).jpg;22
1399;1284;212;MANDRILLS BKB_212_20190906_id1029_femjuv_(13).jpg;115
1376;1284;212;MANDRILLS BKB_212_20190906_id1029_femjuv_(14).jpg;92
1320;1284;212;MANDRILLS BKB_212_20190906_id1029_femjuv_(15).jpg;36
1290;1284;212;MANDRILLS BKB_212_20190906_id1029_femjuv_(16).jpg;6
1531;1284;212;MANDRILLS BKB_212_20190906_id1029_femjuv_(2).jpg;247
1380;1284;212;MANDRILLS BKB_212_20190906_id1029_femjuv_(3).jpg;96
1426;1284;212;MANDRILLS BKB_212_20190906_id1029_femjuv_(4).jpg;142
1309;1347;212;MANDRILLS BKB_212_20191108_id1029_femjuv.jpg;38
1573;1358;212;MANDRILLS BKB_212_20191119_id1029_femjuv_(1).jpg;215
1568;1358;212;MANDRILLS BKB_212_20191119_id1029_femjuv_(2).jpg;210
1905;1441;212;MANDRILLS BKB_212_20200210_id1029_femjuv_(1).jpg;464
1760;1441;212;MANDRILLS BKB_212_20200210_id1029_femjuv_(2).jpg;319
2131;1691;212;MANDRILLS BKB_212_20201017_id212_femadu.jpg;440
1962;1730;212;MANDRILLS BKB_212_20201125_id212_femadu_(1).jpg;232
2052;1730;212;MANDRILLS BKB_212_20201125_id212_femadu_(2).jpg;322
2003;1730;212;MANDRILLS BKB_212_20201125_id212_femadu_(3).jpg;273
2310;1748;212;MANDRILLS BKB_212_20201213_id212_femadu_(1).jpg;562
2096;1748;212;MANDRILLS BKB_212_20201213_id212_femadu_(2).jpg;348
2436;1748;212;MANDRILLS BKB_212_20201213_id212_femadu_(3).jpg;688
2254;1748;212;MANDRILLS BKB_212_20201213_id212_femadu_(4).jpg;506
2398;1748;212;MANDRILLS BKB_212_20201213_id212_femadu_(5).jpg;650
2368;1748;212;MANDRILLS BKB_212_20201213_id212_femadu_(6).jpg;620
2365;1748;212;MANDRILLS BKB_212_20201213_id212_femadu_(7).jpg;617
2264;1748;212;MANDRILLS BKB_212_20201213_id212_femadu_(8).jpg;516
2289;1750;212;MANDRILLS BKB_212_20201215_id212_femadu_(1).jpg;539
2492;1750;212;MANDRILLS BKB_212_20201215_id212_femadu_(2).jpg;742
2440;1750;212;MANDRILLS BKB_212_20201215_id212_femadu_(3).jpg;690
2357;1752;212;MANDRILLS BKB_212_20201217_id212_femadu.jpg;605
2255;1757;212;MANDRILLS BKB_212_20201222_id212_femadu.jpg;498
2323;1779;212;MANDRILLS BKB_212_20210113_id212_femadu.jpg;544
2546;1795;212;MANDRILLS BKB_212_20210129_id212_femadu_(2).jpg;751
2402;1795;212;MANDRILLS BKB_212_20210129_id212_femadu_(4).jpg;607
2370;1795;212;MANDRILLS BKB_212_20210129_id212_femadu_(5).jpg;575
2459;1795;212;MANDRILLS BKB_212_20210129_id212_femadu_(6).jpg;664
2237;1807;212;MANDRILLS BKB_212_20210210_id212_femadu_(1).jpg;430
2235;1807;212;MANDRILLS BKB_212_20210210_id212_femadu_(2).jpg;428
2494;1809;212;MANDRILLS BKB_212_20210212_id212_femadu_(1).jpg;685
2278;1809;212;MANDRILLS BKB_212_20210212_id212_femadu_(2).jpg;469
2479;1809;212;MANDRILLS BKB_212_20210212_id212_femadu_(3).jpg;670
2335;1809;212;MANDRILLS BKB_212_20210212_id212_femadu_(4).jpg;526
2457;1809;212;MANDRILLS BKB_212_20210212_id212_femadu_(5).jpg;648
2252;1809;212;MANDRILLS BKB_212_20210212_id212_femadu_(6).jpg;443
2346;1809;212;MANDRILLS BKB_212_20210212_id212_femadu_(7).jpg;537
2417;1815;212;MANDRILLS BKB_212_20210218_id212_femadu.jpg;602
2195;1866;212;MANDRILLS BKB_212_20210410_id212_femadu_(1).jpg;329
2344;2018;212;MANDRILLS BKB_212_20210909_id212_femadu (1).jpg;326
2097;2018;212;MANDRILLS BKB_212_20210909_id212_femadu (2).jpg;79
2290;2018;212;MANDRILLS BKB_212_20210909_id212_femadu (3).jpg;272
2359;2018;212;MANDRILLS BKB_212_20210909_id212_femadu (4).jpg;341
2228;2025;212;MANDRILLS BKB_212_20210916_id212_femadu (1).jpg;203
2264;2025;212;MANDRILLS BKB_212_20210916_id212_femadu (2).jpg;239
2286;2028;212;MANDRILLS BKB_212_20210919_id212_femadu (1).jpg;258
2032;2028;212;MANDRILLS BKB_212_20210919_id212_femadu (2).jpg;4
2132;2028;212;MANDRILLS BKB_212_20210919_id212_femadu (3).jpg;104
2235;2045;212;MANDRILLS BKB_212_20211006_id212_femadu.jpg;190
2124;2046;212;MANDRILLS BKB_212_20211007_id212_femadu.jpg;78
2289;2063;212;MANDRILLS BKB_212_20211024_id212_femadu_(2).jpg;226
2404;2088;212;MANDRILLS BKB_212_20211118_id212_femadu.jpg;316
2615;2092;212;MANDRILLS BKB_212_20211122_id212_femadu_(1).jpg;523
2347;2092;212;MANDRILLS BKB_212_20211122_id212_femadu_(2).jpg;255
2330;2120;212;MANDRILLS BKB_212_20211220_ID212_femadu_(1).jpg;210
2375;2120;212;MANDRILLS BKB_212_20211220_ID212_femadu_(3).jpg;255
2473;2126;212;MANDRILLS BKB_212_20211226_id212_femadu_(1).jpg;347
2339;2153;212;MANDRILLS BKB_212_20220122_id212 (1).jpg;186
2907;2153;212;MANDRILLS BKB_212_20220122_id212 (2).jpg;754
2830;2163;212;MANDRILLS BKB_212_20220201_id212_femadu (1).jpg;667
2484;2212;212;MANDRILLS BKB_212_20220322_id212_femadu.jpg;272
2369;2219;212;MANDRILLS BKB_212_20220329_id212_femadu (1).jpg;150
3156;2219;212;MANDRILLS BKB_212_20220329_id212_femadu (2).jpg;937
3145;2231;212;MANDRILLS BKB_212_20220410_id212_femadu.jpg;914
2932;2260;212;MANDRILLS BKB_212_20220509_id212_femadu.jpg;672
2939;2267;212;MANDRILLS BKB_212_20220516_id212_femadu (1).jpg;672
2318;2267;212;MANDRILLS BKB_212_20220516_id212_femadu (2).jpg;51
2829;2268;212;MANDRILLS BKB_212_20220517_id212_femadu (1).jpg;561
2579;2268;212;MANDRILLS BKB_212_20220517_id212_femadu (2).jpg;311
2433;2268;212;MANDRILLS BKB_212_20220517_id212_femadu (3).jpg;165
2348;2275;212;MANDRILLS BKB_212_20220524_id212_femadu.jpg;73
3153;2285;212;MANDRILLS BKB_212_20220603_id212_femadu (1).jpg;868
2610;2285;212;MANDRILLS BKB_212_20220603_id212_femadu (2).jpg;325
2386;2300;212;MANDRILLS BKB_212_20220618_id212_femadu.jpg;86
3195;2303;212;MANDRILLS BKB_212_20220621_id212_femadu (1).jpg;892
2584;2303;212;MANDRILLS BKB_212_20220621_id212_femadu (2).jpg;281
2878;2303;212;MANDRILLS BKB_212_20220621_id212_femadu (3).jpg;575
2468;2305;212;MANDRILLS BKB_212_20220623_id212_femadu (2).jpg;163
2918;2305;212;MANDRILLS BKB_212_20220623_id212_femadu.jpg;613
2631;2306;212;MANDRILLS BKB_212_20220624_id212_femadu.jpg;325
3150;2311;212;MANDRILLS BKB_212_20220629_id212.jpg;839
2929;2323;212;MANDRILLS BKB_212_20220711_id212.jpg;606
2472;2326;212;MANDRILLS BKB_212_20220714_id212_femadu (2).jpg;146
2500;2338;212;MANDRILLS BKB_212_20220726_id212.jpg;162
2814;2341;212;MANDRILLS BKB_212_20220729_id212.jpg;473
2431;2346;212;MANDRILLS BKB_212_20220803_id212 (2).jpg;85
2803;2346;212;MANDRILLS BKB_212_20220803_id212.jpg;457
2968;2366;212;MANDRILLS BKB_212_20220823_id212.jpg;602
3021;2369;212;MANDRILLS BKB_212_20220826_id212.jpg;652
2890;2378;212;MANDRILLS BKB_212_20220904_id212 (1).jpg;512
2978;2378;212;MANDRILLS BKB_212_20220904_id212 (2).jpg;600
2514;2379;212;MANDRILLS BKB_212_20220905_id212.jpg;135
2713;2383;212;MANDRILLS BKB_212_20220909_id212.jpg;330
3242;2394;212;MANDRILLS BKB_212_20220920_id212.jpg;848
3184;2423;212;MANDRILLS BKB_212_20221019_id212.jpg;761
2464;2425;212;MANDRILLS BKB_212_20221021_id212.jpg;39
3254;2426;212;MANDRILLS BKB_212_20221022_id212 (1).jpg;828
3021;2431;212;MANDRILLS BKB_212_20221027_id212.jpg;590
2359;2434;212;MANDRILLS BKB_212_20221030_id212 (1).jpg;75
2265;2434;212;MANDRILLS BKB_212_20221030_id212 (2).jpg;169
2167;2434;212;MANDRILLS BKB_212_20221030_id212 (3).jpg;267
2395;2434;212;MANDRILLS BKB_212_20221030_id212 (4).jpg;39
3025;2460;212;MANDRILLS BKB_212_20221125_id212 (2).jpg;565
3182;2460;212;MANDRILLS BKB_212_20221125_id212 (4).jpg;722
2782;2474;212;MANDRILLS BKB_212_20221209_id212.jpg;308
2674;2476;212;MANDRILLS BKB_212_20221211_id212.jpg;198
2737;2480;212;MANDRILLS BKB_212_20221215_id212.jpg;257
2819;2483;212;MANDRILLS BKB_212_20221218_id212.jpg;336
585;541;215;MANDRILLS BKB_215_20180614_id2048_femjuv_(1)_ORIGINAL.jpg;44
782;583;215;MANDRILLS BKB_215_20180726_id2048_femjuvGAUCHE_(1)_ORIGINAL.jpg;199
778;583;215;MANDRILLS BKB_215_20180726_id2048_femjuvGAUCHE_(4)_ORIGINAL.jpg;195
1006;749;215;MANDRILLS BKB_215_20190108_id2048_femjuv_(1)_ORIGINAL.jpg;257
1045;749;215;MANDRILLS BKB_215_20190108_id2048_femjuv_(10)_ORIGINAL.jpg;296
1014;749;215;MANDRILLS BKB_215_20190108_id2048_femjuv_(11)_ORIGINAL.jpg;265
1017;749;215;MANDRILLS BKB_215_20190108_id2048_femjuv_(12)_ORIGINAL.jpg;268
1024;749;215;MANDRILLS BKB_215_20190108_id2048_femjuv_(2)_ORIGINAL.jpg;275
948;749;215;MANDRILLS BKB_215_20190108_id2048_femjuv_(3)_ORIGINAL.jpg;199
1023;749;215;MANDRILLS BKB_215_20190108_id2048_femjuv_(4)_ORIGINAL.jpg;274
1037;749;215;MANDRILLS BKB_215_20190108_id2048_femjuv_(5)_ORIGINAL.jpg;288
983;749;215;MANDRILLS BKB_215_20190108_id2048_femjuv_(6)_ORIGINAL.jpg;234
1026;749;215;MANDRILLS BKB_215_20190108_id2048_femjuv_(7)_ORIGINAL.jpg;277
1034;749;215;MANDRILLS BKB_215_20190108_id2048_femjuv_(8)_ORIGINAL.jpg;285
1024;749;215;MANDRILLS BKB_215_20190108_id2048_femjuv_(9)_ORIGINAL.jpg;275
1279;928;215;MANDRILLS BKB_215_20190706_id2048_femjuv_(1).jpg;351
1476;938;215;MANDRILLS BKB_215_20190716_id2048_femjuv_(1).jpg;538
1231;938;215;MANDRILLS BKB_215_20190716_id2048_femjuv_(2).jpg;293
1458;938;215;MANDRILLS BKB_215_20190716_id2048_femjuv_(3).jpg;520
1151;938;215;MANDRILLS BKB_215_20190716_id2048_femjuv_(4).jpg;213
1269;938;215;MANDRILLS BKB_215_20190716_id2048_femjuv_(5).jpg;331
1153;938;215;MANDRILLS BKB_215_20190716_id2048_femjuv_(7).jpg;215
1167;959;215;MANDRILLS BKB_215_20190806_id2048_femjuv_(1).jpg;208
1348;1086;215;MANDRILLS BKB_215_20191211_id2048_femjuv_(1).jpg;262
1365;1086;215;MANDRILLS BKB_215_20191211_id2048_femjuv_(2).jpg;279
1366;1091;215;MANDRILLS BKB_215_20191216_id2048_femjuv.jpg;275
1535;1397;215;MANDRILLS BKB_215_20201017_id215_femjuv.jpg;138
1724;1421;215;MANDRILLS BKB_215_20201110_id215_femjuv_(1).jpg;303
1999;1421;215;MANDRILLS BKB_215_20201110_id215_femjuv_(2).jpg;578
1538;1421;215;MANDRILLS BKB_215_20201110_id215_femjuv_(3).jpg;117
1539;1462;215;MANDRILLS BKB_215_20201221_id215_femadu.jpg;77
1897;1472;215;MANDRILLS BKB_215_20201231_id215_femadu_(1).jpg;425
1901;1472;215;MANDRILLS BKB_215_20201231_id215_femadu_(2).jpg;429
1760;1476;215;MANDRILLS BKB_215_20210104_id215_femadu_(1).jpg;284
1886;1476;215;MANDRILLS BKB_215_20210104_id215_femadu_(2).jpg;410
1939;1476;215;MANDRILLS BKB_215_20210104_id215_femadu_(3).jpg;463
1540;1501;215;MANDRILLS BKB_215_20210129_id215_femadu.jpg;39
1887;1520;215;MANDRILLS BKB_215_20210217_id215_femadu.jpg;367
1904;1563;215;MANDRILLS BKB_215_20210401_id215.jpg;341
1919;1601;215;MANDRILLS BKB_215_20210509_id215_femadu_(1).jpg;318
1821;1601;215;MANDRILLS BKB_215_20210509_id215_femadu_(2).jpg;220
1895;1601;215;MANDRILLS BKB_215_20210509_id215_femadu_(3).jpg;294
1880;1601;215;MANDRILLS BKB_215_20210509_id215_femadu_(4).jpg;279
1969;1601;215;MANDRILLS BKB_215_20210509_id215_femadu_(5).jpg;368
1950;1724;215;MANDRILLS BKB_215_20210909_id215_femadu.jpg;226
1846;1732;215;MANDRILLS BKB_215_20210917_id215_femadu.jpg;114
2000;1761;215;MANDRILLS BKB_215_20211016_id215_femadu_(1).jpg;239
1895;1761;215;MANDRILLS BKB_215_20211016_id215_femadu_(2).jpg;134
2016;1762;215;MANDRILLS BKB_215_20211017_id215_femadu_(1).jpg;254
1943;1762;215;MANDRILLS BKB_215_20211017_id215_femadu_(2).jpg;181
2134;1798;215;MANDRILLS BKB_215_20211122_id215_femadu_(1).jpg;336
2026;1798;215;MANDRILLS BKB_215_20211122_id215_femadu_(2).jpg;228
1869;1825;215;MANDRILLS BKB_215_20211219_id215_femadu_(1).jpg;44
1788;1825;215;MANDRILLS BKB_215_20211219_id215_femadu_(2).jpg;37
2076;1826;215;MANDRILLS BKB_215_20211220_ID215_femadu.jpg;250
2021;1869;215;MANDRILLS BKB_215_20220201_id215_femadu (1).jpg;152
2183;1869;215;MANDRILLS BKB_215_20220201_id215_femadu (3).jpg;314
2081;1879;215;MANDRILLS BKB_215_20220211_id215_femadu (1).jpg;202
2082;1879;215;MANDRILLS BKB_215_20220211_id215_femadu (2).jpg;203
1913;1884;215;MANDRILLS BKB_215_20220216_id215_femadu.jpg;29
2057;1900;215;MANDRILLS BKB_215_20220304_id215_femadu.jpg;157
2164;1925;215;MANDRILLS BKB_215_20220329_id215_femadu.jpg;239
1179;1273;218;MANDRILLS BKB_218_20190904_id218_mal_(1).jpg;94
1262;1273;218;MANDRILLS BKB_218_20190904_id218_mal_(2).jpg;11
1142;1273;218;MANDRILLS BKB_218_20190904_id218_mal_(3).jpg;131
1151;1273;218;MANDRILLS BKB_218_20190904_id218_mal_(4).jpg;122
1195;1273;218;MANDRILLS BKB_218_20190904_id218_mal_(5).jpg;78
1119;1275;218;MANDRILLS BKB_218_20190906_id218_mal_(1).jpg;156
1212;1275;218;MANDRILLS BKB_218_20190906_id218_mal_(2).jpg;63
1216;1275;218;MANDRILLS BKB_218_20190906_id218_mal_(3).jpg;59
1155;1275;218;MANDRILLS BKB_218_20190906_id218_mal_(4).jpg;120
1258;1275;218;MANDRILLS BKB_218_20190906_id218_mal_(6).jpg;17
1514;1687;218;MANDRILLS BKB_218_20201022_id218_mal_(1).jpg;173
1453;1687;218;MANDRILLS BKB_218_20201022_id218_mal_(2).jpg;234
1723;1747;218;MANDRILLS BKB_218_20201221_id218_mal.jpg;24
375;209;226;MANDRILLS BKB_226_20180707_id226_feminfCENTRE_(1)_ORIGINAL.jpg;166
352;209;226;MANDRILLS BKB_226_20180707_id226_feminfCENTRE_(2)_ORIGINAL.jpg;143
325;209;226;MANDRILLS BKB_226_20180707_id226_feminfCENTRE_(3)_ORIGINAL.jpg;116
406;209;226;MANDRILLS BKB_226_20180707_id226_feminfCENTRE_(4)_ORIGINAL.jpg;197
352;209;226;MANDRILLS BKB_226_20180707_id226_feminfCENTRE_(5)_ORIGINAL.jpg;143
576;209;226;MANDRILLS BKB_226_20180707_id226_feminfCENTRE_(6)_ORIGINAL.jpg;367
355;209;226;MANDRILLS BKB_226_20180707_id226_feminfCENTRE_(7)_ORIGINAL.jpg;146
516;209;226;MANDRILLS BKB_226_20180707_id226_feminfCENTRE_(8)_ORIGINAL.jpg;307
324;209;226;MANDRILLS BKB_226_20180707_id226_feminfCENTRE_(9)_ORIGINAL.jpg;115
341;213;226;MANDRILLS BKB_226_20180711_id226_malinfGAUCHE_(10)_ORIGINAL_DOUTEBERTA.jpg;128
346;213;226;MANDRILLS BKB_226_20180711_id226_malinfGAUCHE_(11)_ORIGINAL_DOUTEBERTA.jpg;133
291;213;226;MANDRILLS BKB_226_20180711_id226_malinfGAUCHE_(12)_ORIGINAL_DOUTEBERTA.jpg;78
298;213;226;MANDRILLS BKB_226_20180711_id226_malinfGAUCHE_(13)_ORIGINAL_DOUTEBERTA.jpg;85
261;213;226;MANDRILLS BKB_226_20180711_id226_malinfGAUCHE_(14)_ORIGINAL_DOUTEBERTA.jpg;48
323;213;226;MANDRILLS BKB_226_20180711_id226_malinfGAUCHE_(15)_ORIGINAL_DOUTEBERTA.jpg;110
312;213;226;MANDRILLS BKB_226_20180711_id226_malinfGAUCHE_(16)_ORIGINAL_DOUTEBERTA.jpg;99
285;213;226;MANDRILLS BKB_226_20180711_id226_malinfGAUCHE_(17)_ORIGINAL_DOUTEBERTA.jpg;72
1134;1044;226;MANDRILLS BKB_226_20201019_id226_fem.jpg;90
1149;1062;226;MANDRILLS BKB_226_20201106_id226_fem_(1).jpg;87
1104;1062;226;MANDRILLS BKB_226_20201106_id226_fem_(2).jpg;42
1137;1063;226;MANDRILLS BKB_226_20201107_id226_fem.jpg;74
1111;1099;226;MANDRILLS BKB_226_20201213_id226_fem_(1).jpg;12
1087;1099;226;MANDRILLS BKB_226_20201213_id226_fem_(2).jpg;12
1184;1099;226;MANDRILLS BKB_226_20201213_id226_fem_(3).jpg;85
1127;1099;226;MANDRILLS BKB_226_20201213_id226_fem_(4).jpg;28
1140;1099;226;MANDRILLS BKB_226_20201213_id226_fem_(5).jpg;41
1168;1099;226;MANDRILLS BKB_226_20201213_id226_fem_(6).jpg;69
1168;1099;226;MANDRILLS BKB_226_20201213_id226_fem_(7).jpg;69
1093;1099;226;MANDRILLS BKB_226_20201213_id226_fem_(8).jpg;6
1160;1099;226;MANDRILLS BKB_226_20201213_id226_fem_(9).jpg;61
1094;1101;226;MANDRILLS BKB_226_20201215_id226_fem_(1).jpg;7
1156;1101;226;MANDRILLS BKB_226_20201215_id226_fem_(2).jpg;55
1102;1103;226;MANDRILLS BKB_226_20201217_id226_fem_(1).jpg;1
1202;1103;226;MANDRILLS BKB_226_20201217_id226_fem_(2).jpg;99
1145;1103;226;MANDRILLS BKB_226_20201217_id226_fem_(3).jpg;42
1121;1121;226;MANDRILLS BKB_226_20210104_id226_fem_(1).jpg;0
1212;1121;226;MANDRILLS BKB_226_20210104_id226_fem_(2).jpg;91
1117;1121;226;MANDRILLS BKB_226_20210104_id226_fem_(3).jpg;4
1053;1123;226;MANDRILLS BKB_226_20210106_id226_fem_(1).jpg;70
1180;1123;226;MANDRILLS BKB_226_20210106_id226_fem_(2).jpg;57
1180;1123;226;MANDRILLS BKB_226_20210106_id226_fem_(3).jpg;57
1131;1123;226;MANDRILLS BKB_226_20210106_id226_fem_(4).jpg;8
1159;1123;226;MANDRILLS BKB_226_20210106_id226_fem_(5).jpg;36
1029;1123;226;MANDRILLS BKB_226_20210106_id226_fem_(6).jpg;94
1494;1123;226;MANDRILLS BKB_226_20210106_id226_fem_(7).jpg;371
1185;1142;226;MANDRILLS BKB_226_20210125_id226_fem_(1).jpg;43
1187;1142;226;MANDRILLS BKB_226_20210125_id226_fem_(2).jpg;45
1264;1147;226;MANDRILLS BKB_226_20210130_id226_fem_(1).jpg;117
1294;1147;226;MANDRILLS BKB_226_20210130_id226_fem_(2).jpg;147
1269;1147;226;MANDRILLS BKB_226_20210130_id226_fem_(3).jpg;122
1108;1151;226;MANDRILLS BKB_226_20210203_id226_fem_(1).jpg;43
1151;1151;226;MANDRILLS BKB_226_20210203_id226_fem_(2).jpg;0
1245;1151;226;MANDRILLS BKB_226_20210203_id226_fem_(3).jpg;94
1354;1151;226;MANDRILLS BKB_226_20210203_id226_fem_(4).jpg;203
1237;1165;226;MANDRILLS BKB_226_20210217_id226_fem.jpg;72
1198;1209;226;MANDRILLS BKB_226_20210402_id226_fem.jpg;11
1292;1284;226;MANDRILLS BKB_226_20210616_id226_femjuv_(1).jpg;8
1467;1284;226;MANDRILLS BKB_226_20210616_id226_femjuv_(2).jpg;183
1340;1284;226;MANDRILLS BKB_226_20210616_id226_femjuv_(3).jpg;56
1351;1284;226;MANDRILLS BKB_226_20210616_id226_femjuv_(4).jpg;67
1341;1284;226;MANDRILLS BKB_226_20210616_id226_femjuv_(6).jpg;57
1340;1284;226;MANDRILLS BKB_226_20210616_id226_femjuv_(7).jpg;56
1365;1289;226;MANDRILLS BKB_226_20210621_id226_femjuv.jpg;76
1257;1304;226;MANDRILLS BKB_226_20210706_id226_femjuv_(1).jpg;47
1324;1304;226;MANDRILLS BKB_226_20210706_id226_femjuv_(2).jpg;20
1517;1324;226;MANDRILLS BKB_226_20210726_id226_femjuv_(3).jpg;193
1421;1324;226;MANDRILLS BKB_226_20210726_id226_femjuv_(4).jpg;97
1453;1324;226;MANDRILLS BKB_226_20210726_id226_femjuv_(5).jpg;129
1459;1324;226;MANDRILLS BKB_226_20210726_id226_femjuv_(6).jpg;135
1524;1324;226;MANDRILLS BKB_226_20210726_id226_femjuv_(7).jpg;200
1450;1324;226;MANDRILLS BKB_226_20210726_id226_femjuv_(8).jpg;126
1384;1364;226;MANDRILLS BKB_226_20210904_id226_femjuv (1).jpg;20
1357;1364;226;MANDRILLS BKB_226_20210904_id226_femjuv (2).jpg;7
1402;1419;226;MANDRILLS BKB_226_20211029_id226_femjuv_(1).jpg;17
1383;1419;226;MANDRILLS BKB_226_20211029_id226_femjuv_(2).jpg;36
1455;1521;226;MANDRILLS BKB_226_20220208_id226_femadu (1).jpg;66
1497;1521;226;MANDRILLS BKB_226_20220208_id226_femadu (2).jpg;24
1568;1521;226;MANDRILLS BKB_226_20220208_id226_femadu (3).jpg;47
1493;1521;226;MANDRILLS BKB_226_20220208_id226_femadu (4).jpg;28
1589;1521;226;MANDRILLS BKB_226_20220208_id226_femadu (5).jpg;68
1373;1521;226;MANDRILLS BKB_226_20220208_id226_femadu (6).jpg;148
1338;1521;226;MANDRILLS BKB_226_20220208_id226_femadu (7).jpg;183
1496;1524;226;MANDRILLS BKB_226_20220211_id226_femadu (1).jpg;28
1449;1524;226;MANDRILLS BKB_226_20220211_id226_femadu (2).jpg;75
1681;1534;226;MANDRILLS BKB_226_20220221_id226_femadu (1).jpg;147
1547;1534;226;MANDRILLS BKB_226_20220221_id226_femadu (2).jpg;13
1527;1534;226;MANDRILLS BKB_226_20220221_id226_femadu (3).jpg;7
1386;1539;226;MANDRILLS BKB_226_20220226_id226_femadu.jpg;153
1697;1545;226;MANDRILLS BKB_226_20220304_id226_femadu.jpg;152
1459;1554;226;MANDRILLS BKB_226_20220313_id226_femadu (1).jpg;95
1539;1554;226;MANDRILLS BKB_226_20220313_id226_femadu (2).jpg;15
1411;1554;226;MANDRILLS BKB_226_20220313_id226_femadu (3).jpg;143
1679;1592;226;MANDRILLS BKB_226_20220420_id226_femadu (1).jpg;87
1511;1592;226;MANDRILLS BKB_226_20220420_id226_femadu (2).jpg;81
1491;1592;226;MANDRILLS BKB_226_20220420_id226_femadu (3).jpg;101
1639;1592;226;MANDRILLS BKB_226_20220420_id226_femadu (4).jpg;47
1415;1592;226;MANDRILLS BKB_226_20220420_id226_femadu.jpg;177
1475;1599;226;MANDRILLS BKB_226_20220427_id226_femadu (1).jpg;124
1534;1599;226;MANDRILLS BKB_226_20220427_id226_femadu (2).jpg;65
1248;1605;226;MANDRILLS BKB_226_20220503_id226_femadu.jpg;357
1629;1618;226;MANDRILLS BKB_226_20220516_id226_femadu.jpg;11
1522;1627;226;MANDRILLS BKB_226_20220525_id226_femadu.jpg;105
1598;1657;226;MANDRILLS BKB_226_20220624_id226_femadu (1).jpg;59
1583;1657;226;MANDRILLS BKB_226_20220624_id226_femadu (2).jpg;74
1632;1674;226;MANDRILLS BKB_226_20220711_id226 (2).jpg;42
1686;1674;226;MANDRILLS BKB_226_20220711_id226 (3).jpg;12
1751;1674;226;MANDRILLS BKB_226_20220711_id226 (5).jpg;77
1730;1674;226;MANDRILLS BKB_226_20220711_id226.jpg;56
1555;1679;226;MANDRILLS BKB_226_20220716_id226_femadu (2).jpg;124
1638;1679;226;MANDRILLS BKB_226_20220716_id226_femadu (3).jpg;41
1574;1682;226;MANDRILLS BKB_226_20220719_id226.jpg;108
1465;1689;226;MANDRILLS BKB_226_20220726_id226.jpg;224
1595;1697;226;MANDRILLS BKB_226_20220803_id226.jpg;102
1456;1702;226;MANDRILLS BKB_226_20220808_id226 (1).jpg;246
1764;1702;226;MANDRILLS BKB_226_20220808_id226 (2).jpg;62
1757;1706;226;MANDRILLS BKB_226_20220812_id226.jpg;51
1635;1712;226;MANDRILLS BKB_226_20220818_id226 2.jpg;77
1834;1712;226;MANDRILLS BKB_226_20220818_id226.jpg;122
1759;1730;226;MANDRILLS BKB_226_20220905_id226.jpg;29
1755;1736;226;MANDRILLS BKB_226_20220911_id226 (1).jpg;19
1881;1736;226;MANDRILLS BKB_226_20220911_id226 (2).jpg;145
1850;1738;226;MANDRILLS BKB_226_20220913_id226.jpg;112
1817;1745;226;MANDRILLS BKB_226_20220920_id226.jpg;72
1899;1760;226;MANDRILLS BKB_226_20221005_id226 (1).jpg;139
1660;1760;226;MANDRILLS BKB_226_20221005_id226 (2).jpg;100
1685;1760;226;MANDRILLS BKB_226_20221005_id226 (3).jpg;75
1949;1766;226;MANDRILLS BKB_226_20221011_id226.jpg;183
1801;1777;226;MANDRILLS BKB_226_20221022_id226.jpg;24
1887;1809;226;MANDRILLS BKB_226_20221123_id226.jpg;78
1788;1816;226;MANDRILLS BKB_226_20221130_id226 (2).jpg;28
1874;1816;226;MANDRILLS BKB_226_20221130_id226.jpg;58
2092;1818;226;MANDRILLS BKB_226_20221202_id226 (2).jpg;274
1848;1822;226;MANDRILLS BKB_226_20221206_id226 (1).jpg;26
1736;1822;226;MANDRILLS BKB_226_20221206_id226 (2).jpg;86
2079;1826;226;MANDRILLS BKB_226_20221210_id226.jpg;253
1861;1827;226;MANDRILLS BKB_226_20221211_id226.jpg;34
1924;1828;226;MANDRILLS BKB_226_20221212_id226 (1).jpg;96
1749;1828;226;MANDRILLS BKB_226_20221212_id226 (2).jpg;79
1936;1830;226;MANDRILLS BKB_226_20221214_id226.jpg;106
176;217;256;MANDRILLS BKB_256_20180711_id3063_malinf_(1)_ORIGINAL.jpg;41
177;217;256;MANDRILLS BKB_256_20180711_id3063_malinf_(2)_ORIGINAL.jpg;40
174;217;256;MANDRILLS BKB_256_20180711_id3063_malinf_(3)_ORIGINAL.jpg;43
181;217;256;MANDRILLS BKB_256_20180711_id3063_malinf_(4)_ORIGINAL.jpg;36
171;240;256;MANDRILLS BKB_256_20180803_id3063_malinf_(1)_ORIGINAL.jpg;69
167;240;256;MANDRILLS BKB_256_20180803_id3063_malinf_(10)_ORIGINAL.jpg;73
177;240;256;MANDRILLS BKB_256_20180803_id3063_malinf_(11)_ORIGINAL.jpg;63
167;240;256;MANDRILLS BKB_256_20180803_id3063_malinf_(12)_ORIGINAL.jpg;73
161;240;256;MANDRILLS BKB_256_20180803_id3063_malinf_(13)_ORIGINAL.jpg;79
159;240;256;MANDRILLS BKB_256_20180803_id3063_malinf_(14)_ORIGINAL.jpg;81
171;240;256;MANDRILLS BKB_256_20180803_id3063_malinf_(2)_ORIGINAL.jpg;69
171;240;256;MANDRILLS BKB_256_20180803_id3063_malinf_(3)_ORIGINAL.jpg;69
170;240;256;MANDRILLS BKB_256_20180803_id3063_malinf_(4)_ORIGINAL.jpg;70
177;240;256;MANDRILLS BKB_256_20180803_id3063_malinf_(5)_ORIGINAL.jpg;63
193;240;256;MANDRILLS BKB_256_20180803_id3063_malinf_(6)_ORIGINAL.jpg;47
178;240;256;MANDRILLS BKB_256_20180803_id3063_malinf_(7)_ORIGINAL.jpg;62
168;240;256;MANDRILLS BKB_256_20180803_id3063_malinf_(8)_ORIGINAL.jpg;72
170;240;256;MANDRILLS BKB_256_20180803_id3063_malinf_(9)_ORIGINAL.jpg;70
288;351;256;MANDRILLS BKB_256_20181122_id3063_malinf_(1)_ORIGINAL.jpg;63
263;351;256;MANDRILLS BKB_256_20181122_id3063_malinf_(10)_ORIGINAL.jpg;88
297;351;256;MANDRILLS BKB_256_20181122_id3063_malinf_(11)_ORIGINAL.jpg;54
332;351;256;MANDRILLS BKB_256_20181122_id3063_malinf_(12)_ORIGINAL.jpg;19
303;351;256;MANDRILLS BKB_256_20181122_id3063_malinf_(13)_ORIGINAL.jpg;48
279;351;256;MANDRILLS BKB_256_20181122_id3063_malinf_(14)_ORIGINAL.jpg;72
255;351;256;MANDRILLS BKB_256_20181122_id3063_malinf_(15)_ORIGINAL.jpg;96
297;351;256;MANDRILLS BKB_256_20181122_id3063_malinf_(16)_ORIGINAL.jpg;54
296;351;256;MANDRILLS BKB_256_20181122_id3063_malinf_(17)_ORIGINAL.jpg;55
328;351;256;MANDRILLS BKB_256_20181122_id3063_malinf_(18)_ORIGINAL.jpg;23
301;351;256;MANDRILLS BKB_256_20181122_id3063_malinf_(19)_ORIGINAL.jpg;50
333;351;256;MANDRILLS BKB_256_20181122_id3063_malinf_(2)_ORIGINAL.jpg;18
329;351;256;MANDRILLS BKB_256_20181122_id3063_malinf_(20)_ORIGINAL.jpg;22
315;351;256;MANDRILLS BKB_256_20181122_id3063_malinf_(21)_ORIGINAL.jpg;36
305;351;256;MANDRILLS BKB_256_20181122_id3063_malinf_(22)_ORIGINAL.jpg;46
293;351;256;MANDRILLS BKB_256_20181122_id3063_malinf_(23)_ORIGINAL.jpg;58
307;351;256;MANDRILLS BKB_256_20181122_id3063_malinf_(24)_ORIGINAL.jpg;44
262;351;256;MANDRILLS BKB_256_20181122_id3063_malinf_(25)_ORIGINAL.jpg;89
273;351;256;MANDRILLS BKB_256_20181122_id3063_malinf_(26)_ORIGINAL.jpg;78
320;351;256;MANDRILLS BKB_256_20181122_id3063_malinf_(27)_ORIGINAL.jpg;31
328;351;256;MANDRILLS BKB_256_20181122_id3063_malinf_(28)_ORIGINAL.jpg;23
308;351;256;MANDRILLS BKB_256_20181122_id3063_malinf_(29)_ORIGINAL.jpg;43
253;351;256;MANDRILLS BKB_256_20181122_id3063_malinf_(3)_ORIGINAL.jpg;98
293;351;256;MANDRILLS BKB_256_20181122_id3063_malinf_(30)_ORIGINAL.jpg;58
292;351;256;MANDRILLS BKB_256_20181122_id3063_malinf_(31)_ORIGINAL.jpg;59
290;351;256;MANDRILLS BKB_256_20181122_id3063_malinf_(32)_ORIGINAL.jpg;61
283;351;256;MANDRILLS BKB_256_20181122_id3063_malinf_(33)_ORIGINAL.jpg;68
278;351;256;MANDRILLS BKB_256_20181122_id3063_malinf_(34)_ORIGINAL.jpg;73
276;351;256;MANDRILLS BKB_256_20181122_id3063_malinf_(35)_ORIGINAL.jpg;75
315;351;256;MANDRILLS BKB_256_20181122_id3063_malinf_(36)_ORIGINAL.jpg;36
311;351;256;MANDRILLS BKB_256_20181122_id3063_malinf_(37)_ORIGINAL.jpg;40
304;351;256;MANDRILLS BKB_256_20181122_id3063_malinf_(38)_ORIGINAL.jpg;47
305;351;256;MANDRILLS BKB_256_20181122_id3063_malinf_(39)_ORIGINAL.jpg;46
281;351;256;MANDRILLS BKB_256_20181122_id3063_malinf_(4)_ORIGINAL.jpg;70
297;351;256;MANDRILLS BKB_256_20181122_id3063_malinf_(41)_ORIGINAL.jpg;54
283;351;256;MANDRILLS BKB_256_20181122_id3063_malinf_(5)_ORIGINAL.jpg;68
281;351;256;MANDRILLS BKB_256_20181122_id3063_malinf_(6)_ORIGINAL.jpg;70
245;351;256;MANDRILLS BKB_256_20181122_id3063_malinf_(7)_ORIGINAL.jpg;106
221;351;256;MANDRILLS BKB_256_20181122_id3063_malinf_(8)_ORIGINAL.jpg;130
253;351;256;MANDRILLS BKB_256_20181122_id3063_malinf_(9)_ORIGINAL.jpg;98
657;624;256;MANDRILLS BKB_256_20190822_id3063_maljuv_(1).jpg;33
623;624;256;MANDRILLS BKB_256_20190822_id3063_maljuv_(14).jpg;1
609;624;256;MANDRILLS BKB_256_20190822_id3063_maljuv_(15).jpg;15
526;624;256;MANDRILLS BKB_256_20190822_id3063_maljuv_(16).jpg;98
628;624;256;MANDRILLS BKB_256_20190822_id3063_maljuv_(17).jpg;4
694;624;256;MANDRILLS BKB_256_20190822_id3063_maljuv_(2).jpg;70
750;624;256;MANDRILLS BKB_256_20190822_id3063_maljuv_(5).jpg;126
751;624;256;MANDRILLS BKB_256_20190822_id3063_maljuv_(6).jpg;127
700;624;256;MANDRILLS BKB_256_20190822_id3063_maljuv_(7).jpg;76
651;624;256;MANDRILLS BKB_256_20190822_id3063_maljuv_(8).jpg;27
759;691;256;MANDRILLS BKB_256_20191028_id3063_malejuv.jpg;68
787;692;256;MANDRILLS BKB_256_20191029_id3063_maljuv.jpg;95
829;810;256;MANDRILLS BKB_256_20200224_id3063_maljuv_(1).jpg;19
1010;810;256;MANDRILLS BKB_256_20200224_id3063_maljuv_(2).jpg;200
843;810;256;MANDRILLS BKB_256_20200224_id3063_maljuv_(3).jpg;33
918;810;256;MANDRILLS BKB_256_20200224_id3063_maljuv_(4).jpg;108
719;810;256;MANDRILLS BKB_256_20200224_id3063_maljuv_(5).jpg;91
1095;882;256;MANDRILLS BKB_256_20200506_id3063_maljuv_(1).jpg;213
1142;882;256;MANDRILLS BKB_256_20200506_id3063_maljuv_(2).jpg;260
1167;1051;256;MANDRILLS BKB_256_20201022_id3063_maljuv_(1).jpg;116
1177;1051;256;MANDRILLS BKB_256_20201022_id3063_maljuv_(2).jpg;126
1162;1051;256;MANDRILLS BKB_256_20201022_id3063_maljuv_(3).jpg;111
1187;1105;256;MANDRILLS BKB_256_20201215_id3063_maljuv.jpg;82
1440;1178;256;MANDRILLS BKB_256_20210226_id3063_maljuv_(1).jpg;262
1377;1178;256;MANDRILLS BKB_256_20210226_id3063_maljuv_(2).jpg;199
1583;1233;256;MANDRILLS BKB_256_20210422_id3063_maljuv.jpg;350
1575;1251;256;MANDRILLS BKB_256_20210510_id3063_maljuv_(1).jpg;324
1437;1251;256;MANDRILLS BKB_256_20210510_id3063_maljuv_(2).jpg;186
1456;1251;256;MANDRILLS BKB_256_20210510_id3063_maljuv_(3).jpg;205
1511;1373;256;MANDRILLS BKB_256_20210909_id256_maljuv (1).jpg;138
1652;1373;256;MANDRILLS BKB_256_20210909_id256_maljuv (2).jpg;279
1589;1410;256;MANDRILLS BKB_256_20211016_id256_maljuv.jpg;179
1682;1472;256;MANDRILLS BKB_256_20211217_id256_malado.jpg;210
1722;1476;256;MANDRILLS BKB_256_20211221_id256_malado.jpg;246
1576;1513;256;MANDRILLS BKB_256_20220127_id256 (2).jpg;63
1570;1513;256;MANDRILLS BKB_256_20220127_id256 (3).jpg;57
1550;1513;256;MANDRILLS BKB_256_20220127_id256.jpg;37
1756;1518;256;MANDRILLS BKB_256_20220201_id256_malado (1).jpg;238
1724;1518;256;MANDRILLS BKB_256_20220201_id256_malado (2).jpg;206
1653;1518;256;MANDRILLS BKB_256_20220201_id256_malado (3).jpg;135
1648;1530;256;MANDRILLS BKB_256_20220213_id256_malado.jpg;118
1516;1533;256;MANDRILLS BKB_256_20220216_id256_malado (1).jpg;17
1723;1533;256;MANDRILLS BKB_256_20220216_id256_malado (2).jpg;190
1642;1533;256;MANDRILLS BKB_256_20220216_id256_malado (3).jpg;109
1917;1554;256;MANDRILLS BKB_256_20220309_id256_malado (1).jpg;363
1808;1554;256;MANDRILLS BKB_256_20220309_id256_malado (2).jpg;254
1639;1559;256;MANDRILLS BKB_256_20220314_id256_malado (1).jpg;80
1860;1559;256;MANDRILLS BKB_256_20220314_id256_malado (2).jpg;301
1782;1570;256;MANDRILLS BKB_256_20220325_id256_malado.jpg;212
1690;1577;256;MANDRILLS BKB_256_20220401_id256_malado.jpg;113
1691;1602;256;MANDRILLS BKB_256_20220426_id256_malado (2).jpg;89
1860;1621;256;MANDRILLS BKB_256_20220515_id256_malado (1).jpg;239
1919;1621;256;MANDRILLS BKB_256_20220515_id256_malado (3).jpg;298
1869;1623;256;MANDRILLS BKB_256_20220517_id256_malado (1).jpg;246
1741;1623;256;MANDRILLS BKB_256_20220517_id256_malado (2).jpg;118
1892;1623;256;MANDRILLS BKB_256_20220517_id256_malado (3).jpg;269
1838;1641;256;MANDRILLS BKB_256_20220604_id256_malado (1).jpg;197
1800;1644;256;MANDRILLS BKB_256_20220607_id256_malado (1).jpg;156
1777;1644;256;MANDRILLS BKB_256_20220607_id256_malado (2).jpg;133
1747;1644;256;MANDRILLS BKB_256_20220607_id256_malado (3).jpg;103
1831;1660;256;MANDRILLS BKB_256_20220623_id256_malado.jpg;171
1769;1673;256;MANDRILLS BKB_256_20220706_id256.jpg;96
1836;1675;256;MANDRILLS BKB_256_20220708_id256.jpg;161
1942;1678;256;MANDRILLS BKB_256_20220711_id256.jpg;264
1948;1681;256;MANDRILLS BKB_256_20220714_id256_malado.jpg;267
1949;1684;256;MANDRILLS BKB_256_20220717_id256 (1).jpg;265
1886;1684;256;MANDRILLS BKB_256_20220717_id256 (2).jpg;202
1806;1696;256;MANDRILLS BKB_256_20220729_id256.jpg;110
1820;1700;256;MANDRILLS BKB_256_20220802_id256.jpg;120
1853;1713;256;MANDRILLS BKB_256_20220815_id256.jpg;140
1706;1724;256;MANDRILLS BKB_256_20220826_id256 (1).jpg;18
1715;1724;256;MANDRILLS BKB_256_20220826_id256 (2).jpg;9
1813;1725;256;MANDRILLS BKB_256_20220827_id256.jpg;88
1799;1733;256;MANDRILLS BKB_256_20220904_id256.jpg;66
1552;1734;256;MANDRILLS BKB_256_20220905_id256.jpg;182
1825;1738;256;MANDRILLS BKB_256_20220909_id256.jpg;87
1868;1747;256;MANDRILLS BKB_256_20220918_id256.jpg;121
1882;1749;256;MANDRILLS BKB_256_20220920_id256.jpg;133
1844;1755;256;MANDRILLS BKB_256_20220926_id256.jpg;89
1923;1770;256;MANDRILLS BKB_256_20221011_id256.jpg;153
1908;1804;256;MANDRILLS BKB_256_20221114_id256.jpg;104
1961;1820;256;MANDRILLS BKB_256_20221130_id256 (1).jpg;141
1969;1820;256;MANDRILLS BKB_256_20221130_id256 (2).jpg;149
1966;1841;256;MANDRILLS BKB_256_20221221_id256.jpg;125
219;255;257;MANDRILLS BKB_257_20180830_id3067_malinfGAUCHE_(1)_ORIGINAL.jpg;36
177;255;257;MANDRILLS BKB_257_20180830_id3067_malinfGAUCHE_(10)_ORIGINAL.jpg;78
208;255;257;MANDRILLS BKB_257_20180830_id3067_malinfGAUCHE_(11)_ORIGINAL.jpg;47
220;255;257;MANDRILLS BKB_257_20180830_id3067_malinfGAUCHE_(12)_ORIGINAL.jpg;35
230;255;257;MANDRILLS BKB_257_20180830_id3067_malinfGAUCHE_(13)_ORIGINAL.jpg;25
202;255;257;MANDRILLS BKB_257_20180830_id3067_malinfGAUCHE_(14)_ORIGINAL.jpg;53
179;255;257;MANDRILLS BKB_257_20180830_id3067_malinfGAUCHE_(15)_ORIGINAL.jpg;76
207;255;257;MANDRILLS BKB_257_20180830_id3067_malinfGAUCHE_(16)_ORIGINAL.jpg;48
207;255;257;MANDRILLS BKB_257_20180830_id3067_malinfGAUCHE_(17)_ORIGINAL.jpg;48
211;255;257;MANDRILLS BKB_257_20180830_id3067_malinfGAUCHE_(18)_ORIGINAL.jpg;44
210;255;257;MANDRILLS BKB_257_20180830_id3067_malinfGAUCHE_(19)_ORIGINAL.jpg;45
231;255;257;MANDRILLS BKB_257_20180830_id3067_malinfGAUCHE_(2)_ORIGINAL.jpg;24
195;255;257;MANDRILLS BKB_257_20180830_id3067_malinfGAUCHE_(20)_ORIGINAL.jpg;60
195;255;257;MANDRILLS BKB_257_20180830_id3067_malinfGAUCHE_(21)_ORIGINAL.jpg;60
216;255;257;MANDRILLS BKB_257_20180830_id3067_malinfGAUCHE_(22)_ORIGINAL.jpg;39
209;255;257;MANDRILLS BKB_257_20180830_id3067_malinfGAUCHE_(6)_ORIGINAL.jpg;46
224;255;257;MANDRILLS BKB_257_20180830_id3067_malinfGAUCHE_(7)_ORIGINAL.jpg;31
219;255;257;MANDRILLS BKB_257_20180830_id3067_malinfGAUCHE_(8)_ORIGINAL.jpg;36
223;255;257;MANDRILLS BKB_257_20180830_id3067_malinfGAUCHE_(9)_ORIGINAL.jpg;32
566;574;257;MANDRILLS BKB_257_20190715_id3067_maljuv_(1).jpg;8
430;574;257;MANDRILLS BKB_257_20190715_id3067_maljuv_(2).jpg;144
489;574;257;MANDRILLS BKB_257_20190715_id3067_maljuv_(3).jpg;85
730;739;257;MANDRILLS BKB_257_20191227_id3067_maljuv.jpg;9
1089;1039;257;MANDRILLS BKB_257_20201022_id3067_maljuv.jpg;50
1129;1073;257;MANDRILLS BKB_257_20201125_id3067_maljuv.jpg;56
1108;1108;257;MANDRILLS BKB_257_20201230_id3067_maljuv_(1).jpg;0
1112;1108;257;MANDRILLS BKB_257_20201230_id3067_maljuv_(2).jpg;4
1154;1126;257;MANDRILLS BKB_257_20210117_id3067_maljuv_(1).jpg;28
1112;1126;257;MANDRILLS BKB_257_20210117_id3067_maljuv_(2).jpg;14
1123;1126;257;MANDRILLS BKB_257_20210117_id3067_maljuv_(3).jpg;3
1074;1126;257;MANDRILLS BKB_257_20210117_id3067_maljuv_(4).jpg;52
1273;1221;257;MANDRILLS BKB_257_20210422_id3067_maljuv_(1).jpg;52
1378;1221;257;MANDRILLS BKB_257_20210422_id3067_maljuv_(2).jpg;157
1213;1242;257;MANDRILLS BKB_257_20210513_id3067_maljuv_(1).jpg;29
1231;1242;257;MANDRILLS BKB_257_20210513_id3067_maljuv_(2).jpg;11
1422;1356;257;MANDRILLS BKB_257_20210904_id257_maljuv (1).jpg;66
1329;1356;257;MANDRILLS BKB_257_20210904_id257_maljuv (2).jpg;27
1339;1434;257;MANDRILLS BKB_257_20211121_id257_maljuv.jpg;95
1405;1469;257;MANDRILLS BKB_257_20211226_id257_malado.jpg;64
1411;1531;257;MANDRILLS BKB_257_20220226_id257_malado (1).jpg;120
1409;1531;257;MANDRILLS BKB_257_20220226_id257_malado (2).jpg;122
1404;1531;257;MANDRILLS BKB_257_20220226_id257_malado (3).jpg;127
1391;1531;257;MANDRILLS BKB_257_20220226_id257_malado (4).jpg;140
1409;1531;257;MANDRILLS BKB_257_20220226_id257_malado (5).jpg;122
1441;1531;257;MANDRILLS BKB_257_20220226_id257_malado (6).jpg;90
1620;1542;257;MANDRILLS BKB_257_20220309_id257_malado (1).jpg;78
1568;1542;257;MANDRILLS BKB_257_20220309_id257_malado (2).jpg;26
1496;1555;257;MANDRILLS BKB_257_20220322_id257_malado.jpg;59
1657;1559;257;MANDRILLS BKB_257_20220326_id257_malado.jpg;98
1502;1574;257;MANDRILLS BKB_257_20220410_id257_malado.jpg;72
1534;1590;257;MANDRILLS BKB_257_20220426_id257_malado (1).jpg;56
1484;1590;257;MANDRILLS BKB_257_20220426_id257_malado (2).jpg;106
1550;1603;257;MANDRILLS BKB_257_20220509_id257_malado.jpg;53
1434;1621;257;MANDRILLS BKB_257_20220527_id257_malado (1).jpg;187
1605;1621;257;MANDRILLS BKB_257_20220527_id257_malado (2).jpg;16
1527;1621;257;MANDRILLS BKB_257_20220527_id257_malado.jpg;94
1514;1628;257;MANDRILLS BKB_257_20220603_id257_malado (1).jpg;114
1497;1628;257;MANDRILLS BKB_257_20220603_id257_malado (2).jpg;131
1528;1628;257;MANDRILLS BKB_257_20220603_id257_malado (3).jpg;100
1464;1628;257;MANDRILLS BKB_257_20220603_id257_malado (4).jpg;164
1536;1628;257;MANDRILLS BKB_257_20220603_id257_malado.jpg;92
1619;1633;257;MANDRILLS BKB_257_20220608_id257_malado.jpg;14
1513;1635;257;MANDRILLS BKB_257_20220610_id257_malado (1).jpg;122
1509;1635;257;MANDRILLS BKB_257_20220610_id257_malado (2).jpg;126
1713;1654;257;MANDRILLS BKB_257_20220629_id257.jpg;59
1604;1660;257;MANDRILLS BKB_257_20220705_id257 (2).jpg;56
1834;1660;257;MANDRILLS BKB_257_20220705_id257 (3).jpg;174
1561;1666;257;MANDRILLS BKB_257_20220711_id257.jpg;105
1686;1667;257;MANDRILLS BKB_257_20220712_id257 (2).jpg;19
1549;1672;257;MANDRILLS BKB_257_20220717_id257.jpg;123
1593;1676;257;MANDRILLS BKB_257_20220721_id257.jpg;83
1637;1683;257;MANDRILLS BKB_257_20220728_id257.jpg;46
1560;1695;257;MANDRILLS BKB_257_20220809_id257.jpg;135
1517;1722;257;MANDRILLS BKB_257_20220905_id257 (1).jpg;205
1645;1722;257;MANDRILLS BKB_257_20220905_id257 (2).jpg;77
1520;1722;257;MANDRILLS BKB_257_20220905_id257 (3).jpg;202
1524;1745;257;MANDRILLS BKB_257_20220928_id257 (2).jpg;221
1627;1745;257;MANDRILLS BKB_257_20220928_id257.jpg;118
1647;1752;257;MANDRILLS BKB_257_20221005_id257.jpg;105
1645;1757;257;MANDRILLS BKB_257_20221010_id257.jpg;112
1671;1766;257;MANDRILLS BKB_257_20221019_id257.jpg;95
1688;1808;257;MANDRILLS BKB_257_20221130_id257.jpg;120
1741;1817;257;MANDRILLS BKB_257_20221209_id257 (1).jpg;76
1754;1817;257;MANDRILLS BKB_257_20221209_id257 (2).jpg;63
1710;1826;257;MANDRILLS BKB_257_20221218_id257.jpg;116
1755;1832;257;MANDRILLS BKB_257_20221224_id257.jpg;77
88;100;262;MANDRILLS BKB_262_20180403_id3021_feminfDROITE_(1)_ORIGINAL.jpg;12
85;100;262;MANDRILLS BKB_262_20180403_id3021_feminfDROITE_(2)_ORIGINAL.jpg;15
70;100;262;MANDRILLS BKB_262_20180403_id3021_feminfDROITE_(4)_ORIGINAL.jpg;30
194;179;262;MANDRILLS BKB_262_20180621_id3021_feminf_ORIGINAL.jpg;15
212;187;262;MANDRILLS BKB_262_20180629_id3021_feminfDEVANT_ORIGINAL.jpg;25
211;187;262;MANDRILLS BKB_262_20180629_id3021_feminfDROITE_(1)_ORIGINAL.jpg;24
153;187;262;MANDRILLS BKB_262_20180629_id3021_feminfDROITE_(2)_ORIGINAL.jpg;34
306;187;262;MANDRILLS BKB_262_20180629_id3021_feminfDROITE_(3)_ORIGINAL.jpg;119
214;199;262;MANDRILLS BKB_262_20180711_id3021_feminfDEVANT_(1)_ORIGINAL.jpg;15
219;199;262;MANDRILLS BKB_262_20180711_id3021_feminfDEVANT_(4)_ORIGINAL.jpg;20
236;199;262;MANDRILLS BKB_262_20180711_id3021_feminfDEVANT_(6)_ORIGINAL.jpg;37
207;199;262;MANDRILLS BKB_262_20180711_id3021_feminfDEVANT_(7)_ORIGINAL.jpg;8
211;199;262;MANDRILLS BKB_262_20180711_id3021_feminfDEVANT_(8)_ORIGINAL.jpg;12
181;199;262;MANDRILLS BKB_262_20180711_id3021_feminfDROITE_ORIGINAL.jpg;18
295;228;262;MANDRILLS BKB_262_20180809_id3021_feminf_(1)_ORIGINAL.jpg;67
267;228;262;MANDRILLS BKB_262_20180809_id3021_feminf_(10)_ORIGINAL.jpg;39
227;228;262;MANDRILLS BKB_262_20180809_id3021_feminf_(11)_ORIGINAL.jpg;1
229;228;262;MANDRILLS BKB_262_20180809_id3021_feminf_(12)_ORIGINAL.jpg;1
224;228;262;MANDRILLS BKB_262_20180809_id3021_feminf_(13)_ORIGINAL.jpg;4
233;228;262;MANDRILLS BKB_262_20180809_id3021_feminf_(14)_ORIGINAL.jpg;5
201;228;262;MANDRILLS BKB_262_20180809_id3021_feminf_(15)_ORIGINAL.jpg;27
282;228;262;MANDRILLS BKB_262_20180809_id3021_feminf_(16)_ORIGINAL.jpg;54
226;228;262;MANDRILLS BKB_262_20180809_id3021_feminf_(17)_ORIGINAL.jpg;2
217;228;262;MANDRILLS BKB_262_20180809_id3021_feminf_(18)_ORIGINAL.jpg;11
238;228;262;MANDRILLS BKB_262_20180809_id3021_feminf_(19)_ORIGINAL.jpg;10
225;228;262;MANDRILLS BKB_262_20180809_id3021_feminf_(2)_ORIGINAL.jpg;3
238;228;262;MANDRILLS BKB_262_20180809_id3021_feminf_(20)_ORIGINAL.jpg;10
232;228;262;MANDRILLS BKB_262_20180809_id3021_feminf_(22)_ORIGINAL.jpg;4
272;228;262;MANDRILLS BKB_262_20180809_id3021_feminf_(23)_ORIGINAL.jpg;44
248;228;262;MANDRILLS BKB_262_20180809_id3021_feminf_(26)_ORIGINAL.jpg;20
320;228;262;MANDRILLS BKB_262_20180809_id3021_feminf_(27)_ORIGINAL.jpg;92
202;228;262;MANDRILLS BKB_262_20180809_id3021_feminf_(3)_ORIGINAL.jpg;26
247;228;262;MANDRILLS BKB_262_20180809_id3021_feminf_(30)_ORIGINAL.jpg;19
247;228;262;MANDRILLS BKB_262_20180809_id3021_feminf_(4)_ORIGINAL.jpg;19
202;228;262;MANDRILLS BKB_262_20180809_id3021_feminf_(5)_ORIGINAL.jpg;26
247;228;262;MANDRILLS BKB_262_20180809_id3021_feminf_(6)_ORIGINAL.jpg;19
191;228;262;MANDRILLS BKB_262_20180809_id3021_feminf_(7)_ORIGINAL.jpg;37
210;228;262;MANDRILLS BKB_262_20180809_id3021_feminf_(8)_ORIGINAL.jpg;18
228;228;262;MANDRILLS BKB_262_20180809_id3021_feminf_(9)_ORIGINAL.jpg;0
438;380;262;MANDRILLS BKB_262_20190108_id3021_femjuv_(1)_ORIGINAL.jpg;58
710;448;262;MANDRILLS BKB_262_20190317_id3021_femjuv_DROITE_(1).jpg;262
637;448;262;MANDRILLS BKB_262_20190317_id3021_femjuv_DROITE_(2).jpg;189
654;448;262;MANDRILLS BKB_262_20190317_id3021_femjuv_DROITE_(3).jpg;206
680;448;262;MANDRILLS BKB_262_20190317_id3021_femjuv_DROITE_(4).jpg;232
746;626;262;MANDRILLS BKB_262_20190911_id3021_femjuv_(1).jpg;120
898;626;262;MANDRILLS BKB_262_20190911_id3021_femjuv_(2).jpg;272
805;626;262;MANDRILLS BKB_262_20190911_id3021_femjuv_(3).jpg;179
930;640;262;MANDRILLS BKB_262_20190925_id3021_femjuv_(1).jpg;290
953;640;262;MANDRILLS BKB_262_20190925_id3021_femjuv_(10).jpg;313
925;640;262;MANDRILLS BKB_262_20190925_id3021_femjuv_(2).jpg;285
895;640;262;MANDRILLS BKB_262_20190925_id3021_femjuv_(3).jpg;255
1051;640;262;MANDRILLS BKB_262_20190925_id3021_femjuv_(4).jpg;411
979;640;262;MANDRILLS BKB_262_20190925_id3021_femjuv_(5).jpg;339
995;640;262;MANDRILLS BKB_262_20190925_id3021_femjuv_(6).jpg;355
944;640;262;MANDRILLS BKB_262_20190925_id3021_femjuv_(7).jpg;304
1157;640;262;MANDRILLS BKB_262_20190925_id3021_femjuv_(8).jpg;517
1115;640;262;MANDRILLS BKB_262_20190925_id3021_femjuv_(9).jpg;475
903;686;262;MANDRILLS BKB_262_20191110_id3021_femjuv.jpg;217
1072;722;262;MANDRILLS BKB_262_20191216_id3021_femjuv_(1).jpg;350
1069;722;262;MANDRILLS BKB_262_20191216_id3021_femjuv_(2).jpg;347
1513;1028;262;MANDRILLS BKB_262_20201017_id3021_femjuv.jpg;485
1442;1030;262;MANDRILLS BKB_262_20201019_id3021_femjuv.jpg;412
1356;1033;262;MANDRILLS BKB_262_20201022_id3021_femjuv_(1).jpg;323
1259;1033;262;MANDRILLS BKB_262_20201022_id3021_femjuv_(2).jpg;226
1241;1033;262;MANDRILLS BKB_262_20201022_id3021_femjuv_(3).jpg;208
1348;1033;262;MANDRILLS BKB_262_20201022_id3021_femjuv_(4).jpg;315
1448;1033;262;MANDRILLS BKB_262_20201022_id3021_femjuv_(5).jpg;415
1272;1033;262;MANDRILLS BKB_262_20201022_id3021_femjuv_(6).jpg;239
1113;1036;262;MANDRILLS BKB_262_20201025_id3021_femadu_(1).jpg;77
1362;1036;262;MANDRILLS BKB_262_20201025_id3021_femadu_(2).jpg;326
1252;1036;262;MANDRILLS BKB_262_20201025_id3021_femadu_(3).jpg;216
1368;1085;262;MANDRILLS BKB_262_20201213_id3021_femjuv.jpg;283
1287;1089;262;MANDRILLS BKB_262_20201217_id3021_femjuv_(1).jpg;198
1263;1089;262;MANDRILLS BKB_262_20201217_id3021_femjuv_(2).jpg;174
1217;1103;262;MANDRILLS BKB_262_20201231_id3021_femjuv.jpg;114
1355;1132;262;MANDRILLS BKB_262_20210129_id3021_femjuv.jpg;223
1414;1135;262;MANDRILLS BKB_262_20210201_id3021_femjuv.jpg;279
1375;1137;262;MANDRILLS BKB_262_20210203_id3021_femjuv_(1).jpg;238
1377;1137;262;MANDRILLS BKB_262_20210203_id3021_femjuv_(2).jpg;240
1474;1137;262;MANDRILLS BKB_262_20210203_id3021_femjuv_(3).jpg;337
1300;1160;262;MANDRILLS BKB_262_20210226_id3021_femjuv_(1).jpg;140
1545;1160;262;MANDRILLS BKB_262_20210226_id3021_femjuv_(2).jpg;385
1331;1160;262;MANDRILLS BKB_262_20210226_id3021_femjuv_(3).jpg;171
1413;1213;262;MANDRILLS BKB_262_20210420_id3021_femjuv.jpg;200
1737;1213;262;MANDRILLS BKB_262_20210420_id3021_femjuv_(1).jpg;524
1595;1381;262;MANDRILLS BKB_262_20211005_id262_femjuv.jpg;214
1750;1400;262;MANDRILLS BKB_262_20211024_id262_femjuv.jpg;350
1626;1433;262;MANDRILLS BKB_262_20211126_id262_femjuv.jpg;193
1926;1447;262;MANDRILLS BKB_262_20211210_id262_femjuv.jpg;479
1857;1454;262;MANDRILLS BKB_262_20211217_id262_femjuv.jpg;403
1778;1457;262;MANDRILLS BKB_262_20211220_ID262_femjuv_(1).jpg;321
1752;1457;262;MANDRILLS BKB_262_20211220_ID262_femjuv_(3).jpg;295
1754;1463;262;MANDRILLS BKB_262_20211226_id262_femadu.jpg;291
1808;1464;262;MANDRILLS BKB_262_20211227_ID262_femadu.jpg;344
1968;1490;262;MANDRILLS BKB_262_20220122_id262 (1).jpg;478
1870;1490;262;MANDRILLS BKB_262_20220122_id262 (2).jpg;380
1942;1500;262;MANDRILLS BKB_262_20220201_id262_femadu.jpg;442
1633;1534;262;MANDRILLS BKB_262_20220307_id262_femadu.jpg;99
1917;1536;262;MANDRILLS BKB_262_20220309_id262_femadu (1).jpg;381
1875;1536;262;MANDRILLS BKB_262_20220309_id262_femadu (2).jpg;339
1877;1536;262;MANDRILLS BKB_262_20220309_id262_femadu (3).jpg;341
1979;1541;262;MANDRILLS BKB_262_20220314_id262_femadu (1).jpg;438
1808;1541;262;MANDRILLS BKB_262_20220314_id262_femadu (2).jpg;267
2095;1541;262;MANDRILLS BKB_262_20220314_id262_femadu (3).jpg;554
1960;1557;262;MANDRILLS BKB_262_20220330_id262_femadu.jpg;403
1941;1562;262;MANDRILLS BKB_262_20220404_id262_femadu (1).jpg;379
1923;1562;262;MANDRILLS BKB_262_20220404_id262_femadu (2).jpg;361
2010;1585;262;MANDRILLS BKB_262_20220427_id262_femadu (1).jpg;425
1941;1585;262;MANDRILLS BKB_262_20220427_id262_femadu (2).jpg;356
1768;1597;262;MANDRILLS BKB_262_20220509_id262_femadu (1).jpg;171
1952;1597;262;MANDRILLS BKB_262_20220509_id262_femadu (2).jpg;355
1776;1604;262;MANDRILLS BKB_262_20220516_id262_femadu (1).jpg;172
1848;1604;262;MANDRILLS BKB_262_20220516_id262_femadu (2).jpg;244
1832;1604;262;MANDRILLS BKB_262_20220516_id262_femadu (3).jpg;228
2000;1620;262;MANDRILLS BKB_262_20220601_id262_femadu.jpg;380
1808;1622;262;MANDRILLS BKB_262_20220603_id262_femadu (1).jpg;186
2063;1622;262;MANDRILLS BKB_262_20220603_id262_femadu (2).jpg;441
1831;1629;262;MANDRILLS BKB_262_20220610_id262_femadu.jpg;202
1920;1642;262;MANDRILLS BKB_262_20220623_id262_femadu.jpg;278
2024;1643;262;MANDRILLS BKB_262_20220624_id262_femadu.jpg;381
1972;1650;262;MANDRILLS BKB_262_20220701_id262.jpg;322
1918;1660;262;MANDRILLS BKB_262_20220711_id262 (1).jpg;258
2062;1660;262;MANDRILLS BKB_262_20220711_id262 (2).jpg;402
1993;1662;262;MANDRILLS BKB_262_20220713_id262.jpg;331
2102;1665;262;MANDRILLS BKB_262_20220716_id262 (2).jpg;437
2143;1665;262;MANDRILLS BKB_262_20220716_id262.jpg;478
2081;1665;262;MANDRILLS BKB_262_20220716_id262_femadu.jpg;416
2217;1706;262;MANDRILLS BKB_262_20220826_id262.jpg;511
2163;1715;262;MANDRILLS BKB_262_20220904_id262 (1).jpg;448
2045;1715;262;MANDRILLS BKB_262_20220904_id262 (2).jpg;330
2094;1723;262;MANDRILLS BKB_262_20220912_id262.jpg;371
2013;1746;262;MANDRILLS BKB_262_20221005_id262 (1).jpg;267
2104;1746;262;MANDRILLS BKB_262_20221005_id262 (2).jpg;358
2087;1760;262;MANDRILLS BKB_262_20221019_id262.jpg;327
1933;1768;262;MANDRILLS BKB_262_20221027_id262 (1).jpg;165
2053;1768;262;MANDRILLS BKB_262_20221027_id262 (2).jpg;285
2125;1781;262;MANDRILLS BKB_262_20221109_id262.jpg;344
2045;1793;262;MANDRILLS BKB_262_20221121_id262.jpg;252
2137;1802;262;MANDRILLS BKB_262_20221130_id262.jpg;335
2133;1804;262;MANDRILLS BKB_262_20221202_id262.jpg;329
2104;1826;262;MANDRILLS BKB_262_20221224_id262.jpg;278
205;210;287;MANDRILLS BKB_287_20190906_id4093_malinf.jpg;5
217;230;287;MANDRILLS BKB_287_20190926_id4093_malinf_(1).jpg;13
251;230;287;MANDRILLS BKB_287_20190926_id4093_malinf_(10).jpg;21
249;230;287;MANDRILLS BKB_287_20190926_id4093_malinf_(12).jpg;19
226;230;287;MANDRILLS BKB_287_20190926_id4093_malinf_(2).jpg;4
275;230;287;MANDRILLS BKB_287_20190926_id4093_malinf_(3).jpg;45
200;230;287;MANDRILLS BKB_287_20190926_id4093_malinf_(6).jpg;30
256;230;287;MANDRILLS BKB_287_20190926_id4093_malinf_(7).jpg;26
244;230;287;MANDRILLS BKB_287_20190926_id4093_malinf_(8).jpg;14
232;230;287;MANDRILLS BKB_287_20190926_id4093_malinf_(9).jpg;2
231;230;287;MANDRILLS BKB_287_20190926_id4093_malinf_GAUCHE_(1).jpg;1
279;262;287;MANDRILLS BKB_287_20191028_id4093_malinf_(1).jpg;17
275;262;287;MANDRILLS BKB_287_20191028_id4093_malinf_(2).jpg;13
313;296;287;MANDRILLS BKB_287_20191201_id4093_malinf.jpg;17
337;334;287;MANDRILLS BKB_287_20200108_id4093_malinf_(1).jpg;3
304;334;287;MANDRILLS BKB_287_20200108_id4093_malinf_(2).jpg;30
402;448;287;MANDRILLS BKB_287_20200501_id4093_maljuv.jpg;46
459;453;287;MANDRILLS BKB_287_20200506_id4093_maljuv_(1).jpg;6
493;453;287;MANDRILLS BKB_287_20200506_id4093_maljuv_(2).jpg;40
428;453;287;MANDRILLS BKB_287_20200506_id4093_maljuv_(3).jpg;25
492;453;287;MANDRILLS BKB_287_20200506_id4093_maljuv_(4).jpg;39
449;453;287;MANDRILLS BKB_287_20200506_id4093_maljuv_(6).jpg;4
464;618;287;MANDRILLS BKB_287_20201018_id4093_maljuv_(1).jpg;154
550;618;287;MANDRILLS BKB_287_20201018_id4093_maljuv_(2).jpg;68
524;618;287;MANDRILLS BKB_287_20201018_id4093_maljuv_(3).jpg;94
568;619;287;MANDRILLS BKB_287_20201019_id4093_maljuv_(1).jpg;51
578;619;287;MANDRILLS BKB_287_20201019_id4093_maljuv_(2).jpg;41
522;619;287;MANDRILLS BKB_287_20201019_id4093_maljuv_(3).jpg;97
544;619;287;MANDRILLS BKB_287_20201019_id4093_maljuv_(4).jpg;75
554;619;287;MANDRILLS BKB_287_20201019_id4093_maljuv_(5).jpg;65
571;619;287;MANDRILLS BKB_287_20201019_id4093_maljuv_(6).jpg;48
588;621;287;MANDRILLS BKB_287_20201021_id4093_maljuv_(1).jpg;33
705;621;287;MANDRILLS BKB_287_20201021_id4093_maljuv_(2).jpg;84
616;621;287;MANDRILLS BKB_287_20201021_id4093_maljuv_(3).jpg;5
626;621;287;MANDRILLS BKB_287_20201021_id4093_maljuv_(4).jpg;5
601;621;287;MANDRILLS BKB_287_20201021_id4093_maljuv_(5).jpg;20
513;623;287;MANDRILLS BKB_287_20201023_id4093_maljuv_(1).jpg;110
586;623;287;MANDRILLS BKB_287_20201023_id4093_maljuv_(2).jpg;37
531;623;287;MANDRILLS BKB_287_20201023_id4093_maljuv_(3).jpg;92
520;623;287;MANDRILLS BKB_287_20201023_id4093_maljuv_(4).jpg;103
574;655;287;MANDRILLS BKB_287_20201124_id4093_maljuv.jpg;81
559;674;287;MANDRILLS BKB_287_20201213_id4093_maljuv.jpg;115
1120;676;287;MANDRILLS BKB_287_20201215_id4093_maljuv_(1).jpg;444
690;676;287;MANDRILLS BKB_287_20201215_id4093_maljuv_(2).jpg;14
751;676;287;MANDRILLS BKB_287_20201215_id4093_maljuv_(3).jpg;75
636;678;287;MANDRILLS BKB_287_20201217_id4093_maljuv.jpg;42
656;683;287;MANDRILLS BKB_287_20201222_id4093_maljuv_(1).jpg;27
736;683;287;MANDRILLS BKB_287_20201222_id4093_maljuv_(2).jpg;53
653;683;287;MANDRILLS BKB_287_20201222_id4093_maljuv_(3).jpg;30
725;683;287;MANDRILLS BKB_287_20201222_id4093_maljuv_(4).jpg;42
808;683;287;MANDRILLS BKB_287_20201222_id4093_maljuv_(5).jpg;125
517;694;287;MANDRILLS BKB_287_20210102_id4093_maljuv_(1).jpg;177
598;694;287;MANDRILLS BKB_287_20210102_id4093_maljuv_(2).jpg;96
567;694;287;MANDRILLS BKB_287_20210102_id4093_maljuv_(3).jpg;127
676;694;287;MANDRILLS BKB_287_20210102_id4093_maljuv_(4).jpg;18
725;749;287;MANDRILLS BKB_287_20210226_id4093_maljuv.jpg;24
826;792;287;MANDRILLS BKB_287_20210410_id4093_maljuv.jpg;34
886;886;287;MANDRILLS BKB_287_20210713_id4093_maljuv.jpg;0
834;899;287;MANDRILLS BKB_287_20210726_id4093_maljuv_(1).jpg;65
912;899;287;MANDRILLS BKB_287_20210726_id4093_maljuv_(2).jpg;13
868;899;287;MANDRILLS BKB_287_20210726_id4093_maljuv_(3).jpg;31
815;901;287;MANDRILLS BKB_287_20210728_id4093_maljuv.jpg;86
923;987;287;MANDRILLS BKB_287_20211022_id4093_maljuv.jpg;64
998;1043;287;MANDRILLS BKB_287_20211217_id4093_maljuv_(1).jpg;45
979;1043;287;MANDRILLS BKB_287_20211217_id4093_maljuv_(2).jpg;64
1048;1043;287;MANDRILLS BKB_287_20211217_id4093_maljuv_(3).jpg;5
1086;1104;287;MANDRILLS BKB_287_20220216_id4093_maljuv.jpg;18
1133;1114;287;MANDRILLS BKB_287_20220226_id4093_maljuv.jpg;19
1232;1143;287;MANDRILLS BKB_287_20220327_id4093_maljuv (1).jpg;89
1179;1143;287;MANDRILLS BKB_287_20220327_id4093_maljuv (2).jpg;36
1256;1146;287;MANDRILLS BKB_287_20220330_id4093_maljuv (1).jpg;110
1137;1146;287;MANDRILLS BKB_287_20220330_id4093_maljuv (2).jpg;9
1355;1175;287;MANDRILLS BKB_287_20220428_id4093_maljuv.jpg;180
1061;1193;287;MANDRILLS BKB_287_20220516_id4093_maljuv.jpg;132
1018;1198;287;MANDRILLS BKB_287_20220521_id4093_maljuv (1).jpg;180
1078;1198;287;MANDRILLS BKB_287_20220521_id4093_maljuv (2).jpg;120
1464;1214;287;MANDRILLS BKB_287_20220606_id4093_maljuv.jpg;250
1350;1215;287;MANDRILLS BKB_287_20220607_id4093_maljuv (1).jpg;135
1065;1215;287;MANDRILLS BKB_287_20220607_id4093_maljuv (2).jpg;150
1382;1227;287;MANDRILLS BKB_287_20220619_id4093_maljuv (1).jpg;155
1148;1227;287;MANDRILLS BKB_287_20220619_id4093_maljuv (2).jpg;79
1200;1237;287;MANDRILLS BKB_287_20220629_id4093 (1).jpg;37
1196;1237;287;MANDRILLS BKB_287_20220629_id4093 (2).jpg;41
1132;1250;287;MANDRILLS BKB_287_20220712_id4093.jpg;118
1053;1252;287;MANDRILLS BKB_287_20220714_id4093_maljuv (1).jpg;199
1113;1252;287;MANDRILLS BKB_287_20220714_id4093_maljuv (2).jpg;139
1188;1257;287;MANDRILLS BKB_287_20220719_id4093 (1).jpg;69
1378;1257;287;MANDRILLS BKB_287_20220719_id4093 (2).jpg;121
1431;1274;287;MANDRILLS BKB_287_20220805_id4093 (1).jpg;157
1207;1274;287;MANDRILLS BKB_287_20220805_id4093 (2).jpg;67
1161;1277;287;MANDRILLS BKB_287_20220808_id4093.jpg;116
1165;1281;287;MANDRILLS BKB_287_20220812_id4093 (1).jpg;116
1316;1281;287;MANDRILLS BKB_287_20220812_id4093 (2).jpg;35
1298;1284;287;MANDRILLS BKB_287_20220815_id4093 (2).jpg;14
1106;1295;287;MANDRILLS BKB_287_20220826_id4093 (1).jpg;189
1221;1295;287;MANDRILLS BKB_287_20220826_id4093 (2).jpg;74
1325;1295;287;MANDRILLS BKB_287_20220826_id4093 (3).jpg;30
1333;1304;287;MANDRILLS BKB_287_20220904_id4093.jpg;29
1044;1305;287;MANDRILLS BKB_287_20220905_id4093 (1).jpg;261
1237;1305;287;MANDRILLS BKB_287_20220905_id4093 (2).jpg;68
1332;1311;287;MANDRILLS BKB_287_20220911_id4093 (2).jpg;21
1324;1311;287;MANDRILLS BKB_287_20220911_id4093.jpg;13
1430;1335;287;MANDRILLS BKB_287_20221005_id4093.jpg;95
1397;1352;287;MANDRILLS BKB_287_20221022_id4093.jpg;45
1333;1357;287;MANDRILLS BKB_287_20221027_id4093.jpg;24
1287;1359;287;MANDRILLS BKB_287_20221029_id4093.jpg;72
1374;1391;287;MANDRILLS BKB_287_20221130_id4093.jpg;17
1319;1401;287;MANDRILLS BKB_287_20221210_id287 (2).jpg;82
1405;1401;287;MANDRILLS BKB_287_20221210_id287.jpg;4
1235;1403;287;MANDRILLS BKB_287_20221212_id287 (1).jpg;168
1399;1403;287;MANDRILLS BKB_287_20221212_id287 (2).jpg;4
1316;1415;287;MANDRILLS BKB_287_20221224_id287 (2).jpg;99
1442;1415;287;MANDRILLS BKB_287_20221224_id287.jpg;27
108;108;288;MANDRILLS BKB_288_20190112_id4102_malinf_GAUCHE_(1)_ORIGINAL.jpg;0
101;108;288;MANDRILLS BKB_288_20190112_id4102_malinf_GAUCHE_(2)_ORIGINAL.jpg;7
96;108;288;MANDRILLS BKB_288_20190112_id4102_malinf_GAUCHE_(3)_ORIGINAL.jpg;12
96;108;288;MANDRILLS BKB_288_20190112_id4102_malinf_GAUCHE_(6)_ORIGINAL.jpg;12
99;108;288;MANDRILLS BKB_288_20190112_id4102_malinf_GAUCHE_(7)_ORIGINAL.jpg;9
101;108;288;MANDRILLS BKB_288_20190112_id4102_malinf_GAUCHE_(8)_ORIGINAL.jpg;7
103;108;288;MANDRILLS BKB_288_20190112_id4102_malinf_GAUCHE_(9)_ORIGINAL.jpg;5
111;116;288;MANDRILLS BKB_288_20190120_id4102_malinf_DROITE_(10)_ORIGINAL.jpg;5
113;116;288;MANDRILLS BKB_288_20190120_id4102_malinf_DROITE_(11)_ORIGINAL.jpg;3
116;116;288;MANDRILLS BKB_288_20190120_id4102_malinf_DROITE_(12)_ORIGINAL.jpg;0
94;116;288;MANDRILLS BKB_288_20190120_id4102_malinf_DROITE_(13)_ORIGINAL.jpg;22
110;116;288;MANDRILLS BKB_288_20190120_id4102_malinf_DROITE_(8)_ORIGINAL.jpg;6
103;116;288;MANDRILLS BKB_288_20190120_id4102_malinf_DROITE_(9)_ORIGINAL.jpg;13
278;291;288;MANDRILLS BKB_288_20190714_id4102_malinf_(1).jpg;13
244;291;288;MANDRILLS BKB_288_20190714_id4102_malinf_(2).jpg;47
299;318;288;MANDRILLS BKB_288_20190810_id4102_malinf_(1).jpg;19
294;318;288;MANDRILLS BKB_288_20190810_id4102_malinf_(2).jpg;24
280;330;288;MANDRILLS BKB_288_20190822_id4102_malinf_(1).jpg;50
299;330;288;MANDRILLS BKB_288_20190822_id4102_malinf_(3).jpg;31
300;330;288;MANDRILLS BKB_288_20190822_id4102_malinf_(4).jpg;30
328;350;288;MANDRILLS BKB_288_20190911_id4102_malinf.jpg;22
407;397;288;MANDRILLS BKB_288_20191028_id4102_maljuv.jpg;10
526;502;288;MANDRILLS BKB_288_20200210_id4102_maljuv.jpg;24
415;525;288;MANDRILLS BKB_288_20200304_id4102_maljuv_(1).jpg;110
475;525;288;MANDRILLS BKB_288_20200304_id4102_maljuv_(2).jpg;50
459;525;288;MANDRILLS BKB_288_20200304_id4102_maljuv_(3).jpg;66
433;525;288;MANDRILLS BKB_288_20200304_id4102_maljuv_(4).jpg;92
493;585;288;MANDRILLS BKB_288_20200503_id4102_maljuv.jpg;92
600;587;288;MANDRILLS BKB_288_20200505_id4102_maljuv.jpg;13
850;752;288;MANDRILLS BKB_288_20201017_id4102_maljuv_(1).jpg;98
762;752;288;MANDRILLS BKB_288_20201017_id4102_maljuv_(2).jpg;10
760;752;288;MANDRILLS BKB_288_20201017_id4102_maljuv_(3).jpg;8
740;754;288;MANDRILLS BKB_288_20201019_id4102_maljuv_(1).jpg;14
689;754;288;MANDRILLS BKB_288_20201019_id4102_maljuv_(2).jpg;65
648;754;288;MANDRILLS BKB_288_20201019_id4102_maljuv_(3).jpg;106
694;757;288;MANDRILLS BKB_288_20201022_id4102_maljuv.jpg;63
785;811;288;MANDRILLS BKB_288_20201215_id4102_maljuv_(1).jpg;26
752;811;288;MANDRILLS BKB_288_20201215_id4102_maljuv_(2).jpg;59
817;811;288;MANDRILLS BKB_288_20201215_id4102_maljuv_(3).jpg;6
769;813;288;MANDRILLS BKB_288_20201217_id4102_maljuv_(1).jpg;44
808;813;288;MANDRILLS BKB_288_20201217_id4102_maljuv_(2).jpg;5
786;813;288;MANDRILLS BKB_288_20201217_id4102_maljuv_(3).jpg;27
800;813;288;MANDRILLS BKB_288_20201217_id4102_maljuv_(4).jpg;13
776;813;288;MANDRILLS BKB_288_20201217_id4102_maljuv_(5).jpg;37
826;813;288;MANDRILLS BKB_288_20201217_id4102_maljuv_(6).jpg;13
769;827;288;MANDRILLS BKB_288_20201231_id4102_maljuv_(1).jpg;58
755;827;288;MANDRILLS BKB_288_20201231_id4102_maljuv_(2).jpg;72
730;827;288;MANDRILLS BKB_288_20201231_id4102_maljuv_(3).jpg;97
765;827;288;MANDRILLS BKB_288_20201231_id4102_maljuv_(4).jpg;62
788;827;288;MANDRILLS BKB_288_20201231_id4102_maljuv_(5).jpg;39
759;830;288;MANDRILLS BKB_288_20210103_id4102_maljuv_(1).jpg;71
836;830;288;MANDRILLS BKB_288_20210103_id4102_maljuv_(2).jpg;6
788;831;288;MANDRILLS BKB_288_20210104_id4102_maljuv_(1).jpg;43
752;831;288;MANDRILLS BKB_288_20210104_id4102_maljuv_(2).jpg;79
815;856;288;MANDRILLS BKB_288_20210129_id4102_maljuv_(1).jpg;41
874;856;288;MANDRILLS BKB_288_20210129_id4102_maljuv_(2).jpg;18
838;856;288;MANDRILLS BKB_288_20210129_id4102_maljuv_(3).jpg;18
771;857;288;MANDRILLS BKB_288_20210130_id4102_maljuv.jpg;86
808;916;288;MANDRILLS BKB_288_20210330_id4102_maljuv.jpg;108
865;918;288;MANDRILLS BKB_288_20210401_id4102_maljuv.jpg;53
804;927;288;MANDRILLS BKB_288_20210410_id4102_maljuv.jpg;123
863;960;288;MANDRILLS BKB_288_20210513_id4102_maljuv_(1).jpg;97
929;960;288;MANDRILLS BKB_288_20210513_id4102_maljuv_(2).jpg;31
964;960;288;MANDRILLS BKB_288_20210513_id4102_maljuv_(3).jpg;4
1034;1119;288;MANDRILLS BKB_288_20211019_id4102_femjuv.jpg;85
1099;1174;288;MANDRILLS BKB_288_20211213_id4102_maljuv_(1).jpg;75
1087;1174;288;MANDRILLS BKB_288_20211213_id4102_maljuv_(2).jpg;87
1116;1178;288;MANDRILLS BKB_288_20211217_id4102_maljuv.jpg;62
1200;1238;288;MANDRILLS BKB_288_20220215_id4102_maljuv.jpg;38
1193;1255;288;MANDRILLS BKB_288_20220304_id4102_maljuv (1).jpg;62
1207;1255;288;MANDRILLS BKB_288_20220304_id4102_maljuv (2).jpg;48
1197;1258;288;MANDRILLS BKB_288_20220307_id4102_maljuv (1).jpg;61
1241;1258;288;MANDRILLS BKB_288_20220307_id4102_maljuv (2).jpg;17
1241;1275;288;MANDRILLS BKB_288_20220324_id4102_maljuv.jpg;34
1182;1308;288;MANDRILLS BKB_288_20220426_id4102_maljuv.jpg;126
1228;1346;288;MANDRILLS BKB_288_20220603_id4102_maljuv (4).jpg;118
1205;1346;288;MANDRILLS BKB_288_20220603_id4102_maljuv (5).jpg;141
1292;1346;288;MANDRILLS BKB_288_20220603_id4102_maljuv (6).jpg;54
1375;1346;288;MANDRILLS BKB_288_20220603_id4102_maljuv (7).jpg;29
1273;1362;288;MANDRILLS BKB_288_20220619_id4102_maljuv.jpg;89
1316;1379;288;MANDRILLS BKB_288_20220706_id4102.jpg;63
1325;1390;288;MANDRILLS BKB_288_20220717_id4102.jpg;65
1377;1391;288;MANDRILLS BKB_288_20220718_id4102.jpg;14
1304;1416;288;MANDRILLS BKB_288_20220812_id4102.jpg;112
1284;1422;288;MANDRILLS BKB_288_20220818_id4102.jpg;138
1259;1430;288;MANDRILLS BKB_288_20220826_id4102.jpg;171
1313;1439;288;MANDRILLS BKB_288_20220904_id4102 (1).jpg;126
1284;1439;288;MANDRILLS BKB_288_20220904_id4102 (2).jpg;155
1389;1450;288;MANDRILLS BKB_288_20220915_id4102 (1).jpg;61
1366;1450;288;MANDRILLS BKB_288_20220915_id4102 (2).jpg;84
1421;1453;288;MANDRILLS BKB_288_20220918_id4102.jpg;32
1347;1470;288;MANDRILLS BKB_288_20221005_id4102 (1).jpg;123
1372;1470;288;MANDRILLS BKB_288_20221005_id4102 (2).jpg;98
1443;1519;288;MANDRILLS BKB_288_20221123_id4102.jpg;76
1334;1526;288;MANDRILLS BKB_288_20221130_id4102 (2).jpg;192
1516;1526;288;MANDRILLS BKB_288_20221130_id4102 (3).jpg;10
1374;1526;288;MANDRILLS BKB_288_20221130_id4102 (4).jpg;152
1453;1526;288;MANDRILLS BKB_288_20221130_id4102.jpg;73
1420;1536;288;MANDRILLS BKB_288_20221210_id288 (2).jpg;116
1433;1536;288;MANDRILLS BKB_288_20221210_id288.jpg;103
1341;1537;288;MANDRILLS BKB_288_20221211_id288.jpg;196
23;35;296;MANDRILLS BKB_296_20190313_id4166_malinf_BAS_(1).jpg;12
19;35;296;MANDRILLS BKB_296_20190313_id4166_malinf_BAS_(2).jpg;16
12;37;296;MANDRILLS BKB_296_20190315_id4166_malinf_GAUCHE_(1).jpg;25
22;41;296;MANDRILLS BKB_296_20190319_id4166_malinf_(1).jpg;19
29;41;296;MANDRILLS BKB_296_20190319_id4166_malinf_(2).jpg;12
9;41;296;MANDRILLS BKB_296_20190319_id4166_malinf_DROITE_(1).jpg;32
32;41;296;MANDRILLS BKB_296_20190319_id4166_malinf_DROITE_(2).jpg;9
14;41;296;MANDRILLS BKB_296_20190319_id4166_malinf_DROITE_(3).jpg;27
28;41;296;MANDRILLS BKB_296_20190319_id4166_malinf_DROITE_(4).jpg;13
221;210;296;MANDRILLS BKB_296_20190904_id4166_malinf_(1).jpg;11
227;210;296;MANDRILLS BKB_296_20190904_id4166_malinf_(2).jpg;17
270;210;296;MANDRILLS BKB_296_20190904_id4166_malinf_(3).jpg;60
286;210;296;MANDRILLS BKB_296_20190904_id4166_malinf_(4).jpg;76
242;210;296;MANDRILLS BKB_296_20190904_id4166_malinf_(8).jpg;32
226;211;296;MANDRILLS BKB_296_20190905_id4166_malinf_(2).jpg;15
235;212;296;MANDRILLS BKB_296_20190906_id4166_malinf_(1).jpg;23
236;212;296;MANDRILLS BKB_296_20190906_id4166_malinf_(10).jpg;24
227;212;296;MANDRILLS BKB_296_20190906_id4166_malinf_(11).jpg;15
243;212;296;MANDRILLS BKB_296_20190906_id4166_malinf_(12).jpg;31
234;212;296;MANDRILLS BKB_296_20190906_id4166_malinf_(2).jpg;22
215;212;296;MANDRILLS BKB_296_20190906_id4166_malinf_(3).jpg;3
241;212;296;MANDRILLS BKB_296_20190906_id4166_malinf_(4).jpg;29
341;212;296;MANDRILLS BKB_296_20190906_id4166_malinf_(5).jpg;129
313;212;296;MANDRILLS BKB_296_20190906_id4166_malinf_(6).jpg;101
420;212;296;MANDRILLS BKB_296_20190906_id4166_malinf_(7).jpg;208
237;212;296;MANDRILLS BKB_296_20190906_id4166_malinf_(9).jpg;25
326;280;296;MANDRILLS BKB_296_20191113_id4166_malinf.jpg;46
338;281;296;MANDRILLS BKB_296_20191114_id4166_malinf_(1).jpg;57
381;281;296;MANDRILLS BKB_296_20191114_id4166_malinf_(2).jpg;100
384;305;296;MANDRILLS BKB_296_20191208_id4166_malinf_(1).jpg;79
422;305;296;MANDRILLS BKB_296_20191208_id4166_malinf_(2).jpg;117
328;305;296;MANDRILLS BKB_296_20191208_id4166_malinf_(3).jpg;23
354;305;296;MANDRILLS BKB_296_20191208_id4166_malinf_(4).jpg;49
379;305;296;MANDRILLS BKB_296_20191208_id4166_malinf_(5).jpg;74
340;343;296;MANDRILLS BKB_296_20200115_id4166_malinf.jpg;3
391;400;296;MANDRILLS BKB_296_20200312_id4166_maljuv_(1).jpg;9
368;400;296;MANDRILLS BKB_296_20200312_id4166_maljuv_(2).jpg;32
359;400;296;MANDRILLS BKB_296_20200312_id4166_maljuv_(3).jpg;41
505;419;296;MANDRILLS BKB_296_20200331_id4166_maljuv_(1).jpg;86
400;419;296;MANDRILLS BKB_296_20200331_id4166_maljuv_(2).jpg;19
496;419;296;MANDRILLS BKB_296_20200331_id4166_maljuv_(3).jpg;77
388;419;296;MANDRILLS BKB_296_20200331_id4166_maljuv_(4).jpg;31
540;455;296;MANDRILLS BKB_296_20200506_id4166_maljuv.jpg;85
612;617;296;MANDRILLS BKB_296_20201015_id4166_maljuv_(1).jpg;5
551;617;296;MANDRILLS BKB_296_20201015_id4166_maljuv_(2).jpg;66
568;617;296;MANDRILLS BKB_296_20201015_id4166_maljuv_(3).jpg;49
636;617;296;MANDRILLS BKB_296_20201015_id4166_maljuv_(4).jpg;19
657;617;296;MANDRILLS BKB_296_20201015_id4166_maljuv_(5).jpg;40
656;624;296;MANDRILLS BKB_296_20201022_id4166_maljuv_(1).jpg;32
671;624;296;MANDRILLS BKB_296_20201022_id4166_maljuv_(2).jpg;47
632;624;296;MANDRILLS BKB_296_20201022_id4166_maljuv_(3).jpg;8
676;624;296;MANDRILLS BKB_296_20201022_id4166_maljuv_(4).jpg;52
592;630;296;MANDRILLS BKB_296_20201028_id4166_maljuv.jpg;38
764;636;296;MANDRILLS BKB_296_20201103_id4166_maljuv_(1).jpg;128
679;636;296;MANDRILLS BKB_296_20201103_id4166_maljuv_(2).jpg;43
780;636;296;MANDRILLS BKB_296_20201103_id4166_maljuv_(3).jpg;144
687;636;296;MANDRILLS BKB_296_20201103_id4166_maljuv_(4).jpg;51
723;637;296;MANDRILLS BKB_296_20201104_id4166_maljuv.jpg;86
666;643;296;MANDRILLS BKB_296_20201110_id4166_maljuv.jpg;23
772;676;296;MANDRILLS BKB_296_20201213_id4166_maljuv_(1).jpg;96
733;676;296;MANDRILLS BKB_296_20201213_id4166_maljuv_(2).jpg;57
749;693;296;MANDRILLS BKB_296_20201230_id4166_maljuv_(1).jpg;56
777;693;296;MANDRILLS BKB_296_20201230_id4166_maljuv_(2).jpg;84
755;693;296;MANDRILLS BKB_296_20201230_id4166_maljuv_(3).jpg;62
735;693;296;MANDRILLS BKB_296_20201230_id4166_maljuv_(4).jpg;42
670;701;296;MANDRILLS BKB_296_20210107_id4166_maljuv_(1).jpg;31
725;701;296;MANDRILLS BKB_296_20210107_id4166_maljuv_(2).jpg;24
687;701;296;MANDRILLS BKB_296_20210107_id4166_maljuv_(3).jpg;14
774;723;296;MANDRILLS BKB_296_20210129_id4166_maljuv.jpg;51
1063;735;296;MANDRILLS BKB_296_20210210_id4166_maljuv_(1).jpg;328
1008;735;296;MANDRILLS BKB_296_20210210_id4166_maljuv_(2).jpg;273
813;742;296;MANDRILLS BKB_296_20210217_id4166_maljuv.jpg;71
723;749;296;MANDRILLS BKB_296_20210224_id4166_maljuv_(1).jpg;26
626;749;296;MANDRILLS BKB_296_20210224_id4166_maljuv_(2).jpg;123
715;749;296;MANDRILLS BKB_296_20210224_id4166_maljuv_(3).jpg;34
835;785;296;MANDRILLS BKB_296_20210401_id4166_maljuv.jpg;50
768;789;296;MANDRILLS BKB_296_20210405_id4166_maljuv_(1).jpg;21
801;789;296;MANDRILLS BKB_296_20210405_id4166_maljuv_(2).jpg;12
932;794;296;MANDRILLS BKB_296_20210410_id4166_maljuv_(1).jpg;138
831;794;296;MANDRILLS BKB_296_20210410_id4166_maljuv_(2).jpg;37
924;846;296;MANDRILLS BKB_296_20210601_id4166_maljuv_(1).jpg;78
945;846;296;MANDRILLS BKB_296_20210601_id4166_maljuv_(2).jpg;99
988;846;296;MANDRILLS BKB_296_20210601_id4166_maljuv_(3).jpg;142
898;852;296;MANDRILLS BKB_296_20210607_id4166_maljuv_(1).jpg;46
878;852;296;MANDRILLS BKB_296_20210607_id4166_maljuv_(10).jpg;26
846;852;296;MANDRILLS BKB_296_20210607_id4166_maljuv_(11).jpg;6
864;852;296;MANDRILLS BKB_296_20210607_id4166_maljuv_(12).jpg;12
954;852;296;MANDRILLS BKB_296_20210607_id4166_maljuv_(2).jpg;102
836;852;296;MANDRILLS BKB_296_20210607_id4166_maljuv_(3).jpg;16
886;852;296;MANDRILLS BKB_296_20210607_id4166_maljuv_(4).jpg;34
823;852;296;MANDRILLS BKB_296_20210607_id4166_maljuv_(5).jpg;29
944;852;296;MANDRILLS BKB_296_20210607_id4166_maljuv_(6).jpg;92
860;852;296;MANDRILLS BKB_296_20210607_id4166_maljuv_(7).jpg;8
832;852;296;MANDRILLS BKB_296_20210607_id4166_maljuv_(8).jpg;20
924;852;296;MANDRILLS BKB_296_20210607_id4166_maljuv_(9).jpg;72
887;865;296;MANDRILLS BKB_296_20210620_id4166_maljuv_(1).jpg;22
873;865;296;MANDRILLS BKB_296_20210620_id4166_maljuv_(2).jpg;8
967;898;296;MANDRILLS BKB_296_20210723_id4166_maljuv_(1).jpg;69
932;898;296;MANDRILLS BKB_296_20210723_id4166_maljuv_(2).jpg;34
1044;898;296;MANDRILLS BKB_296_20210723_id4166_maljuv_(3).jpg;146
1033;898;296;MANDRILLS BKB_296_20210723_id4166_maljuv_(4).jpg;135
947;898;296;MANDRILLS BKB_296_20210723_id4166_maljuv_(5).jpg;49
868;941;296;MANDRILLS BKB_296_20210904_id4166_maljuv (1).jpg;73
936;941;296;MANDRILLS BKB_296_20210904_id4166_maljuv (2).jpg;5
936;954;296;MANDRILLS BKB_296_20210917_id4166_maljuv.jpg;18
1066;970;296;MANDRILLS BKB_296_20211003_id4166_maljuv.jpg;96
1152;986;296;MANDRILLS BKB_296_20211019_id4166_maljuv.jpg;166
1234;1047;296;MANDRILLS BKB_296_20211219_id4166_maljuv.jpg;187
975;1054;296;MANDRILLS BKB_296_20211226_id4166_maljuv_(1).jpg;79
1060;1054;296;MANDRILLS BKB_296_20211226_id4166_maljuv_(3).jpg;6
1158;1091;296;MANDRILLS BKB_296_20220201_id4166_maljuv.jpg;67
1208;1101;296;MANDRILLS BKB_296_20220211_id4166_maljuv (1).jpg;107
1171;1101;296;MANDRILLS BKB_296_20220211_id4166_maljuv (2).jpg;70
1189;1101;296;MANDRILLS BKB_296_20220211_id4166_maljuv (3).jpg;88
1191;1125;296;MANDRILLS BKB_296_20220307_id4166_maljuv (1).jpg;66
1155;1125;296;MANDRILLS BKB_296_20220307_id4166_maljuv (2).jpg;30
1242;1125;296;MANDRILLS BKB_296_20220307_id4166_maljuv (3).jpg;117
1321;1137;296;MANDRILLS BKB_296_20220319_id4166_maljuv (1).jpg;184
1256;1137;296;MANDRILLS BKB_296_20220319_id4166_maljuv (2).jpg;119
1177;1139;296;MANDRILLS BKB_296_20220321_id4166_maljuv.jpg;38
1299;1175;296;MANDRILLS BKB_296_20220426_id4166_maljuv.jpg;124
1265;1195;296;MANDRILLS BKB_296_20220516_id4166_maljuv.jpg;70
1297;1203;296;MANDRILLS BKB_296_20220524_id4166_maljuv.jpg;94
1282;1205;296;MANDRILLS BKB_296_20220526_id4166_maljuv.jpg;77
1213;1217;296;MANDRILLS BKB_296_20220607_id4166_maljuv.jpg;4
1261;1231;296;MANDRILLS BKB_296_20220621_id4166_maljuv.jpg;30
1312;1239;296;MANDRILLS BKB_296_20220629_id4166 (1).jpg;73
1255;1239;296;MANDRILLS BKB_296_20220629_id4166 (2).jpg;16
1365;1239;296;MANDRILLS BKB_296_20220629_id4166 (3).jpg;126
1198;1246;296;MANDRILLS BKB_296_20220706_id4166.jpg;48
1230;1256;296;MANDRILLS BKB_296_20220716_id4166_maljuv.jpg;26
1362;1286;296;MANDRILLS BKB_296_20220815_id4166.jpg;76
1272;1289;296;MANDRILLS BKB_296_20220818_id4166.jpg;17
1350;1298;296;MANDRILLS BKB_296_20220827_id4166 (2).jpg;52
1400;1306;296;MANDRILLS BKB_296_20220904_id4166 (1).jpg;94
1386;1306;296;MANDRILLS BKB_296_20220904_id4166 (2).jpg;80
1349;1313;296;MANDRILLS BKB_296_20220911_id4166 (1).jpg;36
1383;1313;296;MANDRILLS BKB_296_20220911_id4166 (2).jpg;70
1358;1314;296;MANDRILLS BKB_296_20220912_id4166.jpg;44
1364;1315;296;MANDRILLS BKB_296_20220913_id4166.jpg;49
1329;1317;296;MANDRILLS BKB_296_20220915_id4166.jpg;12
1392;1337;296;MANDRILLS BKB_296_20221005_id4166 (1).jpg;55
1375;1337;296;MANDRILLS BKB_296_20221005_id4166 (2).jpg;38
1392;1337;296;MANDRILLS BKB_296_20221005_id4166 (3).jpg;55
1426;1359;296;MANDRILLS BKB_296_20221027_id4166.jpg;67
1410;1378;296;MANDRILLS BKB_296_20221115_id4166 (1).jpg;32
1410;1378;296;MANDRILLS BKB_296_20221115_id4166 (2).jpg;32
1378;1379;296;MANDRILLS BKB_296_20221116_id4166.jpg;1
1509;1388;296;MANDRILLS BKB_296_20221125_id4166 (1).jpg;121
1477;1388;296;MANDRILLS BKB_296_20221125_id4166 (2).jpg;89
1425;1393;296;MANDRILLS BKB_296_20221130_id4166 (1).jpg;32
1463;1393;296;MANDRILLS BKB_296_20221130_id4166 (2).jpg;70
1422;1407;296;MANDRILLS BKB_296_20221214_id296 (1).jpg;15
1469;1407;296;MANDRILLS BKB_296_20221214_id296 (2).jpg;62
1378;1411;296;MANDRILLS BKB_296_20221218_id296 (2).jpg;33
1391;1411;296;MANDRILLS BKB_296_20221218_id296 (3).jpg;20
1463;1411;296;MANDRILLS BKB_296_20221218_id296 (4).jpg;52
1356;1411;296;MANDRILLS BKB_296_20221218_id296 (5).jpg;55
1399;1411;296;MANDRILLS BKB_296_20221218_id296 (6).jpg;12
1422;1411;296;MANDRILLS BKB_296_20221218_id296.jpg;11
34;44;302;MANDRILLS BKB_302_20190227_id4048_inf_GAUCHE_(1)_ORIGINAL.jpg;10
48;44;302;MANDRILLS BKB_302_20190227_id4048_inf_GAUCHE_(2)_ORIGINAL.jpg;4
223;233;302;MANDRILLS BKB_302_20190904_id4048_feminf_(1).jpg;10
220;233;302;MANDRILLS BKB_302_20190904_id4048_feminf_(2).jpg;13
207;233;302;MANDRILLS BKB_302_20190904_id4048_feminf_(3).jpg;26
218;240;302;MANDRILLS BKB_302_20190911_id4048_feminf_(2).jpg;22
220;240;302;MANDRILLS BKB_302_20190911_id4048_feminf_(5).jpg;20
228;240;302;MANDRILLS BKB_302_20190911_id4048_feminf_(6).jpg;12
276;298;302;MANDRILLS BKB_302_20191108_id4048_feminf.jpg;22
547;423;302;MANDRILLS BKB_302_20200312_id4048_femjuv.jpg;124
469;478;302;MANDRILLS BKB_302_20200506_id4048_femjuv_(1).jpg;9
474;478;302;MANDRILLS BKB_302_20200506_id4048_femjuv_(10).jpg;4
355;478;302;MANDRILLS BKB_302_20200506_id4048_femjuv_(11).jpg;123
434;478;302;MANDRILLS BKB_302_20200506_id4048_femjuv_(12).jpg;44
407;478;302;MANDRILLS BKB_302_20200506_id4048_femjuv_(13).jpg;71
405;478;302;MANDRILLS BKB_302_20200506_id4048_femjuv_(14).jpg;73
409;478;302;MANDRILLS BKB_302_20200506_id4048_femjuv_(15).jpg;69
445;478;302;MANDRILLS BKB_302_20200506_id4048_femjuv_(3).jpg;33
492;478;302;MANDRILLS BKB_302_20200506_id4048_femjuv_(4).jpg;14
358;478;302;MANDRILLS BKB_302_20200506_id4048_femjuv_(5).jpg;120
357;478;302;MANDRILLS BKB_302_20200506_id4048_femjuv_(6).jpg;121
320;478;302;MANDRILLS BKB_302_20200506_id4048_femjuv_(7).jpg;158
450;478;302;MANDRILLS BKB_302_20200506_id4048_femjuv_(8).jpg;28
420;478;302;MANDRILLS BKB_302_20200506_id4048_femjuv_(9).jpg;58
581;642;302;MANDRILLS BKB_302_20201017_id4048_femjuv_(1).jpg;61
541;642;302;MANDRILLS BKB_302_20201017_id4048_femjuv_(2).jpg;101
350;642;302;MANDRILLS BKB_302_20201017_id4048_femjuv_(3).jpg;292
460;642;302;MANDRILLS BKB_302_20201017_id4048_femjuv_(4).jpg;182
656;657;302;MANDRILLS BKB_302_20201101_id4048_femjuv.jpg;1
713;707;302;MANDRILLS BKB_302_20201221_id4048_femjuv_(1).jpg;6
714;707;302;MANDRILLS BKB_302_20201221_id4048_femjuv_(2).jpg;7
779;707;302;MANDRILLS BKB_302_20201221_id4048_femjuv_(3).jpg;72
723;708;302;MANDRILLS BKB_302_20201222_id4048_femjuv.jpg;15
807;745;302;MANDRILLS BKB_302_20210128_id4048_femjuv.jpg;62
695;749;302;MANDRILLS BKB_302_20210201_id4048_femjuv_(1).jpg;54
615;749;302;MANDRILLS BKB_302_20210201_id4048_femjuv_(2).jpg;134
751;749;302;MANDRILLS BKB_302_20210201_id4048_femjuv_(3).jpg;2
804;774;302;MANDRILLS BKB_302_20210226_id4048_femjuv_(1)-2.jpg;30
724;774;302;MANDRILLS BKB_302_20210226_id4048_femjuv_(1).jpg;50
670;774;302;MANDRILLS BKB_302_20210226_id4048_femjuv_(2).jpg;104
778;809;302;MANDRILLS BKB_302_20210402_id4048_femjuv_(1).jpg;31
770;809;302;MANDRILLS BKB_302_20210402_id4048_femjuv_(2).jpg;39
804;826;302;MANDRILLS BKB_302_20210419_id4048_femjuv_(2).jpg;22
676;960;302;MANDRILLS BKB_302_20210831_id4048_femjuv_(1).jpg;284
1014;960;302;MANDRILLS BKB_302_20210831_id4048_femjuv_(2).jpg;54
803;960;302;MANDRILLS BKB_302_20210831_id4048_femjuv_(3).jpg;157
846;960;302;MANDRILLS BKB_302_20210831_id4048_femjuv_(4).jpg;114
979;960;302;MANDRILLS BKB_302_20210831_id4048_femjuv_(5).jpg;19
868;960;302;MANDRILLS BKB_302_20210831_id4048_femjuv_(6).jpg;92
1163;1014;302;MANDRILLS BKB_302_20211024_id4048_femjuv.jpg;149
832;1064;302;MANDRILLS BKB_302_20211213_id4048_femjuv.jpg;232
879;1070;302;MANDRILLS BKB_302_20211219_id4048_femjuv.jpg;191
1133;1168;302;MANDRILLS BKB_302_20220327_id4048_femjuv (1).jpg;35
1110;1168;302;MANDRILLS BKB_302_20220327_id4048_femjuv (2).jpg;58
1261;1168;302;MANDRILLS BKB_302_20220327_id4048_femjuv (3).jpg;93
1126;1218;302;MANDRILLS BKB_302_20220516_id4048_femjuv (1).jpg;92
1141;1218;302;MANDRILLS BKB_302_20220516_id4048_femjuv (2).jpg;77
1160;1262;302;MANDRILLS BKB_302_20220629_id4048.jpg;102
1262;1279;302;MANDRILLS BKB_302_20220716_id4048_femjuv (1).jpg;17
1165;1279;302;MANDRILLS BKB_302_20220716_id4048_femjuv (2).jpg;114
1192;1287;302;MANDRILLS BKB_302_20220724_id4048 (2).jpg;95
1243;1287;302;MANDRILLS BKB_302_20220724_id4048.jpg;44
1102;1299;302;MANDRILLS BKB_302_20220805_id4048 (1).jpg;197
1004;1299;302;MANDRILLS BKB_302_20220805_id4048 (2).jpg;295
1407;1299;302;MANDRILLS BKB_302_20220805_id4048 (3).jpg;108
1274;1299;302;MANDRILLS BKB_302_20220805_id4048 (4).jpg;25
1195;1312;302;MANDRILLS BKB_302_20220818_id4048.jpg;117
1248;1329;302;MANDRILLS BKB_302_20220904_id4048 (2).jpg;81
1057;1330;302;MANDRILLS BKB_302_20220905_id4048 (1).jpg;273
1039;1330;302;MANDRILLS BKB_302_20220905_id4048 (2).jpg;291
1190;1337;302;MANDRILLS BKB_302_20220912_id4048 (1).jpg;147
1121;1337;302;MANDRILLS BKB_302_20220912_id4048 (2).jpg;216
1261;1360;302;MANDRILLS BKB_302_20221005_id4048.jpg;99
1307;1374;302;MANDRILLS BKB_302_20221019_id4048.jpg;67
1375;1376;302;MANDRILLS BKB_302_20221021_id4048 (1).jpg;1
1175;1376;302;MANDRILLS BKB_302_20221021_id4048 (2).jpg;201
1173;1376;302;MANDRILLS BKB_302_20221021_id4048 (3).jpg;203
1370;1416;302;MANDRILLS BKB_302_20221130_id4048.jpg;46
1343;1430;302;MANDRILLS BKB_302_20221214_id302.jpg;87
77;99;309;MANDRILLS BKB_309_20190315_id4137_feminf_GAUCHE_(1).jpg;22
82;99;309;MANDRILLS BKB_309_20190315_id4137_feminf_GAUCHE_(2).jpg;17
70;99;309;MANDRILLS BKB_309_20190315_id4137_feminf_GAUCHE_(4).jpg;29
202;224;309;MANDRILLS BKB_309_20190718_id4137_feminf_(1).jpg;22
209;224;309;MANDRILLS BKB_309_20190718_id4137_feminf_(2).jpg;15
222;224;309;MANDRILLS BKB_309_20190718_id4137_feminf_(3).jpg;2
236;224;309;MANDRILLS BKB_309_20190718_id4137_feminf_(4).jpg;12
287;224;309;MANDRILLS BKB_309_20190718_id4137_feminf_(5).jpg;63
458;398;309;MANDRILLS BKB_309_20200108_id4137_femjuv_(1).jpg;60
366;398;309;MANDRILLS BKB_309_20200108_id4137_femjuv_(2).jpg;32
506;398;309;MANDRILLS BKB_309_20200108_id4137_femjuv_(3).jpg;108
584;398;309;MANDRILLS BKB_309_20200108_id4137_femjuv_(4).jpg;186
422;398;309;MANDRILLS BKB_309_20200108_id4137_femjuv_(5).jpg;24
417;440;309;MANDRILLS BKB_309_20200219_id4137_femjuv_(1).jpg;23
455;440;309;MANDRILLS BKB_309_20200219_id4137_femjuv_(3).jpg;15
520;440;309;MANDRILLS BKB_309_20200219_id4137_femjuv_(5).jpg;80
446;440;309;MANDRILLS BKB_309_20200219_id4137_femjuv_(6).jpg;6
492;440;309;MANDRILLS BKB_309_20200219_id4137_femjuv_(7).jpg;52
795;686;309;MANDRILLS BKB_309_20201022_id4137_femjuv_(1).jpg;109
783;686;309;MANDRILLS BKB_309_20201022_id4137_femjuv_(2).jpg;97
763;686;309;MANDRILLS BKB_309_20201022_id4137_femjuv_(3).jpg;77
773;686;309;MANDRILLS BKB_309_20201022_id4137_femjuv_(4).jpg;87
823;701;309;MANDRILLS BKB_309_20201106_id4137_femjuv_(1).jpg;122
833;701;309;MANDRILLS BKB_309_20201106_id4137_femjuv_(2).jpg;132
775;701;309;MANDRILLS BKB_309_20201106_id4137_femjuv_(3).jpg;74
757;701;309;MANDRILLS BKB_309_20201106_id4137_femjuv_(4).jpg;56
725;701;309;MANDRILLS BKB_309_20201106_id4137_femjuv_(5).jpg;24
976;760;309;MANDRILLS BKB_309_20210104_id4137_femjuv_(1).jpg;216
811;760;309;MANDRILLS BKB_309_20210104_id4137_femjuv_(2).jpg;51
789;762;309;MANDRILLS BKB_309_20210106_id4137_femjuv_(1).jpg;27
878;762;309;MANDRILLS BKB_309_20210106_id4137_femjuv_(2).jpg;116
916;765;309;MANDRILLS BKB_309_20210109_id4137_femjuv_(1).jpg;151
797;765;309;MANDRILLS BKB_309_20210109_id4137_femjuv_(2).jpg;32
903;765;309;MANDRILLS BKB_309_20210109_id4137_femjuv_(3).jpg;138
1003;765;309;MANDRILLS BKB_309_20210109_id4137_femjuv_(4).jpg;238
995;856;309;MANDRILLS BKB_309_20210410_id4137_femjuv.jpg;139
1039;1034;309;MANDRILLS BKB_309_20211005_id4137_femjuv_(1).jpg;5
1198;1034;309;MANDRILLS BKB_309_20211005_id4137_femjuv_(2).jpg;164
1066;1034;309;MANDRILLS BKB_309_20211005_id4137_femjuv_(3).jpg;32
1132;1107;309;MANDRILLS BKB_309_20211217_id4137_femjuv_(1).jpg;25
1302;1107;309;MANDRILLS BKB_309_20211217_id4137_femjuv_(2).jpg;195
1233;1107;309;MANDRILLS BKB_309_20211217_id4137_femjuv_(3).jpg;126
1229;1107;309;MANDRILLS BKB_309_20211217_id4137_femjuv_(4).jpg;122
1192;1111;309;MANDRILLS BKB_309_20211221_id4137_femjuv.jpg;81
1287;1163;309;MANDRILLS BKB_309_20220211_id4137.jpg;124
1344;1202;309;MANDRILLS BKB_309_20220322_id4137_femjuv (1).jpg;142
1414;1202;309;MANDRILLS BKB_309_20220322_id4137_femjuv (2).jpg;212
1385;1207;309;MANDRILLS BKB_309_20220327_id4137_femjuv (1).jpg;178
1336;1207;309;MANDRILLS BKB_309_20220327_id4137_femjuv (2).jpg;129
1297;1207;309;MANDRILLS BKB_309_20220327_id4137_femjuv (3).jpg;90
1320;1207;309;MANDRILLS BKB_309_20220327_id4137_femjuv (4).jpg;113
1540;1216;309;MANDRILLS BKB_309_20220405_id4137_femjuv (3).jpg;324
1459;1216;309;MANDRILLS BKB_309_20220405_id4137_femjuv.jpg;243
1517;1236;309;MANDRILLS BKB_309_20220425_id4137_femjuv (2).jpg;281
1591;1236;309;MANDRILLS BKB_309_20220425_id4137_femjuv (3).jpg;355
1465;1257;309;MANDRILLS BKB_309_20220516_id4137_femjuv (1).jpg;208
1316;1257;309;MANDRILLS BKB_309_20220516_id4137_femjuv (2).jpg;59
1429;1257;309;MANDRILLS BKB_309_20220516_id4137_femjuv (3).jpg;172
1465;1257;309;MANDRILLS BKB_309_20220516_id4137_femjuv (4).jpg;208
1488;1295;309;MANDRILLS BKB_309_20220623_id4137_femjuv.jpg;193
1518;1296;309;MANDRILLS BKB_309_20220624_id4137_femjuv (1).jpg;222
1554;1296;309;MANDRILLS BKB_309_20220624_id4137_femjuv (2).jpg;258
1411;1303;309;MANDRILLS BKB_309_20220701_id4137 (2).jpg;108
1485;1303;309;MANDRILLS BKB_309_20220701_id4137.jpg;182
1497;1308;309;MANDRILLS BKB_309_20220706_id4137 (2).jpg;189
1565;1308;309;MANDRILLS BKB_309_20220706_id4137 (3).jpg;257
1536;1308;309;MANDRILLS BKB_309_20220706_id4137.jpg;228
1687;1313;309;MANDRILLS BKB_309_20220711_id4137 (2).jpg;374
1491;1313;309;MANDRILLS BKB_309_20220711_id4137 (4).jpg;178
1408;1313;309;MANDRILLS BKB_309_20220711_id4137.jpg;95
1526;1316;309;MANDRILLS BKB_309_20220714_id4137.jpg;210
1463;1318;309;MANDRILLS BKB_309_20220716_id4137_femjuv (1).jpg;145
1575;1320;309;MANDRILLS BKB_309_20220718_id4137.jpg;255
1513;1323;309;MANDRILLS BKB_309_20220721_id4137 (1).jpg;190
1470;1323;309;MANDRILLS BKB_309_20220721_id4137 (2).jpg;147
1528;1327;309;MANDRILLS BKB_309_20220725_id4137.jpg;201
1471;1331;309;MANDRILLS BKB_309_20220729_id4137.jpg;140
1737;1335;309;MANDRILLS BKB_309_20220802_id4137 (1).jpg;402
1656;1335;309;MANDRILLS BKB_309_20220802_id4137 (2).jpg;321
1611;1348;309;MANDRILLS BKB_309_20220815_id4137 (2).jpg;263
1551;1351;309;MANDRILLS BKB_309_20220818_id4137.jpg;200
1490;1359;309;MANDRILLS BKB_309_20220826_id4137 (1).jpg;131
1507;1359;309;MANDRILLS BKB_309_20220826_id4137 (2).jpg;148
1536;1368;309;MANDRILLS BKB_309_20220904_id4137 (1).jpg;168
1621;1368;309;MANDRILLS BKB_309_20220904_id4137 (2).jpg;253
1378;1369;309;MANDRILLS BKB_309_20220905_id4137.jpg;9
1570;1399;309;MANDRILLS BKB_309_20221005_id4137 (1).jpg;171
1612;1399;309;MANDRILLS BKB_309_20221005_id4137 (2).jpg;213
1644;1399;309;MANDRILLS BKB_309_20221005_id4137.jpg;245
1645;1416;309;MANDRILLS BKB_309_20221022_id4137 (1).jpg;229
1632;1416;309;MANDRILLS BKB_309_20221022_id4137 (2).jpg;216
1853;1448;309;MANDRILLS BKB_309_20221123_id4137 (2).jpg;405
1517;1448;309;MANDRILLS BKB_309_20221123_id4137 (3).jpg;69
1408;1464;309;MANDRILLS BKB_309_20221209_id309 (1).jpg;56
1362;1464;309;MANDRILLS BKB_309_20221209_id309 (2).jpg;102
19;5;311;MANDRILLS BKB_311_20181212_id4156_feminf_(10)_ORIGINAL.jpg;14
15;5;311;MANDRILLS BKB_311_20181212_id4156_feminf_(11)_ORIGINAL.jpg;10
48;5;311;MANDRILLS BKB_311_20181212_id4156_feminf_(3)_ORIGINAL.jpg;43
17;5;311;MANDRILLS BKB_311_20181212_id4156_feminf_(4)_ORIGINAL.jpg;12
17;5;311;MANDRILLS BKB_311_20181212_id4156_feminf_(5)_ORIGINAL.jpg;12
11;5;311;MANDRILLS BKB_311_20181212_id4156_feminf_(6)_ORIGINAL.jpg;6
17;5;311;MANDRILLS BKB_311_20181212_id4156_feminf_(7)_ORIGINAL.jpg;12
9;5;311;MANDRILLS BKB_311_20181212_id4156_feminf_(8)_ORIGINAL.jpg;4
23;5;311;MANDRILLS BKB_311_20181212_id4156_feminf_(9)_ORIGINAL.jpg;18
0;5;311;MANDRILLS BKB_311_20181212_id4156_feminf_BAS_(1)_ORIGINAL.jpg;5
4;5;311;MANDRILLS BKB_311_20181212_id4156_feminf_BAS_(2)_ORIGINAL.jpg;1
-1;5;311;MANDRILLS BKB_311_20181212_id4156_feminf_BAS_(4)_ORIGINAL.jpg;6
67;98;311;MANDRILLS BKB_311_20190315_id4156_feminf_BAS_(1).jpg;31
68;98;311;MANDRILLS BKB_311_20190315_id4156_feminf_BAS_(2).jpg;30
69;98;311;MANDRILLS BKB_311_20190315_id4156_feminf_DROITE_(1).jpg;29
60;98;311;MANDRILLS BKB_311_20190315_id4156_feminf_DROITE_(2).jpg;38
56;98;311;MANDRILLS BKB_311_20190315_id4156_feminf_DROITE_(3).jpg;42
53;98;311;MANDRILLS BKB_311_20190315_id4156_feminf_DROITE_(4).jpg;45
61;98;311;MANDRILLS BKB_311_20190315_id4156_feminf_DROITE_(5).jpg;37
70;98;311;MANDRILLS BKB_311_20190315_id4156_feminf_DROITE_(6).jpg;28
57;98;311;MANDRILLS BKB_311_20190315_id4156_feminf_DROITE_(7).jpg;41
87;102;311;MANDRILLS BKB_311_20190319_id4156_feminf_BAS_(1).jpg;15
80;102;311;MANDRILLS BKB_311_20190319_id4156_feminf_BAS_(2).jpg;22
72;102;311;MANDRILLS BKB_311_20190319_id4156_feminf_BAS_(3).jpg;30
78;102;311;MANDRILLS BKB_311_20190319_id4156_feminf_BAS_(4).jpg;24
80;102;311;MANDRILLS BKB_311_20190319_id4156_feminf_BAS_(5).jpg;22
95;102;311;MANDRILLS BKB_311_20190319_id4156_feminf_BAS_(6).jpg;7
228;193;311;MANDRILLS BKB_311_20190618_id4156_feminf_(1).jpg;35
212;193;311;MANDRILLS BKB_311_20190618_id4156_feminf_(2).jpg;19
201;193;311;MANDRILLS BKB_311_20190618_id4156_feminf_(3).jpg;8
229;193;311;MANDRILLS BKB_311_20190618_id4156_feminf_(4).jpg;36
206;211;311;MANDRILLS BKB_311_20190706_id4156_feminf_(2).jpg;5
257;246;311;MANDRILLS BKB_311_20190810_id4156_feminf_GAUCHE_(1).jpg;11
241;246;311;MANDRILLS BKB_311_20190810_id4156_feminf_GAUCHE_(2).jpg;5
257;325;311;MANDRILLS BKB_311_20191028_id4156_feminf.jpg;68
377;396;311;MANDRILLS BKB_311_20200107_id4156_femjuv.jpg;19
382;443;311;MANDRILLS BKB_311_20200223_id4156_femjuv_(1).jpg;61
439;461;311;MANDRILLS BKB_311_20200312_id4156_femjuv_(1).jpg;22
420;461;311;MANDRILLS BKB_311_20200312_id4156_femjuv_(2).jpg;41
422;461;311;MANDRILLS BKB_311_20200312_id4156_femjuv_(3).jpg;39
440;461;311;MANDRILLS BKB_311_20200312_id4156_femjuv_(4).jpg;21
402;461;311;MANDRILLS BKB_311_20200312_id4156_femjuv_(5).jpg;59
445;461;311;MANDRILLS BKB_311_20200312_id4156_femjuv_(6).jpg;16
470;515;311;MANDRILLS BKB_311_20200505_id4156_femjuv.jpg;45
548;679;311;MANDRILLS BKB_311_20201016_id4156_femjuv.jpg;131
707;691;311;MANDRILLS BKB_311_20201028_id4156_femjuv_(1).jpg;16
628;691;311;MANDRILLS BKB_311_20201028_id4156_femjuv_(2).jpg;63
538;691;311;MANDRILLS BKB_311_20201028_id4156_femjuv_(3).jpg;153
638;692;311;MANDRILLS BKB_311_20201029_id4156_femjuv_(1).jpg;54
756;692;311;MANDRILLS BKB_311_20201029_id4156_femjuv_(2).jpg;64
618;692;311;MANDRILLS BKB_311_20201029_id4156_femjuv_(3).jpg;74
642;692;311;MANDRILLS BKB_311_20201029_id4156_femjuv_(4).jpg;50
710;692;311;MANDRILLS BKB_311_20201029_id4156_femjuv_(5).jpg;18
593;692;311;MANDRILLS BKB_311_20201029_id4156_femjuv_(6).jpg;99
669;692;311;MANDRILLS BKB_311_20201029_id4156_femjuv_(7).jpg;23
537;692;311;MANDRILLS BKB_311_20201029_id4156_femjuv_(8).jpg;155
693;692;311;MANDRILLS BKB_311_20201029_id4156_femjuv_(9).jpg;1
695;697;311;MANDRILLS BKB_311_20201103_id4156_femjuv.jpg;2
678;700;311;MANDRILLS BKB_311_20201106_id4156_femjuv_(1).jpg;22
572;700;311;MANDRILLS BKB_311_20201106_id4156_femjuv_(2).jpg;128
607;700;311;MANDRILLS BKB_311_20201106_id4156_femjuv_(3).jpg;93
659;700;311;MANDRILLS BKB_311_20201106_id4156_femjuv_(4).jpg;41
572;700;311;MANDRILLS BKB_311_20201106_id4156_femjuv_(5).jpg;128
627;700;311;MANDRILLS BKB_311_20201106_id4156_femjuv_(6).jpg;73
541;700;311;MANDRILLS BKB_311_20201106_id4156_femjuv_(7).jpg;159
633;700;311;MANDRILLS BKB_311_20201106_id4156_femjuv_(8).jpg;67
541;700;311;MANDRILLS BKB_311_20201106_id4156_femjuv_(9).jpg;159
598;708;311;MANDRILLS BKB_311_20201114_id4156_femjuv.jpg;110
634;757;311;MANDRILLS BKB_311_20210102_id4156_femjuv.jpg;123
632;768;311;MANDRILLS BKB_311_20210113_id4156_femjuv_(1).jpg;136
643;768;311;MANDRILLS BKB_311_20210113_id4156_femjuv_(2).jpg;125
601;776;311;MANDRILLS BKB_311_20210121_id4156_femjuv_(1).jpg;175
669;776;311;MANDRILLS BKB_311_20210121_id4156_femjuv_(2).jpg;107
670;776;311;MANDRILLS BKB_311_20210121_id4156_femjuv_(3).jpg;106
709;784;311;MANDRILLS BKB_311_20210129_id4156_femjuv_(1).jpg;75
595;784;311;MANDRILLS BKB_311_20210129_id4156_femjuv_(2).jpg;189
650;784;311;MANDRILLS BKB_311_20210129_id4156_femjuv_(4).jpg;134
834;784;311;MANDRILLS BKB_311_20210129_id4156_femjuv_(5).jpg;50
767;843;311;MANDRILLS BKB_311_20210329_id4156_femjuv_(1).jpg;76
765;843;311;MANDRILLS BKB_311_20210329_id4156_femjuv_(2).jpg;78
665;855;311;MANDRILLS BKB_311_20210410_id4156_femjuv.jpg;190
922;886;311;MANDRILLS BKB_311_20210511_id4156_femjuv_(1).jpg;36
769;886;311;MANDRILLS BKB_311_20210511_id4156_femjuv_(2).jpg;117
780;886;311;MANDRILLS BKB_311_20210511_id4156_femjuv_(3).jpg;106
785;886;311;MANDRILLS BKB_311_20210511_id4156_femjuv_(4).jpg;101
787;886;311;MANDRILLS BKB_311_20210511_id4156_femjuv_(5).jpg;99
757;886;311;MANDRILLS BKB_311_20210511_id4156_femjuv_(6).jpg;129
738;886;311;MANDRILLS BKB_311_20210511_id4156_femjuv_(7).jpg;148
783;888;311;MANDRILLS BKB_311_20210513_id4156_femjuv_(1).jpg;105
762;888;311;MANDRILLS BKB_311_20210513_id4156_femjuv_(2).jpg;126
850;1019;311;MANDRILLS BKB_311_20210921_id4156_femjuv.jpg;169
862;1050;311;MANDRILLS BKB_311_20211022_id4156_femjuv_(2).jpg;188
920;1093;311;MANDRILLS BKB_311_20211204_id4156_femjuv.jpg;173
1129;1142;311;MANDRILLS BKB_311_20220122_id4156 (2).jpg;13
897;1147;311;MANDRILLS BKB_311_20220127_id4156 (2).jpg;250
993;1147;311;MANDRILLS BKB_311_20220127_id4156.jpg;154
990;1152;311;MANDRILLS BKB_311_20220201_id4156_femjuv (1).jpg;162
892;1152;311;MANDRILLS BKB_311_20220201_id4156_femjuv (2).jpg;260
938;1193;311;MANDRILLS BKB_311_20220314_id4156_femjuv.jpg;255
1101;1198;311;MANDRILLS BKB_311_20220319_id4156_femjuv (2).jpg;97
1015;1198;311;MANDRILLS BKB_311_20220319_id4156_femjuv.jpg;183
1117;1215;311;MANDRILLS BKB_311_20220405_id4156_femjuv (1).jpg;98
1093;1215;311;MANDRILLS BKB_311_20220405_id4156_femjuv (2).jpg;122
1087;1215;311;MANDRILLS BKB_311_20220405_id4156_femjuv (4).jpg;128
1109;1215;311;MANDRILLS BKB_311_20220405_id4156_femjuv (5).jpg;106
1041;1215;311;MANDRILLS BKB_311_20220405_id4156_femjuv (6).jpg;174
1030;1215;311;MANDRILLS BKB_311_20220405_id4156_femjuv (7).jpg;185
1029;1215;311;MANDRILLS BKB_311_20220405_id4156_femjuv (8).jpg;186
1134;1230;311;MANDRILLS BKB_311_20220420_id4156_femjuv (1).jpg;96
1288;1230;311;MANDRILLS BKB_311_20220420_id4156_femjuv (3).jpg;58
1173;1243;311;MANDRILLS BKB_311_20220503_id4156_femjuv (2).jpg;70
1072;1243;311;MANDRILLS BKB_311_20220503_id4156_femjuv.jpg;171
1111;1264;311;MANDRILLS BKB_311_20220524_id4156_femjuv (1).jpg;153
1176;1264;311;MANDRILLS BKB_311_20220524_id4156_femjuv (2).jpg;88
1074;1264;311;MANDRILLS BKB_311_20220524_id4156_femjuv (3).jpg;190
1034;1295;311;MANDRILLS BKB_311_20220624_id4156_femjuv (2).jpg;261
1124;1295;311;MANDRILLS BKB_311_20220624_id4156_femjuv.jpg;171
1089;1306;311;MANDRILLS BKB_311_20220705_id4156 (2).jpg;217
1189;1312;311;MANDRILLS BKB_311_20220711_id4156.jpg;123
1172;1315;311;MANDRILLS BKB_311_20220714_id4156_femjuv.jpg;143
1149;1318;311;MANDRILLS BKB_311_20220717_id4156 (1).jpg;169
1248;1319;311;MANDRILLS BKB_311_20220718_id4156.jpg;71
1285;1320;311;MANDRILLS BKB_311_20220719_id4156 (1).jpg;35
982;1320;311;MANDRILLS BKB_311_20220719_id4156 (3).jpg;338
1126;1320;311;MANDRILLS BKB_311_20220719_id4156 (4).jpg;194
1182;1320;311;MANDRILLS BKB_311_20220719_id4156 (5).jpg;138
1198;1329;311;MANDRILLS BKB_311_20220728_id4156.jpg;131
1262;1333;311;MANDRILLS BKB_311_20220801_id4156.jpg;71
1114;1336;311;MANDRILLS BKB_311_20220804_id4156 (2).jpg;222
1134;1336;311;MANDRILLS BKB_311_20220804_id4156 (3).jpg;202
1253;1358;311;MANDRILLS BKB_311_20220826_id4156.jpg;105
1300;1368;311;MANDRILLS BKB_311_20220905_id4156.jpg;68
1265;1374;311;MANDRILLS BKB_311_20220911_id4156 (1).jpg;109
1168;1374;311;MANDRILLS BKB_311_20220911_id4156 (2).jpg;206
1266;1398;311;MANDRILLS BKB_311_20221005_id4156 (1).jpg;132
1192;1398;311;MANDRILLS BKB_311_20221005_id4156 (2).jpg;206
1238;1398;311;MANDRILLS BKB_311_20221005_id4156 (3).jpg;160
1129;1403;311;MANDRILLS BKB_311_20221010_id4156.jpg;274
1050;1414;311;MANDRILLS BKB_311_20221021_id4156.jpg;364
1229;1415;311;MANDRILLS BKB_311_20221022_id4156.jpg;186
1175;1464;311;MANDRILLS BKB_311_20221210_id311.jpg;289
1166;1472;311;MANDRILLS BKB_311_20221218_id311 (2).jpg;306
1350;1472;311;MANDRILLS BKB_311_20221218_id311.jpg;122
4003;3429;45;MANDRILLS BKB_45_20120522_id45_femaduDERRIERE_ORIGINAL.jpg;574
3650;3471;45;MANDRILLS BKB_45_20120703_id45_femadu_ORIGINAL.jpg;179
4014;4204;45;MANDRILLS BKB_45_20140706_id45_femadu_(1)_ORIGINAL.jpg;190
4019;4204;45;MANDRILLS BKB_45_20140706_id45_femadu_(2)_ORIGINAL.jpg;185
4025;4204;45;MANDRILLS BKB_45_20140706_id45_femadu_(3)_ORIGINAL.jpg;179
3927;4204;45;MANDRILLS BKB_45_20140706_id45_femadu_(4)_ORIGINAL.jpg;277
5;12;4916;MANDRILLS BKB_4916_20190112_id4916_feminf_BAS_(1)_ORIGINAL.jpg;7
8;12;4916;MANDRILLS BKB_4916_20190112_id4916_feminf_BAS_(13)_ORIGINAL.jpg;4
8;12;4916;MANDRILLS BKB_4916_20190112_id4916_feminf_BAS_(14)_ORIGINAL.jpg;4
9;12;4916;MANDRILLS BKB_4916_20190112_id4916_feminf_BAS_(15)_ORIGINAL.jpg;3
16;12;4916;MANDRILLS BKB_4916_20190112_id4916_feminf_BAS_(16)_ORIGINAL.jpg;4
11;12;4916;MANDRILLS BKB_4916_20190112_id4916_feminf_BAS_(17)_ORIGINAL.jpg;1
11;12;4916;MANDRILLS BKB_4916_20190112_id4916_feminf_BAS_(18)_ORIGINAL.jpg;1
18;12;4916;MANDRILLS BKB_4916_20190112_id4916_feminf_BAS_(19)_ORIGINAL.jpg;6
3;12;4916;MANDRILLS BKB_4916_20190112_id4916_feminf_BAS_(2)_ORIGINAL.jpg;9
7;12;4916;MANDRILLS BKB_4916_20190112_id4916_feminf_BAS_(20)_ORIGINAL.jpg;5
7;12;4916;MANDRILLS BKB_4916_20190112_id4916_feminf_BAS_(21)_ORIGINAL.jpg;5
6;12;4916;MANDRILLS BKB_4916_20190112_id4916_feminf_BAS_(22)_ORIGINAL.jpg;6
-4;12;4916;MANDRILLS BKB_4916_20190112_id4916_feminf_BAS_(23)_ORIGINAL.jpg;16
7;12;4916;MANDRILLS BKB_4916_20190112_id4916_feminf_BAS_(24)_ORIGINAL.jpg;5
3;12;4916;MANDRILLS BKB_4916_20190112_id4916_feminf_BAS_(25)_ORIGINAL.jpg;9
0;12;4916;MANDRILLS BKB_4916_20190112_id4916_feminf_BAS_(26)_ORIGINAL.jpg;12
-1;12;4916;MANDRILLS BKB_4916_20190112_id4916_feminf_BAS_(27)_ORIGINAL.jpg;13
0;12;4916;MANDRILLS BKB_4916_20190112_id4916_feminf_BAS_(28)_ORIGINAL.jpg;12
8;12;4916;MANDRILLS BKB_4916_20190112_id4916_feminf_BAS_(3)_ORIGINAL.jpg;4
5;12;4916;MANDRILLS BKB_4916_20190112_id4916_feminf_BAS_(30)_ORIGINAL.jpg;7
3;12;4916;MANDRILLS BKB_4916_20190112_id4916_feminf_BAS_(31)_ORIGINAL.jpg;9
7;12;4916;MANDRILLS BKB_4916_20190112_id4916_feminf_BAS_(32)_ORIGINAL.jpg;5
4;12;4916;MANDRILLS BKB_4916_20190112_id4916_feminf_BAS_(4)_ORIGINAL.jpg;8
7;12;4916;MANDRILLS BKB_4916_20190112_id4916_feminf_BAS_(5)_ORIGINAL.jpg;5
2;12;4916;MANDRILLS BKB_4916_20190112_id4916_feminf_BAS_(6)_ORIGINAL.jpg;10
3;12;4916;MANDRILLS BKB_4916_20190112_id4916_feminf_BAS_(7)_ORIGINAL.jpg;9
4;12;4916;MANDRILLS BKB_4916_20190112_id4916_feminf_BAS_(8)_ORIGINAL.jpg;8
2;12;4916;MANDRILLS BKB_4916_20190112_id4916_feminf_BAS_(9)_ORIGINAL.jpg;10
82;64;4916;MANDRILLS BKB_4916_20190305_id4916_feminf_GAUCHE_(1)_ORIGINAL.jpg;18
81;64;4916;MANDRILLS BKB_4916_20190305_id4916_feminf_GAUCHE_(10)_ORIGINAL.jpg;17
76;64;4916;MANDRILLS BKB_4916_20190305_id4916_feminf_GAUCHE_(2)_ORIGINAL.jpg;12
82;64;4916;MANDRILLS BKB_4916_20190305_id4916_feminf_GAUCHE_(22)_ORIGINAL.jpg;18
78;64;4916;MANDRILLS BKB_4916_20190305_id4916_feminf_GAUCHE_(27)_ORIGINAL.jpg;14
75;64;4916;MANDRILLS BKB_4916_20190305_id4916_feminf_GAUCHE_(28)_ORIGINAL.jpg;11
78;64;4916;MANDRILLS BKB_4916_20190305_id4916_feminf_GAUCHE_(29)_ORIGINAL.jpg;14
68;64;4916;MANDRILLS BKB_4916_20190305_id4916_feminf_GAUCHE_(33)_ORIGINAL.jpg;4
75;64;4916;MANDRILLS BKB_4916_20190305_id4916_feminf_GAUCHE_(34)_ORIGINAL.jpg;11
70;64;4916;MANDRILLS BKB_4916_20190305_id4916_feminf_GAUCHE_(35)_ORIGINAL.jpg;6
78;64;4916;MANDRILLS BKB_4916_20190305_id4916_feminf_GAUCHE_(36)_ORIGINAL.jpg;14
73;64;4916;MANDRILLS BKB_4916_20190305_id4916_feminf_GAUCHE_(38)_ORIGINAL.jpg;9
81;64;4916;MANDRILLS BKB_4916_20190305_id4916_feminf_GAUCHE_(39)_ORIGINAL.jpg;17
64;64;4916;MANDRILLS BKB_4916_20190305_id4916_feminf_GAUCHE_(4)_ORIGINAL.jpg;0
67;64;4916;MANDRILLS BKB_4916_20190305_id4916_feminf_GAUCHE_(5)_ORIGINAL.jpg;3
77;64;4916;MANDRILLS BKB_4916_20190305_id4916_feminf_GAUCHE_(8)_ORIGINAL.jpg;13
69;64;4916;MANDRILLS BKB_4916_20190305_id4916_feminf_GAUCHE_(9)_ORIGINAL.jpg;5
263;72;4916;MANDRILLS BKB_4916_20190313_id4916_feminf_BAS_(1).jpg;191
94;72;4916;MANDRILLS BKB_4916_20190313_id4916_feminf_BAS_(2).jpg;22
92;74;4916;MANDRILLS BKB_4916_20190315_id4916_feminf_(1).jpg;18
90;74;4916;MANDRILLS BKB_4916_20190315_id4916_feminf_(2).jpg;16
84;74;4916;MANDRILLS BKB_4916_20190315_id4916_feminf_(3).jpg;10
75;74;4916;MANDRILLS BKB_4916_20190315_id4916_feminf_BAS_(1).jpg;1
80;74;4916;MANDRILLS BKB_4916_20190315_id4916_feminf_BAS_(2).jpg;6
81;74;4916;MANDRILLS BKB_4916_20190315_id4916_feminf_BAS_(3).jpg;7
94;76;4916;MANDRILLS BKB_4916_20190317_id4916_feminf_(1).jpg;18
91;76;4916;MANDRILLS BKB_4916_20190317_id4916_feminf_BAS.jpg;15
83;76;4916;MANDRILLS BKB_4916_20190317_id4916_feminf_DROITE_(1).jpg;7
97;76;4916;MANDRILLS BKB_4916_20190317_id4916_feminf_DROITE_(2).jpg;21
84;76;4916;MANDRILLS BKB_4916_20190317_id4916_feminf_GAUCHE_(2).jpg;8
105;76;4916;MANDRILLS BKB_4916_20190317_id4916_feminf_GAUCHE_(3).jpg;29
108;76;4916;MANDRILLS BKB_4916_20190317_id4916_feminf_GAUCHE_(4).jpg;32
75;78;4916;MANDRILLS BKB_4916_20190319_id4916_feminf_(1).jpg;3
72;78;4916;MANDRILLS BKB_4916_20190319_id4916_feminf_(2).jpg;6
83;78;4916;MANDRILLS BKB_4916_20190319_id4916_feminf_(3).jpg;5
90;78;4916;MANDRILLS BKB_4916_20190319_id4916_feminf_(4).jpg;12
77;78;4916;MANDRILLS BKB_4916_20190319_id4916_feminf_(5).jpg;1
82;78;4916;MANDRILLS BKB_4916_20190319_id4916_feminf_(6).jpg;4
78;78;4916;MANDRILLS BKB_4916_20190319_id4916_feminf_BAS_(1).jpg;0
80;78;4916;MANDRILLS BKB_4916_20190319_id4916_feminf_BAS_(4).jpg;2
79;78;4916;MANDRILLS BKB_4916_20190319_id4916_feminf_BAS_(5).jpg;1
84;79;4916;MANDRILLS BKB_4916_20190320_id4916_feminf_BAS.jpg;5
-8;0;5038;MANDRILLS BKB_5038_20191231_id5038_feminf.jpg;8
5;7;5038;MANDRILLS BKB_5038_20200107_id5038_feminf.jpg;2
40;45;5038;MANDRILLS BKB_5038_20200214_id5038_feminf_(1).jpg;5
31;45;5038;MANDRILLS BKB_5038_20200214_id5038_feminf_(2).jpg;14
38;45;5038;MANDRILLS BKB_5038_20200214_id5038_feminf_(3).jpg;7
54;64;5038;MANDRILLS BKB_5038_20200304_id5038_feminf.jpg;10
64;64;5038;MANDRILLS BKB_5038_20200304_id5038_feminf_(1).jpg;0
97;126;5038;MANDRILLS BKB_5038_20200505_id5038_feminf_(1).jpg;29
97;126;5038;MANDRILLS BKB_5038_20200505_id5038_feminf_(2).jpg;29
92;126;5038;MANDRILLS BKB_5038_20200505_id5038_feminf_(3).jpg;34
100;126;5038;MANDRILLS BKB_5038_20200505_id5038_feminf_(4).jpg;26
103;127;5038;MANDRILLS BKB_5038_20200506_id5038_feminf_(1).jpg;24
105;127;5038;MANDRILLS BKB_5038_20200506_id5038_feminf_(2).jpg;22
259;293;5038;MANDRILLS BKB_5038_20201019_id5038_feminf_(1).jpg;34
256;293;5038;MANDRILLS BKB_5038_20201019_id5038_feminf_(2).jpg;37
314;295;5038;MANDRILLS BKB_5038_20201021_id5038_feminf_(1).jpg;19
278;295;5038;MANDRILLS BKB_5038_20201021_id5038_feminf_(2).jpg;17
249;296;5038;MANDRILLS BKB_5038_20201022_id5038_feminf_(1).jpg;47
268;296;5038;MANDRILLS BKB_5038_20201022_id5038_feminf_(2).jpg;28
255;296;5038;MANDRILLS BKB_5038_20201022_id5038_feminf_(3).jpg;41
275;297;5038;MANDRILLS BKB_5038_20201023_id5038_feminf.jpg;22
277;303;5038;MANDRILLS BKB_5038_20201029_id5038_feminf_(1).jpg;26
317;303;5038;MANDRILLS BKB_5038_20201029_id5038_feminf_(2).jpg;14
279;303;5038;MANDRILLS BKB_5038_20201029_id5038_feminf_(3).jpg;24
274;311;5038;MANDRILLS BKB_5038_20201106_id5038_feminf_(1).jpg;37
290;311;5038;MANDRILLS BKB_5038_20201106_id5038_feminf_(2).jpg;21
292;311;5038;MANDRILLS BKB_5038_20201106_id5038_feminf_(3).jpg;19
278;311;5038;MANDRILLS BKB_5038_20201106_id5038_feminf_(4).jpg;33
310;329;5038;MANDRILLS BKB_5038_20201124_id5038_feminf_(1).jpg;19
292;329;5038;MANDRILLS BKB_5038_20201124_id5038_feminf_(2).jpg;37
347;357;5038;MANDRILLS BKB_5038_20201222_id5038_feminf_(1).jpg;10
460;357;5038;MANDRILLS BKB_5038_20201222_id5038_feminf_(2).jpg;103
360;370;5038;MANDRILLS BKB_5038_20210104_id5038_femjuv.jpg;10
339;395;5038;MANDRILLS BKB_5038_20210129_id5038_femjuv_(1).jpg;56
347;395;5038;MANDRILLS BKB_5038_20210129_id5038_femjuv_(2).jpg;48
320;395;5038;MANDRILLS BKB_5038_20210129_id5038_femjuv_(3).jpg;75
370;395;5038;MANDRILLS BKB_5038_20210129_id5038_femjuv_(5).jpg;25
528;466;5038;MANDRILLS BKB_5038_20210410_id5038_femjuv_(1).jpg;62
492;466;5038;MANDRILLS BKB_5038_20210410_id5038_femjuv_(2).jpg;26
459;466;5038;MANDRILLS BKB_5038_20210410_id5038_femjuv_(3).jpg;7
499;466;5038;MANDRILLS BKB_5038_20210410_id5038_femjuv_(4).jpg;33
434;466;5038;MANDRILLS BKB_5038_20210410_id5038_femjuv_(5).jpg;32
345;476;5038;MANDRILLS BKB_5038_20210420_id5038_femjuv.jpg;131
474;478;5038;MANDRILLS BKB_5038_20210422_id5038_femjuv_(1).jpg;4
463;478;5038;MANDRILLS BKB_5038_20210422_id5038_femjuv_(2).jpg;15
503;478;5038;MANDRILLS BKB_5038_20210422_id5038_femjuv_(3).jpg;25
484;478;5038;MANDRILLS BKB_5038_20210422_id5038_femjuv_(4).jpg;6
533;478;5038;MANDRILLS BKB_5038_20210422_id5038_femjuv_(5).jpg;55
400;478;5038;MANDRILLS BKB_5038_20210422_id5038_femjuv_(6).jpg;78
490;478;5038;MANDRILLS BKB_5038_20210422_id5038_femjuv_(7).jpg;12
542;478;5038;MANDRILLS BKB_5038_20210422_id5038_femjuv_(8).jpg;64
421;499;5038;MANDRILLS BKB_5038_20210513_id5038_femjuv.jpg;78
608;572;5038;MANDRILLS BKB_5038_20210725_id5038_femjuv_(1).jpg;36
585;572;5038;MANDRILLS BKB_5038_20210725_id5038_femjuv_(2).jpg;13
482;572;5038;MANDRILLS BKB_5038_20210725_id5038_femjuv_(4).jpg;90
461;572;5038;MANDRILLS BKB_5038_20210725_id5038_femjuv_(5).jpg;111
390;573;5038;MANDRILLS BKB_5038_20210726_id5038_femjuv_(1).jpg;183
554;573;5038;MANDRILLS BKB_5038_20210726_id5038_femjuv_(2).jpg;19
377;573;5038;MANDRILLS BKB_5038_20210726_id5038_femjuv_(3).jpg;196
481;573;5038;MANDRILLS BKB_5038_20210726_id5038_femjuv_(4).jpg;92
566;573;5038;MANDRILLS BKB_5038_20210726_id5038_femjuv_(5).jpg;7
527;573;5038;MANDRILLS BKB_5038_20210726_id5038_femjuv_(6).jpg;46
598;573;5038;MANDRILLS BKB_5038_20210726_id5038_femjuv_(7).jpg;25
553;622;5038;MANDRILLS BKB_5038_20210913_id5038_femjuv.jpg;69
500;644;5038;MANDRILLS BKB_5038_20211005_id5038_femjuv_(1).jpg;144
528;644;5038;MANDRILLS BKB_5038_20211005_id5038_femjuv_(2).jpg;116
573;644;5038;MANDRILLS BKB_5038_20211005_id5038_femjuv_(3).jpg;71
544;644;5038;MANDRILLS BKB_5038_20211005_id5038_femjuv_(4).jpg;100
536;644;5038;MANDRILLS BKB_5038_20211005_id5038_femjuv_(5).jpg;108
778;658;5038;MANDRILLS BKB_5038_20211019_id5038_femjuv_(1).jpg;120
509;678;5038;MANDRILLS BKB_5038_20211108_id5038_femjuv.jpg;169
692;717;5038;MANDRILLS BKB_5038_20211217_id5038_femjuv_(1).jpg;25
666;717;5038;MANDRILLS BKB_5038_20211217_id5038_femjuv_(2).jpg;51
613;717;5038;MANDRILLS BKB_5038_20211217_id5038_femjuv_(3).jpg;104
632;717;5038;MANDRILLS BKB_5038_20211217_id5038_femjuv_(4).jpg;85
637;717;5038;MANDRILLS BKB_5038_20211217_id5038_femjuv_(5).jpg;80
716;717;5038;MANDRILLS BKB_5038_20211217_id5038_femjuv_(6).jpg;1
918;763;5038;MANDRILLS BKB_5038_20220201_id5038_femjuv (1).jpg;155
725;763;5038;MANDRILLS BKB_5038_20220201_id5038_femjuv (2).jpg;38
758;763;5038;MANDRILLS BKB_5038_20220201_id5038_femjuv (3).jpg;5
685;763;5038;MANDRILLS BKB_5038_20220201_id5038_femjuv (4).jpg;78
725;763;5038;MANDRILLS BKB_5038_20220201_id5038_femjuv (5).jpg;38
678;780;5038;MANDRILLS BKB_5038_20220218_id5038_femjuv (1).jpg;102
685;780;5038;MANDRILLS BKB_5038_20220218_id5038_femjuv (2).jpg;95
710;780;5038;MANDRILLS BKB_5038_20220218_id5038_femjuv (3).jpg;70
729;780;5038;MANDRILLS BKB_5038_20220218_id5038_femjuv (4).jpg;51
793;780;5038;MANDRILLS BKB_5038_20220218_id5038_femjuv (5).jpg;13
719;783;5038;MANDRILLS BKB_5038_20220221_id5038_femjuv.jpg;64
666;820;5038;MANDRILLS BKB_5038_20220330_id5038_femjuv (1).jpg;154
561;820;5038;MANDRILLS BKB_5038_20220330_id5038_femjuv (2).jpg;259
782;867;5038;MANDRILLS BKB_5038_20220516_id5038_femjuv (1).jpg;85
695;867;5038;MANDRILLS BKB_5038_20220516_id5038_femjuv (2).jpg;172
786;867;5038;MANDRILLS BKB_5038_20220516_id5038_femjuv (3).jpg;81
795;867;5038;MANDRILLS BKB_5038_20220516_id5038_femjuv (4).jpg;72
823;880;5038;MANDRILLS BKB_5038_20220529_id5038_femjuv (1).jpg;57
787;880;5038;MANDRILLS BKB_5038_20220529_id5038_femjuv (2).jpg;93
890;906;5038;MANDRILLS BKB_5038_20220624_id5038_femjuv (1).jpg;16
797;906;5038;MANDRILLS BKB_5038_20220624_id5038_femjuv (2).jpg;109
819;906;5038;MANDRILLS BKB_5038_20220624_id5038_femjuv (3).jpg;87
752;911;5038;MANDRILLS BKB_5038_20220629_id5038 (1).jpg;159
803;911;5038;MANDRILLS BKB_5038_20220629_id5038 (2).jpg;108
823;911;5038;MANDRILLS BKB_5038_20220629_id5038 (3).jpg;88
867;913;5038;MANDRILLS BKB_5038_20220701_id5038 (1).jpg;46
818;913;5038;MANDRILLS BKB_5038_20220701_id5038 (2).jpg;95
824;931;5038;MANDRILLS BKB_5038_20220719_id5038 (1).jpg;107
844;931;5038;MANDRILLS BKB_5038_20220719_id5038 (2).jpg;87
806;931;5038;MANDRILLS BKB_5038_20220719_id5038 (3).jpg;125
876;931;5038;MANDRILLS BKB_5038_20220719_id5038 (4).jpg;55
837;933;5038;MANDRILLS BKB_5038_20220721_id5038.jpg;96
934;940;5038;MANDRILLS BKB_5038_20220728_id5038 (2).jpg;6
950;940;5038;MANDRILLS BKB_5038_20220728_id5038.jpg;10
837;945;5038;MANDRILLS BKB_5038_20220802_id5038 (1).jpg;108
837;945;5038;MANDRILLS BKB_5038_20220802_id5038 (2).jpg;108
867;945;5038;MANDRILLS BKB_5038_20220802_id5038 (3).jpg;78
1039;955;5038;MANDRILLS BKB_5038_20220812_id5038 (1).jpg;84
904;955;5038;MANDRILLS BKB_5038_20220812_id5038 (2).jpg;51
917;969;5038;MANDRILLS BKB_5038_20220826_id5038.jpg;52
862;979;5038;MANDRILLS BKB_5038_20220905_id5038 (1).jpg;117
940;979;5038;MANDRILLS BKB_5038_20220905_id5038 (2).jpg;39
761;986;5038;MANDRILLS BKB_5038_20220912_id5038 (1).jpg;225
959;986;5038;MANDRILLS BKB_5038_20220912_id5038 (2).jpg;27
1034;1002;5038;MANDRILLS BKB_5038_20220928_id5038.jpg;32
943;1009;5038;MANDRILLS BKB_5038_20221005_id5038 (1).jpg;66
842;1009;5038;MANDRILLS BKB_5038_20221005_id5038 (2).jpg;167
917;1015;5038;MANDRILLS BKB_5038_20221011_id5038 (2).jpg;98
1035;1015;5038;MANDRILLS BKB_5038_20221011_id5038.jpg;20
978;1058;5038;MANDRILLS BKB_5038_20221123_id5038 (1).jpg;80
976;1058;5038;MANDRILLS BKB_5038_20221123_id5038 (2).jpg;82
988;1058;5038;MANDRILLS BKB_5038_20221123_id5038 (3).jpg;70
795;1065;5038;MANDRILLS BKB_5038_20221130_id5038 (2).jpg;270
1056;1075;5038;MANDRILLS BKB_5038_20221210_id5038.jpg;19
939;1086;5038;MANDRILLS BKB_5038_20221221_id5038 (2).jpg;147
1059;1086;5038;MANDRILLS BKB_5038_20221221_id5038.jpg;27
4;6;5100;MANDRILLS BKB_5100_20191201_id5100_feminf.jpg;2
37;32;5100;MANDRILLS BKB_5100_20191227_id5100_feminf_(1).jpg;5
44;32;5100;MANDRILLS BKB_5100_20191227_id5100_feminf_(2).jpg;12
44;36;5100;MANDRILLS BKB_5100_20191231_id5100_feminf.jpg;8
60;43;5100;MANDRILLS BKB_5100_20200107_id5100_feminf.jpg;17
71;74;5100;MANDRILLS BKB_5100_20200207_id5100_feminf.jpg;3
226;162;5100;MANDRILLS BKB_5100_20200505_id5100_feminf_(1).jpg;64
254;162;5100;MANDRILLS BKB_5100_20200505_id5100_feminf_(2).jpg;92
204;162;5100;MANDRILLS BKB_5100_20200505_id5100_feminf_(3).jpg;42
200;162;5100;MANDRILLS BKB_5100_20200505_id5100_feminf_(4).jpg;38
192;163;5100;MANDRILLS BKB_5100_20200506_id5100_femjuv.jpg;29
316;329;5100;MANDRILLS BKB_5100_20201019_id5100_feminf_(1).jpg;13
316;329;5100;MANDRILLS BKB_5100_20201019_id5100_feminf_(2).jpg;13
342;329;5100;MANDRILLS BKB_5100_20201019_id5100_feminf_(3).jpg;13
348;329;5100;MANDRILLS BKB_5100_20201019_id5100_feminf_(4).jpg;19
333;329;5100;MANDRILLS BKB_5100_20201019_id5100_feminf_(5).jpg;4
372;332;5100;MANDRILLS BKB_5100_20201022_id5100_feminf.jpg;40
378;332;5100;MANDRILLS BKB_5100_20201022_id5100_feminf_(1).jpg;46
532;332;5100;MANDRILLS BKB_5100_20201022_id5100_feminf_(2).jpg;200
442;332;5100;MANDRILLS BKB_5100_20201022_id5100_feminf_(3).jpg;110
346;332;5100;MANDRILLS BKB_5100_20201022_id5100_feminf_(4).jpg;14
372;338;5100;MANDRILLS BKB_5100_20201028_id5100_feminf_(1).jpg;34
344;338;5100;MANDRILLS BKB_5100_20201028_id5100_feminf_(2).jpg;6
349;338;5100;MANDRILLS BKB_5100_20201028_id5100_feminf_(3).jpg;11
365;342;5100;MANDRILLS BKB_5100_20201101_id5100_feminf.jpg;23
255;344;5100;MANDRILLS BKB_5100_20201103_id5100_feminf.jpg;89
385;348;5100;MANDRILLS BKB_5100_20201107_id5100_feminf_(1).jpg;37
409;348;5100;MANDRILLS BKB_5100_20201107_id5100_feminf_(2).jpg;61
328;348;5100;MANDRILLS BKB_5100_20201107_id5100_feminf_(3).jpg;20
399;348;5100;MANDRILLS BKB_5100_20201107_id5100_feminf_(4).jpg;51
400;365;5100;MANDRILLS BKB_5100_20201124_id5100_femjuv_(1).jpg;35
413;365;5100;MANDRILLS BKB_5100_20201124_id5100_femjuv_(2).jpg;48
282;365;5100;MANDRILLS BKB_5100_20201124_id5100_femjuv_(3).jpg;83
402;384;5100;MANDRILLS BKB_5100_20201213_id5100_femjuv_(1).jpg;18
456;384;5100;MANDRILLS BKB_5100_20201213_id5100_femjuv_(2).jpg;72
376;384;5100;MANDRILLS BKB_5100_20201213_id5100_femjuv_(3).jpg;8
486;384;5100;MANDRILLS BKB_5100_20201213_id5100_femjuv_(4).jpg;102
386;384;5100;MANDRILLS BKB_5100_20201213_id5100_femjuv_(5).jpg;2
404;393;5100;MANDRILLS BKB_5100_20201222_id5100_femjuv.jpg;11
502;401;5100;MANDRILLS BKB_5100_20201230_id5100_femjuv_(2).jpg;101
504;401;5100;MANDRILLS BKB_5100_20201230_id5100_femjuv_(3).jpg;103
406;430;5100;MANDRILLS BKB_5100_20210128_id5100_femjuv_(1).jpg;24
471;430;5100;MANDRILLS BKB_5100_20210128_id5100_femjuv_(2).jpg;41
467;430;5100;MANDRILLS BKB_5100_20210128_id5100_femjuv_(3).jpg;37
418;430;5100;MANDRILLS BKB_5100_20210128_id5100_femjuv_(4).jpg;12
433;430;5100;MANDRILLS BKB_5100_20210128_id5100_femjuv_(5).jpg;3
474;430;5100;MANDRILLS BKB_5100_20210128_id5100_femjuv_(6).jpg;44
367;430;5100;MANDRILLS BKB_5100_20210128_id5100_femjuv_(7).jpg;63
525;431;5100;MANDRILLS BKB_5100_20210129_id5100_femjuv_(1).jpg;94
451;431;5100;MANDRILLS BKB_5100_20210129_id5100_femjuv_(2).jpg;20
440;486;5100;MANDRILLS BKB_5100_20210325_id5100_femjuv.jpg;46
628;554;5100;MANDRILLS BKB_5100_20210601_id5100_femjuv.jpg;74
716;608;5100;MANDRILLS BKB_5100_20210725_id5100_femjuv_(2).jpg;108
654;649;5100;MANDRILLS BKB_5100_20210904_id5100_femjuv (1).jpg;5
709;649;5100;MANDRILLS BKB_5100_20210904_id5100_femjuv (2).jpg;60
900;725;5100;MANDRILLS BKB_5100_20211119_id5100_femjuv.jpg;175
810;840;5100;MANDRILLS BKB_5100_20220314_id5100_femjuv (1).jpg;30
793;840;5100;MANDRILLS BKB_5100_20220314_id5100_femjuv (2).jpg;47
978;858;5100;MANDRILLS BKB_5100_20220401_id5100_femjuv (1).jpg;120
927;858;5100;MANDRILLS BKB_5100_20220401_id5100_femjuv (2).jpg;69
859;884;5100;MANDRILLS BKB_5100_20220427_id5100_femjuv (1).jpg;25
992;884;5100;MANDRILLS BKB_5100_20220427_id5100_femjuv (2).jpg;108
958;903;5100;MANDRILLS BKB_5100_20220516_id5100_femjuv.jpg;55
1016;937;5100;MANDRILLS BKB_5100_20220619_id5100_femjuv (1).jpg;79
1007;937;5100;MANDRILLS BKB_5100_20220619_id5100_femjuv (2).jpg;70
1113;949;5100;MANDRILLS BKB_5100_20220701_id5100.jpg;164
982;962;5100;MANDRILLS BKB_5100_20220714_id5100_femjuv (1).jpg;20
1007;962;5100;MANDRILLS BKB_5100_20220714_id5100_femjuv (2).jpg;45
976;964;5100;MANDRILLS BKB_5100_20220716_id5100 (2).jpg;12
997;964;5100;MANDRILLS BKB_5100_20220716_id5100.jpg;33
1002;969;5100;MANDRILLS BKB_5100_20220721_id5100 (2).jpg;33
940;969;5100;MANDRILLS BKB_5100_20220721_id5100.jpg;29
1105;977;5100;MANDRILLS BKB_5100_20220729_id5100 (1).jpg;128
1023;977;5100;MANDRILLS BKB_5100_20220729_id5100 (2).jpg;46
1096;977;5100;MANDRILLS BKB_5100_20220729_id5100 (3).jpg;119
968;980;5100;MANDRILLS BKB_5100_20220801_id5100 (1).jpg;12
974;980;5100;MANDRILLS BKB_5100_20220801_id5100 (2).jpg;6
1152;991;5100;MANDRILLS BKB_5100_20220812_id5100.jpg;161
970;1005;5100;MANDRILLS BKB_5100_20220826_id5100 (1).jpg;35
983;1005;5100;MANDRILLS BKB_5100_20220826_id5100 (2).jpg;22
1278;1005;5100;MANDRILLS BKB_5100_20220826_id5100 (3).jpg;273
1276;1005;5100;MANDRILLS BKB_5100_20220826_id5100.jpg;271
1082;1022;5100;MANDRILLS BKB_5100_20220912_id5100.jpg;60
1166;1059;5100;MANDRILLS BKB_5100_20221019_id5100.jpg;107
1318;1061;5100;MANDRILLS BKB_5100_20221021_id5100 (1).jpg;257
1139;1061;5100;MANDRILLS BKB_5100_20221021_id5100 (2).jpg;78
1238;1061;5100;MANDRILLS BKB_5100_20221021_id5100 (3).jpg;177
1143;1062;5100;MANDRILLS BKB_5100_20221022_id5100 (2).jpg;81
1297;1062;5100;MANDRILLS BKB_5100_20221022_id5100.jpg;235
1283;1103;5100;MANDRILLS BKB_5100_20221202_id5100.jpg;180
1413;1115;5100;MANDRILLS BKB_5100_20221214_id5100.jpg;298
-9;4;5104;MANDRILLS BKB_5104_20191231_id5104_malinf_(1).jpg;13
-15;4;5104;MANDRILLS BKB_5104_20191231_id5104_malinf_(2).jpg;19
-16;4;5104;MANDRILLS BKB_5104_20191231_id5104_malinf_(3).jpg;20
-7;4;5104;MANDRILLS BKB_5104_20191231_id5104_malinf_(4).jpg;11
-15;4;5104;MANDRILLS BKB_5104_20191231_id5104_malinf_(5).jpg;19
9;11;5104;MANDRILLS BKB_5104_20200107_id5104_malinf_(1).jpg;2
12;11;5104;MANDRILLS BKB_5104_20200107_id5104_malinf_(2).jpg;1
0;11;5104;MANDRILLS BKB_5104_20200107_id5104_malinf_(3).jpg;11
11;11;5104;MANDRILLS BKB_5104_20200107_id5104_malinf_(4).jpg;0
55;59;5104;MANDRILLS BKB_5104_20200224_id5104_malinf_(1).jpg;4
57;59;5104;MANDRILLS BKB_5104_20200224_id5104_malinf_(2).jpg;2
60;84;5104;MANDRILLS BKB_5104_20200320_id5104_malinf.jpg;24
99;126;5104;MANDRILLS BKB_5104_20200501_id5104_malinf_(1).jpg;27
94;126;5104;MANDRILLS BKB_5104_20200501_id5104_malinf_(2).jpg;32
96;126;5104;MANDRILLS BKB_5104_20200501_id5104_malinf_(3).jpg;30
280;299;5104;MANDRILLS BKB_5104_20201021_id5104_malinf_(1).jpg;19
223;299;5104;MANDRILLS BKB_5104_20201021_id5104_malinf_(10).jpg;76
266;299;5104;MANDRILLS BKB_5104_20201021_id5104_malinf_(11).jpg;33
240;299;5104;MANDRILLS BKB_5104_20201021_id5104_malinf_(12).jpg;59
213;299;5104;MANDRILLS BKB_5104_20201021_id5104_malinf_(13).jpg;86
263;299;5104;MANDRILLS BKB_5104_20201021_id5104_malinf_(14).jpg;36
279;299;5104;MANDRILLS BKB_5104_20201021_id5104_malinf_(3).jpg;20
284;299;5104;MANDRILLS BKB_5104_20201021_id5104_malinf_(4).jpg;15
262;299;5104;MANDRILLS BKB_5104_20201021_id5104_malinf_(5).jpg;37
288;299;5104;MANDRILLS BKB_5104_20201021_id5104_malinf_(6).jpg;11
265;299;5104;MANDRILLS BKB_5104_20201021_id5104_malinf_(7).jpg;34
231;299;5104;MANDRILLS BKB_5104_20201021_id5104_malinf_(8).jpg;68
302;299;5104;MANDRILLS BKB_5104_20201021_id5104_malinf_(9).jpg;3
267;300;5104;MANDRILLS BKB_5104_20201022_id5104_malinf.jpg;33
252;309;5104;MANDRILLS BKB_5104_20201031_id5104_malinf_(1).jpg;57
242;309;5104;MANDRILLS BKB_5104_20201031_id5104_malinf_(2).jpg;67
254;309;5104;MANDRILLS BKB_5104_20201031_id5104_malinf_(3).jpg;55
269;311;5104;MANDRILLS BKB_5104_20201102_id5104_malinf.jpg;42
255;315;5104;MANDRILLS BKB_5104_20201106_id5104_malinf.jpg;60
280;333;5104;MANDRILLS BKB_5104_20201124_id5104_malinf_(1).jpg;53
266;333;5104;MANDRILLS BKB_5104_20201124_id5104_malinf_(2).jpg;67
253;333;5104;MANDRILLS BKB_5104_20201124_id5104_malinf_(3).jpg;80
290;361;5104;MANDRILLS BKB_5104_20201222_id5104_maljuv.jpg;71
286;366;5104;MANDRILLS BKB_5104_20201227_id5104_malinf_(1).jpg;80
302;366;5104;MANDRILLS BKB_5104_20201227_id5104_malinf_(2).jpg;64
287;376;5104;MANDRILLS BKB_5104_20210106_id5104_maljuv.jpg;89
301;386;5104;MANDRILLS BKB_5104_20210116_id5104_maljuv_(1).jpg;85
317;386;5104;MANDRILLS BKB_5104_20210116_id5104_maljuv_(2).jpg;69
313;386;5104;MANDRILLS BKB_5104_20210116_id5104_maljuv_(3).jpg;73
290;386;5104;MANDRILLS BKB_5104_20210116_id5104_maljuv_(4).jpg;96
349;399;5104;MANDRILLS BKB_5104_20210129_id5104_maljuv_(1).jpg;50
292;399;5104;MANDRILLS BKB_5104_20210129_id5104_maljuv_(10).jpg;107
271;399;5104;MANDRILLS BKB_5104_20210129_id5104_maljuv_(11).jpg;128
320;399;5104;MANDRILLS BKB_5104_20210129_id5104_maljuv_(12).jpg;79
323;399;5104;MANDRILLS BKB_5104_20210129_id5104_maljuv_(13).jpg;76
303;399;5104;MANDRILLS BKB_5104_20210129_id5104_maljuv_(2).jpg;96
331;399;5104;MANDRILLS BKB_5104_20210129_id5104_maljuv_(3).jpg;68
306;399;5104;MANDRILLS BKB_5104_20210129_id5104_maljuv_(5).jpg;93
273;399;5104;MANDRILLS BKB_5104_20210129_id5104_maljuv_(6).jpg;126
278;399;5104;MANDRILLS BKB_5104_20210129_id5104_maljuv_(7).jpg;121
465;399;5104;MANDRILLS BKB_5104_20210129_id5104_maljuv_(8).jpg;66
292;399;5104;MANDRILLS BKB_5104_20210129_id5104_maljuv_(9).jpg;107
2;2;5126;MANDRILLS BKB_5126_20191231_id5126_malinf_(1).jpg;0
10;2;5126;MANDRILLS BKB_5126_20191231_id5126_malinf_(2).jpg;8
9;2;5126;MANDRILLS BKB_5126_20191231_id5126_malinf_(3).jpg;7
23;18;5126;MANDRILLS BKB_5126_20200116_id5126_feminf.jpg;5
48;55;5126;MANDRILLS BKB_5126_20200222_id5126_feminf_check_with_the_list_of_PAUL_(1).jpg;7
48;55;5126;MANDRILLS BKB_5126_20200222_id5126_feminf_check_with_the_list_of_PAUL_(2).jpg;7
35;55;5126;MANDRILLS BKB_5126_20200222_id5126_feminf_check_with_the_list_of_PAUL_(3).jpg;20
56;57;5126;MANDRILLS BKB_5126_20200224_id5126_feminf.jpg;1
53;66;5126;MANDRILLS BKB_5126_20200304_id5126_feminf_(1).jpg;13
70;66;5126;MANDRILLS BKB_5126_20200304_id5126_feminf_(2).jpg;4
49;66;5126;MANDRILLS BKB_5126_20200304_id5126_feminf_(3).jpg;17
55;66;5126;MANDRILLS BKB_5126_20200304_id5126_feminf_(4).jpg;11
57;66;5126;MANDRILLS BKB_5126_20200304_id5126_feminf_(5).jpg;9
52;66;5126;MANDRILLS BKB_5126_20200304_id5126_feminf_(6).jpg;14
60;66;5126;MANDRILLS BKB_5126_20200304_id5126_feminf_(7).jpg;6
83;66;5126;MANDRILLS BKB_5126_20200304_id5126_feminf_(8).jpg;17
57;66;5126;MANDRILLS BKB_5126_20200304_id5126_feminf_(9).jpg;9
124;126;5126;MANDRILLS BKB_5126_20200503_id5126_feminf_(1).jpg;2
152;126;5126;MANDRILLS BKB_5126_20200503_id5126_feminf_(2).jpg;26
117;128;5126;MANDRILLS BKB_5126_20200505_id5126_feminf_(1).jpg;11
113;128;5126;MANDRILLS BKB_5126_20200505_id5126_feminf_(2).jpg;15
119;128;5126;MANDRILLS BKB_5126_20200505_id5126_feminf_(3).jpg;9
93;128;5126;MANDRILLS BKB_5126_20200505_id5126_feminf_(4).jpg;35
109;128;5126;MANDRILLS BKB_5126_20200505_id5126_feminf_(5).jpg;19
119;128;5126;MANDRILLS BKB_5126_20200505_id5126_feminf_(6).jpg;9
127;128;5126;MANDRILLS BKB_5126_20200505_id5126_feminf_(7).jpg;1
121;128;5126;MANDRILLS BKB_5126_20200505_id5126_feminf_(8).jpg;7
116;129;5126;MANDRILLS BKB_5126_20200506_id5126_feminf.jpg;13
138;129;5126;MANDRILLS BKB_5126_20200506_id5126_feminf_(2).jpg;9
265;305;5126;MANDRILLS BKB_5126_20201029_id5126_feminf_(1).jpg;40
317;305;5126;MANDRILLS BKB_5126_20201029_id5126_feminf_(2).jpg;12
251;305;5126;MANDRILLS BKB_5126_20201029_id5126_feminf_(3).jpg;54
270;305;5126;MANDRILLS BKB_5126_20201029_id5126_feminf_(4).jpg;35
245;307;5126;MANDRILLS BKB_5126_20201031_id5126_feminf_(1).jpg;62
264;307;5126;MANDRILLS BKB_5126_20201031_id5126_feminf_(2).jpg;43
237;307;5126;MANDRILLS BKB_5126_20201031_id5126_feminf_(3).jpg;70
284;310;5126;MANDRILLS BKB_5126_20201103_id5126_feminf_(1).jpg;26
325;310;5126;MANDRILLS BKB_5126_20201103_id5126_feminf_(2).jpg;15
270;310;5126;MANDRILLS BKB_5126_20201103_id5126_feminf_(3).jpg;40
266;310;5126;MANDRILLS BKB_5126_20201103_id5126_feminf_(4).jpg;44
272;310;5126;MANDRILLS BKB_5126_20201103_id5126_feminf_(5).jpg;38
317;310;5126;MANDRILLS BKB_5126_20201103_id5126_feminf_(6).jpg;7
263;310;5126;MANDRILLS BKB_5126_20201103_id5126_feminf_(7).jpg;47
298;310;5126;MANDRILLS BKB_5126_20201103_id5126_feminf_(8).jpg;12
294;331;5126;MANDRILLS BKB_5126_20201124_id5126_feminf_(1).jpg;37
250;331;5126;MANDRILLS BKB_5126_20201124_id5126_feminf_(2).jpg;81
321;331;5126;MANDRILLS BKB_5126_20201124_id5126_feminf_(3).jpg;10
317;331;5126;MANDRILLS BKB_5126_20201124_id5126_feminf_(4).jpg;14
228;365;5126;MANDRILLS BKB_5126_20201228_id5126_maljuv_(1).jpg;137
313;365;5126;MANDRILLS BKB_5126_20201228_id5126_maljuv_(10).jpg;52
226;365;5126;MANDRILLS BKB_5126_20201228_id5126_maljuv_(2).jpg;139
262;365;5126;MANDRILLS BKB_5126_20201228_id5126_maljuv_(3).jpg;103
283;365;5126;MANDRILLS BKB_5126_20201228_id5126_maljuv_(4).jpg;82
322;365;5126;MANDRILLS BKB_5126_20201228_id5126_maljuv_(5).jpg;43
329;365;5126;MANDRILLS BKB_5126_20201228_id5126_maljuv_(6).jpg;36
303;365;5126;MANDRILLS BKB_5126_20201228_id5126_maljuv_(7).jpg;62
306;365;5126;MANDRILLS BKB_5126_20201228_id5126_maljuv_(8).jpg;59
305;365;5126;MANDRILLS BKB_5126_20201228_id5126_maljuv_(9).jpg;60
293;367;5126;MANDRILLS BKB_5126_20201230_id5126_maljuv_(2).jpg;74
248;384;5126;MANDRILLS BKB_5126_20210116_id5126_maljuv.jpg;136
327;397;5126;MANDRILLS BKB_5126_20210129_id5126_maljuv_(1).jpg;70
289;397;5126;MANDRILLS BKB_5126_20210129_id5126_maljuv_(2).jpg;108
288;397;5126;MANDRILLS BKB_5126_20210129_id5126_maljuv_(3).jpg;109
286;397;5126;MANDRILLS BKB_5126_20210129_id5126_maljuv_(4).jpg;111
326;400;5126;MANDRILLS BKB_5126_20210201_id5126_maljuv_(2).jpg;74
325;400;5126;MANDRILLS BKB_5126_20210201_id5126_maljuv_(3).jpg;75
271;435;5126;MANDRILLS BKB_5126_20210308_id5126_maljuv_(1).jpg;164
307;435;5126;MANDRILLS BKB_5126_20210308_id5126_maljuv_(10).jpg;128
438;435;5126;MANDRILLS BKB_5126_20210308_id5126_maljuv_(2).jpg;3
408;435;5126;MANDRILLS BKB_5126_20210308_id5126_maljuv_(3).jpg;27
307;435;5126;MANDRILLS BKB_5126_20210308_id5126_maljuv_(4).jpg;128
301;435;5126;MANDRILLS BKB_5126_20210308_id5126_maljuv_(5).jpg;134
271;435;5126;MANDRILLS BKB_5126_20210308_id5126_maljuv_(6).jpg;164
349;435;5126;MANDRILLS BKB_5126_20210308_id5126_maljuv_(7).jpg;86
303;435;5126;MANDRILLS BKB_5126_20210308_id5126_maljuv_(8).jpg;132
319;435;5126;MANDRILLS BKB_5126_20210308_id5126_maljuv_(9).jpg;116
378;468;5126;MANDRILLS BKB_5126_20210410_id5126_maljuv_(1).jpg;90
388;468;5126;MANDRILLS BKB_5126_20210410_id5126_maljuv_(2).jpg;80
493;562;5126;MANDRILLS BKB_5126_20210713_id5126_maljuv.jpg;69
462;574;5126;MANDRILLS BKB_5126_20210725_id5126_maljuv_(1).jpg;112
542;574;5126;MANDRILLS BKB_5126_20210725_id5126_maljuv_(2).jpg;32
449;574;5126;MANDRILLS BKB_5126_20210725_id5126_maljuv_(3).jpg;125
472;615;5126;MANDRILLS BKB_5126_20210904_id5126_maljuv (2).jpg;143
530;615;5126;MANDRILLS BKB_5126_20210904_id5126_maljuv (3).jpg;85
568;615;5126;MANDRILLS BKB_5126_20210904_id5126_maljuv (4).jpg;47
495;615;5126;MANDRILLS BKB_5126_20210904_id5126_maljuv (5).jpg;120
529;665;5126;MANDRILLS BKB_5126_20211024_id5126_maljuv.jpg;136
565;719;5126;MANDRILLS BKB_5126_20211217_id5126_maljuv_(1).jpg;154
665;719;5126;MANDRILLS BKB_5126_20211217_id5126_maljuv_(2).jpg;54
710;728;5126;MANDRILLS BKB_5126_20211226_id5126_maljuv.jpg;18
19;17;6014;MANDRILLS BKB_6014_20201213_id6014_malinf.jpg;2
2;17;6014;MANDRILLS BKB_6014_20201213_id6014_malinf_(1).jpg;15
14;17;6014;MANDRILLS BKB_6014_20201213_id6014_malinf_(10).jpg;3
4;17;6014;MANDRILLS BKB_6014_20201213_id6014_malinf_(2).jpg;13
10;17;6014;MANDRILLS BKB_6014_20201213_id6014_malinf_(3).jpg;7
8;17;6014;MANDRILLS BKB_6014_20201213_id6014_malinf_(4).jpg;9
15;17;6014;MANDRILLS BKB_6014_20201213_id6014_malinf_(5).jpg;2
23;17;6014;MANDRILLS BKB_6014_20201213_id6014_malinf_(6).jpg;6
25;17;6014;MANDRILLS BKB_6014_20201213_id6014_malinf_(7).jpg;8
8;17;6014;MANDRILLS BKB_6014_20201213_id6014_malinf_(8).jpg;9
26;17;6014;MANDRILLS BKB_6014_20201213_id6014_malinf_(9).jpg;9
22;22;6014;MANDRILLS BKB_6014_20201218_id6014_malinf.jpg;0
42;26;6014;MANDRILLS BKB_6014_20201222_id6014_malinf.jpg;16
19;51;6014;MANDRILLS BKB_6014_20210116_id6014_malinf_(1).jpg;32
30;51;6014;MANDRILLS BKB_6014_20210116_id6014_malinf_(2).jpg;21
132;148;6014;MANDRILLS BKB_6014_20210423_id6014_malinf.jpg;16
258;164;6014;MANDRILLS BKB_6014_20210509_id6014_malinf_(1).jpg;94
200;164;6014;MANDRILLS BKB_6014_20210509_id6014_malinf_(2).jpg;36
252;164;6014;MANDRILLS BKB_6014_20210509_id6014_malinf_(3).jpg;88
286;164;6014;MANDRILLS BKB_6014_20210509_id6014_malinf_(4).jpg;122
228;164;6014;MANDRILLS BKB_6014_20210509_id6014_malinf_(5).jpg;64
192;164;6014;MANDRILLS BKB_6014_20210509_id6014_malinf_(6).jpg;28
165;164;6014;MANDRILLS BKB_6014_20210509_id6014_malinf_(7).jpg;1
208;164;6014;MANDRILLS BKB_6014_20210509_id6014_malinf_(8).jpg;44
175;164;6014;MANDRILLS BKB_6014_20210509_id6014_malinf_(9).jpg;11
181;166;6014;MANDRILLS BKB_6014_20210511_id6014_malinf_(1).jpg;15
185;166;6014;MANDRILLS BKB_6014_20210511_id6014_malinf_(2).jpg;19
158;166;6014;MANDRILLS BKB_6014_20210511_id6014_malinf_(3).jpg;8
350;229;6014;MANDRILLS BKB_6014_20210713_id6014_malinf_(1).jpg;121
358;229;6014;MANDRILLS BKB_6014_20210713_id6014_malinf_(2).jpg;129
208;229;6014;MANDRILLS BKB_6014_20210713_id6014_malinf_(3).jpg;21
347;282;6014;MANDRILLS BKB_6014_20210904_id6014_malinf (1).jpg;65
331;282;6014;MANDRILLS BKB_6014_20210904_id6014_malinf (2).jpg;49
438;285;6014;MANDRILLS BKB_6014_20210907_id6014_malinf (1).jpg;153
397;285;6014;MANDRILLS BKB_6014_20210907_id6014_malinf (2).jpg;112
352;285;6014;MANDRILLS BKB_6014_20210907_id6014_malinf (3).jpg;67
435;289;6014;MANDRILLS BKB_6014_20210911_id6014_malinf.jpg;146
392;299;6014;MANDRILLS BKB_6014_20210921_id6014_malinf (1).jpg;93
416;299;6014;MANDRILLS BKB_6014_20210921_id6014_malinf (2).jpg;117
373;299;6014;MANDRILLS BKB_6014_20210921_id6014_malinf (3).jpg;74
314;299;6014;MANDRILLS BKB_6014_20210921_id6014_malinf (4).jpg;15
400;313;6014;MANDRILLS BKB_6014_20211005_id6014_malinf_(1).jpg;87
388;313;6014;MANDRILLS BKB_6014_20211005_id6014_malinf_(2).jpg;75
598;383;6014;MANDRILLS BKB_6014_20211214_id6014_maljuv.jpg;215
660;432;6014;MANDRILLS BKB_6014_20220201_id6014_maljuv (1).jpg;228
669;432;6014;MANDRILLS BKB_6014_20220201_id6014_maljuv (2).jpg;237
599;432;6014;MANDRILLS BKB_6014_20220201_id6014_maljuv (3).jpg;167
586;432;6014;MANDRILLS BKB_6014_20220201_id6014_maljuv (4).jpg;154
667;432;6014;MANDRILLS BKB_6014_20220201_id6014_maljuv (5).jpg;235
565;432;6014;MANDRILLS BKB_6014_20220201_id6014_maljuv (6).jpg;133
621;454;6014;MANDRILLS BKB_6014_20220223_id6014_maljuv.jpg;167
682;466;6014;MANDRILLS BKB_6014_20220307_id6014_maljuv (1).jpg;216
805;466;6014;MANDRILLS BKB_6014_20220307_id6014_maljuv (2).jpg;339
670;486;6014;MANDRILLS BKB_6014_20220327_id6014_maljuv (1).jpg;184
621;486;6014;MANDRILLS BKB_6014_20220327_id6014_maljuv (2).jpg;135
687;486;6014;MANDRILLS BKB_6014_20220327_id6014_maljuv (3).jpg;201
470;486;6014;MANDRILLS BKB_6014_20220327_id6014_maljuv (4).jpg;16
578;486;6014;MANDRILLS BKB_6014_20220327_id6014_maljuv (5).jpg;92
602;486;6014;MANDRILLS BKB_6014_20220327_id6014_maljuv (6).jpg;116
624;486;6014;MANDRILLS BKB_6014_20220327_id6014_maljuv (7).jpg;138
571;486;6014;MANDRILLS BKB_6014_20220327_id6014_maljuv (8).jpg;85
624;486;6014;MANDRILLS BKB_6014_20220327_id6014_maljuv (9).jpg;138
668;488;6014;MANDRILLS BKB_6014_20220329_id6014_maljuv.jpg;180
574;500;6014;MANDRILLS BKB_6014_20220410_id6014_maljuv.jpg;74
637;550;6014;MANDRILLS BKB_6014_20220530_id6014_maljuv (2).jpg;87
833;575;6014;MANDRILLS BKB_6014_20220624_id6014_maljuv (1).jpg;258
604;575;6014;MANDRILLS BKB_6014_20220624_id6014_maljuv (2).jpg;29
718;575;6014;MANDRILLS BKB_6014_20220624_id6014_maljuv (3).jpg;143
714;592;6014;MANDRILLS BKB_6014_20220711_id6014 (1).jpg;122
624;592;6014;MANDRILLS BKB_6014_20220711_id6014 (2).jpg;32
575;595;6014;MANDRILLS BKB_6014_20220714_id6014_maljuv (2).jpg;20
721;595;6014;MANDRILLS BKB_6014_20220714_id6014_maljuv (3).jpg;126
639;595;6014;MANDRILLS BKB_6014_20220714_id6014_maljuv (4).jpg;44
519;595;6014;MANDRILLS BKB_6014_20220714_id6014_maljuv (5).jpg;76
691;595;6014;MANDRILLS BKB_6014_20220714_id6014_maljuv (6).jpg;96
780;597;6014;MANDRILLS BKB_6014_20220716_id6014_maljuv (1).jpg;183
632;597;6014;MANDRILLS BKB_6014_20220716_id6014_maljuv (2).jpg;35
650;597;6014;MANDRILLS BKB_6014_20220716_id6014_maljuv (3).jpg;53
600;599;6014;MANDRILLS BKB_6014_20220718_id6014.jpg;1
778;609;6014;MANDRILLS BKB_6014_20220728_id6014.jpg;169
641;658;6014;MANDRILLS BKB_6014_20220915_id6014.jpg;17
1056;683;6014;MANDRILLS BKB_6014_20221010_id6014.jpg;373
754;684;6014;MANDRILLS BKB_6014_20221011_id6014.jpg;70
660;694;6014;MANDRILLS BKB_6014_20221021_id6014 (1).jpg;34
986;694;6014;MANDRILLS BKB_6014_20221021_id6014 (2).jpg;292
797;695;6014;MANDRILLS BKB_6014_20221022_id6014.jpg;102
731;703;6014;MANDRILLS BKB_6014_20221030_id6014 (1).jpg;28
621;703;6014;MANDRILLS BKB_6014_20221030_id6014 (2).jpg;82
898;721;6014;MANDRILLS BKB_6014_20221117_id6014 (1).jpg;177
854;721;6014;MANDRILLS BKB_6014_20221117_id6014 (2).jpg;133
993;721;6014;MANDRILLS BKB_6014_20221117_id6014 (5).jpg;272
971;743;6014;MANDRILLS BKB_6014_20221209_id6014 (1).jpg;228
885;745;6014;MANDRILLS BKB_6014_20221211_id6014.jpg;140
800;748;6014;MANDRILLS BKB_6014_20221214_id6014.jpg;52
700;749;6014;MANDRILLS BKB_6014_20221215_id6014 (2).jpg;49
1075;749;6014;MANDRILLS BKB_6014_20221215_id6014 (3).jpg;326
1112;758;6014;MANDRILLS BKB_6014_20221224_id6014.jpg;354
4;4;6056;MANDRILLS BKB_6056_20201019_id6056_malinf_(1).jpg;0
3;4;6056;MANDRILLS BKB_6056_20201019_id6056_malinf_(2).jpg;1
0;4;6056;MANDRILLS BKB_6056_20201019_id6056_malinf_(3).jpg;4
12;4;6056;MANDRILLS BKB_6056_20201019_id6056_malinf_(4).jpg;8
10;4;6056;MANDRILLS BKB_6056_20201019_id6056_malinf_(5).jpg;6
6;7;6056;MANDRILLS BKB_6056_20201022_id6056_malinf_(1).jpg;1
41;7;6056;MANDRILLS BKB_6056_20201022_id6056_malinf_(2).jpg;34
23;7;6056;MANDRILLS BKB_6056_20201022_id6056_malinf_(3).jpg;16
8;7;6056;MANDRILLS BKB_6056_20201022_id6056_malinf_(4).jpg;1
0;7;6056;MANDRILLS BKB_6056_20201022_id6056_malinf_(5).jpg;7
2;13;6056;MANDRILLS BKB_6056_20201028_id6056_malinf_(1).jpg;11
2;13;6056;MANDRILLS BKB_6056_20201028_id6056_malinf_(2).jpg;11
14;13;6056;MANDRILLS BKB_6056_20201028_id6056_malinf_(3).jpg;1
15;26;6056;MANDRILLS BKB_6056_20201110_id6056_malinf_(1).jpg;11
19;26;6056;MANDRILLS BKB_6056_20201110_id6056_malinf_(2).jpg;7
39;37;6056;MANDRILLS BKB_6056_20201121_id6056_malinf_(1).jpg;2
56;37;6056;MANDRILLS BKB_6056_20201121_id6056_malinf_(1b).jpg;19
38;37;6056;MANDRILLS BKB_6056_20201121_id6056_malinf_(2).jpg;1
55;37;6056;MANDRILLS BKB_6056_20201121_id6056_malinf_(2b).jpg;18
40;37;6056;MANDRILLS BKB_6056_20201121_id6056_malinf_(3).jpg;3
46;37;6056;MANDRILLS BKB_6056_20201121_id6056_malinf_(3b).jpg;9
43;37;6056;MANDRILLS BKB_6056_20201121_id6056_malinf_(4).jpg;6
40;37;6056;MANDRILLS BKB_6056_20201121_id6056_malinf_(5).jpg;3
49;37;6056;MANDRILLS BKB_6056_20201121_id6056_malinf_(6).jpg;12
40;41;6056;MANDRILLS BKB_6056_20201125_id6056_malinf_(1).jpg;1
45;41;6056;MANDRILLS BKB_6056_20201125_id6056_malinf_(2).jpg;4
64;41;6056;MANDRILLS BKB_6056_20201125_id6056_malinf_(3).jpg;23
61;59;6056;MANDRILLS BKB_6056_20201213_id6056_malinf_(1).jpg;2
64;59;6056;MANDRILLS BKB_6056_20201213_id6056_malinf_(2).jpg;5
83;62;6056;MANDRILLS BKB_6056_20201216_id6056_malinf_(1).jpg;21
66;62;6056;MANDRILLS BKB_6056_20201216_id6056_malinf_(2).jpg;4
71;62;6056;MANDRILLS BKB_6056_20201216_id6056_malinf_(3).jpg;9
76;62;6056;MANDRILLS BKB_6056_20201216_id6056_malinf_(4).jpg;14
40;62;6056;MANDRILLS BKB_6056_20201216_id6056_malinf_(5).jpg;22
104;62;6056;MANDRILLS BKB_6056_20201216_id6056_malinf_(6).jpg;42
67;62;6056;MANDRILLS BKB_6056_20201216_id6056_malinf_(7).jpg;5
72;68;6056;MANDRILLS BKB_6056_20201222_id6056_maljuv.jpg;4
58;74;6056;MANDRILLS BKB_6056_20201228_id6056_malinf.jpg;16
84;76;6056;MANDRILLS BKB_6056_20201230_id6056_malinf_(1).jpg;8
91;76;6056;MANDRILLS BKB_6056_20201230_id6056_malinf_(2).jpg;15
79;76;6056;MANDRILLS BKB_6056_20201230_id6056_malinf_(3).jpg;3
85;90;6056;MANDRILLS BKB_6056_20210113_id6056_malinf_(1).jpg;5
95;90;6056;MANDRILLS BKB_6056_20210113_id6056_malinf_(2).jpg;5
82;90;6056;MANDRILLS BKB_6056_20210113_id6056_malinf_(3).jpg;8
102;90;6056;MANDRILLS BKB_6056_20210113_id6056_malinf_(4).jpg;12
84;90;6056;MANDRILLS BKB_6056_20210113_id6056_malinf_(5).jpg;6
112;106;6056;MANDRILLS BKB_6056_20210129_id6056_malinf_(1).jpg;6
92;106;6056;MANDRILLS BKB_6056_20210129_id6056_malinf_(10).jpg;14
89;106;6056;MANDRILLS BKB_6056_20210129_id6056_malinf_(11).jpg;17
108;106;6056;MANDRILLS BKB_6056_20210129_id6056_malinf_(12).jpg;2
96;106;6056;MANDRILLS BKB_6056_20210129_id6056_malinf_(13).jpg;10
87;106;6056;MANDRILLS BKB_6056_20210129_id6056_malinf_(14).jpg;19
87;106;6056;MANDRILLS BKB_6056_20210129_id6056_malinf_(15).jpg;19
97;106;6056;MANDRILLS BKB_6056_20210129_id6056_malinf_(16).jpg;9
117;106;6056;MANDRILLS BKB_6056_20210129_id6056_malinf_(17).jpg;11
107;106;6056;MANDRILLS BKB_6056_20210129_id6056_malinf_(18).jpg;1
105;106;6056;MANDRILLS BKB_6056_20210129_id6056_malinf_(19).jpg;1
130;106;6056;MANDRILLS BKB_6056_20210129_id6056_malinf_(2).jpg;24
114;106;6056;MANDRILLS BKB_6056_20210129_id6056_malinf_(3).jpg;8
107;106;6056;MANDRILLS BKB_6056_20210129_id6056_malinf_(4).jpg;1
106;106;6056;MANDRILLS BKB_6056_20210129_id6056_malinf_(5).jpg;0
109;106;6056;MANDRILLS BKB_6056_20210129_id6056_malinf_(6).jpg;3
95;106;6056;MANDRILLS BKB_6056_20210129_id6056_malinf_(7).jpg;11
88;106;6056;MANDRILLS BKB_6056_20210129_id6056_malinf_(8).jpg;18
102;106;6056;MANDRILLS BKB_6056_20210129_id6056_malinf_(9).jpg;4
137;117;6056;MANDRILLS BKB_6056_20210209_id6056_malinf.jpg;20
154;126;6056;MANDRILLS BKB_6056_20210218_id6056_malinf_(1).jpg;28
158;126;6056;MANDRILLS BKB_6056_20210218_id6056_malinf_(2).jpg;32
181;126;6056;MANDRILLS BKB_6056_20210218_id6056_malinf_(3).jpg;55
174;126;6056;MANDRILLS BKB_6056_20210218_id6056_malinf_(4).jpg;48
145;126;6056;MANDRILLS BKB_6056_20210218_id6056_malinf_(5).jpg;19
276;168;6056;MANDRILLS BKB_6056_20210401_id6056_malinf.jpg;108
199;187;6056;MANDRILLS BKB_6056_20210420_id6056_malinf.jpg;12
224;190;6056;MANDRILLS BKB_6056_20210423_id6056_malinf_(1).jpg;34
225;190;6056;MANDRILLS BKB_6056_20210423_id6056_malinf_(2).jpg;35
232;190;6056;MANDRILLS BKB_6056_20210423_id6056_malinf_(3).jpg;42
201;190;6056;MANDRILLS BKB_6056_20210423_id6056_malinf_(4).jpg;11
324;327;6056;MANDRILLS BKB_6056_20210907_id6056_malinf (1).jpg;3
342;327;6056;MANDRILLS BKB_6056_20210907_id6056_malinf (2).jpg;15
375;330;6056;MANDRILLS BKB_6056_20210910_id6056_malinf (1).jpg;45
354;330;6056;MANDRILLS BKB_6056_20210910_id6056_malinf (3).jpg;24
346;353;6056;MANDRILLS BKB_6056_20211003_id6056_(2).jpg;7
347;372;6056;MANDRILLS BKB_6056_20211022_id6056_maljuv_(1).jpg;25
340;372;6056;MANDRILLS BKB_6056_20211022_id6056_maljuv_(2).jpg;32
513;372;6056;MANDRILLS BKB_6056_20211022_id6056_maljuv_(4).jpg;141
398;387;6056;MANDRILLS BKB_6056_20211106_id6056_maljuv_(1).jpg;11
374;387;6056;MANDRILLS BKB_6056_20211106_id6056_maljuv_(2).jpg;13
363;387;6056;MANDRILLS BKB_6056_20211106_id6056_maljuv_(3).jpg;24
503;428;6056;MANDRILLS BKB_6056_20211217_id6056_maljuv.jpg;75
501;464;6056;MANDRILLS BKB_6056_20220122_id6056.jpg;37
470;474;6056;MANDRILLS BKB_6056_20220201_id6056_maljuv.jpg;4
470;494;6056;MANDRILLS BKB_6056_20220221_id6056_maljuv (1).jpg;24
470;494;6056;MANDRILLS BKB_6056_20220221_id6056_maljuv (3).jpg;24
521;512;6056;MANDRILLS BKB_6056_20220311_id6056_maljuv (1).jpg;9
553;512;6056;MANDRILLS BKB_6056_20220311_id6056_maljuv (2).jpg;41
520;512;6056;MANDRILLS BKB_6056_20220311_id6056_maljuv (3).jpg;8
521;520;6056;MANDRILLS BKB_6056_20220319_id6056_maljuv (1).jpg;1
545;520;6056;MANDRILLS BKB_6056_20220319_id6056_maljuv (2).jpg;25
584;552;6056;MANDRILLS BKB_6056_20220420_id6056_maljuv (1).jpg;32
536;552;6056;MANDRILLS BKB_6056_20220420_id6056_maljuv (2).jpg;16
575;578;6056;MANDRILLS BKB_6056_20220516_id6056_maljuv.jpg;3
607;612;6056;MANDRILLS BKB_6056_20220619_id6056_maljuv (1).jpg;5
653;612;6056;MANDRILLS BKB_6056_20220619_id6056_maljuv (2).jpg;41
641;622;6056;MANDRILLS BKB_6056_20220629_id6056 (1).jpg;19
859;622;6056;MANDRILLS BKB_6056_20220629_id6056 (10).jpg;237
745;622;6056;MANDRILLS BKB_6056_20220629_id6056 (11).jpg;123
716;622;6056;MANDRILLS BKB_6056_20220629_id6056 (12).jpg;94
741;622;6056;MANDRILLS BKB_6056_20220629_id6056 (13).jpg;119
706;622;6056;MANDRILLS BKB_6056_20220629_id6056 (2).jpg;84
659;622;6056;MANDRILLS BKB_6056_20220629_id6056 (3).jpg;37
599;622;6056;MANDRILLS BKB_6056_20220629_id6056 (4).jpg;23
1008;622;6056;MANDRILLS BKB_6056_20220629_id6056 (5).jpg;386
811;622;6056;MANDRILLS BKB_6056_20220629_id6056 (6).jpg;189
633;622;6056;MANDRILLS BKB_6056_20220629_id6056 (7).jpg;11
590;622;6056;MANDRILLS BKB_6056_20220629_id6056 (8).jpg;32
627;622;6056;MANDRILLS BKB_6056_20220629_id6056 (9).jpg;5
605;637;6056;MANDRILLS BKB_6056_20220714_id6056_maljuv (1).jpg;32
431;637;6056;MANDRILLS BKB_6056_20220714_id6056_maljuv (2).jpg;206
673;639;6056;MANDRILLS BKB_6056_20220716_id6056.jpg;34
754;677;6056;MANDRILLS BKB_6056_20220823_id6056.jpg;77
822;680;6056;MANDRILLS BKB_6056_20220826_id6056 (1).jpg;142
680;680;6056;MANDRILLS BKB_6056_20220826_id6056 (2).jpg;0
707;681;6056;MANDRILLS BKB_6056_20220827_id6056.jpg;26
706;684;6056;MANDRILLS BKB_6056_20220830_id6056 (1).jpg;22
773;684;6056;MANDRILLS BKB_6056_20220830_id6056 (2).jpg;89
735;703;6056;MANDRILLS BKB_6056_20220918_id6056 (1).jpg;32
685;703;6056;MANDRILLS BKB_6056_20220918_id6056 (2).jpg;18
660;703;6056;MANDRILLS BKB_6056_20220918_id6056 (3).jpg;43
777;706;6056;MANDRILLS BKB_6056_20220921_id6056.jpg;71
823;746;6056;MANDRILLS BKB_6056_20221031_id6056 (1).jpg;77
754;746;6056;MANDRILLS BKB_6056_20221031_id6056 (2).jpg;8
800;746;6056;MANDRILLS BKB_6056_20221031_id6056 (3).jpg;54
967;767;6056;MANDRILLS BKB_6056_20221121_id6056 (2).jpg;200
1245;767;6056;MANDRILLS BKB_6056_20221121_id6056.jpg;478
887;785;6056;MANDRILLS BKB_6056_20221209_id6056 (1).jpg;102
843;785;6056;MANDRILLS BKB_6056_20221209_id6056 (2).jpg;58
954;785;6056;MANDRILLS BKB_6056_20221209_id6056 (3).jpg;169
1202;785;6056;MANDRILLS BKB_6056_20221209_id6056 (5).jpg;417
998;790;6056;MANDRILLS BKB_6056_20221214_id6056.jpg;208
-5;0;6076;MANDRILLS BKB_6076_20201104_id6076_feminf.jpg;5
2;2;6076;MANDRILLS BKB_6076_20201106_id6076_feminf_(1).jpg;0
-13;2;6076;MANDRILLS BKB_6076_20201106_id6076_feminf_(2).jpg;15
-3;2;6076;MANDRILLS BKB_6076_20201106_id6076_feminf_(3).jpg;5
2;2;6076;MANDRILLS BKB_6076_20201106_id6076_feminf_(4).jpg;0
-2;2;6076;MANDRILLS BKB_6076_20201106_id6076_feminf_(5).jpg;4
-2;2;6076;MANDRILLS BKB_6076_20201106_id6076_feminf_(6).jpg;4
18;19;6076;MANDRILLS BKB_6076_20201123_id6076_feminf_(2).jpg;1
10;19;6076;MANDRILLS BKB_6076_20201123_id6076_feminf_(3).jpg;9
25;19;6076;MANDRILLS BKB_6076_20201123_id6076_feminf_(4).jpg;6
15;20;6076;MANDRILLS BKB_6076_20201124_id6076_feminf_(1).jpg;5
-2;20;6076;MANDRILLS BKB_6076_20201124_id6076_feminf_(1b).jpg;22
33;20;6076;MANDRILLS BKB_6076_20201124_id6076_feminf_(2).jpg;13
6;20;6076;MANDRILLS BKB_6076_20201124_id6076_feminf_(2b).jpg;14
23;20;6076;MANDRILLS BKB_6076_20201124_id6076_feminf_(3).jpg;3
22;20;6076;MANDRILLS BKB_6076_20201124_id6076_feminf_(4).jpg;2
21;20;6076;MANDRILLS BKB_6076_20201124_id6076_feminf_(5).jpg;1
33;39;6076;MANDRILLS BKB_6076_20201213_id6076_feminf.jpg;6
39;42;6076;MANDRILLS BKB_6076_20201216_id6076_feminf_(1).jpg;3
44;42;6076;MANDRILLS BKB_6076_20201216_id6076_feminf_(2).jpg;2
53;42;6076;MANDRILLS BKB_6076_20201216_id6076_feminf_(3).jpg;11
53;42;6076;MANDRILLS BKB_6076_20201216_id6076_feminf_(4).jpg;11
53;42;6076;MANDRILLS BKB_6076_20201216_id6076_feminf_(5).jpg;11
44;43;6076;MANDRILLS BKB_6076_20201217_id6076_feminf.jpg;1
56;48;6076;MANDRILLS BKB_6076_20201222_id6076_feminf.jpg;8
45;54;6076;MANDRILLS BKB_6076_20201228_id6076_feminf_(1).jpg;9
51;54;6076;MANDRILLS BKB_6076_20201228_id6076_feminf_(2).jpg;3
59;56;6076;MANDRILLS BKB_6076_20201230_id6076_feminf_(1).jpg;3
57;56;6076;MANDRILLS BKB_6076_20201230_id6076_feminf_(10).jpg;1
60;56;6076;MANDRILLS BKB_6076_20201230_id6076_feminf_(2).jpg;4
65;56;6076;MANDRILLS BKB_6076_20201230_id6076_feminf_(3).jpg;9
56;56;6076;MANDRILLS BKB_6076_20201230_id6076_feminf_(4).jpg;0
59;56;6076;MANDRILLS BKB_6076_20201230_id6076_feminf_(5).jpg;3
56;56;6076;MANDRILLS BKB_6076_20201230_id6076_feminf_(6).jpg;0
51;56;6076;MANDRILLS BKB_6076_20201230_id6076_feminf_(7).jpg;5
49;56;6076;MANDRILLS BKB_6076_20201230_id6076_feminf_(8).jpg;7
54;56;6076;MANDRILLS BKB_6076_20201230_id6076_feminf_(9).jpg;2
60;73;6076;MANDRILLS BKB_6076_20210116_id6076_feminf_(1).jpg;13
69;73;6076;MANDRILLS BKB_6076_20210116_id6076_feminf_(2).jpg;4
75;73;6076;MANDRILLS BKB_6076_20210116_id6076_feminf_(3).jpg;2
75;78;6076;MANDRILLS BKB_6076_20210121_id6076_feminf_(1).jpg;3
66;78;6076;MANDRILLS BKB_6076_20210121_id6076_feminf_(2).jpg;12
73;78;6076;MANDRILLS BKB_6076_20210121_id6076_feminf_(3).jpg;5
70;78;6076;MANDRILLS BKB_6076_20210121_id6076_feminf_(4).jpg;8
80;78;6076;MANDRILLS BKB_6076_20210121_id6076_feminf_(5).jpg;2
82;86;6076;MANDRILLS BKB_6076_20210129_id6076_femjuv_(1).jpg;4
70;86;6076;MANDRILLS BKB_6076_20210129_id6076_femjuv_(2).jpg;16
70;86;6076;MANDRILLS BKB_6076_20210129_id6076_femjuv_(3).jpg;16
71;86;6076;MANDRILLS BKB_6076_20210129_id6076_femjuv_(4).jpg;15
75;86;6076;MANDRILLS BKB_6076_20210129_id6076_femjuv_(5).jpg;11
67;86;6076;MANDRILLS BKB_6076_20210129_id6076_femjuv_(6).jpg;19
77;102;6076;MANDRILLS BKB_6076_20210214_id6076_feminf.jpg;25
107;121;6076;MANDRILLS BKB_6076_20210305_id6076_feminf.jpg;14
125;124;6076;MANDRILLS BKB_6076_20210308_id6076_feminf_(1).jpg;1
112;124;6076;MANDRILLS BKB_6076_20210308_id6076_feminf_(2).jpg;12
108;124;6076;MANDRILLS BKB_6076_20210308_id6076_feminf_(3).jpg;16
128;149;6076;MANDRILLS BKB_6076_20210402_id6076_feminf_(1).jpg;21
151;149;6076;MANDRILLS BKB_6076_20210402_id6076_feminf_(2).jpg;2
142;149;6076;MANDRILLS BKB_6076_20210402_id6076_feminf_(3).jpg;7
185;167;6076;MANDRILLS BKB_6076_20210420_id6076_feminf_(1).jpg;18
174;167;6076;MANDRILLS BKB_6076_20210420_id6076_feminf_(2).jpg;7
171;188;6076;MANDRILLS BKB_6076_20210511_id6076_feminf_(1).jpg;17
193;188;6076;MANDRILLS BKB_6076_20210511_id6076_feminf_(2).jpg;5
162;188;6076;MANDRILLS BKB_6076_20210511_id6076_feminf_(3).jpg;26
251;189;6076;MANDRILLS BKB_6076_20210512_id6076_feminf.jpg;62
181;190;6076;MANDRILLS BKB_6076_20210513_id6076_feminf_(1).jpg;9
208;190;6076;MANDRILLS BKB_6076_20210513_id6076_feminf_(10).jpg;18
187;190;6076;MANDRILLS BKB_6076_20210513_id6076_feminf_(11).jpg;3
207;190;6076;MANDRILLS BKB_6076_20210513_id6076_feminf_(12).jpg;17
183;190;6076;MANDRILLS BKB_6076_20210513_id6076_feminf_(13).jpg;7
209;190;6076;MANDRILLS BKB_6076_20210513_id6076_feminf_(14).jpg;19
205;190;6076;MANDRILLS BKB_6076_20210513_id6076_feminf_(15).jpg;15
202;190;6076;MANDRILLS BKB_6076_20210513_id6076_feminf_(16).jpg;12
226;190;6076;MANDRILLS BKB_6076_20210513_id6076_feminf_(17).jpg;36
193;190;6076;MANDRILLS BKB_6076_20210513_id6076_feminf_(18).jpg;3
194;190;6076;MANDRILLS BKB_6076_20210513_id6076_feminf_(19).jpg;4
185;190;6076;MANDRILLS BKB_6076_20210513_id6076_feminf_(2).jpg;5
198;190;6076;MANDRILLS BKB_6076_20210513_id6076_feminf_(20).jpg;8
210;190;6076;MANDRILLS BKB_6076_20210513_id6076_feminf_(21).jpg;20
209;190;6076;MANDRILLS BKB_6076_20210513_id6076_feminf_(3).jpg;19
182;190;6076;MANDRILLS BKB_6076_20210513_id6076_feminf_(4).jpg;8
187;190;6076;MANDRILLS BKB_6076_20210513_id6076_feminf_(5).jpg;3
195;190;6076;MANDRILLS BKB_6076_20210513_id6076_feminf_(6).jpg;5
225;190;6076;MANDRILLS BKB_6076_20210513_id6076_feminf_(7).jpg;35
213;190;6076;MANDRILLS BKB_6076_20210513_id6076_feminf_(8).jpg;23
186;190;6076;MANDRILLS BKB_6076_20210513_id6076_feminf_(9).jpg;4
230;244;6076;MANDRILLS BKB_6076_20210706_id6076_feminf_(1).jpg;14
209;244;6076;MANDRILLS BKB_6076_20210706_id6076_feminf_(2).jpg;35
195;244;6076;MANDRILLS BKB_6076_20210706_id6076_feminf_(3).jpg;49
196;244;6076;MANDRILLS BKB_6076_20210706_id6076_feminf_(4).jpg;48
206;244;6076;MANDRILLS BKB_6076_20210706_id6076_feminf_(5).jpg;38
216;244;6076;MANDRILLS BKB_6076_20210706_id6076_feminf_(6).jpg;28
220;244;6076;MANDRILLS BKB_6076_20210706_id6076_feminf_(7).jpg;24
204;244;6076;MANDRILLS BKB_6076_20210706_id6076_feminf_(9).jpg;40
236;249;6076;MANDRILLS BKB_6076_20210711_id6076_feminf_(1).jpg;13
241;249;6076;MANDRILLS BKB_6076_20210711_id6076_feminf_(2).jpg;8
231;251;6076;MANDRILLS BKB_6076_20210713_id6076_feminf.jpg;20
261;259;6076;MANDRILLS BKB_6076_20210721_id6076_feminf_(1).jpg;2
245;259;6076;MANDRILLS BKB_6076_20210721_id6076_feminf_(2).jpg;14
255;259;6076;MANDRILLS BKB_6076_20210721_id6076_feminf_(3).jpg;4
253;264;6076;MANDRILLS BKB_6076_20210726_id6076_feminf_(1).jpg;11
276;264;6076;MANDRILLS BKB_6076_20210726_id6076_feminf_(2).jpg;12
251;264;6076;MANDRILLS BKB_6076_20210726_id6076_feminf_(3).jpg;13
239;264;6076;MANDRILLS BKB_6076_20210726_id6076_feminf_(4).jpg;25
224;264;6076;MANDRILLS BKB_6076_20210726_id6076_feminf_(5).jpg;40
288;264;6076;MANDRILLS BKB_6076_20210726_id6076_feminf_(6).jpg;24
298;264;6076;MANDRILLS BKB_6076_20210726_id6076_feminf_(7).jpg;34
285;264;6076;MANDRILLS BKB_6076_20210726_id6076_feminf_(8).jpg;21
245;264;6076;MANDRILLS BKB_6076_20210726_id6076_feminf_(9).jpg;19
264;304;6076;MANDRILLS BKB_6076_20210904_id6076_feminf (1).jpg;40
271;304;6076;MANDRILLS BKB_6076_20210904_id6076_feminf (2).jpg;33
257;310;6076;MANDRILLS BKB_6076_20210910_id6076_feminf (1).jpg;53
253;310;6076;MANDRILLS BKB_6076_20210910_id6076_feminf (2).jpg;57
247;310;6076;MANDRILLS BKB_6076_20210910_id6076_feminf (3).jpg;63
274;316;6076;MANDRILLS BKB_6076_20210916_id6076_feminf.jpg;42
268;319;6076;MANDRILLS BKB_6076_20210919_id6076_feminf.jpg;51
293;321;6076;MANDRILLS BKB_6076_20210921_id6076_feminf (1).jpg;28
257;321;6076;MANDRILLS BKB_6076_20210921_id6076_feminf (2).jpg;64
282;321;6076;MANDRILLS BKB_6076_20210921_id6076_feminf (3).jpg;39
301;321;6076;MANDRILLS BKB_6076_20210921_id6076_feminf (4).jpg;20
288;321;6076;MANDRILLS BKB_6076_20210921_id6076_feminf (5).jpg;33
254;321;6076;MANDRILLS BKB_6076_20210921_id6076_feminf_(2).jpg;67
286;335;6076;MANDRILLS BKB_6076_20211005_id6076_feminf_(1).jpg;49
283;335;6076;MANDRILLS BKB_6076_20211005_id6076_feminf_(2).jpg;52
264;337;6076;MANDRILLS BKB_6076_20211007_id6076_feminf.jpg;73
360;367;6076;MANDRILLS BKB_6076_20211106_id6076_femjuv.jpg;7
339;369;6076;MANDRILLS BKB_6076_20211108_id6076_femjuv_(1).jpg;30
337;369;6076;MANDRILLS BKB_6076_20211108_id6076_femjuv_(2).jpg;32
342;369;6076;MANDRILLS BKB_6076_20211108_id6076_femjuv_(3).jpg;27
304;369;6076;MANDRILLS BKB_6076_20211108_id6076_femjuv_(4).jpg;65
286;369;6076;MANDRILLS BKB_6076_20211108_id6076_femjuv_(5).jpg;83
314;387;6076;MANDRILLS BKB_6076_20211126_id6076_femjuv.jpg;73
398;408;6076;MANDRILLS BKB_6076_20211217_id6076_femjuv_(1).jpg;10
361;408;6076;MANDRILLS BKB_6076_20211217_id6076_femjuv_(2).jpg;47
325;408;6076;MANDRILLS BKB_6076_20211217_id6076_femjuv_(3).jpg;83
412;410;6076;MANDRILLS BKB_6076_20211219_id6076_femjuv.jpg;2
426;417;6076;MANDRILLS BKB_6076_20211226_id6076_femjuv.jpg;9
388;451;6076;MANDRILLS BKB_6076_20220129_id6076_1.jpg;63
371;451;6076;MANDRILLS BKB_6076_20220129_id6076_2.jpg;80
512;454;6076;MANDRILLS BKB_6076_20220201_id6076_femjuv.jpg;58
393;474;6076;MANDRILLS BKB_6076_20220221_id6076_femjuv (1).jpg;81
500;474;6076;MANDRILLS BKB_6076_20220221_id6076_femjuv (2).jpg;26
416;474;6076;MANDRILLS BKB_6076_20220221_id6076_femjuv (3).jpg;58
406;479;6076;MANDRILLS BKB_6076_20220226_id6076 (1).jpg;73
440;479;6076;MANDRILLS BKB_6076_20220226_id6076 (2).jpg;39
409;479;6076;MANDRILLS BKB_6076_20220226_id6076 (3).jpg;70
404;479;6076;MANDRILLS BKB_6076_20220226_id6076 (4).jpg;75
363;488;6076;MANDRILLS BKB_6076_20220307_id6076 (1).jpg;125
430;488;6076;MANDRILLS BKB_6076_20220307_id6076 (2).jpg;58
428;488;6076;MANDRILLS BKB_6076_20220307_id6076 (3).jpg;60
421;488;6076;MANDRILLS BKB_6076_20220307_id6076 (4).jpg;67
412;488;6076;MANDRILLS BKB_6076_20220307_id6076 (5).jpg;76
459;495;6076;MANDRILLS BKB_6076_20220314_id6076_femjuv.jpg;36
554;558;6076;MANDRILLS BKB_6076_20220516_id6076_femjuv (1).jpg;4
562;558;6076;MANDRILLS BKB_6076_20220516_id6076_femjuv (2).jpg;4
393;558;6076;MANDRILLS BKB_6076_20220516_id6076_femjuv.jpg;165
528;568;6076;MANDRILLS BKB_6076_20220526_id6076_femjuv.jpg;40
453;572;6076;MANDRILLS BKB_6076_20220530_id6076_femjuv (1).jpg;119
477;572;6076;MANDRILLS BKB_6076_20220530_id6076_femjuv (2).jpg;95
470;572;6076;MANDRILLS BKB_6076_20220530_id6076_femjuv (3).jpg;102
546;572;6076;MANDRILLS BKB_6076_20220530_id6076_femjuv (4).jpg;26
516;572;6076;MANDRILLS BKB_6076_20220530_id6076_femjuv (5).jpg;56
483;574;6076;MANDRILLS BKB_6076_20220601_id6076_femjuv.jpg;91
557;590;6076;MANDRILLS BKB_6076_20220617_id6076_femjuv (2).jpg;33
564;590;6076;MANDRILLS BKB_6076_20220617_id6076_femjuv.jpg;26
504;602;6076;MANDRILLS BKB_6076_20220629_id6076 (1).jpg;98
612;602;6076;MANDRILLS BKB_6076_20220629_id6076 (2).jpg;10
442;602;6076;MANDRILLS BKB_6076_20220629_id6076 (3).jpg;160
518;602;6076;MANDRILLS BKB_6076_20220629_id6076.jpg;84
541;603;6076;MANDRILLS BKB_6076_20220630_id6076.jpg;62
553;617;6076;MANDRILLS BKB_6076_20220714_id6076_femjuv.jpg;64
488;619;6076;MANDRILLS BKB_6076_20220716_id6076 (2).jpg;131
574;619;6076;MANDRILLS BKB_6076_20220716_id6076.jpg;45
620;619;6076;MANDRILLS BKB_6076_20220716_id6076_femjuv (2).jpg;1
572;627;6076;MANDRILLS BKB_6076_20220724_id6076 (1).jpg;55
557;627;6076;MANDRILLS BKB_6076_20220724_id6076 (2).jpg;70
549;632;6076;MANDRILLS BKB_6076_20220729_id6076 (1).jpg;83
570;632;6076;MANDRILLS BKB_6076_20220729_id6076 (2).jpg;62
589;646;6076;MANDRILLS BKB_6076_20220812_id6076.jpg;57
552;660;6076;MANDRILLS BKB_6076_20220826_id6076 (1).jpg;108
570;660;6076;MANDRILLS BKB_6076_20220826_id6076 (2).jpg;90
642;660;6076;MANDRILLS BKB_6076_20220826_id6076.jpg;18
573;661;6076;MANDRILLS BKB_6076_20220827_id6076.jpg;88
527;669;6076;MANDRILLS BKB_6076_20220904_id6076 (1).jpg;142
607;669;6076;MANDRILLS BKB_6076_20220904_id6076 (2).jpg;62
565;673;6076;MANDRILLS BKB_6076_20220908_id6076.jpg;108
451;676;6076;MANDRILLS BKB_6076_20220911_id6076.jpg;225
558;677;6076;MANDRILLS BKB_6076_20220912_id6076.jpg;119
592;700;6076;MANDRILLS BKB_6076_20221005_id6076 (1).jpg;108
645;700;6076;MANDRILLS BKB_6076_20221005_id6076 (2).jpg;55
625;714;6076;MANDRILLS BKB_6076_20221019_id6076 (2).jpg;89
626;714;6076;MANDRILLS BKB_6076_20221019_id6076 (3).jpg;88
650;714;6076;MANDRILLS BKB_6076_20221019_id6076.jpg;64
797;756;6076;MANDRILLS BKB_6076_20221130_id6076.jpg;41
706;766;6076;MANDRILLS BKB_6076_20221210_id6076.jpg;60
746;774;6076;MANDRILLS BKB_6076_20221218_id6076 (1).jpg;28
773;774;6076;MANDRILLS BKB_6076_20221218_id6076 (2).jpg;1
670;774;6076;MANDRILLS BKB_6076_20221218_id6076 (3).jpg;104
727;774;6076;MANDRILLS BKB_6076_20221218_id6076.jpg;47
1;4;6080;MANDRILLS BKB_6080_20210217_id6080_malinf_(1).jpg;3
-1;4;6080;MANDRILLS BKB_6080_20210217_id6080_malinf_(2).jpg;5
15;16;6094;MANDRILLS BKB_6094_20210116_id6094_malinf_(1).jpg;1
1;16;6094;MANDRILLS BKB_6094_20210116_id6094_malinf_(2).jpg;15
1;16;6094;MANDRILLS BKB_6094_20210116_id6094_malinf_(3).jpg;15
5;25;6094;MANDRILLS BKB_6094_20210125_id6094_malinf.jpg;20
28;26;6094;MANDRILLS BKB_6094_20210126_id6094_malinf_(1).jpg;2
12;26;6094;MANDRILLS BKB_6094_20210126_id6094_malinf_(2).jpg;14
5;26;6094;MANDRILLS BKB_6094_20210126_id6094_malinf_(3).jpg;21
20;26;6094;MANDRILLS BKB_6094_20210126_id6094_malinf_(4).jpg;6
32;26;6094;MANDRILLS BKB_6094_20210126_id6094_malinf_(5).jpg;6
20;28;6094;MANDRILLS BKB_6094_20210128_id6094_malinf.jpg;8
26;29;6094;MANDRILLS BKB_6094_20210129_id6094_malinf.jpg;3
28;34;6094;MANDRILLS BKB_6094_20210203_id6094_malinf_(1).jpg;6
25;34;6094;MANDRILLS BKB_6094_20210203_id6094_malinf_(2).jpg;9
33;37;6094;MANDRILLS BKB_6094_20210206_id6094_malinf_(1).jpg;4
29;37;6094;MANDRILLS BKB_6094_20210206_id6094_malinf_(2).jpg;8
32;37;6094;MANDRILLS BKB_6094_20210206_id6094_malinf_(3).jpg;5
31;37;6094;MANDRILLS BKB_6094_20210206_id6094_malinf_(4).jpg;6
26;37;6094;MANDRILLS BKB_6094_20210206_id6094_malinf_(5).jpg;11
25;37;6094;MANDRILLS BKB_6094_20210206_id6094_malinf_(6).jpg;12
27;40;6094;MANDRILLS BKB_6094_20210209_id6094_malinf.jpg;13
14;43;6094;MANDRILLS BKB_6094_20210212_id6094_malinf_(1).jpg;29
25;43;6094;MANDRILLS BKB_6094_20210212_id6094_malinf_(2).jpg;18
27;43;6094;MANDRILLS BKB_6094_20210212_id6094_malinf_(3).jpg;16
38;43;6094;MANDRILLS BKB_6094_20210212_id6094_malinf_(4).jpg;5
30;43;6094;MANDRILLS BKB_6094_20210212_id6094_malinf_(5).jpg;13
8;43;6094;MANDRILLS BKB_6094_20210212_id6094_malinf_(6).jpg;35
21;48;6094;MANDRILLS BKB_6094_20210217_id6094_malinf_(1).jpg;27
28;48;6094;MANDRILLS BKB_6094_20210217_id6094_malinf_(2).jpg;20
27;48;6094;MANDRILLS BKB_6094_20210217_id6094_malinf_(3).jpg;21
31;48;6094;MANDRILLS BKB_6094_20210217_id6094_malinf_(4).jpg;17
28;48;6094;MANDRILLS BKB_6094_20210217_id6094_malinf_(5).jpg;20
36;48;6094;MANDRILLS BKB_6094_20210217_id6094_malinf_(6).jpg;12
27;49;6094;MANDRILLS BKB_6094_20210218_id6094_malinf_(1).jpg;22
41;49;6094;MANDRILLS BKB_6094_20210218_id6094_malinf_(2).jpg;8
41;49;6094;MANDRILLS BKB_6094_20210218_id6094_malinf_(3).jpg;8
33;49;6094;MANDRILLS BKB_6094_20210218_id6094_malinf_(4).jpg;16
31;49;6094;MANDRILLS BKB_6094_20210218_id6094_malinf_(5).jpg;18
37;49;6094;MANDRILLS BKB_6094_20210218_id6094_malinf_(6).jpg;12
38;49;6094;MANDRILLS BKB_6094_20210218_id6094_malinf_(7).jpg;11
67;84;6094;MANDRILLS BKB_6094_20210325_id6094_malinf_(1).jpg;17
46;84;6094;MANDRILLS BKB_6094_20210325_id6094_malinf_(2).jpg;38
76;92;6094;MANDRILLS BKB_6094_20210402_id6094_malinf.jpg;16
76;92;6094;MANDRILLS BKB_6094_20210402_id6094_malinf_(1).jpg;16
69;92;6094;MANDRILLS BKB_6094_20210402_id6094_malinf_(2).jpg;23
62;92;6094;MANDRILLS BKB_6094_20210402_id6094_malinf_(3).jpg;30
53;92;6094;MANDRILLS BKB_6094_20210402_id6094_malinf_(4).jpg;39
55;92;6094;MANDRILLS BKB_6094_20210402_id6094_malinf_(5).jpg;37
63;92;6094;MANDRILLS BKB_6094_20210402_id6094_malinf_(6).jpg;29
67;97;6094;MANDRILLS BKB_6094_20210407_id6094_malinf.jpg;30
99;110;6094;MANDRILLS BKB_6094_20210420_id6094_malinf_(1).jpg;11
104;110;6094;MANDRILLS BKB_6094_20210420_id6094_malinf_(2).jpg;6
76;110;6094;MANDRILLS BKB_6094_20210420_id6094_malinf_(3).jpg;34
231;264;6094;MANDRILLS BKB_6094_20210921_id6094_malinf_(3).jpg;33
314;292;6094;MANDRILLS BKB_6094_20211019_id6094_malinf.jpg;22
325;312;6094;MANDRILLS BKB_6094_20211108_id6094_malinf_(1).jpg;13
441;312;6094;MANDRILLS BKB_6094_20211108_id6094_malinf_(2).jpg;129
556;412;6094;MANDRILLS BKB_6094_20220216_id6094_maljuv (1).jpg;144
514;412;6094;MANDRILLS BKB_6094_20220216_id6094_maljuv (2).jpg;102
443;412;6094;MANDRILLS BKB_6094_20220216_id6094_maljuv (3).jpg;31
514;422;6094;MANDRILLS BKB_6094_20220226_id6094_maljuv (2).jpg;92
496;422;6094;MANDRILLS BKB_6094_20220226_id6094_maljuv (3).jpg;74
506;422;6094;MANDRILLS BKB_6094_20220226_id6094_maljuv (4).jpg;84
473;435;6094;MANDRILLS BKB_6094_20220311_id6094_maljuv (1).jpg;38
477;435;6094;MANDRILLS BKB_6094_20220311_id6094_maljuv (2).jpg;42
433;448;6094;MANDRILLS BKB_6094_20220324_id6094_maljuv (1).jpg;15
410;448;6094;MANDRILLS BKB_6094_20220324_id6094_maljuv (2).jpg;38
446;448;6094;MANDRILLS BKB_6094_20220324_id6094_maljuv (3).jpg;2
500;448;6094;MANDRILLS BKB_6094_20220324_id6094_maljuv (4).jpg;52
564;448;6094;MANDRILLS BKB_6094_20220324_id6094_maljuv (5).jpg;116
537;456;6094;MANDRILLS BKB_6094_20220401_id6094_maljuv (1).jpg;81
567;456;6094;MANDRILLS BKB_6094_20220401_id6094_maljuv (2).jpg;111
543;456;6094;MANDRILLS BKB_6094_20220401_id6094_maljuv (3).jpg;87
544;456;6094;MANDRILLS BKB_6094_20220401_id6094_maljuv (4).jpg;88
453;456;6094;MANDRILLS BKB_6094_20220401_id6094_maljuv (5).jpg;3
580;456;6094;MANDRILLS BKB_6094_20220401_id6094_maljuv (7).jpg;124
548;511;6094;MANDRILLS BKB_6094_20220526_id6094_maljuv.jpg;37
769;540;6094;MANDRILLS BKB_6094_20220624_id6094_maljuv (1).jpg;229
623;540;6094;MANDRILLS BKB_6094_20220624_id6094_maljuv (2).jpg;83
553;540;6094;MANDRILLS BKB_6094_20220624_id6094_maljuv (3).jpg;13
524;540;6094;MANDRILLS BKB_6094_20220624_id6094_maljuv (4).jpg;16
503;540;6094;MANDRILLS BKB_6094_20220624_id6094_maljuv (5).jpg;37
507;545;6094;MANDRILLS BKB_6094_20220629_id6094.jpg;38
557;559;6094;MANDRILLS BKB_6094_20220713_id6094 (2).jpg;2
571;559;6094;MANDRILLS BKB_6094_20220713_id6094 (3).jpg;12
563;562;6094;MANDRILLS BKB_6094_20220716_id6094_maljuv (1).jpg;1
711;562;6094;MANDRILLS BKB_6094_20220716_id6094_maljuv (2).jpg;149
582;562;6094;MANDRILLS BKB_6094_20220716_id6094_maljuv.jpg;20
576;589;6094;MANDRILLS BKB_6094_20220812_id6094 (1).jpg;13
615;589;6094;MANDRILLS BKB_6094_20220812_id6094 (2).jpg;26
592;589;6094;MANDRILLS BKB_6094_20220812_id6094 (3).jpg;3
562;589;6094;MANDRILLS BKB_6094_20220812_id6094 (5).jpg;27
636;603;6094;MANDRILLS BKB_6094_20220826_id6094.jpg;33
696;619;6094;MANDRILLS BKB_6094_20220911_id6094 (2).jpg;77
642;620;6094;MANDRILLS BKB_6094_20220912_id6094 (1).jpg;22
648;620;6094;MANDRILLS BKB_6094_20220912_id6094 (2).jpg;28
756;636;6094;MANDRILLS BKB_6094_20220928_id6094 (2).jpg;120
874;636;6094;MANDRILLS BKB_6094_20220928_id6094.jpg;238
802;657;6094;MANDRILLS BKB_6094_20221019_id6094 (1).jpg;145
788;657;6094;MANDRILLS BKB_6094_20221019_id6094 (2).jpg;131
633;659;6094;MANDRILLS BKB_6094_20221021_id6094.jpg;26
766;678;6094;MANDRILLS BKB_6094_20221109_id6094.jpg;88
787;709;6094;MANDRILLS BKB_6094_20221210_id6094.jpg;78
869;723;6094;MANDRILLS BKB_6094_20221224_id6094.jpg;146
-7;4;6139;MANDRILLS BKB_6139_20210221_id6139_malinf.jpg;11
3;12;6139;MANDRILLS BKB_6139_20210301_id6139_malinf_(1).jpg;9
35;12;6139;MANDRILLS BKB_6139_20210301_id6139_malinf_(2).jpg;23
13;12;6139;MANDRILLS BKB_6139_20210301_id6139_malinf_(3).jpg;1
23;16;6139;MANDRILLS BKB_6139_20210305_id6139_malinf_(1).jpg;7
29;16;6139;MANDRILLS BKB_6139_20210305_id6139_malinf_(2).jpg;13
28;16;6139;MANDRILLS BKB_6139_20210305_id6139_malinf_(3).jpg;12
8;16;6139;MANDRILLS BKB_6139_20210305_id6139_malinf_(4).jpg;8
37;40;6139;MANDRILLS BKB_6139_20210329_id6139_malinf_(1).jpg;3
44;40;6139;MANDRILLS BKB_6139_20210329_id6139_malinf_(10).jpg;4
35;40;6139;MANDRILLS BKB_6139_20210329_id6139_malinf_(11).jpg;5
41;40;6139;MANDRILLS BKB_6139_20210329_id6139_malinf_(12).jpg;1
39;40;6139;MANDRILLS BKB_6139_20210329_id6139_malinf_(13).jpg;1
41;40;6139;MANDRILLS BKB_6139_20210329_id6139_malinf_(14).jpg;1
39;40;6139;MANDRILLS BKB_6139_20210329_id6139_malinf_(15).jpg;1
45;40;6139;MANDRILLS BKB_6139_20210329_id6139_malinf_(2).jpg;5
48;40;6139;MANDRILLS BKB_6139_20210329_id6139_malinf_(3).jpg;8
45;40;6139;MANDRILLS BKB_6139_20210329_id6139_malinf_(4).jpg;5
43;40;6139;MANDRILLS BKB_6139_20210329_id6139_malinf_(5).jpg;3
39;40;6139;MANDRILLS BKB_6139_20210329_id6139_malinf_(6).jpg;1
40;40;6139;MANDRILLS BKB_6139_20210329_id6139_malinf_(7).jpg;0
42;40;6139;MANDRILLS BKB_6139_20210329_id6139_malinf_(8).jpg;2
36;40;6139;MANDRILLS BKB_6139_20210329_id6139_malinf_(9).jpg;4
49;44;6139;MANDRILLS BKB_6139_20210402_id6139_malinf.jpg;5
59;47;6139;MANDRILLS BKB_6139_20210405_id6139_malinf_(1).jpg;12
45;47;6139;MANDRILLS BKB_6139_20210405_id6139_malinf_(2).jpg;2
47;52;6139;MANDRILLS BKB_6139_20210410_id6139_malinf_(1).jpg;5
45;52;6139;MANDRILLS BKB_6139_20210410_id6139_malinf_(2).jpg;7
29;52;6139;MANDRILLS BKB_6139_20210410_id6139_malinf_(3).jpg;23
29;52;6139;MANDRILLS BKB_6139_20210410_id6139_malinf_(4).jpg;23
58;52;6139;MANDRILLS BKB_6139_20210410_id6139_malinf_(5).jpg;6
56;52;6139;MANDRILLS BKB_6139_20210410_id6139_malinf_(6).jpg;4
53;52;6139;MANDRILLS BKB_6139_20210410_id6139_malinf_(7).jpg;1
46;52;6139;MANDRILLS BKB_6139_20210410_id6139_malinf_(8).jpg;6
71;62;6139;MANDRILLS BKB_6139_20210420_id6139_malinf.jpg;9
203;151;6139;MANDRILLS BKB_6139_20210718_id6139_malinf_(1).jpg;52
244;151;6139;MANDRILLS BKB_6139_20210718_id6139_malinf_(2).jpg;93
204;151;6139;MANDRILLS BKB_6139_20210718_id6139_malinf_(3).jpg;53
171;151;6139;MANDRILLS BKB_6139_20210718_id6139_malinf_(4).jpg;20
235;154;6139;MANDRILLS BKB_6139_20210721_id6139_malinf.jpg;81
231;156;6139;MANDRILLS BKB_6139_20210723_id6139_malinf_(1).jpg;75
267;156;6139;MANDRILLS BKB_6139_20210723_id6139_malinf_(2).jpg;111
225;156;6139;MANDRILLS BKB_6139_20210723_id6139_malinf_(3).jpg;69
204;159;6139;MANDRILLS BKB_6139_20210726_id6139_malinf_(1).jpg;45
196;159;6139;MANDRILLS BKB_6139_20210726_id6139_malinf_(2).jpg;37
357;247;6139;MANDRILLS BKB_6139_20211022_id6139_malinf_(2).jpg;110
309;247;6139;MANDRILLS BKB_6139_20211022_id6139_malinf_(3).jpg;62
344;249;6139;MANDRILLS BKB_6139_20211024_id6139_malinf.jpg;95
446;343;6139;MANDRILLS BKB_6139_20220126_id6139 (1).jpg;103
457;343;6139;MANDRILLS BKB_6139_20220126_id6139 (2).jpg;114
439;343;6139;MANDRILLS BKB_6139_20220126_id6139 (3).jpg;96
517;354;6139;MANDRILLS BKB_6139_20220206_id6139_maljuv (1).jpg;163
525;354;6139;MANDRILLS BKB_6139_20220206_id6139_maljuv (2).jpg;171
573;354;6139;MANDRILLS BKB_6139_20220206_id6139_maljuv (3).jpg;219
644;380;6139;MANDRILLS BKB_6139_20220304_id6139_maljuv (1).jpg;264
504;380;6139;MANDRILLS BKB_6139_20220304_id6139_maljuv (2).jpg;124
600;386;6139;MANDRILLS BKB_6139_20220310_id6139_maljuv.jpg;214
588;387;6139;MANDRILLS BKB_6139_20220311_id6139_maljuv (1).jpg;201
552;387;6139;MANDRILLS BKB_6139_20220311_id6139_maljuv (2).jpg;165
522;387;6139;MANDRILLS BKB_6139_20220311_id6139_maljuv (3).jpg;135
580;390;6139;MANDRILLS BKB_6139_20220314_id6139_maljuv.jpg;190
568;395;6139;MANDRILLS BKB_6139_20220319_id6139_maljuv (1).jpg;173
560;395;6139;MANDRILLS BKB_6139_20220319_id6139_maljuv (2).jpg;165
639;400;6139;MANDRILLS BKB_6139_20220324_id6139_maljuv (1).jpg;239
641;400;6139;MANDRILLS BKB_6139_20220324_id6139_maljuv (2).jpg;241
595;400;6139;MANDRILLS BKB_6139_20220324_id6139_maljuv (3).jpg;195
578;400;6139;MANDRILLS BKB_6139_20220324_id6139_maljuv (4).jpg;178
626;402;6139;MANDRILLS BKB_6139_20220326_id6139_maljuv (1).jpg;224
580;402;6139;MANDRILLS BKB_6139_20220326_id6139_maljuv (2).jpg;178
560;402;6139;MANDRILLS BKB_6139_20220326_id6139_maljuv (3).jpg;158
587;408;6139;MANDRILLS BKB_6139_20220401_id6139_maljuv (1).jpg;179
581;408;6139;MANDRILLS BKB_6139_20220401_id6139_maljuv (2).jpg;173
603;455;6139;MANDRILLS BKB_6139_20220518_id6139_maljuv (1).jpg;148
607;455;6139;MANDRILLS BKB_6139_20220518_id6139_maljuv (2).jpg;152
567;455;6139;MANDRILLS BKB_6139_20220518_id6139_maljuv (3).jpg;112
798;455;6139;MANDRILLS BKB_6139_20220518_id6139_maljuv (4).jpg;343
614;455;6139;MANDRILLS BKB_6139_20220518_id6139_maljuv (5).jpg;159
706;492;6139;MANDRILLS BKB_6139_20220624_id6139_maljuv.jpg;214
662;512;6139;MANDRILLS BKB_6139_20220714_id6139_maljuv.jpg;150
740;519;6139;MANDRILLS BKB_6139_20220721_id6139 (1).jpg;221
712;519;6139;MANDRILLS BKB_6139_20220721_id6139 (2).jpg;193
831;534;6139;MANDRILLS BKB_6139_20220805_id6139 (1).jpg;297
643;534;6139;MANDRILLS BKB_6139_20220805_id6139 (2).jpg;109
709;541;6139;MANDRILLS BKB_6139_20220812_id6139.jpg;168
814;555;6139;MANDRILLS BKB_6139_20220826_id6139 (2).jpg;259
754;555;6139;MANDRILLS BKB_6139_20220826_id6139.jpg;199
864;609;6139;MANDRILLS BKB_6139_20221019_id6139 (1).jpg;255
866;609;6139;MANDRILLS BKB_6139_20221019_id6139 (2).jpg;257
886;620;6139;MANDRILLS BKB_6139_20221030_id6139.jpg;266
919;630;6139;MANDRILLS BKB_6139_20221109_id6139.jpg;289
864;644;6139;MANDRILLS BKB_6139_20221123_id6139 (1).jpg;220
865;644;6139;MANDRILLS BKB_6139_20221123_id6139 (2).jpg;221
917;653;6139;MANDRILLS BKB_6139_20221202_id6139 (1).jpg;264
846;653;6139;MANDRILLS BKB_6139_20221202_id6139 (2).jpg;193
878;653;6139;MANDRILLS BKB_6139_20221202_id6139 (3).jpg;225
923;653;6139;MANDRILLS BKB_6139_20221202_id6139 (4).jpg;270
891;661;6139;MANDRILLS BKB_6139_20221210_id6139.jpg;230
1012;669;6139;MANDRILLS BKB_6139_20221218_id6139.jpg;343
962;675;6139;MANDRILLS BKB_6139_20221224_id6139.jpg;287
11;2;6143;MANDRILLS BKB_6143_20201213_id6143_feminf_(1).jpg;9
2;2;6143;MANDRILLS BKB_6143_20201213_id6143_feminf_(2).jpg;0
17;2;6143;MANDRILLS BKB_6143_20201213_id6143_feminf_(3).jpg;15
19;2;6143;MANDRILLS BKB_6143_20201213_id6143_feminf_(4).jpg;17
0;4;6143;MANDRILLS BKB_6143_20201215_id6143_feminf_(1).jpg;4
17;4;6143;MANDRILLS BKB_6143_20201215_id6143_feminf_(10).jpg;13
22;4;6143;MANDRILLS BKB_6143_20201215_id6143_feminf_(11).jpg;18
19;4;6143;MANDRILLS BKB_6143_20201215_id6143_feminf_(12).jpg;15
12;4;6143;MANDRILLS BKB_6143_20201215_id6143_feminf_(13).jpg;8
5;4;6143;MANDRILLS BKB_6143_20201215_id6143_feminf_(2).jpg;1
-1;4;6143;MANDRILLS BKB_6143_20201215_id6143_feminf_(3).jpg;5
4;4;6143;MANDRILLS BKB_6143_20201215_id6143_feminf_(4).jpg;0
15;4;6143;MANDRILLS BKB_6143_20201215_id6143_feminf_(5).jpg;11
14;4;6143;MANDRILLS BKB_6143_20201215_id6143_feminf_(6).jpg;10
15;4;6143;MANDRILLS BKB_6143_20201215_id6143_feminf_(7).jpg;11
18;4;6143;MANDRILLS BKB_6143_20201215_id6143_feminf_(8).jpg;14
14;4;6143;MANDRILLS BKB_6143_20201215_id6143_feminf_(9).jpg;10
5;7;6143;MANDRILLS BKB_6143_20201218_id6143_feminf_(1).jpg;2
8;7;6143;MANDRILLS BKB_6143_20201218_id6143_feminf_(2).jpg;1
9;7;6143;MANDRILLS BKB_6143_20201218_id6143_feminf_(3).jpg;2
-2;7;6143;MANDRILLS BKB_6143_20201218_id6143_feminf_(4).jpg;9
9;7;6143;MANDRILLS BKB_6143_20201218_id6143_feminf_(5).jpg;2
2;7;6143;MANDRILLS BKB_6143_20201218_id6143_feminf_(6).jpg;5
12;19;6143;MANDRILLS BKB_6143_20201230_id6143_feminf.jpg;7
35;33;6143;MANDRILLS BKB_6143_20210113_id6143_feminf_(1).jpg;2
31;33;6143;MANDRILLS BKB_6143_20210113_id6143_feminf_(2).jpg;2
28;33;6143;MANDRILLS BKB_6143_20210113_id6143_feminf_(3).jpg;5
24;33;6143;MANDRILLS BKB_6143_20210113_id6143_feminf_(4).jpg;9
39;36;6143;MANDRILLS BKB_6143_20210116_id6143_feminf.jpg;3
55;63;6143;MANDRILLS BKB_6143_20210212_id6143_feminf_(1).jpg;8
62;63;6143;MANDRILLS BKB_6143_20210212_id6143_feminf_(2).jpg;1
68;63;6143;MANDRILLS BKB_6143_20210212_id6143_feminf_(3).jpg;5
103;112;6143;MANDRILLS BKB_6143_20210402_id6143_feminf_(1).jpg;9
135;112;6143;MANDRILLS BKB_6143_20210402_id6143_feminf_(2).jpg;23
136;112;6143;MANDRILLS BKB_6143_20210402_id6143_feminf_(3).jpg;24
120;120;6143;MANDRILLS BKB_6143_20210410_id6143_feminf.jpg;0
160;146;6143;MANDRILLS BKB_6143_20210506_id6143_feminf_(1).jpg;14
142;146;6143;MANDRILLS BKB_6143_20210506_id6143_feminf_(2).jpg;4
297;214;6143;MANDRILLS BKB_6143_20210713_id6143_feminf_(1).jpg;83
251;214;6143;MANDRILLS BKB_6143_20210713_id6143_feminf_(2).jpg;37
282;214;6143;MANDRILLS BKB_6143_20210713_id6143_feminf_(3).jpg;68
254;214;6143;MANDRILLS BKB_6143_20210713_id6143_feminf_(4).jpg;40
249;214;6143;MANDRILLS BKB_6143_20210713_id6143_feminf_(5).jpg;35
338;298;6143;MANDRILLS BKB_6143_20211005_id6143_feminf_(1).jpg;40
305;298;6143;MANDRILLS BKB_6143_20211005_id6143_feminf_(2).jpg;7
254;298;6143;MANDRILLS BKB_6143_20211005_id6143_feminf_(3).jpg;44
281;298;6143;MANDRILLS BKB_6143_20211005_id6143_feminf_(4).jpg;17
305;315;6143;MANDRILLS BKB_6143_20211022_id6143_feminf_(1).jpg;10
334;315;6143;MANDRILLS BKB_6143_20211022_id6143_feminf_(2).jpg;19
434;350;6143;MANDRILLS BKB_6143_20211126_id6143_femjuv.jpg;84
493;405;6143;MANDRILLS BKB_6143_20220120_id6143 (3).jpg;88
520;405;6143;MANDRILLS BKB_6143_20220120_id6143 (4).jpg;115
487;405;6143;MANDRILLS BKB_6143_20220120_id6143.jpg;82
456;417;6143;MANDRILLS BKB_6143_20220201_id6143_femjuv (1).jpg;39
503;417;6143;MANDRILLS BKB_6143_20220201_id6143_femjuv (2).jpg;86
443;417;6143;MANDRILLS BKB_6143_20220201_id6143_femjuv (3).jpg;26
462;422;6143;MANDRILLS BKB_6143_20220206_id6143_femjuv (1).jpg;40
433;422;6143;MANDRILLS BKB_6143_20220206_id6143_femjuv (2).jpg;11
401;422;6143;MANDRILLS BKB_6143_20220206_id6143_femjuv (3).jpg;21
675;437;6143;MANDRILLS BKB_6143_20220221_id6143_femjuv.jpg;238
477;451;6143;MANDRILLS BKB_6143_20220307_id6143_femjuv.jpg;26
499;465;6143;MANDRILLS BKB_6143_20220321_id6143_femjuv (2).jpg;34
494;468;6143;MANDRILLS BKB_6143_20220324_id6143_femjuv (1).jpg;26
505;468;6143;MANDRILLS BKB_6143_20220324_id6143_femjuv (2).jpg;37
503;468;6143;MANDRILLS BKB_6143_20220324_id6143_femjuv (3).jpg;35
536;468;6143;MANDRILLS BKB_6143_20220324_id6143_femjuv (4).jpg;68
575;468;6143;MANDRILLS BKB_6143_20220324_id6143_femjuv.jpg;107
485;502;6143;MANDRILLS BKB_6143_20220427_id6143_femjuv (1).jpg;17
469;502;6143;MANDRILLS BKB_6143_20220427_id6143_femjuv (2).jpg;33
422;502;6143;MANDRILLS BKB_6143_20220427_id6143_femjuv (4).jpg;80
443;502;6143;MANDRILLS BKB_6143_20220427_id6143_femjuv (5).jpg;59
443;502;6143;MANDRILLS BKB_6143_20220427_id6143_femjuv (6).jpg;59
621;521;6143;MANDRILLS BKB_6143_20220516_id6143_femjuv (1).jpg;100
592;521;6143;MANDRILLS BKB_6143_20220516_id6143_femjuv (2).jpg;71
621;521;6143;MANDRILLS BKB_6143_20220516_id6143_femjuv (3).jpg;100
554;521;6143;MANDRILLS BKB_6143_20220516_id6143_femjuv (4).jpg;33
598;555;6143;MANDRILLS BKB_6143_20220619_id6143_femjuv (1).jpg;43
557;555;6143;MANDRILLS BKB_6143_20220619_id6143_femjuv (2).jpg;2
559;555;6143;MANDRILLS BKB_6143_20220619_id6143_femjuv (3).jpg;4
524;580;6143;MANDRILLS BKB_6143_20220714_id6143_femjuv (1).jpg;56
556;580;6143;MANDRILLS BKB_6143_20220714_id6143_femjuv (2).jpg;24
505;580;6143;MANDRILLS BKB_6143_20220714_id6143_femjuv (3).jpg;75
503;580;6143;MANDRILLS BKB_6143_20220714_id6143_femjuv (4).jpg;77
580;599;6143;MANDRILLS BKB_6143_20220802_id6143 (2).jpg;19
626;602;6143;MANDRILLS BKB_6143_20220805_id6143.jpg;24
576;620;6143;MANDRILLS BKB_6143_20220823_id6143 (3).jpg;44
651;640;6143;MANDRILLS BKB_6143_20220912_id6143.jpg;11
700;677;6143;MANDRILLS BKB_6143_20221019_id6143 (1).jpg;23
749;677;6143;MANDRILLS BKB_6143_20221019_id6143 (2).jpg;72
742;685;6143;MANDRILLS BKB_6143_20221027_id6143.jpg;57
764;687;6143;MANDRILLS BKB_6143_20221029_id6143.jpg;77
-14;6;6163;MANDRILLS BKB_6163_20201124_id6163_malinf.jpg;20
0;7;6163;MANDRILLS BKB_6163_20201125_id6163_malinf.jpg;7
14;28;6163;MANDRILLS BKB_6163_20201216_id6163_malinf_(1).jpg;14
7;28;6163;MANDRILLS BKB_6163_20201216_id6163_malinf_(2).jpg;21
13;28;6163;MANDRILLS BKB_6163_20201216_id6163_malinf_(3).jpg;15
20;28;6163;MANDRILLS BKB_6163_20201216_id6163_malinf_(4).jpg;8
14;28;6163;MANDRILLS BKB_6163_20201216_id6163_malinf_(5).jpg;14
18;28;6163;MANDRILLS BKB_6163_20201216_id6163_malinf_(6).jpg;10
12;28;6163;MANDRILLS BKB_6163_20201216_id6163_malinf_(7).jpg;16
19;29;6163;MANDRILLS BKB_6163_20201217_id6163_malinf_(1).jpg;10
7;29;6163;MANDRILLS BKB_6163_20201217_id6163_malinf_(2).jpg;22
15;29;6163;MANDRILLS BKB_6163_20201217_id6163_malinf_(3).jpg;14
15;29;6163;MANDRILLS BKB_6163_20201217_id6163_malinf_(4).jpg;14
56;63;6163;MANDRILLS BKB_6163_20210120_id6163_malinf.jpg;7
58;69;6163;MANDRILLS BKB_6163_20210126_id6163_malinf_(1).jpg;11
67;69;6163;MANDRILLS BKB_6163_20210126_id6163_malinf_(2).jpg;2
61;69;6163;MANDRILLS BKB_6163_20210126_id6163_malinf_(3).jpg;8
58;69;6163;MANDRILLS BKB_6163_20210126_id6163_malinf_(4).jpg;11
77;71;6163;MANDRILLS BKB_6163_20210128_id6163_malinf_(1).jpg;6
69;71;6163;MANDRILLS BKB_6163_20210128_id6163_malinf_(2).jpg;2
84;75;6163;MANDRILLS BKB_6163_20210201_id6163_malinf_(1).jpg;9
79;75;6163;MANDRILLS BKB_6163_20210201_id6163_malinf_(2).jpg;4
68;75;6163;MANDRILLS BKB_6163_20210201_id6163_malinf_(3).jpg;7
69;75;6163;MANDRILLS BKB_6163_20210201_id6163_malinf_(4).jpg;6
80;75;6163;MANDRILLS BKB_6163_20210201_id6163_malinf_(5).jpg;5
77;75;6163;MANDRILLS BKB_6163_20210201_id6163_malinf_(6).jpg;2
69;83;6163;MANDRILLS BKB_6163_20210209_id6163_malinf.jpg;14
101;88;6163;MANDRILLS BKB_6163_20210214_id6163_malinf.jpg;13
101;89;6163;MANDRILLS BKB_6163_20210215_id6163_malinf_(1).jpg;12
89;89;6163;MANDRILLS BKB_6163_20210215_id6163_malinf_(2).jpg;0
84;89;6163;MANDRILLS BKB_6163_20210215_id6163_malinf_(3).jpg;5
75;89;6163;MANDRILLS BKB_6163_20210215_id6163_malinf_(4).jpg;14
89;89;6163;MANDRILLS BKB_6163_20210215_id6163_malinf_(5).jpg;0
89;89;6163;MANDRILLS BKB_6163_20210215_id6163_malinf_(6).jpg;0
118;89;6163;MANDRILLS BKB_6163_20210215_id6163_malinf_(7).jpg;29
112;103;6163;MANDRILLS BKB_6163_20210301_id6163_feminf_(1).jpg;9
107;103;6163;MANDRILLS BKB_6163_20210301_id6163_feminf_(2).jpg;4
128;103;6163;MANDRILLS BKB_6163_20210301_id6163_feminf_(3).jpg;25
101;103;6163;MANDRILLS BKB_6163_20210301_id6163_feminf_(4).jpg;2
113;103;6163;MANDRILLS BKB_6163_20210301_id6163_feminf_(5).jpg;10
102;103;6163;MANDRILLS BKB_6163_20210301_id6163_feminf_(6).jpg;1
122;107;6163;MANDRILLS BKB_6163_20210305_id6163_malinf_(1).jpg;15
117;107;6163;MANDRILLS BKB_6163_20210305_id6163_malinf_(2).jpg;10
115;107;6163;MANDRILLS BKB_6163_20210305_id6163_malinf_(3).jpg;8
117;107;6163;MANDRILLS BKB_6163_20210305_id6163_malinf_(4).jpg;10
126;110;6163;MANDRILLS BKB_6163_20210308_id6163_malinf_(1).jpg;16
126;110;6163;MANDRILLS BKB_6163_20210308_id6163_malinf_(2).jpg;16
177;131;6163;MANDRILLS BKB_6163_20210329_id6163_malinf_(1).jpg;46
133;131;6163;MANDRILLS BKB_6163_20210329_id6163_malinf_(2).jpg;2
196;152;6163;MANDRILLS BKB_6163_20210419_id6163_malinf.jpg;44
174;154;6163;MANDRILLS BKB_6163_20210421_id6163_malinf_(1).jpg;20
169;154;6163;MANDRILLS BKB_6163_20210421_id6163_malinf_(2).jpg;15
169;156;6163;MANDRILLS BKB_6163_20210423_id6163_malinf_(1).jpg;13
180;156;6163;MANDRILLS BKB_6163_20210423_id6163_malinf_(2).jpg;24
161;156;6163;MANDRILLS BKB_6163_20210423_id6163_malinf_(3).jpg;5
408;390;6163;MANDRILLS BKB_6163_20211213_id6163_maljuv.jpg;18
319;395;6163;MANDRILLS BKB_6163_20211218_id6163_maljuv_(1).jpg;76
350;395;6163;MANDRILLS BKB_6163_20211218_id6163_maljuv_(2).jpg;45
338;395;6163;MANDRILLS BKB_6163_20211218_id6163_maljuv_(3).jpg;57
332;403;6163;MANDRILLS BKB_6163_20211226_id6163_maljuv_(1).jpg;71
383;403;6163;MANDRILLS BKB_6163_20211226_id6163_maljuv_(2).jpg;20
365;403;6163;MANDRILLS BKB_6163_20211226_id6163_maljuv_(3).jpg;38
423;403;6163;MANDRILLS BKB_6163_20211226_id6163_maljuv_(5).jpg;20
391;404;6163;MANDRILLS BKB_6163_20211227_id6163_maljuv.jpg;13
419;447;6163;MANDRILLS BKB_6163_20220208_id6163_maljuv.jpg;28
385;462;6163;MANDRILLS BKB_6163_20220223_id6163_maljuv.jpg;77
433;465;6163;MANDRILLS BKB_6163_20220226_id6163_maljuv (1).jpg;32
409;465;6163;MANDRILLS BKB_6163_20220226_id6163_maljuv (2).jpg;56
466;465;6163;MANDRILLS BKB_6163_20220226_id6163_maljuv.jpg;1
461;474;6163;MANDRILLS BKB_6163_20220307_id6163_maljuv (1).jpg;13
422;474;6163;MANDRILLS BKB_6163_20220307_id6163_maljuv (2).jpg;52
452;486;6163;MANDRILLS BKB_6163_20220319_id6163_maljuv (1).jpg;34
388;486;6163;MANDRILLS BKB_6163_20220319_id6163_maljuv (2).jpg;98
451;486;6163;MANDRILLS BKB_6163_20220319_id6163_maljuv (3).jpg;35
438;497;6163;MANDRILLS BKB_6163_20220330_id6163_maljuv (1).jpg;59
355;523;6163;MANDRILLS BKB_6163_20220425_id6163_maljuv (2).jpg;168
394;523;6163;MANDRILLS BKB_6163_20220425_id6163_maljuv (3).jpg;129
362;523;6163;MANDRILLS BKB_6163_20220425_id6163_maljuv (4).jpg;161
454;523;6163;MANDRILLS BKB_6163_20220425_id6163_maljuv (5).jpg;69
493;524;6163;MANDRILLS BKB_6163_20220426_id6163_maljuv.jpg;31
477;557;6163;MANDRILLS BKB_6163_20220529_id6163_maljuv.jpg;80
482;566;6163;MANDRILLS BKB_6163_20220607_id6163_maljuv (1).jpg;84
483;566;6163;MANDRILLS BKB_6163_20220607_id6163_maljuv (2).jpg;83
499;583;6163;MANDRILLS BKB_6163_20220624_id6163_maljuv (1).jpg;84
482;583;6163;MANDRILLS BKB_6163_20220624_id6163_maljuv (2).jpg;101
444;605;6163;MANDRILLS BKB_6163_20220716_id6163_maljuv (3).jpg;161
502;605;6163;MANDRILLS BKB_6163_20220716_id6163_maljuv (4).jpg;103
534;608;6163;MANDRILLS BKB_6163_20220719_id6163 (1).jpg;74
519;613;6163;MANDRILLS BKB_6163_20220724_id6163 (2).jpg;94
532;623;6163;MANDRILLS BKB_6163_20220803_id6163 (1).jpg;91
594;623;6163;MANDRILLS BKB_6163_20220803_id6163 (2).jpg;29
553;623;6163;MANDRILLS BKB_6163_20220803_id6163 (3).jpg;70
530;623;6163;MANDRILLS BKB_6163_20220803_id6163 (4).jpg;93
602;655;6163;MANDRILLS BKB_6163_20220904_id6163 (1).jpg;53
598;655;6163;MANDRILLS BKB_6163_20220904_id6163 (2).jpg;57
585;655;6163;MANDRILLS BKB_6163_20220904_id6163 (4).jpg;70
540;656;6163;MANDRILLS BKB_6163_20220905_id6163 (1).jpg;116
614;656;6163;MANDRILLS BKB_6163_20220905_id6163 (2).jpg;42
661;708;6163;MANDRILLS BKB_6163_20221027_id6163.jpg;47
637;737;6163;MANDRILLS BKB_6163_20221125_id6163 (3).jpg;100
637;737;6163;MANDRILLS BKB_6163_20221125_id6163 (5).jpg;100
670;751;6163;MANDRILLS BKB_6163_20221209_id6163 (1).jpg;81
663;751;6163;MANDRILLS BKB_6163_20221209_id6163 (2).jpg;88
698;751;6163;MANDRILLS BKB_6163_20221209_id6163 (3).jpg;53
656;752;6163;MANDRILLS BKB_6163_20221210_id6163 (1).jpg;96
602;752;6163;MANDRILLS BKB_6163_20221210_id6163 (2).jpg;150
-5;0;6166;MANDRILLS BKB_6166_20201230_id6166_feminf_(1).jpg;5
-3;0;6166;MANDRILLS BKB_6166_20201230_id6166_feminf_(2).jpg;3
-1;0;6166;MANDRILLS BKB_6166_20201230_id6166_feminf_(3).jpg;1
4;0;6166;MANDRILLS BKB_6166_20201230_id6166_feminf_(4).jpg;4
-9;0;6166;MANDRILLS BKB_6166_20201230_id6166_feminf_(5).jpg;9
11;1;6166;MANDRILLS BKB_6166_20201231_id6166_feminf_(1).jpg;10
-20;1;6166;MANDRILLS BKB_6166_20201231_id6166_feminf_(2).jpg;21
-5;8;6166;MANDRILLS BKB_6166_20210107_id6166_feminf_(1).jpg;13
-6;8;6166;MANDRILLS BKB_6166_20210107_id6166_feminf_(2).jpg;14
9;8;6166;MANDRILLS BKB_6166_20210107_id6166_feminf_(3).jpg;1
25;14;6166;MANDRILLS BKB_6166_20210113_id6166_feminf_(1).jpg;11
18;14;6166;MANDRILLS BKB_6166_20210113_id6166_feminf_(2).jpg;4
16;14;6166;MANDRILLS BKB_6166_20210113_id6166_feminf_(3).jpg;2
17;14;6166;MANDRILLS BKB_6166_20210113_id6166_feminf_(4).jpg;3
23;14;6166;MANDRILLS BKB_6166_20210113_id6166_feminf_(5).jpg;9
40;33;6166;MANDRILLS BKB_6166_20210201_id6166_feminf_(1).jpg;7
33;33;6166;MANDRILLS BKB_6166_20210201_id6166_feminf_(2).jpg;0
38;33;6166;MANDRILLS BKB_6166_20210201_id6166_feminf_(3).jpg;5
35;33;6166;MANDRILLS BKB_6166_20210201_id6166_feminf_(4).jpg;2
33;33;6166;MANDRILLS BKB_6166_20210201_id6166_feminf_(5).jpg;0
25;33;6166;MANDRILLS BKB_6166_20210201_id6166_feminf_(6).jpg;8
34;33;6166;MANDRILLS BKB_6166_20210201_id6166_feminf_(7).jpg;1
54;41;6166;MANDRILLS BKB_6166_20210209_id6166_feminf_(1).jpg;13
35;41;6166;MANDRILLS BKB_6166_20210209_id6166_feminf_(2).jpg;6
38;41;6166;MANDRILLS BKB_6166_20210209_id6166_feminf_(3).jpg;3
51;42;6166;MANDRILLS BKB_6166_20210210_id6166_feminf_(1).jpg;9
41;42;6166;MANDRILLS BKB_6166_20210210_id6166_feminf_(2).jpg;1
29;42;6166;MANDRILLS BKB_6166_20210210_id6166_feminf_(3).jpg;13
45;47;6166;MANDRILLS BKB_6166_20210215_id6166_feminf_(1).jpg;2
46;47;6166;MANDRILLS BKB_6166_20210215_id6166_feminf_(2).jpg;1
58;47;6166;MANDRILLS BKB_6166_20210215_id6166_feminf_(3).jpg;11
64;50;6166;MANDRILLS BKB_6166_20210218_id6166_feminf_(1).jpg;14
52;50;6166;MANDRILLS BKB_6166_20210218_id6166_feminf_(2).jpg;2
53;50;6166;MANDRILLS BKB_6166_20210218_id6166_feminf_(3).jpg;3
68;50;6166;MANDRILLS BKB_6166_20210218_id6166_feminf_(4).jpg;18
58;50;6166;MANDRILLS BKB_6166_20210218_id6166_feminf_(5).jpg;8
57;58;6166;MANDRILLS BKB_6166_20210226_id6166_feminf_(1).jpg;1
64;58;6166;MANDRILLS BKB_6166_20210226_id6166_feminf_(2).jpg;6
97;110;6166;MANDRILLS BKB_6166_20210419_id6166_feminf.jpg;13
124;111;6166;MANDRILLS BKB_6166_20210420_id6166_femjuv.jpg;13
283;196;6166;MANDRILLS BKB_6166_20210714_id6166_feminf_(1).jpg;87
236;196;6166;MANDRILLS BKB_6166_20210714_id6166_feminf_(2).jpg;40
240;200;6166;MANDRILLS BKB_6166_20210718_id6166_feminf_(1).jpg;40
236;200;6166;MANDRILLS BKB_6166_20210718_id6166_feminf_(2).jpg;36
264;200;6166;MANDRILLS BKB_6166_20210718_id6166_feminf_(3).jpg;64
266;207;6166;MANDRILLS BKB_6166_20210725_id6166_feminf.jpg;59
309;208;6166;MANDRILLS BKB_6166_20210726_id6166_feminf_(1).jpg;101
273;208;6166;MANDRILLS BKB_6166_20210726_id6166_feminf_(10).jpg;65
252;208;6166;MANDRILLS BKB_6166_20210726_id6166_feminf_(11).jpg;44
264;208;6166;MANDRILLS BKB_6166_20210726_id6166_feminf_(2).jpg;56
311;208;6166;MANDRILLS BKB_6166_20210726_id6166_feminf_(3).jpg;103
340;208;6166;MANDRILLS BKB_6166_20210726_id6166_feminf_(4).jpg;132
292;208;6166;MANDRILLS BKB_6166_20210726_id6166_feminf_(5).jpg;84
267;208;6166;MANDRILLS BKB_6166_20210726_id6166_feminf_(6).jpg;59
261;208;6166;MANDRILLS BKB_6166_20210726_id6166_feminf_(7).jpg;53
295;208;6166;MANDRILLS BKB_6166_20210726_id6166_feminf_(8).jpg;87
260;208;6166;MANDRILLS BKB_6166_20210726_id6166_feminf_(9).jpg;52
257;210;6166;MANDRILLS BKB_6166_20210728_id6166_feminf_(1).jpg;47
255;210;6166;MANDRILLS BKB_6166_20210728_id6166_feminf_(2).jpg;45
275;279;6166;MANDRILLS BKB_6166_20211005_id6166_feminf.jpg;4
273;280;6166;MANDRILLS BKB_6166_20211006_id6166_feminf.jpg;7
443;282;6166;MANDRILLS BKB_6166_20211008_id6166_feminf_(1).jpg;161
307;282;6166;MANDRILLS BKB_6166_20211008_id6166_feminf_(2).jpg;25
293;282;6166;MANDRILLS BKB_6166_20211008_id6166_feminf_(3).jpg;11
265;293;6166;MANDRILLS BKB_6166_20211019_id6166_feminf_(1).jpg;28
324;293;6166;MANDRILLS BKB_6166_20211019_id6166_feminf_(2).jpg;31
401;295;6166;MANDRILLS BKB_6166_20211021_id6166_feminf.jpg;106
331;298;6166;MANDRILLS BKB_6166_20211024_id6166_feminf.jpg;33
357;313;6166;MANDRILLS BKB_6166_20211108_id6166_feminf_(1).jpg;44
296;313;6166;MANDRILLS BKB_6166_20211108_id6166_feminf_(2).jpg;17
419;324;6166;MANDRILLS BKB_6166_20211119_id6166_feminf.jpg;95
415;340;6166;MANDRILLS BKB_6166_20211205_id6166_feminf.jpg;75
371;352;6166;MANDRILLS BKB_6166_20211217_id6166_feminf_(1).jpg;19
372;352;6166;MANDRILLS BKB_6166_20211217_id6166_feminf_(2).jpg;20
457;352;6166;MANDRILLS BKB_6166_20211217_id6166_feminf_(3).jpg;105
334;354;6166;MANDRILLS BKB_6166_20211219_id6166_feminf.jpg;20
443;526;62;MANDRILLS BKB_62_20140704_id62_maljuv_(2)_ORIGINAL.jpg;83
1425;829;62;MANDRILLS BKB_62_20150503_id62_maljuv_(1)_ORIGINAL.jpg;596
1527;829;62;MANDRILLS BKB_62_20150503_id62_maljuv_(2)_ORIGINAL.jpg;698
1205;829;62;MANDRILLS BKB_62_20150503_id62_maljuv_(3)_ORIGINAL.jpg;376
1371;829;62;MANDRILLS BKB_62_20150503_id62_maljuv_(4)_ORIGINAL.jpg;542
1390;829;62;MANDRILLS BKB_62_20150503_id62_maljuv_(5)_ORIGINAL.jpg;561
1388;829;62;MANDRILLS BKB_62_20150503_id62_maljuv_(6)_ORIGINAL.jpg;559
1208;843;62;MANDRILLS BKB_62_20150517_id62_maljuv_ORIGINAL.jpg;365
1527;1032;62;MANDRILLS BKB_62_20151122_id62_maljuv_(2)_ORIGINAL.jpg;495
1726;1032;62;MANDRILLS BKB_62_20151122_id62_maljuv_ORIGINAL.jpg;694
1567;1328;62;MANDRILLS BKB_62_20160913_id62_maljuv_(1)_ORIGINAL.jpg;239
1485;1328;62;MANDRILLS BKB_62_20160913_id62_maljuv_(2)_ORIGINAL.jpg;157
1657;1360;62;MANDRILLS BKB_62_20161015_id62_maljuv_(2)_ORIGINAL.jpg;297
2000;1901;62;MANDRILLS BKB_62_20180409_id62_malado_(1)_ORIGINAL.jpg;99
2057;1901;62;MANDRILLS BKB_62_20180409_id62_malado_(10)_ORIGINAL.jpg;156
2080;1901;62;MANDRILLS BKB_62_20180409_id62_malado_(11)_ORIGINAL.jpg;179
2063;1901;62;MANDRILLS BKB_62_20180409_id62_malado_(12)_ORIGINAL.jpg;162
1975;1901;62;MANDRILLS BKB_62_20180409_id62_malado_(13)_ORIGINAL.jpg;74
2040;1901;62;MANDRILLS BKB_62_20180409_id62_malado_(14)_ORIGINAL.jpg;139
2016;1901;62;MANDRILLS BKB_62_20180409_id62_malado_(15)_ORIGINAL.jpg;115
1964;1901;62;MANDRILLS BKB_62_20180409_id62_malado_(16)_ORIGINAL.jpg;63
1928;1901;62;MANDRILLS BKB_62_20180409_id62_malado_(17)_ORIGINAL.jpg;27
1954;1901;62;MANDRILLS BKB_62_20180409_id62_malado_(18)_ORIGINAL.jpg;53
2071;1901;62;MANDRILLS BKB_62_20180409_id62_malado_(19)_ORIGINAL.jpg;170
2014;1901;62;MANDRILLS BKB_62_20180409_id62_malado_(2)_ORIGINAL.jpg;113
2066;1901;62;MANDRILLS BKB_62_20180409_id62_malado_(3)_ORIGINAL.jpg;165
2064;1901;62;MANDRILLS BKB_62_20180409_id62_malado_(4)_ORIGINAL.jpg;163
2009;1901;62;MANDRILLS BKB_62_20180409_id62_malado_(5)_ORIGINAL.jpg;108
2056;1901;62;MANDRILLS BKB_62_20180409_id62_malado_(6)_ORIGINAL.jpg;155
2005;1901;62;MANDRILLS BKB_62_20180409_id62_malado_(7)_ORIGINAL.jpg;104
2088;1901;62;MANDRILLS BKB_62_20180409_id62_malado_(8)_ORIGINAL.jpg;187
2039;1901;62;MANDRILLS BKB_62_20180409_id62_malado_(9)_ORIGINAL.jpg;138
2050;1967;62;MANDRILLS BKB_62_20180614_id62_malado_(1)_ORIGINAL.jpg;83
1883;1967;62;MANDRILLS BKB_62_20180614_id62_malado_(2)_ORIGINAL.jpg;84
1969;1967;62;MANDRILLS BKB_62_20180614_id62_malado_(3)_ORIGINAL.jpg;2
1976;1967;62;MANDRILLS BKB_62_20180614_id62_malado_(4)_ORIGINAL.jpg;9
2121;1967;62;MANDRILLS BKB_62_20180614_id62_malado_(5)_ORIGINAL.jpg;154
2033;1969;62;MANDRILLS BKB_62_20180616_id62_malado_(11)_ORIGINAL.jpg;64
2004;1969;62;MANDRILLS BKB_62_20180616_id62_malado_(12)_ORIGINAL.jpg;35
2009;1969;62;MANDRILLS BKB_62_20180616_id62_malado_(14)_ORIGINAL.jpg;40
2134;1969;62;MANDRILLS BKB_62_20180616_id62_malado_(15)_ORIGINAL.jpg;165
2010;1969;62;MANDRILLS BKB_62_20180616_id62_malado_(19)_ORIGINAL.jpg;41
2081;1969;62;MANDRILLS BKB_62_20180616_id62_malado_(24)_ORIGINAL.jpg;112
1845;1969;62;MANDRILLS BKB_62_20180616_id62_malado_(3)_ORIGINAL.jpg;124
2086;1969;62;MANDRILLS BKB_62_20180616_id62_malado_(5)_ORIGINAL.jpg;117
2053;1969;62;MANDRILLS BKB_62_20180616_id62_malado_(6)_ORIGINAL.jpg;84
2139;1969;62;MANDRILLS BKB_62_20180616_id62_malado_(7)_ORIGINAL.jpg;170
2095;1969;62;MANDRILLS BKB_62_20180616_id62_malado_(9)_ORIGINAL.jpg;126
2147;1971;62;MANDRILLS BKB_62_20180618_id62_malado_(2)_ORIGINAL.jpg;176
1993;1971;62;MANDRILLS BKB_62_20180618_id62_malado_(4)_ORIGINAL.jpg;22
1988;1974;62;MANDRILLS BKB_62_20180621_id62_malado_(1)_ORIGINAL.jpg;14
1980;1974;62;MANDRILLS BKB_62_20180621_id62_malado_(2)_ORIGINAL.jpg;6
1962;1974;62;MANDRILLS BKB_62_20180621_id62_malado_(3)_ORIGINAL.jpg;12
2042;1974;62;MANDRILLS BKB_62_20180621_id62_malado_(4)_ORIGINAL.jpg;68
1969;1974;62;MANDRILLS BKB_62_20180621_id62_malado_(5)_ORIGINAL.jpg;5
1996;1974;62;MANDRILLS BKB_62_20180621_id62_malado_(6)_ORIGINAL.jpg;22
2155;1974;62;MANDRILLS BKB_62_20180621_id62_malado_ORIGINAL.jpg;181
1998;1975;62;MANDRILLS BKB_62_20180622_id62_malado_ORIGINAL.jpg;23
2112;1988;62;MANDRILLS BKB_62_20180705_id62_maladoCENTRE_(11)_ORIGINAL.jpg;124
2212;1988;62;MANDRILLS BKB_62_20180705_id62_maladoCENTRE_(8)_ORIGINAL.jpg;224
2199;1988;62;MANDRILLS BKB_62_20180705_id62_maladoGAUCHE_(1)_ORIGINAL.jpg;211
2194;1988;62;MANDRILLS BKB_62_20180705_id62_malado_(11)_ORIGINAL.jpg;206
1871;1990;62;MANDRILLS BKB_62_20180707_id62_malado_(1)_ORIGINAL.jpg;119
1971;1990;62;MANDRILLS BKB_62_20180707_id62_malado_(2)_ORIGINAL.jpg;19
2074;1990;62;MANDRILLS BKB_62_20180707_id62_malado_(3)_ORIGINAL.jpg;84
1990;2000;62;MANDRILLS BKB_62_20180717_id62_malado_(1)_ORIGINAL.jpg;10
2084;2000;62;MANDRILLS BKB_62_20180717_id62_malado_(2)_ORIGINAL.jpg;84
2025;2000;62;MANDRILLS BKB_62_20180717_id62_malado_(5)_ORIGINAL.jpg;25
2032;2000;62;MANDRILLS BKB_62_20180717_id62_malado_(6)_ORIGINAL.jpg;32
1981;2013;62;MANDRILLS BKB_62_20180730_id62_malado_(1)_ORIGINAL.jpg;32
1943;2013;62;MANDRILLS BKB_62_20180730_id62_malado_(10)_ORIGINAL.jpg;70
2200;2013;62;MANDRILLS BKB_62_20180730_id62_malado_(2)_ORIGINAL.jpg;187
2006;2013;62;MANDRILLS BKB_62_20180730_id62_malado_(3)_ORIGINAL.jpg;7
1894;2013;62;MANDRILLS BKB_62_20180730_id62_malado_(4)_ORIGINAL.jpg;119
1968;2013;62;MANDRILLS BKB_62_20180730_id62_malado_(5)_ORIGINAL.jpg;45
2130;2013;62;MANDRILLS BKB_62_20180730_id62_malado_(6)_ORIGINAL.jpg;117
2121;2013;62;MANDRILLS BKB_62_20180730_id62_malado_(7)_ORIGINAL.jpg;108
1991;2013;62;MANDRILLS BKB_62_20180730_id62_malado_(8)_ORIGINAL.jpg;22
1933;2013;62;MANDRILLS BKB_62_20180730_id62_malado_(9)_ORIGINAL.jpg;80
2114;2015;62;MANDRILLS BKB_62_20180801_id62_malado_(1)_ORIGINAL.jpg;99
2074;2015;62;MANDRILLS BKB_62_20180801_id62_malado_(2)_ORIGINAL.jpg;59
2062;2015;62;MANDRILLS BKB_62_20180801_id62_malado_(3)_ORIGINAL.jpg;47
2219;2157;62;MANDRILLS BKB_62_20181221_id62_(1)_ORIGINAL.jpg;62
2253;2157;62;MANDRILLS BKB_62_20181221_id62_(2)_ORIGINAL.jpg;96
2212;2157;62;MANDRILLS BKB_62_20181221_id62_(3)_ORIGINAL.jpg;55
2169;2167;62;MANDRILLS BKB_62_20181231_id62_malado_(1)_ORIGINAL.jpg;2
2236;2167;62;MANDRILLS BKB_62_20181231_id62_malado_(5)_ORIGINAL.jpg;69
2183;2167;62;MANDRILLS BKB_62_20181231_id62_malado_(6)_ORIGINAL.jpg;16
2215;2167;62;MANDRILLS BKB_62_20181231_id62_malado_(8)_ORIGINAL.jpg;48
2385;2239;62;MANDRILLS BKB_62_20190313_id62_malado_(1).jpg;146
2356;2239;62;MANDRILLS BKB_62_20190313_id62_malado_(10).jpg;117
2260;2239;62;MANDRILLS BKB_62_20190313_id62_malado_(11).jpg;21
2354;2239;62;MANDRILLS BKB_62_20190313_id62_malado_(13).jpg;115
2407;2239;62;MANDRILLS BKB_62_20190313_id62_malado_(14).jpg;168
1882;2239;62;MANDRILLS BKB_62_20190313_id62_malado_(15).jpg;357
2310;2239;62;MANDRILLS BKB_62_20190313_id62_malado_(16).jpg;71
1903;2239;62;MANDRILLS BKB_62_20190313_id62_malado_(17).jpg;336
1840;2239;62;MANDRILLS BKB_62_20190313_id62_malado_(18).jpg;399
2301;2239;62;MANDRILLS BKB_62_20190313_id62_malado_(19).jpg;62
2343;2239;62;MANDRILLS BKB_62_20190313_id62_malado_(2).jpg;104
2313;2239;62;MANDRILLS BKB_62_20190313_id62_malado_(20).jpg;74
2315;2239;62;MANDRILLS BKB_62_20190313_id62_malado_(21).jpg;76
2300;2239;62;MANDRILLS BKB_62_20190313_id62_malado_(22).jpg;61
2408;2239;62;MANDRILLS BKB_62_20190313_id62_malado_(23).jpg;169
2388;2239;62;MANDRILLS BKB_62_20190313_id62_malado_(24).jpg;149
2325;2239;62;MANDRILLS BKB_62_20190313_id62_malado_(25).jpg;86
2371;2239;62;MANDRILLS BKB_62_20190313_id62_malado_(3).jpg;132
2422;2239;62;MANDRILLS BKB_62_20190313_id62_malado_(4).jpg;183
2291;2239;62;MANDRILLS BKB_62_20190313_id62_malado_(5).jpg;52
2283;2239;62;MANDRILLS BKB_62_20190313_id62_malado_(6).jpg;44
2444;2239;62;MANDRILLS BKB_62_20190313_id62_malado_(7).jpg;205
2341;2239;62;MANDRILLS BKB_62_20190313_id62_malado_(8).jpg;102
2323;2245;62;MANDRILLS BKB_62_20190319_id62_malado.jpg;78
2134;2339;62;MANDRILLS BKB_62_20190621_id62_malado.jpg;205
2324;2356;62;MANDRILLS BKB_62_20190708_id62_malado_(1).jpg;32
2205;2356;62;MANDRILLS BKB_62_20190708_id62_malado_(2).jpg;151
2146;2356;62;MANDRILLS BKB_62_20190708_id62_malado_(3).jpg;210
2202;2356;62;MANDRILLS BKB_62_20190708_id62_malado_(4).jpg;154
2399;2356;62;MANDRILLS BKB_62_20190708_id62_malado_(5).jpg;43
2402;2356;62;MANDRILLS BKB_62_20190708_id62_malado_(6).jpg;46
2384;2356;62;MANDRILLS BKB_62_20190708_id62_malado_(7).jpg;28
2488;2364;62;MANDRILLS BKB_62_20190716_id62_malado_(1).jpg;124
2456;2364;62;MANDRILLS BKB_62_20190716_id62_malado_(2).jpg;92
2451;2364;62;MANDRILLS BKB_62_20190716_id62_malado_(4).jpg;87
2606;2428;62;MANDRILLS BKB_62_20190918_id62_malado_(1).jpg;178
2564;2428;62;MANDRILLS BKB_62_20190918_id62_malado_(2).jpg;136
2487;2499;62;MANDRILLS BKB_62_20191128_id62_malado.jpg;12
2777;2658;62;MANDRILLS BKB_62_20200505_id62_malsub_(2).jpg;119
2890;2658;62;MANDRILLS BKB_62_20200505_id62_malsub_(3).jpg;232
2644;2659;62;MANDRILLS BKB_62_20200506_id62_malsub_(1).jpg;15
2640;2659;62;MANDRILLS BKB_62_20200506_id62_malsub_(2).jpg;19
2658;2828;62;MANDRILLS BKB_62_20201022_id62_malsub_(1).jpg;170
2791;2828;62;MANDRILLS BKB_62_20201022_id62_malsub_(2).jpg;37
2633;2828;62;MANDRILLS BKB_62_20201022_id62_malsub_(3).jpg;195
2623;2828;62;MANDRILLS BKB_62_20201022_id62_malsub_(4).jpg;205
2748;2828;62;MANDRILLS BKB_62_20201022_id62_malsub_(5).jpg;80
2727;2828;62;MANDRILLS BKB_62_20201022_id62_malsub_(6).jpg;101
2737;2844;62;MANDRILLS BKB_62_20201107_id62_malsub_(1).jpg;107
2851;2844;62;MANDRILLS BKB_62_20201107_id62_malsub_(2).jpg;7
3006;2906;62;MANDRILLS BKB_62_20210108_id62_malsub_(1).jpg;100
2908;2906;62;MANDRILLS BKB_62_20210108_id62_malsub_(2).jpg;2
2956;2906;62;MANDRILLS BKB_62_20210108_id62_malsub_(3).jpg;50
2807;2906;62;MANDRILLS BKB_62_20210108_id62_malsub_(4).jpg;99
3055;2906;62;MANDRILLS BKB_62_20210108_id62_malsub_(5).jpg;149
2938;2924;62;MANDRILLS BKB_62_20210126_id62_malsub.jpg;14
2854;2924;62;MANDRILLS BKB_62_20210126_id62_malsub_(1).jpg;70
2877;2924;62;MANDRILLS BKB_62_20210126_id62_malsub_(2).jpg;47
2860;2924;62;MANDRILLS BKB_62_20210126_id62_malsub_(3).jpg;64
2710;2927;62;MANDRILLS BKB_62_20210129_id62_malsub_(1).jpg;217
2823;2927;62;MANDRILLS BKB_62_20210129_id62_malsub_(2).jpg;104
2745;2927;62;MANDRILLS BKB_62_20210129_id62_malsub_(4).jpg;182
2922;2928;62;MANDRILLS BKB_62_20210130_id62_malsub_(2).jpg;6
2863;2928;62;MANDRILLS BKB_62_20210130_id62_malsub_(4).jpg;65
2921;2928;62;MANDRILLS BKB_62_20210130_id62_malsub_(5).jpg;7
2960;2928;62;MANDRILLS BKB_62_20210130_id62_malsub_(6).jpg;32
2797;2930;62;MANDRILLS BKB_62_20210201_id62_malsub_(2).jpg;133
2937;2938;62;MANDRILLS BKB_62_20210209_id62_malsub_(1).jpg;1
2976;2938;62;MANDRILLS BKB_62_20210209_id62_malsub_(2).jpg;38
2930;2938;62;MANDRILLS BKB_62_20210209_id62_malsub_(3).jpg;8
2702;2938;62;MANDRILLS BKB_62_20210209_id62_malsub_(4).jpg;236
2904;2938;62;MANDRILLS BKB_62_20210209_id62_malsub_(5).jpg;34
2938;2938;62;MANDRILLS BKB_62_20210209_id62_malsub_(6).jpg;0
2734;2938;62;MANDRILLS BKB_62_20210209_id62_malsub_(7).jpg;204
2826;2989;62;MANDRILLS BKB_62_20210401_id62_malsub.jpg;163
2870;2990;62;MANDRILLS BKB_62_20210402_id62_malsub_(1).jpg;120
2783;2990;62;MANDRILLS BKB_62_20210402_id62_malsub_(2).jpg;207
2781;2990;62;MANDRILLS BKB_62_20210402_id62_malsub_(3).jpg;209
2747;2990;62;MANDRILLS BKB_62_20210402_id62_malsub_(4).jpg;243
2768;2990;62;MANDRILLS BKB_62_20210402_id62_malsub_(5).jpg;222
2854;2990;62;MANDRILLS BKB_62_20210402_id62_malsub_(6).jpg;136
2766;2990;62;MANDRILLS BKB_62_20210402_id62_malsub_(7).jpg;224
2963;2998;62;MANDRILLS BKB_62_20210410_id62_malsub.jpg;35
3023;3223;62;MANDRILLS BKB_62_20211121_id62_malsub_(1).jpg;200
3049;3223;62;MANDRILLS BKB_62_20211121_id62_malsub_(2).jpg;174
3067;3223;62;MANDRILLS BKB_62_20211121_id62_malsub_(3).jpg;156
3020;3223;62;MANDRILLS BKB_62_20211121_id62_malsub_(7).jpg;203
3119;3224;62;MANDRILLS BKB_62_20211122_id62_malsub.jpg;105
3100;3242;62;MANDRILLS BKB_62_20211210_id62_malsub_(1).jpg;142
3040;3242;62;MANDRILLS BKB_62_20211210_id62_malsub_(2).jpg;202
3035;3245;62;MANDRILLS BKB_62_20211213_id62_malsub(2).jpg;210
3038;3245;62;MANDRILLS BKB_62_20211213_id62_malsub.jpg;207
3077;3249;62;MANDRILLS BKB_62_20211217_id62_malsub.jpg;172
3034;3251;62;MANDRILLS BKB_62_20211219_id62_malsub_(1).jpg;217
2983;3251;62;MANDRILLS BKB_62_20211219_id62_malsub_(2).jpg;268
3107;3252;62;MANDRILLS BKB_62_20211220_ID62_malsub.jpg;145
3015;3253;62;MANDRILLS BKB_62_20211221_id62_malsub.jpg;238
3115;3347;62;MANDRILLS BKB_62_20220325_id62_malsub.jpg;232
3098;3348;62;MANDRILLS BKB_62_20220326_id62_malsub (1).jpg;250
3083;3348;62;MANDRILLS BKB_62_20220326_id62_malsub (2).jpg;265
3071;3348;62;MANDRILLS BKB_62_20220326_id62_malsub (3).jpg;277
3090;3348;62;MANDRILLS BKB_62_20220326_id62_malsub (4).jpg;258
2976;3348;62;MANDRILLS BKB_62_20220326_id62_malsub (5).jpg;372
3085;3348;62;MANDRILLS BKB_62_20220326_id62_malsub (6).jpg;263
3065;3348;62;MANDRILLS BKB_62_20220326_id62_malsub (7).jpg;283
2838;3348;62;MANDRILLS BKB_62_20220326_id62_malsub (8).jpg;510
3002;3348;62;MANDRILLS BKB_62_20220326_id62_malsub (9).jpg;346
3087;3349;62;MANDRILLS BKB_62_20220327_id62_malsub (1).jpg;262
3126;3349;62;MANDRILLS BKB_62_20220327_id62_malsub (2).jpg;223
3129;3349;62;MANDRILLS BKB_62_20220327_id62_malsub.jpg;220
2645;3352;62;MANDRILLS BKB_62_20220330_id62_malsub (1).jpg;707
3090;3352;62;MANDRILLS BKB_62_20220330_id62_malsub (2).jpg;262
3149;3352;62;MANDRILLS BKB_62_20220330_id62_malsub (3).jpg;203
3066;3352;62;MANDRILLS BKB_62_20220330_id62_malsub (4).jpg;286
3072;3352;62;MANDRILLS BKB_62_20220330_id62_malsub (5).jpg;280
3065;3379;62;MANDRILLS BKB_62_20220426_id62_malsub (1).jpg;314
3091;3379;62;MANDRILLS BKB_62_20220426_id62_malsub (2).jpg;288
3159;3379;62;MANDRILLS BKB_62_20220426_id62_malsub (3).jpg;220
3083;3379;62;MANDRILLS BKB_62_20220426_id62_malsub (4).jpg;296
3123;3379;62;MANDRILLS BKB_62_20220426_id62_malsub (5).jpg;256
3101;3379;62;MANDRILLS BKB_62_20220426_id62_malsub.jpg;278
3066;3399;62;MANDRILLS BKB_62_20220516_id62_malsub (1).jpg;333
3069;3399;62;MANDRILLS BKB_62_20220516_id62_malsub (2).jpg;330
3087;3399;62;MANDRILLS BKB_62_20220516_id62_malsub.jpg;312
3126;3400;62;MANDRILLS BKB_62_20220517_id62_malsub (1).jpg;274
3110;3400;62;MANDRILLS BKB_62_20220517_id62_malsub (2).jpg;290
3121;3400;62;MANDRILLS BKB_62_20220517_id62_malsub (3).jpg;279
3156;3400;62;MANDRILLS BKB_62_20220517_id62_malsub (4).jpg;244
3291;3407;62;MANDRILLS BKB_62_20220524_id62_malsub (1).jpg;116
3199;3407;62;MANDRILLS BKB_62_20220524_id62_malsub (2).jpg;208
3057;3412;62;MANDRILLS BKB_62_20220529_id62_malsub (1).jpg;355
3090;3412;62;MANDRILLS BKB_62_20220529_id62_malsub (2).jpg;322
3233;3413;62;MANDRILLS BKB_62_20220530_id62_malsub.jpg;180
3019;3421;62;MANDRILLS BKB_62_20220607_id62_malsub.jpg;402
3123;3430;62;MANDRILLS BKB_62_20220616_id62_malsub.jpg;307
3082;3431;62;MANDRILLS BKB_62_20220617_id62_malsub (1).jpg;349
3161;3431;62;MANDRILLS BKB_62_20220617_id62_malsub (2).jpg;270
3209;3436;62;MANDRILLS BKB_62_20220622_id62_malsub (1).jpg;227
3170;3436;62;MANDRILLS BKB_62_20220622_id62_malsub (2).jpg;266
3271;3437;62;MANDRILLS BKB_62_20220623_id62_malsub (1).jpg;166
3180;3437;62;MANDRILLS BKB_62_20220623_id62_malsub (2).jpg;257
3240;3438;62;MANDRILLS BKB_62_20220624_id62_malsub (1).jpg;198
3171;3438;62;MANDRILLS BKB_62_20220624_id62_malsub (2).jpg;267
3148;3443;62;MANDRILLS BKB_62_20220629_id62 (2).jpg;295
2998;3443;62;MANDRILLS BKB_62_20220629_id62.jpg;445
3087;3445;62;MANDRILLS BKB_62_20220701_id62 (2).jpg;358
2913;3445;62;MANDRILLS BKB_62_20220701_id62 (3).jpg;532
3169;3445;62;MANDRILLS BKB_62_20220701_id62.jpg;276
3779;3447;62;MANDRILLS BKB_62_20220703_id62 (1).jpg;332
2920;3447;62;MANDRILLS BKB_62_20220703_id62 (2).jpg;527
3022;3450;62;MANDRILLS BKB_62_20220706_id62 (1).jpg;428
3059;3450;62;MANDRILLS BKB_62_20220706_id62 (2).jpg;391
2999;3450;62;MANDRILLS BKB_62_20220706_id62 (3).jpg;451
3123;3450;62;MANDRILLS BKB_62_20220706_id62 (4).jpg;327
3093;3450;62;MANDRILLS BKB_62_20220706_id62.jpg;357
3156;3452;62;MANDRILLS BKB_62_20220708_id62 (2).jpg;296
3156;3452;62;MANDRILLS BKB_62_20220708_id62 (3).jpg;296
3033;3452;62;MANDRILLS BKB_62_20220708_id62.jpg;419
3164;3458;62;MANDRILLS BKB_62_20220714_id62_malsub.jpg;294
3115;3460;62;MANDRILLS BKB_62_20220716_id62 (2).jpg;345
3077;3460;62;MANDRILLS BKB_62_20220716_id62 (7).jpg;383
3175;3460;62;MANDRILLS BKB_62_20220716_id62.jpg;285
3189;3460;62;MANDRILLS BKB_62_20220716_id62_malsub (1).jpg;271
3200;3460;62;MANDRILLS BKB_62_20220716_id62_malsub (2).jpg;260
3135;3460;62;MANDRILLS BKB_62_20220716_id62_malsub (3).jpg;325
3177;3460;62;MANDRILLS BKB_62_20220716_id62_malsub (4).jpg;283
3061;3461;62;MANDRILLS BKB_62_20220717_id62.jpg;400
3223;3465;62;MANDRILLS BKB_62_20220721_id62.jpg;242
3170;3470;62;MANDRILLS BKB_62_20220726_id62.jpg;300
3126;3479;62;MANDRILLS BKB_62_20220804_id62.jpg;353
3038;3482;62;MANDRILLS BKB_62_20220807_id62.jpg;444
3164;3483;62;MANDRILLS BKB_62_20220808_id62 (1).jpg;319
3165;3483;62;MANDRILLS BKB_62_20220808_id62 (3).jpg;318
3115;3486;62;MANDRILLS BKB_62_20220811_id62.jpg;371
3222;3487;62;MANDRILLS BKB_62_20220812_id62 (1).jpg;265
3212;3487;62;MANDRILLS BKB_62_20220812_id62 (3).jpg;275
3168;3494;62;MANDRILLS BKB_62_20220819_id62.jpg;326
3200;3501;62;MANDRILLS BKB_62_20220826_id62.jpg;301
3161;3510;62;MANDRILLS BKB_62_20220904_id62 (1).jpg;349
3238;3510;62;MANDRILLS BKB_62_20220904_id62 (2).jpg;272
3108;3520;62;MANDRILLS BKB_62_20220914_id62.jpg;412
3099;3532;62;MANDRILLS BKB_62_20220926_id62.jpg;433
3126;3541;62;MANDRILLS BKB_62_20221005_id62.jpg;415
3112;3566;62;MANDRILLS BKB_62_20221030_id62.jpg;454
3130;3580;62;MANDRILLS BKB_62_20221113_id62.jpg;450
3047;3583;62;MANDRILLS BKB_62_20221116_id62 (1).jpg;536
3065;3583;62;MANDRILLS BKB_62_20221116_id62 (3).jpg;518
3148;3590;62;MANDRILLS BKB_62_20221123_id62.jpg;442
3125;3592;62;MANDRILLS BKB_62_20221125_id62 (1).jpg;467
3130;3592;62;MANDRILLS BKB_62_20221125_id62 (2).jpg;462
3131;3597;62;MANDRILLS BKB_62_20221130_id62 (1).jpg;466
3129;3597;62;MANDRILLS BKB_62_20221130_id62 (2).jpg;468
3054;3606;62;MANDRILLS BKB_62_20221209_id62 (1).jpg;552
3002;3606;62;MANDRILLS BKB_62_20221209_id62 (2).jpg;604
3061;3607;62;MANDRILLS BKB_62_20221210_id62 (2).jpg;546
3218;3607;62;MANDRILLS BKB_62_20221210_id62.jpg;389
3132;3621;62;MANDRILLS BKB_62_20221224_id62.jpg;489
7;0;6222;MANDRILLS BKB_6222_20210212_id6222_malinf_(1).jpg;7
15;0;6222;MANDRILLS BKB_6222_20210212_id6222_malinf_(2).jpg;15
6;0;6222;MANDRILLS BKB_6222_20210212_id6222_malinf_(3).jpg;6
19;0;6222;MANDRILLS BKB_6222_20210212_id6222_malinf_(4).jpg;19
5;0;6222;MANDRILLS BKB_6222_20210212_id6222_malinf_(5).jpg;5
-8;0;6222;MANDRILLS BKB_6222_20210212_id6222_malinf_(6).jpg;8
31;0;6222;MANDRILLS BKB_6222_20210212_id6222_malinf_(7).jpg;31
-6;0;6222;MANDRILLS BKB_6222_20210212_id6222_malinf_(8).jpg;6
14;0;6222;MANDRILLS BKB_6222_20210212_id6222_malinf_(9).jpg;14
5;2;6222;MANDRILLS BKB_6222_20210214_id6222_malinf_(1).jpg;3
21;2;6222;MANDRILLS BKB_6222_20210214_id6222_malinf_(10).jpg;19
1;2;6222;MANDRILLS BKB_6222_20210214_id6222_malinf_(11).jpg;1
-8;2;6222;MANDRILLS BKB_6222_20210214_id6222_malinf_(12).jpg;10
8;2;6222;MANDRILLS BKB_6222_20210214_id6222_malinf_(13).jpg;6
3;2;6222;MANDRILLS BKB_6222_20210214_id6222_malinf_(14).jpg;1
5;2;6222;MANDRILLS BKB_6222_20210214_id6222_malinf_(15).jpg;3
10;2;6222;MANDRILLS BKB_6222_20210214_id6222_malinf_(2).jpg;8
7;2;6222;MANDRILLS BKB_6222_20210214_id6222_malinf_(3).jpg;5
4;2;6222;MANDRILLS BKB_6222_20210214_id6222_malinf_(4).jpg;2
6;2;6222;MANDRILLS BKB_6222_20210214_id6222_malinf_(5).jpg;4
6;2;6222;MANDRILLS BKB_6222_20210214_id6222_malinf_(6).jpg;4
7;2;6222;MANDRILLS BKB_6222_20210214_id6222_malinf_(7).jpg;5
1;2;6222;MANDRILLS BKB_6222_20210214_id6222_malinf_(8).jpg;1
4;2;6222;MANDRILLS BKB_6222_20210214_id6222_malinf_(9).jpg;2
0;4;6222;MANDRILLS BKB_6222_20210216_id6222_malinf.jpg;4
-1;17;6222;MANDRILLS BKB_6222_20210301_id6222_malinf_(1).jpg;18
-6;17;6222;MANDRILLS BKB_6222_20210301_id6222_malinf_(2).jpg;23
9;17;6222;MANDRILLS BKB_6222_20210301_id6222_malinf_(3).jpg;8
9;17;6222;MANDRILLS BKB_6222_20210301_id6222_malinf_(4).jpg;8
3;17;6222;MANDRILLS BKB_6222_20210301_id6222_malinf_(5).jpg;14
4;17;6222;MANDRILLS BKB_6222_20210301_id6222_malinf_(6).jpg;13
24;41;6222;MANDRILLS BKB_6222_20210325_id6222_malinf.jpg;17
31;48;6222;MANDRILLS BKB_6222_20210401_id6222_malinf.jpg;17
21;52;6222;MANDRILLS BKB_6222_20210405_id6222_malinf.jpg;31
39;57;6222;MANDRILLS BKB_6222_20210410_id6222_malinf_(1).jpg;18
48;57;6222;MANDRILLS BKB_6222_20210410_id6222_malinf_(2).jpg;9
54;66;6222;MANDRILLS BKB_6222_20210419_id6222_malinf_(1).jpg;12
48;66;6222;MANDRILLS BKB_6222_20210419_id6222_malinf_(2).jpg;18
49;66;6222;MANDRILLS BKB_6222_20210419_id6222_malinf_(3).jpg;17
-2;2;7080;MANDRILLS BKB_7080_20211029_id7080_malinf_(2).jpg;4
4;2;7080;MANDRILLS BKB_7080_20211029_id7080_malinf_(3).jpg;2
4;2;7080;MANDRILLS BKB_7080_20211029_id7080_malinf_(4).jpg;2
4;10;7080;MANDRILLS BKB_7080_20211106_id7080_malinf_(1).jpg;6
0;10;7080;MANDRILLS BKB_7080_20211106_id7080_malinf_(2).jpg;10
5;10;7080;MANDRILLS BKB_7080_20211106_id7080_malinf_(3).jpg;5
43;23;7080;MANDRILLS BKB_7080_20211119_id7080_malinf.jpg;20
9;25;7080;MANDRILLS BKB_7080_20211121_id7080_malinf_(1).jpg;16
20;25;7080;MANDRILLS BKB_7080_20211121_id7080_malinf_(2).jpg;5
11;25;7080;MANDRILLS BKB_7080_20211121_id7080_malinf_(3).jpg;14
12;26;7080;MANDRILLS BKB_7080_20211122_id7080_malinf.jpg;14
42;44;7080;MANDRILLS BKB_7080_20211210_id7080_malinf.jpg;2
27;50;7080;MANDRILLS BKB_7080_20211216_ID7080_malinf.jpg;23
44;52;7080;MANDRILLS BKB_7080_20211218_id7080_malinf_(1).jpg;8
33;52;7080;MANDRILLS BKB_7080_20211218_id7080_malinf_(2).jpg;19
38;52;7080;MANDRILLS BKB_7080_20211218_id7080_malinf_(3).jpg;14
47;52;7080;MANDRILLS BKB_7080_20211218_id7080_malinf_(4).jpg;5
59;64;7080;MANDRILLS BKB_7080_20211230_id7080_malinf_(1).jpg;5
59;64;7080;MANDRILLS BKB_7080_20211230_id7080_malinf_(10).jpg;5
51;64;7080;MANDRILLS BKB_7080_20211230_id7080_malinf_(11).jpg;13
54;64;7080;MANDRILLS BKB_7080_20211230_id7080_malinf_(2).jpg;10
61;64;7080;MANDRILLS BKB_7080_20211230_id7080_malinf_(3).jpg;3
61;64;7080;MANDRILLS BKB_7080_20211230_id7080_malinf_(4).jpg;3
52;64;7080;MANDRILLS BKB_7080_20211230_id7080_malinf_(5).jpg;12
50;64;7080;MANDRILLS BKB_7080_20211230_id7080_malinf_(6).jpg;14
52;64;7080;MANDRILLS BKB_7080_20211230_id7080_malinf_(7).jpg;12
57;64;7080;MANDRILLS BKB_7080_20211230_id7080_malinf_(8).jpg;7
65;64;7080;MANDRILLS BKB_7080_20211230_id7080_malinf_(9).jpg;1
88;97;7080;MANDRILLS BKB_7080_20220201_id7080_malinf.jpg;9
166;135;7080;MANDRILLS BKB_7080_20220311_id7080_malinf (1).jpg;31
147;135;7080;MANDRILLS BKB_7080_20220311_id7080_malinf (2).jpg;12
132;135;7080;MANDRILLS BKB_7080_20220311_id7080_malinf (3).jpg;3
132;138;7080;MANDRILLS BKB_7080_20220314_id7080 (1).jpg;6
152;138;7080;MANDRILLS BKB_7080_20220314_id7080 (2).jpg;14
160;156;7080;MANDRILLS BKB_7080_20220401_id7080_malinf (1).jpg;4
250;156;7080;MANDRILLS BKB_7080_20220401_id7080_malinf (2).jpg;94
176;156;7080;MANDRILLS BKB_7080_20220401_id7080_malinf (3).jpg;20
164;156;7080;MANDRILLS BKB_7080_20220401_id7080_malinf (4).jpg;8
178;156;7080;MANDRILLS BKB_7080_20220401_id7080_malinf (5).jpg;22
186;180;7080;MANDRILLS BKB_7080_20220425_id7080_malinf (1).jpg;6
213;180;7080;MANDRILLS BKB_7080_20220425_id7080_malinf (2).jpg;33
224;180;7080;MANDRILLS BKB_7080_20220425_id7080_malinf (3).jpg;44
212;180;7080;MANDRILLS BKB_7080_20220425_id7080_malinf (5).jpg;32
257;195;7080;MANDRILLS BKB_7080_20220510_id7080_malinf (1).jpg;62
192;195;7080;MANDRILLS BKB_7080_20220510_id7080_malinf (2).jpg;3
230;195;7080;MANDRILLS BKB_7080_20220510_id7080_malinf (3).jpg;35
228;209;7080;MANDRILLS BKB_7080_20220524_id7080_malinf (1).jpg;19
221;209;7080;MANDRILLS BKB_7080_20220524_id7080_malinf (2).jpg;12
201;209;7080;MANDRILLS BKB_7080_20220524_id7080_malinf (3).jpg;8
187;209;7080;MANDRILLS BKB_7080_20220524_id7080_malinf (4).jpg;22
224;223;7080;MANDRILLS BKB_7080_20220607_id7080_malinf.jpg;1
281;235;7080;MANDRILLS BKB_7080_20220619_id7080_malinf.jpg;46
210;240;7080;MANDRILLS BKB_7080_20220624_id7080_malinf (1).jpg;30
223;240;7080;MANDRILLS BKB_7080_20220624_id7080_malinf (2).jpg;17
245;240;7080;MANDRILLS BKB_7080_20220624_id7080_malinf (3).jpg;5
251;240;7080;MANDRILLS BKB_7080_20220624_id7080_malinf (4).jpg;11
253;240;7080;MANDRILLS BKB_7080_20220624_id7080_malinf (5).jpg;13
265;240;7080;MANDRILLS BKB_7080_20220624_id7080_malinf (6).jpg;25
241;240;7080;MANDRILLS BKB_7080_20220624_id7080_malinf (7).jpg;1
251;245;7080;MANDRILLS BKB_7080_20220629_id7080 (1).jpg;6
250;245;7080;MANDRILLS BKB_7080_20220629_id7080 (2).jpg;5
237;245;7080;MANDRILLS BKB_7080_20220629_id7080 (3).jpg;8
269;254;7080;MANDRILLS BKB_7080_20220708_id7080.jpg;15
303;257;7080;MANDRILLS BKB_7080_20220711_id7080 (2).jpg;46
245;257;7080;MANDRILLS BKB_7080_20220711_id7080 (3).jpg;12
249;257;7080;MANDRILLS BKB_7080_20220711_id7080 (6).jpg;8
331;257;7080;MANDRILLS BKB_7080_20220711_id7080.jpg;74
251;260;7080;MANDRILLS BKB_7080_20220714_id7080_malinf (1).jpg;9
247;260;7080;MANDRILLS BKB_7080_20220714_id7080_malinf (2).jpg;13
248;260;7080;MANDRILLS BKB_7080_20220714_id7080_malinf (3).jpg;12
300;267;7080;MANDRILLS BKB_7080_20220721_id7080 (1).jpg;33
438;267;7080;MANDRILLS BKB_7080_20220721_id7080 (3).jpg;171
369;312;7080;MANDRILLS BKB_7080_20220904_id7080 (1).jpg;57
317;312;7080;MANDRILLS BKB_7080_20220904_id7080 (2).jpg;5
314;312;7080;MANDRILLS BKB_7080_20220904_id7080 (3).jpg;2
308;313;7080;MANDRILLS BKB_7080_20220905_id7080 (1).jpg;5
290;313;7080;MANDRILLS BKB_7080_20220905_id7080 (2).jpg;23
298;313;7080;MANDRILLS BKB_7080_20220905_id7080 (3).jpg;15
297;313;7080;MANDRILLS BKB_7080_20220905_id7080 (4).jpg;16
398;313;7080;MANDRILLS BKB_7080_20220905_id7080 (5).jpg;85
315;343;7080;MANDRILLS BKB_7080_20221005_id7080 (2).jpg;28
345;343;7080;MANDRILLS BKB_7080_20221005_id7080.jpg;2
394;357;7080;MANDRILLS BKB_7080_20221019_id7080 (1).jpg;37
277;357;7080;MANDRILLS BKB_7080_20221019_id7080 (2).jpg;80
329;357;7080;MANDRILLS BKB_7080_20221019_id7080 (4).jpg;28
353;357;7080;MANDRILLS BKB_7080_20221019_id7080 (5).jpg;4
327;360;7080;MANDRILLS BKB_7080_20221022_id7080.jpg;33
315;368;7080;MANDRILLS BKB_7080_20221030_id7080.jpg;53
400;369;7080;MANDRILLS BKB_7080_20221031_id7080 (1).jpg;31
350;369;7080;MANDRILLS BKB_7080_20221031_id7080 (2).jpg;19
397;369;7080;MANDRILLS BKB_7080_20221031_id7080 (3).jpg;28
342;386;7080;MANDRILLS BKB_7080_20221117_id7080 (2).jpg;44
444;386;7080;MANDRILLS BKB_7080_20221117_id7080 (3).jpg;58
261;386;7080;MANDRILLS BKB_7080_20221117_id7080 (4).jpg;125
399;390;7080;MANDRILLS BKB_7080_20221121_id7080 (1).jpg;9
401;390;7080;MANDRILLS BKB_7080_20221121_id7080 (2).jpg;11
393;390;7080;MANDRILLS BKB_7080_20221121_id7080 (3).jpg;3
401;390;7080;MANDRILLS BKB_7080_20221121_id7080 (4).jpg;11
408;399;7080;MANDRILLS BKB_7080_20221130_id7080 (1).jpg;9
389;399;7080;MANDRILLS BKB_7080_20221130_id7080 (2).jpg;10
312;399;7080;MANDRILLS BKB_7080_20221130_id7080 (3).jpg;87
336;399;7080;MANDRILLS BKB_7080_20221130_id7080 (5).jpg;63
319;399;7080;MANDRILLS BKB_7080_20221130_id7080 (6).jpg;80
282;408;7080;MANDRILLS BKB_7080_20221209_id7080 (2).jpg;126
289;408;7080;MANDRILLS BKB_7080_20221209_id7080 (3).jpg;119
352;408;7080;MANDRILLS BKB_7080_20221209_id7080 (4).jpg;56
331;408;7080;MANDRILLS BKB_7080_20221209_id7080 (6).jpg;77
489;409;7080;MANDRILLS BKB_7080_20221210_id7080 (1).jpg;80
459;409;7080;MANDRILLS BKB_7080_20221210_id7080 (2).jpg;50
475;409;7080;MANDRILLS BKB_7080_20221210_id7080 (3).jpg;66
378;409;7080;MANDRILLS BKB_7080_20221210_id7080.jpg;31
394;413;7080;MANDRILLS BKB_7080_20221214_id7080.jpg;19
554;423;7080;MANDRILLS BKB_7080_20221224_id7080.jpg;131
0;2;8038;MANDRILLS BKB_8038_20221027_id8038 (1).jpg;2
63;2;8038;MANDRILLS BKB_8038_20221027_id8038 (2).jpg;61
76;2;8038;MANDRILLS BKB_8038_20221027_id8038 (3).jpg;74
12;2;8038;MANDRILLS BKB_8038_20221027_id8038 (4).jpg;10
9;2;8038;MANDRILLS BKB_8038_20221027_id8038 (5).jpg;7
6;2;8038;MANDRILLS BKB_8038_20221027_id8038 (6).jpg;4
2;2;8038;MANDRILLS BKB_8038_20221027_id8038 (7).jpg;0
-5;2;8038;MANDRILLS BKB_8038_20221027_id8038 (8).jpg;7
8;6;8038;MANDRILLS BKB_8038_20221031_id8038 (1).jpg;2
-3;6;8038;MANDRILLS BKB_8038_20221031_id8038 (2).jpg;9
13;6;8038;MANDRILLS BKB_8038_20221031_id8038 (4).jpg;7
6;6;8038;MANDRILLS BKB_8038_20221031_id8038 (5).jpg;0
34;6;8038;MANDRILLS BKB_8038_20221031_id8038 (6).jpg;28
19;23;8038;MANDRILLS BKB_8038_20221117_id8038 (1).jpg;4
21;23;8038;MANDRILLS BKB_8038_20221117_id8038 (11).jpg;2
18;23;8038;MANDRILLS BKB_8038_20221117_id8038 (12).jpg;5
10;23;8038;MANDRILLS BKB_8038_20221117_id8038 (14).jpg;13
16;23;8038;MANDRILLS BKB_8038_20221117_id8038 (15).jpg;7
5;23;8038;MANDRILLS BKB_8038_20221117_id8038 (16).jpg;18
23;23;8038;MANDRILLS BKB_8038_20221117_id8038 (17).jpg;0
28;23;8038;MANDRILLS BKB_8038_20221117_id8038 (2).jpg;5
14;23;8038;MANDRILLS BKB_8038_20221117_id8038 (9).jpg;9
22;36;8038;MANDRILLS BKB_8038_20221130_id8038 (1).jpg;14
34;36;8038;MANDRILLS BKB_8038_20221130_id8038 (2).jpg;2
25;36;8038;MANDRILLS BKB_8038_20221130_id8038.jpg;11
24;45;8038;MANDRILLS BKB_8038_20221209_id8038 (2).jpg;21
33;46;8038;MANDRILLS BKB_8038_20221210_id8038 (1).jpg;13
35;46;8038;MANDRILLS BKB_8038_20221210_id8038 (2).jpg;11
40;46;8038;MANDRILLS BKB_8038_20221210_id8038 (3).jpg;6
36;46;8038;MANDRILLS BKB_8038_20221210_id8038 (4).jpg;10
32;46;8038;MANDRILLS BKB_8038_20221210_id8038 (5).jpg;14
53;48;8038;MANDRILLS BKB_8038_20221212_id8038 (1).jpg;5
43;48;8038;MANDRILLS BKB_8038_20221212_id8038 (2).jpg;5
39;48;8038;MANDRILLS BKB_8038_20221212_id8038 (4).jpg;9
29;23;8041;MANDRILLS BKB_8041_20221209_id8041 (2).jpg;6
14;24;8041;MANDRILLS BKB_8041_20221210_id8041 (1).jpg;10
28;24;8041;MANDRILLS BKB_8041_20221210_id8041 (2).jpg;4
25;24;8041;MANDRILLS BKB_8041_20221210_id8041 (3).jpg;1
17;24;8041;MANDRILLS BKB_8041_20221210_id8041 (4).jpg;7
22;24;8041;MANDRILLS BKB_8041_20221210_id8041.jpg;2
43;20;8043;MANDRILLS BKB_8043_20221123_id8043 (1).jpg;23
28;27;8043;MANDRILLS BKB_8043_20221130_id8043 (1).jpg;1
35;27;8043;MANDRILLS BKB_8043_20221130_id8043 (2).jpg;8
19;27;8043;MANDRILLS BKB_8043_20221130_id8043 (3).jpg;8
26;36;8043;MANDRILLS BKB_8043_20221209_id8043 (2).jpg;10
23;36;8043;MANDRILLS BKB_8043_20221209_id8043 (3).jpg;13
45;38;8043;MANDRILLS BKB_8043_20221211_id8043.jpg;7
44;39;8043;MANDRILLS BKB_8043_20221212_id8043 (1).jpg;5
45;39;8043;MANDRILLS BKB_8043_20221212_id8043 (2).jpg;6
45;39;8043;MANDRILLS BKB_8043_20221212_id8043 (3).jpg;6
41;39;8043;MANDRILLS BKB_8043_20221212_id8043 (4).jpg;2
44;39;8043;MANDRILLS BKB_8043_20221212_id8043 (6).jpg;5
48;39;8043;MANDRILLS BKB_8043_20221212_id8043 (7).jpg;9
14;14;8045;MANDRILLS BKB_8045_20221210_id8045 (1).jpg;0
19;14;8045;MANDRILLS BKB_8045_20221210_id8045 (2).jpg;5
29;14;8045;MANDRILLS BKB_8045_20221210_id8045 (3).jpg;15
17;14;8045;MANDRILLS BKB_8045_20221210_id8045 (4).jpg;3
12;14;8045;MANDRILLS BKB_8045_20221210_id8045 (5).jpg;2
14;14;8045;MANDRILLS BKB_8045_20221210_id8045 (6).jpg;0
2;1;8063;MANDRILLS BKB_8063_20221029_id8063 (2).jpg;1
4;1;8063;MANDRILLS BKB_8063_20221029_id8063 (3).jpg;3
0;1;8063;MANDRILLS BKB_8063_20221029_id8063 (4).jpg;1
-5;2;8063;MANDRILLS BKB_8063_20221030_id8063 (1).jpg;7
-16;2;8063;MANDRILLS BKB_8063_20221030_id8063 (2).jpg;18
-1;2;8063;MANDRILLS BKB_8063_20221030_id8063 (3).jpg;3
-7;2;8063;MANDRILLS BKB_8063_20221030_id8063 (4).jpg;9
7;2;8063;MANDRILLS BKB_8063_20221030_id8063 (5).jpg;5
2;2;8063;MANDRILLS BKB_8063_20221030_id8063 (6).jpg;0
17;2;8063;MANDRILLS BKB_8063_20221030_id8063 (7).jpg;15
13;3;8063;MANDRILLS BKB_8063_20221031_id8063 (1).jpg;10
-7;19;8063;MANDRILLS BKB_8063_20221116_id8063 (2).jpg;26
27;19;8063;MANDRILLS BKB_8063_20221116_id8063 (3).jpg;8
22;24;8063;MANDRILLS BKB_8063_20221121_id8063 (1).jpg;2
21;24;8063;MANDRILLS BKB_8063_20221121_id8063 (2).jpg;3
33;43;8063;MANDRILLS BKB_8063_20221210_id8063.jpg;10
44;45;8063;MANDRILLS BKB_8063_20221212_id8063 (1).jpg;1
34;45;8063;MANDRILLS BKB_8063_20221212_id8063 (2).jpg;11
28;45;8063;MANDRILLS BKB_8063_20221212_id8063 (3).jpg;17
49;57;8063;MANDRILLS BKB_8063_20221224_id8063 (2).jpg;8
67;57;8063;MANDRILLS BKB_8063_20221224_id8063 (3).jpg;10
56;57;8063;MANDRILLS BKB_8063_20221224_id8063 (4).jpg;1
39;57;8063;MANDRILLS BKB_8063_20221224_id8063.jpg;18
19;14;8071;MANDRILLS BKB_8071_20221130_id8071 (2).jpg;5
19;14;8071;MANDRILLS BKB_8071_20221130_id8071 (4).jpg;5
-3;14;8071;MANDRILLS BKB_8071_20221130_id8071.jpg;17
24;24;8071;MANDRILLS BKB_8071_20221210_id8071 (3).jpg;0
29;32;8071;MANDRILLS BKB_8071_20221218_id8071.jpg;3
14;1;8076;MANDRILLS BKB_8076_20221125_id8076 (1).jpg;13
17;1;8076;MANDRILLS BKB_8076_20221125_id8076 (2).jpg;16
10;1;8076;MANDRILLS BKB_8076_20221125_id8076 (3).jpg;9
17;1;8076;MANDRILLS BKB_8076_20221125_id8076 (5).jpg;16
1;13;8093;MANDRILLS BKB_8093_20221215_id8093 (4).jpg;12
6;13;8093;MANDRILLS BKB_8093_20221215_id8093 (5).jpg;7
25;13;8093;MANDRILLS BKB_8093_20221215_id8093 (6).jpg;12
-3;13;8093;MANDRILLS BKB_8093_20221215_id8093 (7).jpg;16
35;20;8093;MANDRILLS BKB_8093_20221222_id8093.jpg;15
26;26;8104;MANDRILLS BKB_8104_20221130_id8104 (1).jpg;0
30;26;8104;MANDRILLS BKB_8104_20221130_id8104 (2).jpg;4
51;32;8104;MANDRILLS BKB_8104_20221206_id8104 (1).jpg;19
98;32;8104;MANDRILLS BKB_8104_20221206_id8104 (2).jpg;66
26;32;8104;MANDRILLS BKB_8104_20221206_id8104 (4).jpg;6
32;32;8104;MANDRILLS BKB_8104_20221206_id8104 (6).jpg;0
120;36;8104;MANDRILLS BKB_8104_20221210_id8104 (1).jpg;84
44;36;8104;MANDRILLS BKB_8104_20221210_id8104 (2).jpg;8
30;36;8104;MANDRILLS BKB_8104_20221210_id8104 (3).jpg;6
27;36;8104;MANDRILLS BKB_8104_20221210_id8104 (4).jpg;9
12;7;8124;MANDRILLS BKB_8124_20221210_id8124 (2).jpg;5
-3;7;8124;MANDRILLS BKB_8124_20221210_id8124 (3).jpg;10
2;7;8124;MANDRILLS BKB_8124_20221210_id8124 (4).jpg;5
-1;7;8124;MANDRILLS BKB_8124_20221210_id8124 (5).jpg;8
2;7;8124;MANDRILLS BKB_8124_20221210_id8124 (7).jpg;5
-7;7;8124;MANDRILLS BKB_8124_20221210_id8124 (8).jpg;14
-5;2;8156;MANDRILLS BKB_8156_20221119_id8156 (1).jpg;7
1;2;8156;MANDRILLS BKB_8156_20221119_id8156 (2).jpg;1
3;2;8156;MANDRILLS BKB_8156_20221119_id8156 (3).jpg;1
14;4;8156;MANDRILLS BKB_8156_20221121_id8156 (2).jpg;10
-3;4;8156;MANDRILLS BKB_8156_20221121_id8156 (3).jpg;7
5;6;8156;MANDRILLS BKB_8156_20221123_id8156.jpg;1
8;13;8156;MANDRILLS BKB_8156_20221130_id8156 (2).jpg;5
24;13;8156;MANDRILLS BKB_8156_20221130_id8156 (3).jpg;11
10;27;8156;MANDRILLS BKB_8156_20221214_id8156 (1).jpg;17
9;6;8161;MANDRILLS BKB_8161_20221214_id8161 (1).jpg;3
6;6;8161;MANDRILLS BKB_8161_20221214_id8161 (2).jpg;0
-2;0;8210;MANDRILLS BKB_8210_20221218_id8210.jpg;2
88;73;829;MANDRILLS BKB_829_20140216_id829_feminfDROITE_(1)_ORIGINAL.jpg;15
59;73;829;MANDRILLS BKB_829_20140216_id829_feminfDROITE_(3)_ORIGINAL.jpg;14
96;73;829;MANDRILLS BKB_829_20140216_id829_feminfDROITE_(4)_ORIGINAL.jpg;23
71;73;829;MANDRILLS BKB_829_20140216_id829_feminfDROITE_(5)_ORIGINAL.jpg;2
69;73;829;MANDRILLS BKB_829_20140216_id829_feminfDROITE_(6)_ORIGINAL.jpg;4
443;548;87;MANDRILLS BKB_87_20140630_id87_maljuv_(1)_ORIGINAL.jpg;105
435;548;87;MANDRILLS BKB_87_20140630_id87_maljuv_(2)_ORIGINAL.jpg;113
423;548;87;MANDRILLS BKB_87_20140630_id87_maljuv_(3)_ORIGINAL.jpg;125
1422;1385;87;MANDRILLS BKB_87_20161014_id87_maljuv_(1)_ORIGINAL.jpg;37
1482;1385;87;MANDRILLS BKB_87_20161014_id87_maljuv_ORIGINAL.jpg;97
1486;1416;87;MANDRILLS BKB_87_20161114_id87_maljuv_ORIGINAL.jpg;70
2136;1995;87;MANDRILLS BKB_87_20180616_id87_malado_(1)_ORIGINAL.jpg;141
2137;1995;87;MANDRILLS BKB_87_20180616_id87_malado_(10)_ORIGINAL.jpg;142
2174;1995;87;MANDRILLS BKB_87_20180616_id87_malado_(11)_ORIGINAL.jpg;179
2170;1995;87;MANDRILLS BKB_87_20180616_id87_malado_(12)_ORIGINAL.jpg;175
2167;1995;87;MANDRILLS BKB_87_20180616_id87_malado_(13)_ORIGINAL.jpg;172
2159;1995;87;MANDRILLS BKB_87_20180616_id87_malado_(14)_ORIGINAL.jpg;164
2142;1995;87;MANDRILLS BKB_87_20180616_id87_malado_(15)_ORIGINAL.jpg;147
2121;1995;87;MANDRILLS BKB_87_20180616_id87_malado_(16)_ORIGINAL.jpg;126
2113;1995;87;MANDRILLS BKB_87_20180616_id87_malado_(17)_ORIGINAL.jpg;118
2094;1995;87;MANDRILLS BKB_87_20180616_id87_malado_(18)_ORIGINAL.jpg;99
2040;1995;87;MANDRILLS BKB_87_20180616_id87_malado_(19)_ORIGINAL.jpg;45
2104;1995;87;MANDRILLS BKB_87_20180616_id87_malado_(2)_ORIGINAL.jpg;109
2138;1995;87;MANDRILLS BKB_87_20180616_id87_malado_(20)_ORIGINAL.jpg;143
2060;1995;87;MANDRILLS BKB_87_20180616_id87_malado_(21)_ORIGINAL.jpg;65
2109;1995;87;MANDRILLS BKB_87_20180616_id87_malado_(22)_ORIGINAL.jpg;114
2023;1995;87;MANDRILLS BKB_87_20180616_id87_malado_(23)_ORIGINAL.jpg;28
2097;1995;87;MANDRILLS BKB_87_20180616_id87_malado_(24)_ORIGINAL.jpg;102
2048;1995;87;MANDRILLS BKB_87_20180616_id87_malado_(25)_ORIGINAL.jpg;53
2116;1995;87;MANDRILLS BKB_87_20180616_id87_malado_(26)_ORIGINAL.jpg;121
2118;1995;87;MANDRILLS BKB_87_20180616_id87_malado_(27)_ORIGINAL.jpg;123
2094;1995;87;MANDRILLS BKB_87_20180616_id87_malado_(28)_ORIGINAL.jpg;99
2063;1995;87;MANDRILLS BKB_87_20180616_id87_malado_(29)_ORIGINAL.jpg;68
2063;1995;87;MANDRILLS BKB_87_20180616_id87_malado_(3)_ORIGINAL.jpg;68
2069;1995;87;MANDRILLS BKB_87_20180616_id87_malado_(30)_ORIGINAL.jpg;74
2155;1995;87;MANDRILLS BKB_87_20180616_id87_malado_(31)_ORIGINAL.jpg;160
2091;1995;87;MANDRILLS BKB_87_20180616_id87_malado_(32)_ORIGINAL.jpg;96
2089;1995;87;MANDRILLS BKB_87_20180616_id87_malado_(4)_ORIGINAL.jpg;94
2123;1995;87;MANDRILLS BKB_87_20180616_id87_malado_(5)_ORIGINAL.jpg;128
2031;1995;87;MANDRILLS BKB_87_20180616_id87_malado_(6)_ORIGINAL.jpg;36
2107;1995;87;MANDRILLS BKB_87_20180616_id87_malado_(7)_ORIGINAL.jpg;112
2137;1995;87;MANDRILLS BKB_87_20180616_id87_malado_(8)_ORIGINAL.jpg;142
2167;1995;87;MANDRILLS BKB_87_20180616_id87_malado_(9)_ORIGINAL.jpg;172
2115;2000;87;MANDRILLS BKB_87_20180621_id87_malado_(1)_ORIGINAL.jpg;115
2034;2000;87;MANDRILLS BKB_87_20180621_id87_malado_(2)_ORIGINAL.jpg;34
2061;2000;87;MANDRILLS BKB_87_20180621_id87_malado_(4)_ORIGINAL.jpg;61
2167;2236;87;MANDRILLS BKB_87_20190212_id87_malado_(1)_ORIGINAL.jpg;69
2126;2236;87;MANDRILLS BKB_87_20190212_id87_malado_(3)_ORIGINAL.jpg;110
2360;2264;87;MANDRILLS BKB_87_20190312_id87_malado_(1).jpg;96
2370;2264;87;MANDRILLS BKB_87_20190312_id87_malado_(2).jpg;106
2339;2264;87;MANDRILLS BKB_87_20190312_id87_malado_(3).jpg;75
2453;2265;87;MANDRILLS BKB_87_20190313_id87_malado.jpg;188
2306;2267;87;MANDRILLS BKB_87_20190315_id87_malado_(1).jpg;39
2289;2267;87;MANDRILLS BKB_87_20190315_id87_malado_(2).jpg;22
2335;2269;87;MANDRILLS BKB_87_20190317_id87_malado_(1).jpg;66
2395;2269;87;MANDRILLS BKB_87_20190317_id87_malado_(2).jpg;126
2309;2275;87;MANDRILLS BKB_87_20190323_id87_malado_(2).jpg;34
2526;2391;87;MANDRILLS BKB_87_20190717_id87_malado.jpg;135
2425;2392;87;MANDRILLS BKB_87_20190718_id87_malado_(1).jpg;33
2462;2392;87;MANDRILLS BKB_87_20190718_id87_malado_(2).jpg;70
2436;2392;87;MANDRILLS BKB_87_20190718_id87_malado_(3).jpg;44
2479;2392;87;MANDRILLS BKB_87_20190718_id87_malado_(4).jpg;87
2477;2415;87;MANDRILLS BKB_87_20190810_id87_malado_(1).jpg;62
2404;2415;87;MANDRILLS BKB_87_20190810_id87_malado_(2).jpg;11
2297;2415;87;MANDRILLS BKB_87_20190810_id87_malado_(3).jpg;118
2375;2415;87;MANDRILLS BKB_87_20190810_id87_malado_(4).jpg;40
2312;2440;87;MANDRILLS BKB_87_20190904_id87_malado_CENTRE.jpg;128
2460;2508;87;MANDRILLS BKB_87_20191111_id87_malado.jpg;48
2503;2511;87;MANDRILLS BKB_87_20191114_id87_malado.jpg;8
2566;2525;87;MANDRILLS BKB_87_20191128_id87_malado.jpg;41
2529;2596;87;MANDRILLS BKB_87_20200207_id87_malsub_(1).jpg;67
2660;2596;87;MANDRILLS BKB_87_20200207_id87_malsub_(3).jpg;64
2829;2685;87;MANDRILLS BKB_87_20200506_id87_malsub_(1).jpg;144
2713;2685;87;MANDRILLS BKB_87_20200506_id87_malsub_(2).jpg;28
2666;2685;87;MANDRILLS BKB_87_20200506_id87_malsub_(3).jpg;19
2552;2849;87;MANDRILLS BKB_87_20201017_id87_malsub_(1).jpg;297
2663;2849;87;MANDRILLS BKB_87_20201017_id87_malsub_(3).jpg;186
2577;2850;87;MANDRILLS BKB_87_20201018_id87_malsub_(1).jpg;273
2642;2850;87;MANDRILLS BKB_87_20201018_id87_malsub_(2).jpg;208
2700;2854;87;MANDRILLS BKB_87_20201022_id87_malsub.jpg;154
2802;2867;87;MANDRILLS BKB_87_20201104_id87_malsub_(1).jpg;65
2681;2867;87;MANDRILLS BKB_87_20201104_id87_malsub_(2).jpg;186
2680;2867;87;MANDRILLS BKB_87_20201104_id87_malsub_(3).jpg;187
2660;2867;87;MANDRILLS BKB_87_20201104_id87_malsub_(4).jpg;207
2615;2867;87;MANDRILLS BKB_87_20201104_id87_malsub_(5).jpg;252
2628;2870;87;MANDRILLS BKB_87_20201107_id87_malsub_(1).jpg;242
2616;2870;87;MANDRILLS BKB_87_20201107_id87_malsub_(2).jpg;254
2573;2870;87;MANDRILLS BKB_87_20201107_id87_malsub_(3).jpg;297
2692;2884;87;MANDRILLS BKB_87_20201121_id87_(1).jpg;192
2730;2884;87;MANDRILLS BKB_87_20201121_id87_(2).jpg;154
2844;2884;87;MANDRILLS BKB_87_20201121_id87_malsub_(1).jpg;40
2706;2884;87;MANDRILLS BKB_87_20201121_id87_malsub_(2).jpg;178
2899;2884;87;MANDRILLS BKB_87_20201121_id87_malsub_(3).jpg;15
2555;2909;87;MANDRILLS BKB_87_20201216_id87_malsub_(1).jpg;354
2519;2909;87;MANDRILLS BKB_87_20201216_id87_malsub_(2).jpg;390
2747;2991;87;MANDRILLS BKB_87_20210308_id87_malsub_(1).jpg;244
2599;2991;87;MANDRILLS BKB_87_20210308_id87_malsub_(2).jpg;392
2663;3284;87;MANDRILLS BKB_87_20211226_id87_malsub_(1).jpg;621
3079;3284;87;MANDRILLS BKB_87_20211226_id87_malsub_(10).jpg;205
3111;3284;87;MANDRILLS BKB_87_20211226_id87_malsub_(11).jpg;173
2944;3284;87;MANDRILLS BKB_87_20211226_id87_malsub_(13).jpg;340
3032;3284;87;MANDRILLS BKB_87_20211226_id87_malsub_(2).jpg;252
3022;3284;87;MANDRILLS BKB_87_20211226_id87_malsub_(3).jpg;262
2983;3284;87;MANDRILLS BKB_87_20211226_id87_malsub_(4).jpg;301
2954;3284;87;MANDRILLS BKB_87_20211226_id87_malsub_(5).jpg;330
3087;3284;87;MANDRILLS BKB_87_20211226_id87_malsub_(6).jpg;197
2971;3284;87;MANDRILLS BKB_87_20211226_id87_malsub_(7).jpg;313
2945;3284;87;MANDRILLS BKB_87_20211226_id87_malsub_(8).jpg;339
4067;3473;87;MANDRILLS BKB_87_20220703_id87 (1).jpg;594
4065;3473;87;MANDRILLS BKB_87_20220703_id87 (2).jpg;592
3942;3473;87;MANDRILLS BKB_87_20220703_id87 (3).jpg;469
3925;3476;87;MANDRILLS BKB_87_20220706_id87 (2).jpg;449
3918;3476;87;MANDRILLS BKB_87_20220706_id87.jpg;442
3848;3478;87;MANDRILLS BKB_87_20220708_id87 (1).jpg;370
3922;3478;87;MANDRILLS BKB_87_20220708_id87 (2).jpg;444
3889;3478;87;MANDRILLS BKB_87_20220708_id87 (3).jpg;411
3807;3478;87;MANDRILLS BKB_87_20220708_id87 (4).jpg;329
3940;3481;87;MANDRILLS BKB_87_20220711_id87.jpg;459
3980;3484;87;MANDRILLS BKB_87_20220714_id87_maladu (1).jpg;496
4027;3484;87;MANDRILLS BKB_87_20220714_id87_maladu (2).jpg;543
3979;3484;87;MANDRILLS BKB_87_20220714_id87_maladu (3).jpg;495
4052;3486;87;MANDRILLS BKB_87_20220716_id87 (2).jpg;566
3950;3486;87;MANDRILLS BKB_87_20220716_id87_maladu (1).jpg;464
3902;3486;87;MANDRILLS BKB_87_20220716_id87_maladu (3).jpg;416
4027;3486;87;MANDRILLS BKB_87_20220716_id87_maladu.jpg;541
3988;3487;87;MANDRILLS BKB_87_20220717_id87.jpg;501
4046;3495;87;MANDRILLS BKB_87_20220725_id87 (2).jpg;551
3857;3495;87;MANDRILLS BKB_87_20220725_id87 (3).jpg;362
4002;3495;87;MANDRILLS BKB_87_20220725_id87.jpg;507
3992;3496;87;MANDRILLS BKB_87_20220726_id87.jpg;496
3895;3498;87;MANDRILLS BKB_87_20220728_id87.jpg;397
3863;3513;87;MANDRILLS BKB_87_20220812_id87 (2).jpg;350
3959;3513;87;MANDRILLS BKB_87_20220812_id87.jpg;446
3948;3516;87;MANDRILLS BKB_87_20220815_id87 (2).jpg;432
3995;3516;87;MANDRILLS BKB_87_20220815_id87.jpg;479
4029;3519;87;MANDRILLS BKB_87_20220818_id87.jpg;510
3907;3527;87;MANDRILLS BKB_87_20220826_id87 (1).jpg;380
4056;3527;87;MANDRILLS BKB_87_20220826_id87 (2).jpg;529
4011;3528;87;MANDRILLS BKB_87_20220827_id87.jpg;483
4088;3536;87;MANDRILLS BKB_87_20220904_id87 (1).jpg;552
3993;3536;87;MANDRILLS BKB_87_20220904_id87 (2).jpg;457
3884;3540;87;MANDRILLS BKB_87_20220908_id87.jpg;344
4007;3544;87;MANDRILLS BKB_87_20220912_id87 (1).jpg;463
4002;3544;87;MANDRILLS BKB_87_20220912_id87 (2).jpg;458
3847;3544;87;MANDRILLS BKB_87_20220912_id87 (4).jpg;303
4069;3546;87;MANDRILLS BKB_87_20220914_id87.jpg;523
4059;3547;87;MANDRILLS BKB_87_20220915_id87.jpg;512
3951;3549;87;MANDRILLS BKB_87_20220917_id87 (1).jpg;402
3902;3549;87;MANDRILLS BKB_87_20220917_id87 (4).jpg;353
3930;3551;87;MANDRILLS BKB_87_20220919_id87.jpg;379
4023;3556;87;MANDRILLS BKB_87_20220924_id87.jpg;467
3994;3567;87;MANDRILLS BKB_87_20221005_id87 (1).jpg;427
4134;3567;87;MANDRILLS BKB_87_20221005_id87 (2).jpg;567
4036;3575;87;MANDRILLS BKB_87_20221013_id87.jpg;461
4105;3581;87;MANDRILLS BKB_87_20221019_id87.jpg;524
4028;3583;87;MANDRILLS BKB_87_20221021_id87.jpg;445
4068;3592;87;MANDRILLS BKB_87_20221030_id87.jpg;476
4009;3595;87;MANDRILLS BKB_87_20221102_id87.jpg;414
4059;3609;87;MANDRILLS BKB_87_20221116_id87 (1).jpg;450
4065;3609;87;MANDRILLS BKB_87_20221116_id87 (2).jpg;456
4045;3609;87;MANDRILLS BKB_87_20221116_id87 (3).jpg;436
3998;3609;87;MANDRILLS BKB_87_20221116_id87 (4).jpg;389
4033;3609;87;MANDRILLS BKB_87_20221116_id87.jpg;424
3890;3610;87;MANDRILLS BKB_87_20221117_id87 (1).jpg;280
4033;3610;87;MANDRILLS BKB_87_20221117_id87 (11).jpg;423
4054;3610;87;MANDRILLS BKB_87_20221117_id87 (14).jpg;444
4035;3610;87;MANDRILLS BKB_87_20221117_id87 (4).jpg;425
3915;3616;87;MANDRILLS BKB_87_20221123_id87 (1).jpg;299
3889;3616;87;MANDRILLS BKB_87_20221123_id87 (2).jpg;273
4074;3616;87;MANDRILLS BKB_87_20221123_id87 (3).jpg;458
4016;3616;87;MANDRILLS BKB_87_20221123_id87 (4).jpg;400
4075;3618;87;MANDRILLS BKB_87_20221125_id87 (1).jpg;457
3877;3618;87;MANDRILLS BKB_87_20221125_id87 (2).jpg;259
3956;3618;87;MANDRILLS BKB_87_20221125_id87 (3).jpg;338
4013;3618;87;MANDRILLS BKB_87_20221125_id87 (4).jpg;395
3980;3618;87;MANDRILLS BKB_87_20221125_id87 (6).jpg;362
3898;3632;87;MANDRILLS BKB_87_20221209_id87 (2).jpg;266
3745;3632;87;MANDRILLS BKB_87_20221209_id87 (4).jpg;113
4003;3633;87;MANDRILLS BKB_87_20221210_id87.jpg;370
3271;3635;87;MANDRILLS BKB_87_20221212_id87 (1).jpg;364
3888;3635;87;MANDRILLS BKB_87_20221212_id87 (2).jpg;253
3998;3650;87;MANDRILLS BKB_87_20221227_id87.jpg;348
140;146;91;MANDRILLS BKB_91_20140701_id91_malinf_(1)_ORIGINAL.jpg;6
149;146;91;MANDRILLS BKB_91_20140701_id91_malinf_(2)_ORIGINAL.jpg;3
147;146;91;MANDRILLS BKB_91_20140701_id91_malinf_(3)_ORIGINAL.jpg;1
694;667;91;MANDRILLS BKB_91_20151204_id91_maljuv_(1)_ORIGINAL.jpg;27
602;667;91;MANDRILLS BKB_91_20151204_id91_maljuv_(2)_ORIGINAL.jpg;65
733;667;91;MANDRILLS BKB_91_20151204_id91_maljuv_(3)_ORIGINAL.jpg;66
806;667;91;MANDRILLS BKB_91_20151204_id91_maljuv_(4)_ORIGINAL.jpg;139
1663;1632;91;MANDRILLS BKB_91_20180726_id91_malado_(1)_ORIGINAL.jpg;31
1740;1632;91;MANDRILLS BKB_91_20180726_id91_malado_(10)_ORIGINAL.jpg;108
1705;1632;91;MANDRILLS BKB_91_20180726_id91_malado_(11)_ORIGINAL.jpg;73
1624;1632;91;MANDRILLS BKB_91_20180726_id91_malado_(12)_ORIGINAL.jpg;8
1817;1632;91;MANDRILLS BKB_91_20180726_id91_malado_(13)_ORIGINAL.jpg;185
1836;1632;91;MANDRILLS BKB_91_20180726_id91_malado_(14)_ORIGINAL.jpg;204
1790;1632;91;MANDRILLS BKB_91_20180726_id91_malado_(15)_ORIGINAL.jpg;158
1728;1632;91;MANDRILLS BKB_91_20180726_id91_malado_(16)_ORIGINAL.jpg;96
1824;1632;91;MANDRILLS BKB_91_20180726_id91_malado_(2)_ORIGINAL.jpg;192
1833;1632;91;MANDRILLS BKB_91_20180726_id91_malado_(3)_ORIGINAL.jpg;201
1775;1632;91;MANDRILLS BKB_91_20180726_id91_malado_(4)_ORIGINAL.jpg;143
1743;1632;91;MANDRILLS BKB_91_20180726_id91_malado_(5)_ORIGINAL.jpg;111
1771;1632;91;MANDRILLS BKB_91_20180726_id91_malado_(6)_ORIGINAL.jpg;139
1758;1632;91;MANDRILLS BKB_91_20180726_id91_malado_(8)_ORIGINAL.jpg;126
1752;1632;91;MANDRILLS BKB_91_20180726_id91_malado_(9)_ORIGINAL.jpg;120
1807;1667;91;MANDRILLS BKB_91_20180830_id91_malado_(1)_ORIGINAL.jpg;140
1915;1667;91;MANDRILLS BKB_91_20180830_id91_malado_(2)_ORIGINAL.jpg;248
1764;1667;91;MANDRILLS BKB_91_20180830_id91_malado_(3)_ORIGINAL.jpg;97
1878;1667;91;MANDRILLS BKB_91_20180830_id91_malado_(4)_ORIGINAL.jpg;211
1961;1765;91;MANDRILLS BKB_91_20181206_id91_malado_(10)_ORIGINAL.jpg;196
2074;1765;91;MANDRILLS BKB_91_20181206_id91_malado_(11)_ORIGINAL.jpg;309
2023;1765;91;MANDRILLS BKB_91_20181206_id91_malado_(12)_ORIGINAL.jpg;258
1999;1771;91;MANDRILLS BKB_91_20181212_id91_malado_(1)_ORIGINAL.jpg;228
2007;1771;91;MANDRILLS BKB_91_20181212_id91_malado_(2)_ORIGINAL.jpg;236
1869;1771;91;MANDRILLS BKB_91_20181212_id91_malado_(3)_ORIGINAL.jpg;98
1942;1771;91;MANDRILLS BKB_91_20181212_id91_malado_(4)_ORIGINAL.jpg;171
2050;1771;91;MANDRILLS BKB_91_20181212_id91_malado_(6)_ORIGINAL.jpg;279
1969;1771;91;MANDRILLS BKB_91_20181212_id91_malado_(7)_ORIGINAL.jpg;198
1972;1854;91;MANDRILLS BKB_91_20190305_id91_malado_(1)_ORIGINAL.jpg;118
2005;1854;91;MANDRILLS BKB_91_20190305_id91_malado_(2)_ORIGINAL.jpg;151
1946;1866;91;MANDRILLS BKB_91_20190317_id91_malado.jpg;80
2106;1945;91;MANDRILLS BKB_91_20190604_id91_malado.jpg;161
2249;2066;91;MANDRILLS BKB_91_20191003_id91_malado.jpg;183
2349;2277;91;MANDRILLS BKB_91_20200501_id91_malado_(1).jpg;72
2444;2277;91;MANDRILLS BKB_91_20200501_id91_malado_(2).jpg;167
2302;2451;91;MANDRILLS BKB_91_20201022_id91_malado_(1).jpg;149
2382;2451;91;MANDRILLS BKB_91_20201022_id91_malado_(2).jpg;69
2330;2451;91;MANDRILLS BKB_91_20201022_id91_malado_(3).jpg;121
2383;2451;91;MANDRILLS BKB_91_20201022_id91_malado_(4).jpg;68
2361;2470;91;MANDRILLS BKB_91_20201110_id91_malado.jpg;109
2483;2485;91;MANDRILLS BKB_91_20201125_id91_malado_(1).jpg;2
2535;2485;91;MANDRILLS BKB_91_20201125_id91_malado_(2).jpg;50
2554;2485;91;MANDRILLS BKB_91_20201125_id91_malado_(3).jpg;69
2512;2485;91;MANDRILLS BKB_91_20201125_id91_malado_(4).jpg;27
2352;2513;91;MANDRILLS BKB_91_20201223_id91_malado.jpg;161
2424;2525;91;MANDRILLS BKB_91_20210104_id91_malado.jpg;101
2409;2534;91;MANDRILLS BKB_91_20210113_id91_malado.jpg;125
2356;2537;91;MANDRILLS BKB_91_20210116_id91_malado.jpg;181
2401;2550;91;MANDRILLS BKB_91_20210129_id91_malado_(1).jpg;149
2614;2550;91;MANDRILLS BKB_91_20210129_id91_malado_(2).jpg;64
2513;2555;91;MANDRILLS BKB_91_20210203_id91_malado_(1).jpg;42
2585;2555;91;MANDRILLS BKB_91_20210203_id91_malado_(2).jpg;30
2435;2555;91;MANDRILLS BKB_91_20210203_id91_malado_(3).jpg;120
755;524;94;MANDRILLS BKB_94_20140702_id94_femjuv_(1)_ORIGINAL.jpg;231
751;524;94;MANDRILLS BKB_94_20140702_id94_femjuv_(2)_ORIGINAL.jpg;227
749;524;94;MANDRILLS BKB_94_20140702_id94_femjuv_(3)_ORIGINAL.jpg;225
1392;1267;94;MANDRILLS BKB_94_20160714_id94_femjuv_(1)_ORIGINAL.jpg;125
1498;1267;94;MANDRILLS BKB_94_20160714_id94_femjuv_(2)_ORIGINAL.jpg;231
2531;1895;94;MANDRILLS BKB_94_20180403_id94_femadu_(1)_ORIGINAL.jpg;636
2128;1895;94;MANDRILLS BKB_94_20180403_id94_femadu_(2)_ORIGINAL.jpg;233
2187;1979;94;MANDRILLS BKB_94_20180626_id94_femadu_(10)_ORIGINAL.jpg;208
2301;1979;94;MANDRILLS BKB_94_20180626_id94_femadu_(11)_ORIGINAL.jpg;322
2468;1979;94;MANDRILLS BKB_94_20180626_id94_femadu_(12)_ORIGINAL.jpg;489
2415;1979;94;MANDRILLS BKB_94_20180626_id94_femadu_(13)_ORIGINAL.jpg;436
2158;1979;94;MANDRILLS BKB_94_20180626_id94_femadu_(14)_ORIGINAL.jpg;179
2247;1979;94;MANDRILLS BKB_94_20180626_id94_femadu_(15)_ORIGINAL.jpg;268
2142;1979;94;MANDRILLS BKB_94_20180626_id94_femadu_(16)_ORIGINAL.jpg;163
2044;1979;94;MANDRILLS BKB_94_20180626_id94_femadu_(17)_ORIGINAL.jpg;65
2068;1979;94;MANDRILLS BKB_94_20180626_id94_femadu_(18)_ORIGINAL.jpg;89
2049;1979;94;MANDRILLS BKB_94_20180626_id94_femadu_(2)_ORIGINAL.jpg;70
2072;1979;94;MANDRILLS BKB_94_20180626_id94_femadu_(3)_ORIGINAL.jpg;93
2363;1979;94;MANDRILLS BKB_94_20180626_id94_femadu_(4)_ORIGINAL.jpg;384
2170;1979;94;MANDRILLS BKB_94_20180626_id94_femadu_(5)_ORIGINAL.jpg;191
2076;1979;94;MANDRILLS BKB_94_20180626_id94_femadu_(6)_ORIGINAL.jpg;97
2162;1979;94;MANDRILLS BKB_94_20180626_id94_femadu_(7)_ORIGINAL.jpg;183
2407;1979;94;MANDRILLS BKB_94_20180626_id94_femadu_(8)_ORIGINAL.jpg;428
2241;1979;94;MANDRILLS BKB_94_20180626_id94_femadu_(9)_ORIGINAL.jpg;262
2273;2009;94;MANDRILLS BKB_94_20180726_id94_femadu_(2)_ORIGINAL.jpg;264
2177;2009;94;MANDRILLS BKB_94_20180726_id94_femadu_(3)_ORIGINAL.jpg;168
2245;2015;94;MANDRILLS BKB_94_20180801_id94_femadu_(1)_ORIGINAL.jpg;230
2165;2015;94;MANDRILLS BKB_94_20180801_id94_femadu_(10)_ORIGINAL.jpg;150
2205;2015;94;MANDRILLS BKB_94_20180801_id94_femadu_(11)_ORIGINAL.jpg;190
2303;2015;94;MANDRILLS BKB_94_20180801_id94_femadu_(12)_ORIGINAL.jpg;288
2133;2015;94;MANDRILLS BKB_94_20180801_id94_femadu_(13)_ORIGINAL.jpg;118
2148;2015;94;MANDRILLS BKB_94_20180801_id94_femadu_(14)_ORIGINAL.jpg;133
2076;2015;94;MANDRILLS BKB_94_20180801_id94_femadu_(2)_ORIGINAL.jpg;61
2109;2015;94;MANDRILLS BKB_94_20180801_id94_femadu_(3)_ORIGINAL.jpg;94
2196;2015;94;MANDRILLS BKB_94_20180801_id94_femadu_(4)_ORIGINAL.jpg;181
2279;2015;94;MANDRILLS BKB_94_20180801_id94_femadu_(5)_ORIGINAL.jpg;264
2176;2015;94;MANDRILLS BKB_94_20180801_id94_femadu_(6)_ORIGINAL.jpg;161
2375;2015;94;MANDRILLS BKB_94_20180801_id94_femadu_(7)_ORIGINAL.jpg;360
1972;2015;94;MANDRILLS BKB_94_20180801_id94_femadu_(8)_ORIGINAL.jpg;43
2313;2015;94;MANDRILLS BKB_94_20180801_id94_femadu_(9)_ORIGINAL.jpg;298
2348;2016;94;MANDRILLS BKB_94_20180802_id94_femadu_(1)_ORIGINAL.jpg;332
2489;2016;94;MANDRILLS BKB_94_20180802_id94_femadu_(2)_ORIGINAL.jpg;473
2414;2016;94;MANDRILLS BKB_94_20180802_id94_femadu_(3)_ORIGINAL.jpg;398
2186;2016;94;MANDRILLS BKB_94_20180802_id94_femadu_(4)_ORIGINAL.jpg;170
2029;2027;94;MANDRILLS BKB_94_20180813_id94_femadu_(1)_ORIGINAL.jpg;2
2336;2027;94;MANDRILLS BKB_94_20180813_id94_femadu_(10)_ORIGINAL.jpg;309
2114;2027;94;MANDRILLS BKB_94_20180813_id94_femadu_(11)_ORIGINAL.jpg;87
2184;2027;94;MANDRILLS BKB_94_20180813_id94_femadu_(12)_ORIGINAL.jpg;157
2161;2027;94;MANDRILLS BKB_94_20180813_id94_femadu_(13)_ORIGINAL.jpg;134
2041;2027;94;MANDRILLS BKB_94_20180813_id94_femadu_(14)_ORIGINAL.jpg;14
2066;2027;94;MANDRILLS BKB_94_20180813_id94_femadu_(15)_ORIGINAL.jpg;39
2336;2027;94;MANDRILLS BKB_94_20180813_id94_femadu_(16)_ORIGINAL.jpg;309
1893;2027;94;MANDRILLS BKB_94_20180813_id94_femadu_(2)_ORIGINAL.jpg;134
1827;2027;94;MANDRILLS BKB_94_20180813_id94_femadu_(3)_ORIGINAL.jpg;200
1868;2027;94;MANDRILLS BKB_94_20180813_id94_femadu_(4)_ORIGINAL.jpg;159
1857;2027;94;MANDRILLS BKB_94_20180813_id94_femadu_(5)_ORIGINAL.jpg;170
1814;2027;94;MANDRILLS BKB_94_20180813_id94_femadu_(6)_ORIGINAL.jpg;213
1889;2027;94;MANDRILLS BKB_94_20180813_id94_femadu_(7)_ORIGINAL.jpg;138
1931;2027;94;MANDRILLS BKB_94_20180813_id94_femadu_(8)_ORIGINAL.jpg;96
2050;2027;94;MANDRILLS BKB_94_20180813_id94_femadu_(9)_ORIGINAL.jpg;23
2118;2070;94;MANDRILLS BKB_94_20180925_id94_femaduDROITE_(1)_ORIGINAL.jpg;48
2227;2070;94;MANDRILLS BKB_94_20180925_id94_femaduDROITE_(11)_ORIGINAL.jpg;157
2016;2070;94;MANDRILLS BKB_94_20180925_id94_femaduDROITE_(13)_ORIGINAL.jpg;54
2086;2070;94;MANDRILLS BKB_94_20180925_id94_femaduDROITE_(17)_ORIGINAL.jpg;16
2124;2070;94;MANDRILLS BKB_94_20180925_id94_femaduDROITE_(2)_ORIGINAL.jpg;54
2222;2070;94;MANDRILLS BKB_94_20180925_id94_femaduDROITE_(20)_ORIGINAL.jpg;152
2269;2070;94;MANDRILLS BKB_94_20180925_id94_femaduDROITE_(22)_ORIGINAL.jpg;199
2284;2070;94;MANDRILLS BKB_94_20180925_id94_femaduDROITE_(24)_ORIGINAL.jpg;214
2228;2070;94;MANDRILLS BKB_94_20180925_id94_femaduDROITE_(25)_ORIGINAL.jpg;158
2156;2070;94;MANDRILLS BKB_94_20180925_id94_femaduDROITE_(28)_ORIGINAL.jpg;86
1981;2070;94;MANDRILLS BKB_94_20180925_id94_femaduDROITE_(29)_ORIGINAL.jpg;89
2084;2070;94;MANDRILLS BKB_94_20180925_id94_femaduDROITE_(3)_ORIGINAL.jpg;14
1992;2070;94;MANDRILLS BKB_94_20180925_id94_femaduDROITE_(30)_ORIGINAL.jpg;78
1977;2070;94;MANDRILLS BKB_94_20180925_id94_femaduDROITE_(31)_ORIGINAL.jpg;93
1986;2070;94;MANDRILLS BKB_94_20180925_id94_femaduDROITE_(32)_ORIGINAL.jpg;84
2253;2070;94;MANDRILLS BKB_94_20180925_id94_femaduDROITE_(33)_ORIGINAL.jpg;183
2148;2070;94;MANDRILLS BKB_94_20180925_id94_femaduDROITE_(34)_ORIGINAL.jpg;78
2159;2070;94;MANDRILLS BKB_94_20180925_id94_femaduDROITE_(35)_ORIGINAL.jpg;89
2241;2070;94;MANDRILLS BKB_94_20180925_id94_femaduDROITE_(38)_ORIGINAL.jpg;171
2084;2070;94;MANDRILLS BKB_94_20180925_id94_femaduDROITE_(4)_ORIGINAL.jpg;14
2022;2070;94;MANDRILLS BKB_94_20180925_id94_femaduDROITE_(40)_ORIGINAL.jpg;48
2169;2070;94;MANDRILLS BKB_94_20180925_id94_femaduDROITE_(41)_ORIGINAL.jpg;99
2176;2070;94;MANDRILLS BKB_94_20180925_id94_femaduDROITE_(7)_ORIGINAL.jpg;106
2168;2070;94;MANDRILLS BKB_94_20180925_id94_femaduDROITE_(8)_ORIGINAL.jpg;98
2638;2221;94;MANDRILLS BKB_94_20190223_id94_femadu_DROITE_(1)_ORIGINAL.jpg;417
2519;2221;94;MANDRILLS BKB_94_20190223_id94_femadu_DROITE_(14)_ORIGINAL.jpg;298
2614;2221;94;MANDRILLS BKB_94_20190223_id94_femadu_DROITE_(3)_ORIGINAL.jpg;393
2564;2221;94;MANDRILLS BKB_94_20190223_id94_femadu_DROITE_(5)_ORIGINAL.jpg;343
2785;2221;94;MANDRILLS BKB_94_20190223_id94_femadu_DROITE_(7)_ORIGINAL.jpg;564
2904;2243;94;MANDRILLS BKB_94_20190317_id94_femadu_(2).jpg;661
2847;2243;94;MANDRILLS BKB_94_20190317_id94_femadu_(3).jpg;604
2819;2243;94;MANDRILLS BKB_94_20190317_id94_femadu_(4).jpg;576
2734;2245;94;MANDRILLS BKB_94_20190319_id94_femadu.jpg;489
3136;2245;94;MANDRILLS BKB_94_20190319_id94_femadu_CENTRE.jpg;891
2831;2245;94;MANDRILLS BKB_94_20190319_id94_femadu_GAUCHE_(1).jpg;586
2768;2245;94;MANDRILLS BKB_94_20190319_id94_femadu_GAUCHE_(10).jpg;523
2642;2245;94;MANDRILLS BKB_94_20190319_id94_femadu_GAUCHE_(11).jpg;397
2590;2245;94;MANDRILLS BKB_94_20190319_id94_femadu_GAUCHE_(12).jpg;345
2522;2245;94;MANDRILLS BKB_94_20190319_id94_femadu_GAUCHE_(2).jpg;277
2668;2245;94;MANDRILLS BKB_94_20190319_id94_femadu_GAUCHE_(5).jpg;423
2601;2366;94;MANDRILLS BKB_94_20190718_id94_femadu_(1).jpg;235
2940;2421;94;MANDRILLS BKB_94_20190911_id94_femadu_GAUCHE.jpg;519
2754;2456;94;MANDRILLS BKB_94_20191016_id94_femadu_(1).jpg;298
2865;2456;94;MANDRILLS BKB_94_20191016_id94_femadu_(2).jpg;409
2888;2587;94;MANDRILLS BKB_94_20200224_id94_femadu.jpg;301
2845;2828;94;MANDRILLS BKB_94_20201022_id94_femadu_(1).jpg;17
2667;2828;94;MANDRILLS BKB_94_20201022_id94_femadu_(2).jpg;161
2727;2828;94;MANDRILLS BKB_94_20201022_id94_femadu_(3).jpg;101
2795;2828;94;MANDRILLS BKB_94_20201022_id94_femadu_(4).jpg;33
2724;2828;94;MANDRILLS BKB_94_20201022_id94_femadu_(5).jpg;104
2818;2884;94;MANDRILLS BKB_94_20201217_id94_femadu.jpg;66
2744;2906;94;MANDRILLS BKB_94_20210108_id94_femadu_(1).jpg;162
2859;2906;94;MANDRILLS BKB_94_20210108_id94_femadu_(2).jpg;47
2871;2914;94;MANDRILLS BKB_94_20210116_id94_femadu_(1).jpg;43
2816;2914;94;MANDRILLS BKB_94_20210116_id94_femadu_(2).jpg;98
2954;2927;94;MANDRILLS BKB_94_20210129_id94_femadu_(1).jpg;27
2817;2927;94;MANDRILLS BKB_94_20210129_id94_femadu_(2).jpg;110
2506;2935;94;MANDRILLS BKB_94_20210206_id94_femadu_(1).jpg;429
2876;2935;94;MANDRILLS BKB_94_20210206_id94_femadu_(2).jpg;59
2886;2947;94;MANDRILLS BKB_94_20210218_id94_femadu_(1).jpg;61
3081;2947;94;MANDRILLS BKB_94_20210218_id94_femadu_(2).jpg;134
2935;2947;94;MANDRILLS BKB_94_20210218_id94_femadu_(3).jpg;12
2961;3217;94;MANDRILLS BKB_94_20211115_id94_femadu.jpg;256
3156;3221;94;MANDRILLS BKB_94_20211119_id94_femadu.jpg;65
3104;3224;94;MANDRILLS BKB_94_20211122_id94_femadu_(1).jpg;120
3120;3224;94;MANDRILLS BKB_94_20211122_id94_femadu_(2).jpg;104
3070;3228;94;MANDRILLS BKB_94_20211126_id94_femadu.jpg;158
2885;3251;94;MANDRILLS BKB_94_20211219_id94_femadu.jpg;366
3132;3258;94;MANDRILLS BKB_94_20211226_id94_femadu_(1).jpg;126
3151;3258;94;MANDRILLS BKB_94_20211226_id94_femadu_(2).jpg;107
3059;3293;94;MANDRILLS BKB_94_20220130_id94 (2).jpg;234
3130;3293;94;MANDRILLS BKB_94_20220130_id94 (3).jpg;163
3049;3305;94;MANDRILLS BKB_94_20220211_id94_femadu.jpg;256
2932;3317;94;MANDRILLS BKB_94_20220223_id94_femadu (1).jpg;385
3268;3317;94;MANDRILLS BKB_94_20220223_id94_femadu (2).jpg;49
3040;3331;94;MANDRILLS BKB_94_20220309_id94_femadu (1).jpg;291
2988;3331;94;MANDRILLS BKB_94_20220309_id94_femadu (2).jpg;343
3131;3346;94;MANDRILLS BKB_94_20220324_id94_femadu (1).jpg;215
2947;3346;94;MANDRILLS BKB_94_20220324_id94_femadu (2).jpg;399
3122;3346;94;MANDRILLS BKB_94_20220324_id94_femadu (3).jpg;224
3123;3352;94;MANDRILLS BKB_94_20220330_id94_femadu.jpg;229
3157;3354;94;MANDRILLS BKB_94_20220401_id94_femadu.jpg;197
3212;3386;94;MANDRILLS BKB_94_20220503_id94_femadu.jpg;174
3226;3399;94;MANDRILLS BKB_94_20220516_id94_femadu (1).jpg;173
3076;3399;94;MANDRILLS BKB_94_20220516_id94_femadu (2).jpg;323
3372;3401;94;MANDRILLS BKB_94_20220518_id94_femadu (1).jpg;29
3183;3409;94;MANDRILLS BKB_94_20220526_id94_femadu.jpg;226
3131;3433;94;MANDRILLS BKB_94_20220619_id94_femadu.jpg;302
3202;3434;94;MANDRILLS BKB_94_20220620_id94_femadu.jpg;232
3021;3438;94;MANDRILLS BKB_94_20220624_id94_femadu.jpg;417
3450;3445;94;MANDRILLS BKB_94_20220701_id94.jpg;5
3801;3452;94;MANDRILLS BKB_94_20220708_id94.jpg;349
3207;3457;94;MANDRILLS BKB_94_20220713_id94.jpg;250
3101;3458;94;MANDRILLS BKB_94_20220714_id94_femadu.jpg;357
3194;3460;94;MANDRILLS BKB_94_20220716_id94.jpg;266
3094;3460;94;MANDRILLS BKB_94_20220716_id94_femadu.jpg;366
3221;3461;94;MANDRILLS BKB_94_20220717_id94 (1).jpg;240
3258;3461;94;MANDRILLS BKB_94_20220717_id94 (2).jpg;203
3394;3470;94;MANDRILLS BKB_94_20220726_id94 (2).jpg;76
3357;3470;94;MANDRILLS BKB_94_20220726_id94.jpg;113
3336;3487;94;MANDRILLS BKB_94_20220812_id94.jpg;151
3271;3490;94;MANDRILLS BKB_94_20220815_id94 (2).jpg;219
3278;3493;94;MANDRILLS BKB_94_20220818_id94.jpg;215
3347;3503;94;MANDRILLS BKB_94_20220828_id94 (2).jpg;156
3410;3503;94;MANDRILLS BKB_94_20220828_id94.jpg;93
3102;3510;94;MANDRILLS BKB_94_20220904_id94.jpg;408
3193;3534;94;MANDRILLS BKB_94_20220928_id94 (2).jpg;341
3178;3555;94;MANDRILLS BKB_94_20221019_id94 (1).jpg;377
3323;3555;94;MANDRILLS BKB_94_20221019_id94 (2).jpg;232
3355;3558;94;MANDRILLS BKB_94_20221022_id94.jpg;203
3198;3583;94;MANDRILLS BKB_94_20221116_id94 (2).jpg;385
3239;3583;94;MANDRILLS BKB_94_20221116_id94.jpg;344
3138;3588;94;MANDRILLS BKB_94_20221121_id94.jpg;450
3118;3590;94;MANDRILLS BKB_94_20221123_id94.jpg;472
3264;3592;94;MANDRILLS BKB_94_20221125_id94.jpg;328
3008;3606;94;MANDRILLS BKB_94_20221209_id94 (1).jpg;598
3082;3606;94;MANDRILLS BKB_94_20221209_id94 (2).jpg;524
3295;3624;94;MANDRILLS BKB_94_20221227_id94.jpg;329
763;757;122;MANDRILLS BKB_122_20151202_id122_maljuv_(1)_ORIGINAL.jpg;6
755;757;122;MANDRILLS BKB_122_20151202_id122_maljuv_(2)_ORIGINAL.jpg;2
828;757;122;MANDRILLS BKB_122_20151202_id122_maljuv_(3)_ORIGINAL.jpg;71
907;757;122;MANDRILLS BKB_122_20151202_id122_maljuv_(4)_ORIGINAL.jpg;150
838;757;122;MANDRILLS BKB_122_20151202_id122_maljuv_(5)_ORIGINAL.jpg;81
1678;1703;122;MANDRILLS BKB_122_20180705_id122_malado_(1)_ORIGINAL.jpg;25
1816;1703;122;MANDRILLS BKB_122_20180705_id122_malado_(2)_ORIGINAL.jpg;113
1808;1703;122;MANDRILLS BKB_122_20180705_id122_malado_(7)_ORIGINAL.jpg;105
1766;1717;122;MANDRILLS BKB_122_20180719_id122_maladoDEVANT_ORIGINAL.jpg;49
1729;1717;122;MANDRILLS BKB_122_20180719_id122_maladoDROITE_ORIGINAL.jpg;12
1894;1717;122;MANDRILLS BKB_122_20180719_id122_malado_(1)_ORIGINAL.jpg;177
1869;1717;122;MANDRILLS BKB_122_20180719_id122_malado_(4)_ORIGINAL.jpg;152
1745;1721;122;MANDRILLS BKB_122_20180723_id122_malado_(2)_ORIGINAL.jpg;24
1710;1721;122;MANDRILLS BKB_122_20180723_id122_malado_(4)_ORIGINAL.jpg;11
1706;1721;122;MANDRILLS BKB_122_20180723_id122_malado_(5)_ORIGINAL.jpg;15
1708;1721;122;MANDRILLS BKB_122_20180723_id122_malado_(6)_ORIGINAL.jpg;13
1662;1721;122;MANDRILLS BKB_122_20180723_id122_malado_(7)_ORIGINAL.jpg;59
1719;1752;122;MANDRILLS BKB_122_20180823_id122_malado_(1)_ORIGINAL.jpg;33
1670;1752;122;MANDRILLS BKB_122_20180823_id122_malado_(10)_ORIGINAL.jpg;82
1638;1752;122;MANDRILLS BKB_122_20180823_id122_malado_(11)_ORIGINAL.jpg;114
1595;1752;122;MANDRILLS BKB_122_20180823_id122_malado_(12)_ORIGINAL.jpg;157
1626;1752;122;MANDRILLS BKB_122_20180823_id122_malado_(13)_ORIGINAL.jpg;126
1672;1752;122;MANDRILLS BKB_122_20180823_id122_malado_(14)_ORIGINAL.jpg;80
1729;1752;122;MANDRILLS BKB_122_20180823_id122_malado_(15)_ORIGINAL.jpg;23
1706;1752;122;MANDRILLS BKB_122_20180823_id122_malado_(16)_ORIGINAL.jpg;46
1674;1752;122;MANDRILLS BKB_122_20180823_id122_malado_(17)_ORIGINAL.jpg;78
1686;1752;122;MANDRILLS BKB_122_20180823_id122_malado_(18)_ORIGINAL.jpg;66
1706;1752;122;MANDRILLS BKB_122_20180823_id122_malado_(19)_ORIGINAL.jpg;46
1736;1752;122;MANDRILLS BKB_122_20180823_id122_malado_(2)_ORIGINAL.jpg;16
1760;1752;122;MANDRILLS BKB_122_20180823_id122_malado_(20)_ORIGINAL.jpg;8
1759;1752;122;MANDRILLS BKB_122_20180823_id122_malado_(21)_ORIGINAL.jpg;7
1793;1752;122;MANDRILLS BKB_122_20180823_id122_malado_(22)_ORIGINAL.jpg;41
1798;1752;122;MANDRILLS BKB_122_20180823_id122_malado_(23)_ORIGINAL.jpg;46
1767;1752;122;MANDRILLS BKB_122_20180823_id122_malado_(24)_ORIGINAL.jpg;15
1781;1752;122;MANDRILLS BKB_122_20180823_id122_malado_(25)_ORIGINAL.jpg;29
1603;1752;122;MANDRILLS BKB_122_20180823_id122_malado_(27)_ORIGINAL.jpg;149
1537;1752;122;MANDRILLS BKB_122_20180823_id122_malado_(28)_ORIGINAL.jpg;215
1751;1752;122;MANDRILLS BKB_122_20180823_id122_malado_(29)_ORIGINAL.jpg;1
1704;1752;122;MANDRILLS BKB_122_20180823_id122_malado_(3)_ORIGINAL.jpg;48
1808;1752;122;MANDRILLS BKB_122_20180823_id122_malado_(31)_ORIGINAL.jpg;56
1674;1752;122;MANDRILLS BKB_122_20180823_id122_malado_(4)_ORIGINAL.jpg;78
1688;1752;122;MANDRILLS BKB_122_20180823_id122_malado_(5)_ORIGINAL.jpg;64
1725;1752;122;MANDRILLS BKB_122_20180823_id122_malado_(6)_ORIGINAL.jpg;27
1726;1752;122;MANDRILLS BKB_122_20180823_id122_malado_(7)_ORIGINAL.jpg;26
1736;1752;122;MANDRILLS BKB_122_20180823_id122_malado_(8)_ORIGINAL.jpg;16
1624;1752;122;MANDRILLS BKB_122_20180823_id122_malado_(9)_ORIGINAL.jpg;128
1896;1778;122;MANDRILLS BKB_122_20180918_id122_malado_(14)_ORIGINAL.jpg;118
1861;1778;122;MANDRILLS BKB_122_20180918_id122_malado_(15)_ORIGINAL.jpg;83
1884;1778;122;MANDRILLS BKB_122_20180918_id122_malado_(16)_ORIGINAL.jpg;106
1820;1778;122;MANDRILLS BKB_122_20180918_id122_malado_(17)_ORIGINAL.jpg;42
1787;1778;122;MANDRILLS BKB_122_20180918_id122_malado_(18)_ORIGINAL.jpg;9
1755;1778;122;MANDRILLS BKB_122_20180918_id122_malado_(19)_ORIGINAL.jpg;23
1837;1872;122;MANDRILLS BKB_122_20181221_id122_malado_(1)_ORIGINAL.jpg;35
1873;1872;122;MANDRILLS BKB_122_20181221_id122_malado_(10)_ORIGINAL.jpg;1
1866;1872;122;MANDRILLS BKB_122_20181221_id122_malado_(11)_ORIGINAL.jpg;6
1810;1872;122;MANDRILLS BKB_122_20181221_id122_malado_(12)_ORIGINAL.jpg;62
1875;1872;122;MANDRILLS BKB_122_20181221_id122_malado_(13)_ORIGINAL.jpg;3
1837;1872;122;MANDRILLS BKB_122_20181221_id122_malado_(14)_ORIGINAL.jpg;35
1817;1872;122;MANDRILLS BKB_122_20181221_id122_malado_(15)_ORIGINAL.jpg;55
1816;1872;122;MANDRILLS BKB_122_20181221_id122_malado_(16)_ORIGINAL.jpg;56
1742;1872;122;MANDRILLS BKB_122_20181221_id122_malado_(17)_ORIGINAL.jpg;130
1786;1872;122;MANDRILLS BKB_122_20181221_id122_malado_(18)_ORIGINAL.jpg;86
1716;1872;122;MANDRILLS BKB_122_20181221_id122_malado_(2)_ORIGINAL.jpg;156
1784;1872;122;MANDRILLS BKB_122_20181221_id122_malado_(3)_ORIGINAL.jpg;88
1758;1872;122;MANDRILLS BKB_122_20181221_id122_malado_(4)_ORIGINAL.jpg;114
1788;1872;122;MANDRILLS BKB_122_20181221_id122_malado_(5)_ORIGINAL.jpg;84
1757;1872;122;MANDRILLS BKB_122_20181221_id122_malado_(8)_ORIGINAL.jpg;115
1805;1872;122;MANDRILLS BKB_122_20181221_id122_malado_(9)_ORIGINAL.jpg;67
1914;1902;122;MANDRILLS BKB_122_20190120_id122_malado_(2)_ORIGINAL.jpg;12
1936;1902;122;MANDRILLS BKB_122_20190120_id122_malado_(3)_ORIGINAL.jpg;34
1933;1902;122;MANDRILLS BKB_122_20190120_id122_malado_(4)_ORIGINAL.jpg;31
2004;1902;122;MANDRILLS BKB_122_20190120_id122_malado_(5)_ORIGINAL.jpg;102
2012;1902;122;MANDRILLS BKB_122_20190120_id122_malado_(6)_ORIGINAL.jpg;110
1975;1902;122;MANDRILLS BKB_122_20190120_id122_malado_(7)_ORIGINAL.jpg;73
1917;1902;122;MANDRILLS BKB_122_20190120_id122_malado_(8)_ORIGINAL.jpg;15
1981;1902;122;MANDRILLS BKB_122_20190120_id122_malado_(9)_ORIGINAL.jpg;79
1979;1953;122;MANDRILLS BKB_122_20190312_id122_malado_(1).jpg;26
1911;1953;122;MANDRILLS BKB_122_20190312_id122_malado_(3).jpg;42
2016;1953;122;MANDRILLS BKB_122_20190312_id122_malado_(4).jpg;63
1996;1954;122;MANDRILLS BKB_122_20190313_id122_malado_(1).jpg;42
2048;1954;122;MANDRILLS BKB_122_20190313_id122_malado_(2).jpg;94
1963;1954;122;MANDRILLS BKB_122_20190313_id122_malado_(3).jpg;9
2000;1954;122;MANDRILLS BKB_122_20190313_id122_malado_(4).jpg;46
2038;1954;122;MANDRILLS BKB_122_20190313_id122_malado_(5).jpg;84
1987;1954;122;MANDRILLS BKB_122_20190313_id122_malado_(6).jpg;33
2029;1954;122;MANDRILLS BKB_122_20190313_id122_malado_(7).jpg;75
2053;1960;122;MANDRILLS BKB_122_20190319_id122_malado_(1).jpg;93
2086;1960;122;MANDRILLS BKB_122_20190319_id122_malado_(3).jpg;126
2038;1960;122;MANDRILLS BKB_122_20190319_id122_malado_(5).jpg;78
1981;1960;122;MANDRILLS BKB_122_20190319_id122_malado_(6).jpg;21
2303;2129;122;MANDRILLS BKB_122_20190904_id122_malado_(1).jpg;174
2329;2129;122;MANDRILLS BKB_122_20190904_id122_malado_(12).jpg;200
2298;2129;122;MANDRILLS BKB_122_20190904_id122_malado_(2).jpg;169
2319;2129;122;MANDRILLS BKB_122_20190904_id122_malado_(4).jpg;190
2296;2129;122;MANDRILLS BKB_122_20190904_id122_malado_(5).jpg;167
2265;2129;122;MANDRILLS BKB_122_20190904_id122_malado_(6).jpg;136
2313;2129;122;MANDRILLS BKB_122_20190904_id122_malado_(7).jpg;184
2183;2129;122;MANDRILLS BKB_122_20190904_id122_malado_(8).jpg;54
2318;2129;122;MANDRILLS BKB_122_20190904_id122_malado_(9).jpg;189
2287;2177;122;MANDRILLS BKB_122_20191022_id122_malado.jpg;110
2120;2194;122;MANDRILLS BKB_122_20191108_id122_malado.jpg;74
2306;2223;122;MANDRILLS BKB_122_20191207_id122_malado.jpg;83
2359;2285;122;MANDRILLS BKB_122_20200207_id122_malado.jpg;74
2555;2296;122;MANDRILLS BKB_122_20200218_id122_malado.jpg;259
2405;2335;122;MANDRILLS BKB_122_20200328_id122_malado.jpg;70
2549;2373;122;MANDRILLS BKB_122_20200505_id122_malado.jpg;176
2505;2538;122;MANDRILLS BKB_122_20201017_id122_malado.jpg;33
2636;2539;122;MANDRILLS BKB_122_20201018_id122_malado_(2).jpg;97
2569;2539;122;MANDRILLS BKB_122_20201018_id122_malado_(3).jpg;30
2649;2539;122;MANDRILLS BKB_122_20201018_id122_malado_(4).jpg;110
2464;2539;122;MANDRILLS BKB_122_20201018_id122_malado_(5).jpg;75
2759;2559;122;MANDRILLS BKB_122_20201107_id122_malsub.jpg;200
2785;2595;122;MANDRILLS BKB_122_20201213_id122_malsub.jpg;190
2612;2598;122;MANDRILLS BKB_122_20201216_id122_malsub_(1).jpg;14
2601;2598;122;MANDRILLS BKB_122_20201216_id122_malsub_(2).jpg;3
2551;2598;122;MANDRILLS BKB_122_20201216_id122_malsub_(3).jpg;47
2675;2598;122;MANDRILLS BKB_122_20201216_id122_malsub_(4).jpg;77
2708;2617;122;MANDRILLS BKB_122_20210104_id122_malsub.jpg;91
2635;2618;122;MANDRILLS BKB_122_20210105_id122_malsub.jpg;17
2621;2626;122;MANDRILLS BKB_122_20210113_id122_malsub_(1).jpg;5
2790;2626;122;MANDRILLS BKB_122_20210113_id122_malsub_(2).jpg;164
2755;2626;122;MANDRILLS BKB_122_20210113_id122_malsub_(3).jpg;129
2803;2626;122;MANDRILLS BKB_122_20210113_id122_malsub_(4).jpg;177
2556;2645;122;MANDRILLS BKB_122_20210201_id122_malsub_(1).jpg;89
2664;2645;122;MANDRILLS BKB_122_20210201_id122_malsub_(2).jpg;19
2708;2645;122;MANDRILLS BKB_122_20210201_id122_malsub_(3).jpg;63
2575;2645;122;MANDRILLS BKB_122_20210201_id122_malsub_(4).jpg;70
2543;2645;122;MANDRILLS BKB_122_20210201_id122_malsub_(5).jpg;102
2792;2647;122;MANDRILLS BKB_122_20210203_id122_malsub_(1).jpg;145
2810;2647;122;MANDRILLS BKB_122_20210203_id122_malsub_(4).jpg;163
2777;2647;122;MANDRILLS BKB_122_20210203_id122_malsub_(5).jpg;130
2792;2650;122;MANDRILLS BKB_122_20210206_id122_malsub_(1).jpg;142
2774;2650;122;MANDRILLS BKB_122_20210206_id122_malsub_(2).jpg;124
2866;2701;122;MANDRILLS BKB_122_20210329_id122_malsub_(1).jpg;165
2866;2701;122;MANDRILLS BKB_122_20210329_id122_malsub_(2).jpg;165
2781;2704;122;MANDRILLS BKB_122_20210401_id122_malsub_(1).jpg;77
2833;2704;122;MANDRILLS BKB_122_20210401_id122_malsub_(2).jpg;129
2873;2704;122;MANDRILLS BKB_122_20210401_id122_malsub_(3).jpg;169
2920;2704;122;MANDRILLS BKB_122_20210401_id122_malsub_(4).jpg;216
2637;2704;122;MANDRILLS BKB_122_20210401_id122_malsub_(5).jpg;67
2809;2704;122;MANDRILLS BKB_122_20210401_id122_malsub_(6).jpg;105
2687;2705;122;MANDRILLS BKB_122_20210402_id122_malsub_(1).jpg;18
2673;2705;122;MANDRILLS BKB_122_20210402_id122_malsub_(2).jpg;32
2694;2705;122;MANDRILLS BKB_122_20210402_id122_malsub_(3).jpg;11
2970;2722;122;MANDRILLS BKB_122_20210419_id122_malsub_(1).jpg;248
2923;2722;122;MANDRILLS BKB_122_20210419_id122_malsub_(2).jpg;201
2877;2743;122;MANDRILLS BKB_122_20210510_id122_malsub_(2).jpg;134
2936;2743;122;MANDRILLS BKB_122_20210510_id122_malsub_(3).jpg;193
2696;2743;122;MANDRILLS BKB_122_20210510_id122_malsub_(4).jpg;47
2829;2743;122;MANDRILLS BKB_122_20210510_id122_malsub_(5).jpg;86
2803;2743;122;MANDRILLS BKB_122_20210510_id122_malsub_(6).jpg;60
2913;2746;122;MANDRILLS BKB_122_20210513_id122_malsub_(1).jpg;167
2953;2746;122;MANDRILLS BKB_122_20210513_id122_malsub_(2).jpg;207
3174;2817;122;MANDRILLS BKB_122_20210723_id122_malsub_(1).jpg;357
3114;2817;122;MANDRILLS BKB_122_20210723_id122_malsub_(2).jpg;297
2977;2817;122;MANDRILLS BKB_122_20210723_id122_malsub_(3).jpg;160
3284;2817;122;MANDRILLS BKB_122_20210723_id122_malsub_(4).jpg;467
2893;2865;122;MANDRILLS BKB_122_20210909_id122_malsub.jpg;28
2920;2872;122;MANDRILLS BKB_122_20210916_id122_malsub (1).jpg;48
2888;2872;122;MANDRILLS BKB_122_20210916_id122_malsub (2).jpg;16
3013;2875;122;MANDRILLS BKB_122_20210919_id122_malsub.jpg;138
3039;2878;122;MANDRILLS BKB_122_20210922_id122_malsub.jpg;161
2796;2879;122;MANDRILLS BKB_122_20210923_id122_malsub.jpg;83
2791;2893;122;MANDRILLS BKB_122_20211007_id122_malsub.jpg;102
1264;1673;166;MANDRILLS BKB_166_20180801_id166_femadu_(1)_ORIGINAL.jpg;409
1278;1673;166;MANDRILLS BKB_166_20180801_id166_femadu_(10)_ORIGINAL.jpg;395
1341;1673;166;MANDRILLS BKB_166_20180801_id166_femadu_(11)_ORIGINAL.jpg;332
1305;1673;166;MANDRILLS BKB_166_20180801_id166_femadu_(12)_ORIGINAL.jpg;368
1365;1673;166;MANDRILLS BKB_166_20180801_id166_femadu_(13)_ORIGINAL.jpg;308
1185;1673;166;MANDRILLS BKB_166_20180801_id166_femadu_(2)_ORIGINAL.jpg;488
1346;1673;166;MANDRILLS BKB_166_20180801_id166_femadu_(3)_ORIGINAL.jpg;327
1249;1673;166;MANDRILLS BKB_166_20180801_id166_femadu_(5)_ORIGINAL.jpg;424
1174;1673;166;MANDRILLS BKB_166_20180801_id166_femadu_(7)_ORIGINAL.jpg;499
1269;1673;166;MANDRILLS BKB_166_20180801_id166_femadu_(8)_ORIGINAL.jpg;404
1239;1673;166;MANDRILLS BKB_166_20180801_id166_femadu_(9)_ORIGINAL.jpg;434
1346;1860;166;MANDRILLS BKB_166_20190204_id166_femadu_(1)_ORIGINAL.jpg;514
1397;1860;166;MANDRILLS BKB_166_20190204_id166_femadu_(2)_ORIGINAL.jpg;463
1319;1860;166;MANDRILLS BKB_166_20190204_id166_femadu_(3)_ORIGINAL.jpg;541
1259;1860;166;MANDRILLS BKB_166_20190204_id166_femadu_(4)_ORIGINAL.jpg;601
1401;1860;166;MANDRILLS BKB_166_20190204_id166_femadu_(5)_ORIGINAL.jpg;459
1319;1860;166;MANDRILLS BKB_166_20190204_id166_femadu_(6)_ORIGINAL.jpg;541
1419;1860;166;MANDRILLS BKB_166_20190204_id166_femadu_(7)_ORIGINAL.jpg;441
1342;1860;166;MANDRILLS BKB_166_20190204_id166_femadu_(8)_ORIGINAL.jpg;518
1524;1863;166;MANDRILLS BKB_166_20190207_id166_femadu_HAUT_(1)_ORIGINAL.jpg;339
1375;1863;166;MANDRILLS BKB_166_20190207_id166_femadu_HAUT_(10)_ORIGINAL.jpg;488
1509;1863;166;MANDRILLS BKB_166_20190207_id166_femadu_HAUT_(11)_ORIGINAL.jpg;354
1556;1863;166;MANDRILLS BKB_166_20190207_id166_femadu_HAUT_(5)_ORIGINAL.jpg;307
1489;1863;166;MANDRILLS BKB_166_20190207_id166_femadu_HAUT_(6)_ORIGINAL.jpg;374
1424;1863;166;MANDRILLS BKB_166_20190207_id166_femadu_HAUT_(7)_ORIGINAL.jpg;439
1456;1863;166;MANDRILLS BKB_166_20190207_id166_femadu_HAUT_(8)_ORIGINAL.jpg;407
1398;1863;166;MANDRILLS BKB_166_20190207_id166_femadu_HAUT_(9)_ORIGINAL.jpg;465
1577;1889;166;MANDRILLS BKB_166_20190305_id166_femadu_(1)_ORIGINAL.jpg;312
1672;1889;166;MANDRILLS BKB_166_20190305_id166_femadu_(2)_ORIGINAL.jpg;217
1598;1889;166;MANDRILLS BKB_166_20190305_id166_femadu_(3)_ORIGINAL.jpg;291
2216;1897;166;MANDRILLS BKB_166_20190313_id166_femadu_DROITE_(2).jpg;319
1636;1897;166;MANDRILLS BKB_166_20190313_id166_femadu_DROITE_(3).jpg;261
1518;1897;166;MANDRILLS BKB_166_20190313_id166_femadu_DROITE_(4).jpg;379
1666;1903;166;MANDRILLS BKB_166_20190319_id166_femadu_(10).jpg;237
1770;1903;166;MANDRILLS BKB_166_20190319_id166_femadu_(11).jpg;133
1591;1903;166;MANDRILLS BKB_166_20190319_id166_femadu_(12).jpg;312
1571;1903;166;MANDRILLS BKB_166_20190319_id166_femadu_(13).jpg;332
1569;1903;166;MANDRILLS BKB_166_20190319_id166_femadu_(14).jpg;334
1800;1903;166;MANDRILLS BKB_166_20190319_id166_femadu_(3).jpg;103
1742;1903;166;MANDRILLS BKB_166_20190319_id166_femadu_(4).jpg;161
1596;1903;166;MANDRILLS BKB_166_20190319_id166_femadu_(5).jpg;307
1822;1903;166;MANDRILLS BKB_166_20190319_id166_femadu_(6).jpg;81
1675;1903;166;MANDRILLS BKB_166_20190319_id166_femadu_(7).jpg;228
1587;1903;166;MANDRILLS BKB_166_20190319_id166_femadu_(8).jpg;316
1689;1903;166;MANDRILLS BKB_166_20190319_id166_femadu_GAUCHE_(2).jpg;214
1625;1903;166;MANDRILLS BKB_166_20190319_id166_femadu_GAUCHE_(5).jpg;278
1564;1903;166;MANDRILLS BKB_166_20190319_id166_femadu_GAUCHE_(6).jpg;339
1480;1903;166;MANDRILLS BKB_166_20190319_id166_femadu_GAUCHE_(7).jpg;423
1850;1903;166;MANDRILLS BKB_166_20190319_id166_femadu_GAUCHE_(8).jpg;53
1555;1923;166;MANDRILLS BKB_166_20190408_id166_femadu_(2).jpg;368
1603;1923;166;MANDRILLS BKB_166_20190408_id166_femadu_HAUT_(1).jpg;320
1726;1923;166;MANDRILLS BKB_166_20190408_id166_femadu_HAUT_(3).jpg;197
1830;1975;166;MANDRILLS BKB_166_20190530_id166_femadu.jpg;145
1660;2072;166;MANDRILLS BKB_166_20190904_id166_femadu_(1).jpg;412
1658;2072;166;MANDRILLS BKB_166_20190904_id166_femadu_(11).jpg;414
1567;2072;166;MANDRILLS BKB_166_20190904_id166_femadu_(12).jpg;505
1600;2072;166;MANDRILLS BKB_166_20190904_id166_femadu_(13).jpg;472
1725;2072;166;MANDRILLS BKB_166_20190904_id166_femadu_(4).jpg;347
1750;2072;166;MANDRILLS BKB_166_20190904_id166_femadu_(5).jpg;322
1708;2126;166;MANDRILLS BKB_166_20191028_id166_femadu_(1).jpg;418
1582;2126;166;MANDRILLS BKB_166_20191028_id166_femadu_(2).jpg;544
1663;2174;166;MANDRILLS BKB_166_20191215_id166_femadu.jpg;511
1543;2268;166;MANDRILLS BKB_166_20200318_id166_femadu.jpg;725
1650;2270;166;MANDRILLS BKB_166_20200320_id166_femadu.jpg;620
1765;2314;166;MANDRILLS BKB_166_20200503_id166_femadu.jpg;549
1934;2486;166;MANDRILLS BKB_166_20201022_id166_femadu.jpg;552
1950;2492;166;MANDRILLS BKB_166_20201028_id166_femadu_(1).jpg;542
1974;2492;166;MANDRILLS BKB_166_20201028_id166_femadu_(2).jpg;518
1959;2546;166;MANDRILLS BKB_166_20201221_id166_femadu.jpg;587
2277;2563;166;MANDRILLS BKB_166_20210107_id166_femadu_(1).jpg;286
1940;2563;166;MANDRILLS BKB_166_20210107_id166_femadu_(2).jpg;623
2136;2563;166;MANDRILLS BKB_166_20210107_id166_femadu_(3).jpg;427
1888;2563;166;MANDRILLS BKB_166_20210107_id166_femadu_(4).jpg;675
1645;2563;166;MANDRILLS BKB_166_20210107_id166_femadu_(5).jpg;918
2176;2588;166;MANDRILLS BKB_166_20210201_id166_femadu_(2).jpg;412
1879;2588;166;MANDRILLS BKB_166_20210201_id166_femadu_(3).jpg;709
1875;2591;166;MANDRILLS BKB_166_20210204_id166_femadu_(1).jpg;716
2401;2591;166;MANDRILLS BKB_166_20210204_id166_femadu_(2).jpg;190
2003;2596;166;MANDRILLS BKB_166_20210209_id166_femadu.jpg;593
1979;2602;166;MANDRILLS BKB_166_20210215_id166_femadu_(1).jpg;623
1903;2602;166;MANDRILLS BKB_166_20210215_id166_femadu_(2).jpg;699
2399;2605;166;MANDRILLS BKB_166_20210218_id166_femadu_(1).jpg;206
2309;2605;166;MANDRILLS BKB_166_20210218_id166_femadu_(2).jpg;296
2316;2644;166;MANDRILLS BKB_166_20210329_id166_femadu.jpg;328
2009;2651;166;MANDRILLS BKB_166_20210405_id166_femadu.jpg;642
2053;2656;166;MANDRILLS BKB_166_20210410_id166_femadu.jpg;603
1833;2808;166;MANDRILLS BKB_166_20210909_id166_femadu (1).jpg;975
2031;2808;166;MANDRILLS BKB_166_20210909_id166_femadu (2).jpg;777
2068;2808;166;MANDRILLS BKB_166_20210909_id166_femadu (3).jpg;740
2356;2835;166;MANDRILLS BKB_166_20211006_id166_femadu.jpg;479
2074;2845;166;MANDRILLS BKB_166_20211016_id166_femadu_(2).jpg;771
2119;2848;166;MANDRILLS BKB_166_20211019_id166_femadu.jpg;729
2292;2849;166;MANDRILLS BKB_166_20211020_id166_femadu_(2).jpg;557
2356;2879;166;MANDRILLS BKB_166_20211119_id166_femadu_(1).jpg;523
2209;2879;166;MANDRILLS BKB_166_20211119_id166_femadu_(2).jpg;670
2068;2907;166;MANDRILLS BKB_166_20211217_id166_femadu_(1).jpg;839
2204;2907;166;MANDRILLS BKB_166_20211217_id166_femadu_(2).jpg;703
2027;2917;166;MANDRILLS BKB_166_20211227_id166_femadu_(1).jpg;890
2332;2917;166;MANDRILLS BKB_166_20211227_id166_femadu_(2).jpg;585
2246;2917;166;MANDRILLS BKB_166_20211227_id166_femadu_(3).jpg;671
2153;2951;166;MANDRILLS BKB_166_20220130_id166 (2).jpg;798
2137;2951;166;MANDRILLS BKB_166_20220130_id166.jpg;814
1981;2963;166;MANDRILLS BKB_166_20220211_id166_femadu (1).jpg;982
2021;2963;166;MANDRILLS BKB_166_20220211_id166_femadu (2).jpg;942
1810;2963;166;MANDRILLS BKB_166_20220211_id166_femadu (3).jpg;1153
1757;2973;166;MANDRILLS BKB_166_20220221_id166femadu (1).jpg;1216
1989;2973;166;MANDRILLS BKB_166_20220221_id166femadu (2).jpg;984
1946;2973;166;MANDRILLS BKB_166_20220221_id166femadu (3).jpg;1027
1991;2973;166;MANDRILLS BKB_166_20220221_id166femadu (4).jpg;982
1903;2973;166;MANDRILLS BKB_166_20220221_id166femadu (5).jpg;1070
1839;2973;166;MANDRILLS BKB_166_20220221_id166femadu (6).jpg;1134
2064;2999;166;MANDRILLS BKB_166_20220319_id166_femadu.jpg;935
1703;3003;166;MANDRILLS BKB_166_20220323_id166_femadu (1).jpg;1300
1908;3003;166;MANDRILLS BKB_166_20220323_id166_femadu (2).jpg;1095
1933;3021;166;MANDRILLS BKB_166_20220410_id166_femadu.jpg;1088
1822;3057;166;MANDRILLS BKB_166_20220516_id166_femadu (1).jpg;1235
1861;3057;166;MANDRILLS BKB_166_20220516_id166_femadu (2).jpg;1196
2607;3059;166;MANDRILLS BKB_166_20220518_id166_femadu (1).jpg;452
1872;3070;166;MANDRILLS BKB_166_20220529_id166_femadu.jpg;1198
1879;3074;166;MANDRILLS BKB_166_20220602_id166_femadu.jpg;1195
2151;3078;166;MANDRILLS BKB_166_20220606_id166_femadu (1).jpg;927
2538;3078;166;MANDRILLS BKB_166_20220606_id166_femadu (2).jpg;540
2098;3088;166;MANDRILLS BKB_166_20220616_id166_femadu.jpg;990
1935;3093;166;MANDRILLS BKB_166_20220621_id166_femadu (1).jpg;1158
2420;3093;166;MANDRILLS BKB_166_20220621_id166_femadu (2).jpg;673
2482;3093;166;MANDRILLS BKB_166_20220621_id166_femadu (3).jpg;611
2507;3095;166;MANDRILLS BKB_166_20220623_id166_femadu.jpg;588
2264;3101;166;MANDRILLS BKB_166_20220629_id166 (1).jpg;837
2149;3101;166;MANDRILLS BKB_166_20220629_id166 (2).jpg;952
2142;3101;166;MANDRILLS BKB_166_20220629_id166 (3).jpg;959
1957;3103;166;MANDRILLS BKB_166_20220701_id166 (2).jpg;1146
2299;3103;166;MANDRILLS BKB_166_20220701_id166.jpg;804
2016;3115;166;MANDRILLS BKB_166_20220713_id166 (2).jpg;1099
2178;3118;166;MANDRILLS BKB_166_20220716_id166 (1).jpg;940
1935;3118;166;MANDRILLS BKB_166_20220716_id166 (2).jpg;1183
2568;3118;166;MANDRILLS BKB_166_20220716_id166_femadu.jpg;550
2040;3121;166;MANDRILLS BKB_166_20220719_id166 (1).jpg;1081
2187;3121;166;MANDRILLS BKB_166_20220719_id166 (2).jpg;934
2007;3121;166;MANDRILLS BKB_166_20220719_id166 (3).jpg;1114
2080;3121;166;MANDRILLS BKB_166_20220719_id166 (4).jpg;1041
2359;3121;166;MANDRILLS BKB_166_20220719_id166.jpg;762
2127;3127;166;MANDRILLS BKB_166_20220725_id166.jpg;1000
2206;3128;166;MANDRILLS BKB_166_20220726_id166.jpg;922
1930;3141;166;MANDRILLS BKB_166_20220808_id166 (1).jpg;1211
1762;3141;166;MANDRILLS BKB_166_20220808_id166 (2).jpg;1379
2084;3141;166;MANDRILLS BKB_166_20220808_id166 (3).jpg;1057
2168;3156;166;MANDRILLS BKB_166_20220823_id166.jpg;988
2079;3159;166;MANDRILLS BKB_166_20220826_id166.jpg;1080
2856;3169;166;MANDRILLS BKB_166_20220905_id166 (1).jpg;313
2621;3169;166;MANDRILLS BKB_166_20220905_id166 (2).jpg;548
2630;3175;166;MANDRILLS BKB_166_20220911_id166 (1).jpg;545
3038;3175;166;MANDRILLS BKB_166_20220911_id166 (2).jpg;137
2165;3197;166;MANDRILLS BKB_166_20221003_id166.jpg;1032
2457;3199;166;MANDRILLS BKB_166_20221005_id166.jpg;742
2563;3213;166;MANDRILLS BKB_166_20221019_id166.jpg;650
2343;3215;166;MANDRILLS BKB_166_20221021_id166.jpg;872
2111;3224;166;MANDRILLS BKB_166_20221030_id166 (1).jpg;1113
2250;3224;166;MANDRILLS BKB_166_20221030_id166 (2).jpg;974
2593;3224;166;MANDRILLS BKB_166_20221030_id166 (3).jpg;631
2319;3224;166;MANDRILLS BKB_166_20221030_id166.jpg;905
2300;3225;166;MANDRILLS BKB_166_20221031_id166.jpg;925
2715;3234;166;MANDRILLS BKB_166_20221109_id166.jpg;519
2726;3246;166;MANDRILLS BKB_166_20221121_id166 (2).jpg;520
2809;3265;166;MANDRILLS BKB_166_20221210_id166 (2).jpg;456
3058;3265;166;MANDRILLS BKB_166_20221210_id166.jpg;207
2571;3269;166;MANDRILLS BKB_166_20221214_id166.jpg;698
2899;3273;166;MANDRILLS BKB_166_20221218_id166.jpg;374
2827;3277;166;MANDRILLS BKB_166_20221222_id166 (2).jpg;450
533;553;176;MANDRILLS BKB_176_20190708_id176_femjuv_GAUCHE_(1).jpg;20
494;553;176;MANDRILLS BKB_176_20190708_id176_femjuv_GAUCHE_(2).jpg;59
434;553;176;MANDRILLS BKB_176_20190708_id176_femjuv_GAUCHE_(3).jpg;119
457;553;176;MANDRILLS BKB_176_20190708_id176_femjuv_GAUCHE_(4).jpg;96
423;553;176;MANDRILLS BKB_176_20190708_id176_femjuv_GAUCHE_(5).jpg;130
420;553;176;MANDRILLS BKB_176_20190708_id176_femjuv_GAUCHE_(6).jpg;133
488;553;176;MANDRILLS BKB_176_20190708_id176_femjuv_GAUCHE_(7).jpg;65
448;553;176;MANDRILLS BKB_176_20190708_id176_femjuv_GAUCHE_(8).jpg;105
471;553;176;MANDRILLS BKB_176_20190708_id176_femjuv_GAUCHE_(9).jpg;82
591;573;176;MANDRILLS BKB_176_20190728_id176_femjuv_(1).jpg;18
526;573;176;MANDRILLS BKB_176_20190728_id176_femjuv_(2).jpg;47
506;573;176;MANDRILLS BKB_176_20190728_id176_femjuv_(5).jpg;67
394;573;176;MANDRILLS BKB_176_20190728_id176_femjuv_(6).jpg;179
373;574;176;MANDRILLS BKB_176_20190729_id176_femjuv_(2).jpg;201
379;574;176;MANDRILLS BKB_176_20190729_id176_femjuv_(3).jpg;195
478;574;176;MANDRILLS BKB_176_20190729_id176_femjuv_(4).jpg;96
667;617;176;MANDRILLS BKB_176_20190910_id176_femjuv_(1).jpg;50
578;617;176;MANDRILLS BKB_176_20190910_id176_femjuv_(10).jpg;39
501;617;176;MANDRILLS BKB_176_20190910_id176_femjuv_(11).jpg;116
446;617;176;MANDRILLS BKB_176_20190910_id176_femjuv_(12).jpg;171
545;617;176;MANDRILLS BKB_176_20190910_id176_femjuv_(13).jpg;72
762;617;176;MANDRILLS BKB_176_20190910_id176_femjuv_(14).jpg;145
492;617;176;MANDRILLS BKB_176_20190910_id176_femjuv_(15).jpg;125
450;617;176;MANDRILLS BKB_176_20190910_id176_femjuv_(16).jpg;167
567;617;176;MANDRILLS BKB_176_20190910_id176_femjuv_(17).jpg;50
474;617;176;MANDRILLS BKB_176_20190910_id176_femjuv_(18).jpg;143
518;617;176;MANDRILLS BKB_176_20190910_id176_femjuv_(19).jpg;99
603;617;176;MANDRILLS BKB_176_20190910_id176_femjuv_(3).jpg;14
556;617;176;MANDRILLS BKB_176_20190910_id176_femjuv_(6).jpg;61
561;617;176;MANDRILLS BKB_176_20190910_id176_femjuv_(7).jpg;56
821;856;176;MANDRILLS BKB_176_20200506_id176_femjuv_(1).jpg;35
994;856;176;MANDRILLS BKB_176_20200506_id176_femjuv_(10).jpg;138
956;856;176;MANDRILLS BKB_176_20200506_id176_femjuv_(2).jpg;100
750;856;176;MANDRILLS BKB_176_20200506_id176_femjuv_(3).jpg;106
795;856;176;MANDRILLS BKB_176_20200506_id176_femjuv_(5).jpg;61
855;856;176;MANDRILLS BKB_176_20200506_id176_femjuv_(6).jpg;1
912;856;176;MANDRILLS BKB_176_20200506_id176_femjuv_(7).jpg;56
779;856;176;MANDRILLS BKB_176_20200506_id176_femjuv_(9).jpg;77
823;1025;176;MANDRILLS BKB_176_20201022_id176_femjuv_(1).jpg;202
851;1025;176;MANDRILLS BKB_176_20201022_id176_femjuv_(2).jpg;174
894;1025;176;MANDRILLS BKB_176_20201022_id176_femjuv_(3).jpg;131
1003;1055;176;MANDRILLS BKB_176_20201121_id176_femjuv_(1).jpg;52
957;1055;176;MANDRILLS BKB_176_20201121_id176_femjuv_(2).jpg;98
970;1055;176;MANDRILLS BKB_176_20201121_id176_femjuv_(3).jpg;85
985;1055;176;MANDRILLS BKB_176_20201121_id176_femjuv_(4).jpg;70
1070;1055;176;MANDRILLS BKB_176_20201121_id176_femjuv_(5).jpg;15
957;1077;176;MANDRILLS BKB_176_20201213_id176_femjuv_(1).jpg;120
980;1077;176;MANDRILLS BKB_176_20201213_id176_femjuv_(2).jpg;97
1043;1077;176;MANDRILLS BKB_176_20201213_id176_femjuv_(3).jpg;34
1143;1080;176;MANDRILLS BKB_176_20201216_id176_femjuv_(1).jpg;63
1117;1080;176;MANDRILLS BKB_176_20201216_id176_femjuv_(2).jpg;37
1023;1080;176;MANDRILLS BKB_176_20201216_id176_femjuv_(3).jpg;57
1004;1080;176;MANDRILLS BKB_176_20201216_id176_femjuv_(4).jpg;76
1026;1080;176;MANDRILLS BKB_176_20201216_id176_femjuv_(5).jpg;54
1147;1081;176;MANDRILLS BKB_176_20201217_id176_femjuv.jpg;66
1109;1086;176;MANDRILLS BKB_176_20201222_id176_femjuv_(1).jpg;23
1079;1086;176;MANDRILLS BKB_176_20201222_id176_femjuv_(2).jpg;7
1022;1091;176;MANDRILLS BKB_176_20201227_id176_femjuv.jpg;69
1128;1095;176;MANDRILLS BKB_176_20201231_id176_femjuv_(1).jpg;33
1040;1095;176;MANDRILLS BKB_176_20201231_id176_femjuv_(2).jpg;55
1144;1095;176;MANDRILLS BKB_176_20201231_id176_femjuv_(3).jpg;49
1051;1095;176;MANDRILLS BKB_176_20201231_id176_femjuv_(4).jpg;44
1064;1108;176;MANDRILLS BKB_176_20210113_id176_femadu_(1).jpg;44
1133;1108;176;MANDRILLS BKB_176_20210113_id176_femadu_(2).jpg;25
1015;1111;176;MANDRILLS BKB_176_20210116_id176_femadu.jpg;96
926;1115;176;MANDRILLS BKB_176_20210120_id176_femadu_(1).jpg;189
1068;1115;176;MANDRILLS BKB_176_20210120_id176_femadu_(2).jpg;47
1072;1131;176;MANDRILLS BKB_176_20210205_id176_femadu_(1).jpg;59
1039;1131;176;MANDRILLS BKB_176_20210205_id176_femadu_(2).jpg;92
1035;1152;176;MANDRILLS BKB_176_20210226_id176_femadu.jpg;117
1077;1155;176;MANDRILLS BKB_176_20210301_id176_femadu_(2).jpg;78
1167;1162;176;MANDRILLS BKB_176_20210308_id176_femadu_(1).jpg;5
1025;1162;176;MANDRILLS BKB_176_20210308_id176_femadu_(2).jpg;137
928;1162;176;MANDRILLS BKB_176_20210308_id176_femadu_(3).jpg;234
1253;1208;176;MANDRILLS BKB_176_20210423_id176_femadu_(1).jpg;45
1301;1208;176;MANDRILLS BKB_176_20210423_id176_femadu_(2).jpg;93
1248;1302;176;MANDRILLS BKB_176_20210726_id176_femadu.jpg;54
1383;1392;176;MANDRILLS BKB_176_20211024_id176_femadu_(2).jpg;9
1279;1392;176;MANDRILLS BKB_176_20211024_id176_femadu_(3).jpg;113
1374;1405;176;MANDRILLS BKB_176_20211106_id176_femadu.jpg;31
1223;1418;176;MANDRILLS BKB_176_20211119_id176_femadu.jpg;195
1569;1487;176;MANDRILLS BKB_176_20220127_id176 (1).jpg;82
1502;1487;176;MANDRILLS BKB_176_20220127_id176.jpg;15
1428;1492;176;MANDRILLS BKB_176_20220201_id176_femadu (1).jpg;64
1460;1492;176;MANDRILLS BKB_176_20220201_id176_femadu (2).jpg;32
1417;1492;176;MANDRILLS BKB_176_20220201_id176_femadu (3).jpg;75
1250;1492;176;MANDRILLS BKB_176_20220201_id176_femadu (4).jpg;242
1520;1492;176;MANDRILLS BKB_176_20220201_id176_femadu (5).jpg;28
1585;1543;176;MANDRILLS BKB_176_20220324_id176_femadu (1).jpg;42
1563;1543;176;MANDRILLS BKB_176_20220324_id176_femadu (2).jpg;20
1546;1543;176;MANDRILLS BKB_176_20220324_id176_femadu (3).jpg;3
1725;1551;176;MANDRILLS BKB_176_20220401_id176_femadu (1).jpg;174
1732;1551;176;MANDRILLS BKB_176_20220401_id176_femadu (2).jpg;181
1734;1551;176;MANDRILLS BKB_176_20220401_id176_femadu (3).jpg;183
1743;1551;176;MANDRILLS BKB_176_20220401_id176_femadu (4).jpg;192
1548;1557;176;MANDRILLS BKB_176_20220407_id176_femadu.jpg;9
1705;1576;176;MANDRILLS BKB_176_20220426_id176_femadu (1).jpg;129
1512;1577;176;MANDRILLS BKB_176_20220427_id176_femadu (1).jpg;65
1613;1591;176;MANDRILLS BKB_176_20220511_id176_femadu.jpg;22
1558;1595;176;MANDRILLS BKB_176_20220515_id176_femadu (1).jpg;37
1773;1596;176;MANDRILLS BKB_176_20220516_id176_femadu (1).jpg;177
1746;1596;176;MANDRILLS BKB_176_20220516_id176_femadu (2).jpg;150
1681;1601;176;MANDRILLS BKB_176_20220521_id176_femadu (1).jpg;80
1597;1601;176;MANDRILLS BKB_176_20220521_id176_femadu (2).jpg;4
1778;1610;176;MANDRILLS BKB_176_20220530_id176_femadu.jpg;168
1738;1642;176;MANDRILLS BKB_176_20220701_id176.jpg;96
1758;1647;176;MANDRILLS BKB_176_20220706_id176.jpg;111
1729;1650;176;MANDRILLS BKB_176_20220709_id176.jpg;79
1790;1652;176;MANDRILLS BKB_176_20220711_id176.jpg;138
1744;1654;176;MANDRILLS BKB_176_20220713_id176 (2).jpg;90
1783;1658;176;MANDRILLS BKB_176_20220717_id176 (1).jpg;125
1752;1658;176;MANDRILLS BKB_176_20220717_id176 (2).jpg;94
1815;1658;176;MANDRILLS BKB_176_20220717_id176 (3).jpg;157
1834;1675;176;MANDRILLS BKB_176_20220803_id176.jpg;159
1743;1684;176;MANDRILLS BKB_176_20220812_id176.jpg;59
1746;1687;176;MANDRILLS BKB_176_20220815_id176.jpg;59
2023;1698;176;MANDRILLS BKB_176_20220826_id176.jpg;325
1627;1710;176;MANDRILLS BKB_176_20220907_id176.jpg;83
1743;1714;176;MANDRILLS BKB_176_20220911_id176.jpg;29
1693;1724;176;MANDRILLS BKB_176_20220921_id176.jpg;31
1809;1756;176;MANDRILLS BKB_176_20221023_id176.jpg;53
1576;1778;176;MANDRILLS BKB_176_20221114_id176.jpg;202
1652;1780;176;MANDRILLS BKB_176_20221116_id176.jpg;128
1746;1783;176;MANDRILLS BKB_176_20221119_id176.jpg;37
1676;1789;176;MANDRILLS BKB_176_20221125_id176 (1).jpg;113
1951;1789;176;MANDRILLS BKB_176_20221125_id176 (2).jpg;162
1888;1794;176;MANDRILLS BKB_176_20221130_id176.jpg;94
2051;1803;176;MANDRILLS BKB_176_20221209_id176.jpg;248
818;889;179;MANDRILLS BKB_179_20180705_id179_femjuv_GAUCHE_(52)_ORIGINAL.jpg;71
827;889;179;MANDRILLS BKB_179_20180705_id179_femjuv_GAUCHE_(53)_ORIGINAL.jpg;62
1500;1255;179;MANDRILLS BKB_179_20190706_id179_femjuv_(1).jpg;245
1392;1255;179;MANDRILLS BKB_179_20190706_id179_femjuv_(10).jpg;137
1259;1255;179;MANDRILLS BKB_179_20190706_id179_femjuv_(17).jpg;4
1275;1255;179;MANDRILLS BKB_179_20190706_id179_femjuv_(18).jpg;20
1357;1255;179;MANDRILLS BKB_179_20190706_id179_femjuv_(19).jpg;102
1459;1255;179;MANDRILLS BKB_179_20190706_id179_femjuv_(23).jpg;204
1463;1255;179;MANDRILLS BKB_179_20190706_id179_femjuv_(24).jpg;208
1341;1255;179;MANDRILLS BKB_179_20190706_id179_femjuv_(4).jpg;86
1302;1255;179;MANDRILLS BKB_179_20190706_id179_femjuv_(5).jpg;47
1311;1255;179;MANDRILLS BKB_179_20190706_id179_femjuv_(9).jpg;56
1538;1302;179;MANDRILLS BKB_179_20190822_id179_femjuv_(1).jpg;236
1569;1302;179;MANDRILLS BKB_179_20190822_id179_femjuv_(2).jpg;267
1372;1302;179;MANDRILLS BKB_179_20190822_id179_femjuv_(3).jpg;70
1395;1302;179;MANDRILLS BKB_179_20190822_id179_femjuv_(4).jpg;93
1336;1336;179;MANDRILLS BKB_179_20190925_id179_femjuv_(3).jpg;0
1366;1413;179;MANDRILLS BKB_179_20191211_id179_femjuv_(1).jpg;47
1409;1413;179;MANDRILLS BKB_179_20191211_id179_femjuv_(2).jpg;4
1817;1557;179;MANDRILLS BKB_179_20200503_id179_femadu.jpg;260
2024;1729;179;MANDRILLS BKB_179_20201022_id179_femadu_(2).jpg;295
2252;1729;179;MANDRILLS BKB_179_20201022_id179_femadu_(3).jpg;523
2107;1729;179;MANDRILLS BKB_179_20201022_id179_femadu_(4).jpg;378
1756;1729;179;MANDRILLS BKB_179_20201022_id179_femadu_(5).jpg;27
1944;1781;179;MANDRILLS BKB_179_20201213_id179_femadu_(1).jpg;163
1741;1781;179;MANDRILLS BKB_179_20201213_id179_femadu_(2).jpg;40
1838;1781;179;MANDRILLS BKB_179_20201213_id179_femadu_(3).jpg;57
1995;1781;179;MANDRILLS BKB_179_20201213_id179_femadu_(4).jpg;214
1966;1839;179;MANDRILLS BKB_179_20210209_id179_femadu_(1).jpg;127
1920;1839;179;MANDRILLS BKB_179_20210209_id179_femadu_(2).jpg;81
2004;1839;179;MANDRILLS BKB_179_20210209_id179_femadu_(3).jpg;165
2058;1866;179;MANDRILLS BKB_179_20210308_id179_femadu_(1).jpg;192
2229;1866;179;MANDRILLS BKB_179_20210308_id179_femadu_(2).jpg;363
2518;1891;179;MANDRILLS BKB_179_20210402_id179_femadu_(1).jpg;627
2465;1891;179;MANDRILLS BKB_179_20210402_id179_femadu_(2).jpg;574
2123;2003;179;MANDRILLS BKB_179_20210723_id179_femadu_(1).jpg;120
2143;2003;179;MANDRILLS BKB_179_20210723_id179_femadu_(2).jpg;140
1960;2051;179;MANDRILLS BKB_179_20210909_id179_femadu.jpg;91
2274;2058;179;MANDRILLS BKB_179_20210916_id179_femadu.jpg;216
2084;2061;179;MANDRILLS BKB_179_20210919_id179_femadu.jpg;23
2693;2122;179;MANDRILLS BKB_179_20211119_id179_femadu_(1).jpg;571
2960;2122;179;MANDRILLS BKB_179_20211119_id179_femadu_(2).jpg;838
2176;2149;179;MANDRILLS BKB_179_20211216_ID179_femadu_(1).jpg;27
2300;2149;179;MANDRILLS BKB_179_20211216_ID179_femadu_(2).jpg;151
2412;2150;179;MANDRILLS BKB_179_20211217_id179_femadu_(1).jpg;262
2412;2150;179;MANDRILLS BKB_179_20211217_id179_femadu_(2).jpg;262
2162;2212;179;MANDRILLS BKB_179_20220217_id179_femadu.jpg;50
2337;2232;179;MANDRILLS BKB_179_20220309_id179_femadu (1).jpg;105
2140;2232;179;MANDRILLS BKB_179_20220309_id179_femadu (2).jpg;92
2406;2232;179;MANDRILLS BKB_179_20220309_id179_femadu (3).jpg;174
3144;2288;179;MANDRILLS BKB_179_20220504_id179_femadu (2).jpg;856
2784;2288;179;MANDRILLS BKB_179_20220504_id179_femadu.jpg;496
2303;2299;179;MANDRILLS BKB_179_20220515_id179_femadu (2).jpg;4
3428;2299;179;MANDRILLS BKB_179_20220515_id179_femadu.jpg;1129
2609;2300;179;MANDRILLS BKB_179_20220516_id179_femadu.jpg;309
2327;2308;179;MANDRILLS BKB_179_20220524_id179_femadu.jpg;19
2150;2310;179;MANDRILLS BKB_179_20220526_id179_femadu.jpg;160
2588;2344;179;MANDRILLS BKB_179_20220629_id179 (1).jpg;244
2526;2344;179;MANDRILLS BKB_179_20220629_id179 (2).jpg;182
2888;2344;179;MANDRILLS BKB_179_20220629_id179 (3).jpg;544
2270;2344;179;MANDRILLS BKB_179_20220629_id179 (4).jpg;74
2798;2344;179;MANDRILLS BKB_179_20220629_id179.jpg;454
2417;2356;179;MANDRILLS BKB_179_20220711_id179 (2).jpg;61
2605;2356;179;MANDRILLS BKB_179_20220711_id179 (3).jpg;249
2494;2356;179;MANDRILLS BKB_179_20220711_id179.jpg;138
3056;2358;179;MANDRILLS BKB_179_20220713_id179 (1).jpg;698
2679;2358;179;MANDRILLS BKB_179_20220713_id179 (2).jpg;321
2946;2358;179;MANDRILLS BKB_179_20220713_id179 (4).jpg;588
2710;2362;179;MANDRILLS BKB_179_20220717_id179.jpg;348
2017;2366;179;MANDRILLS BKB_179_20220721_id179 (1).jpg;349
2643;2366;179;MANDRILLS BKB_179_20220721_id179 (2).jpg;277
2419;2366;179;MANDRILLS BKB_179_20220721_id179.jpg;53
2512;2370;179;MANDRILLS BKB_179_20220725_id179.jpg;142
2441;2378;179;MANDRILLS BKB_179_20220802_id179.jpg;63
2250;2395;179;MANDRILLS BKB_179_20220819_id179.jpg;145
2399;2411;179;MANDRILLS BKB_179_20220904_id179.jpg;12
2289;2412;179;MANDRILLS BKB_179_20220905_id179 (1).jpg;123
2812;2412;179;MANDRILLS BKB_179_20220905_id179 (2).jpg;400
2873;2456;179;MANDRILLS BKB_179_20221019_id179.jpg;417
2559;2489;179;MANDRILLS BKB_179_20221121_id179.jpg;70
306;313;204;MANDRILLS BKB_204_20190926_id204_femjuv.jpg;7
386;325;204;MANDRILLS BKB_204_20191008_id204_femjuv_(1).jpg;61
312;325;204;MANDRILLS BKB_204_20191008_id204_femjuv_(2).jpg;13
338;325;204;MANDRILLS BKB_204_20191008_id204_femjuv_(3).jpg;13
342;325;204;MANDRILLS BKB_204_20191008_id204_femjuv_(4).jpg;17
406;345;204;MANDRILLS BKB_204_20191028_id204_femjuv_(1).jpg;61
487;345;204;MANDRILLS BKB_204_20191028_id204_femjuv_(2).jpg;142
410;345;204;MANDRILLS BKB_204_20191028_id204_femjuv_(3).jpg;65
461;416;204;MANDRILLS BKB_204_20200107_id204_femjuv_(1).jpg;45
452;416;204;MANDRILLS BKB_204_20200107_id204_femjuv_(2).jpg;36
457;416;204;MANDRILLS BKB_204_20200107_id204_femjuv_(3).jpg;41
484;416;204;MANDRILLS BKB_204_20200107_id204_femjuv_(4).jpg;68
401;416;204;MANDRILLS BKB_204_20200107_id204_femjuv_(5).jpg;15
638;705;204;MANDRILLS BKB_204_20201022_id204_femjuv_(1).jpg;67
670;705;204;MANDRILLS BKB_204_20201022_id204_femjuv_(2).jpg;35
657;706;204;MANDRILLS BKB_204_20201023_id204_femjuv_(1).jpg;49
742;706;204;MANDRILLS BKB_204_20201023_id204_femjuv_(2).jpg;36
451;706;204;MANDRILLS BKB_204_20201023_id204_femjuv_(3).jpg;255
453;706;204;MANDRILLS BKB_204_20201023_id204_femjuv_(4).jpg;253
429;706;204;MANDRILLS BKB_204_20201023_id204_femjuv_(5).jpg;277
639;706;204;MANDRILLS BKB_204_20201023_id204_femjuv_(6).jpg;67
742;714;204;MANDRILLS BKB_204_20201031_id204_femjuv_(1).jpg;28
728;714;204;MANDRILLS BKB_204_20201031_id204_femjuv_(2).jpg;14
715;714;204;MANDRILLS BKB_204_20201031_id204_femjuv_(3).jpg;1
761;714;204;MANDRILLS BKB_204_20201031_id204_femjuv_(4).jpg;47
572;714;204;MANDRILLS BKB_204_20201031_id204_femjuv_(5).jpg;142
773;714;204;MANDRILLS BKB_204_20201031_id204_femjuv_(6).jpg;59
734;715;204;MANDRILLS BKB_204_20201101_id204_femjuv_(1).jpg;19
686;715;204;MANDRILLS BKB_204_20201101_id204_femjuv_(2).jpg;29
686;717;204;MANDRILLS BKB_204_20201103_id204_femadu_(1).jpg;31
716;717;204;MANDRILLS BKB_204_20201103_id204_femadu_(2).jpg;1
821;738;204;MANDRILLS BKB_204_20201124_id204_femjuv.jpg;83
805;788;204;MANDRILLS BKB_204_20210113_id204_fem_(1).jpg;17
823;788;204;MANDRILLS BKB_204_20210113_id204_fem_(2).jpg;35
840;788;204;MANDRILLS BKB_204_20210113_id204_fem_(3).jpg;52
764;788;204;MANDRILLS BKB_204_20210113_id204_fem_(4).jpg;24
725;805;204;MANDRILLS BKB_204_20210130_id204_fem.jpg;80
849;809;204;MANDRILLS BKB_204_20210203_id204_fem_(1).jpg;40
767;809;204;MANDRILLS BKB_204_20210203_id204_fem_(2).jpg;42
811;809;204;MANDRILLS BKB_204_20210203_id204_fem_(3).jpg;2
726;809;204;MANDRILLS BKB_204_20210203_id204_fem_(4).jpg;83
861;809;204;MANDRILLS BKB_204_20210203_id204_fem_(5).jpg;52
820;816;204;MANDRILLS BKB_204_20210210_id204_fem_(1).jpg;4
877;816;204;MANDRILLS BKB_204_20210210_id204_fem_(2).jpg;61
1113;1042;204;MANDRILLS BKB_204_20210924_id204_femjuv (1).jpg;71
1120;1042;204;MANDRILLS BKB_204_20210924_id204_femjuv (2).jpg;78
981;1053;204;MANDRILLS BKB_204_20211005_id204_femjuv.jpg;72
1259;1126;204;MANDRILLS BKB_204_20211217_id204_femjuv_(1).jpg;133
1224;1126;204;MANDRILLS BKB_204_20211217_id204_femjuv_(2).jpg;98
1249;1128;204;MANDRILLS BKB_204_20211219_id204_femjuv.jpg;121
1272;1156;204;MANDRILLS BKB_204_20220116_id204_femjuv (2).jpg;116
1281;1156;204;MANDRILLS BKB_204_20220116_id204_femjuv(1).jpg;125
1167;1167;204;MANDRILLS BKB_204_20220127_id204 (1).jpg;0
1212;1167;204;MANDRILLS BKB_204_20220127_id204.jpg;45
1184;1172;204;MANDRILLS BKB_204_20220201_id204_femjuv (1).jpg;12
1253;1172;204;MANDRILLS BKB_204_20220201_id204_femjuv (2).jpg;81
1320;1172;204;MANDRILLS BKB_204_20220201_id204_femjuv (3).jpg;148
1316;1187;204;MANDRILLS BKB_204_20220216_id204_femjuv (1).jpg;129
1266;1187;204;MANDRILLS BKB_204_20220216_id204_femjuv (2).jpg;79
1423;1256;204;MANDRILLS BKB_204_20220426_id204_femjuv (1).jpg;167
1390;1256;204;MANDRILLS BKB_204_20220426_id204_femjuv (2).jpg;134
1376;1256;204;MANDRILLS BKB_204_20220426_id204_femjuv.jpg;120
1377;1263;204;MANDRILLS BKB_204_20220503_id204_femjuv (2).jpg;114
1352;1263;204;MANDRILLS BKB_204_20220503_id204_femjuv (3).jpg;89
1282;1263;204;MANDRILLS BKB_204_20220503_id204_femjuv (4).jpg;19
1361;1263;204;MANDRILLS BKB_204_20220503_id204_femjuv (5).jpg;98
1335;1263;204;MANDRILLS BKB_204_20220503_id204_femjuv.jpg;72
1345;1278;204;MANDRILLS BKB_204_20220518_id204_femjuv.jpg;67
1471;1286;204;MANDRILLS BKB_204_20220526_id204_femjuv (1).jpg;185
1389;1286;204;MANDRILLS BKB_204_20220526_id204_femjuv (2).jpg;103
1415;1308;204;MANDRILLS BKB_204_20220617_id204_femjuv.jpg;107
1420;1314;204;MANDRILLS BKB_204_20220623_id204_femjuv.jpg;106
1316;1315;204;MANDRILLS BKB_204_20220624_id204_femjuv.jpg;1
1362;1320;204;MANDRILLS BKB_204_20220629_id204 (1).jpg;42
1268;1320;204;MANDRILLS BKB_204_20220629_id204 (3).jpg;52
1432;1332;204;MANDRILLS BKB_204_20220711_id204 (1).jpg;100
1427;1332;204;MANDRILLS BKB_204_20220711_id204.jpg;95
1348;1364;204;MANDRILLS BKB_204_20220812_id204 (1).jpg;16
1470;1364;204;MANDRILLS BKB_204_20220812_id204 (2).jpg;106
1564;1370;204;MANDRILLS BKB_204_20220818_id204 (1).jpg;194
1598;1378;204;MANDRILLS BKB_204_20220826_id204 (1).jpg;220
1580;1378;204;MANDRILLS BKB_204_20220826_id204 (2).jpg;202
1526;1388;204;MANDRILLS BKB_204_20220905_id204 (1).jpg;138
1470;1395;204;MANDRILLS BKB_204_20220912_id204 (2).jpg;75
1429;1395;204;MANDRILLS BKB_204_20220912_id204 (3).jpg;34
1521;1407;204;MANDRILLS BKB_204_20220924_id204.jpg;114
1573;1409;204;MANDRILLS BKB_204_20220926_id204.jpg;164
1410;1418;204;MANDRILLS BKB_204_20221005_id204 (1).jpg;8
1555;1418;204;MANDRILLS BKB_204_20221005_id204 (3).jpg;137
1491;1424;204;MANDRILLS BKB_204_20221011_id204.jpg;67
1432;1440;204;MANDRILLS BKB_204_20221027_id204 (1).jpg;8
1446;1440;204;MANDRILLS BKB_204_20221027_id204 (2).jpg;6
1623;1442;204;MANDRILLS BKB_204_20221029_id204.jpg;181
1615;1461;204;MANDRILLS BKB_204_20221117_id204.jpg;154
1569;1474;204;MANDRILLS BKB_204_20221130_id204 (2).jpg;95
2065;1483;204;MANDRILLS BKB_204_20221209_id204 (1).jpg;582
1905;1483;204;MANDRILLS BKB_204_20221209_id204 (10).jpg;422
1749;1483;204;MANDRILLS BKB_204_20221209_id204 (2).jpg;266
1428;1483;204;MANDRILLS BKB_204_20221209_id204 (3).jpg;55
1570;1483;204;MANDRILLS BKB_204_20221209_id204 (4).jpg;87
1687;1483;204;MANDRILLS BKB_204_20221209_id204 (5).jpg;204
1686;1483;204;MANDRILLS BKB_204_20221209_id204 (6).jpg;203
1643;1483;204;MANDRILLS BKB_204_20221209_id204 (9).jpg;160
1513;1492;204;MANDRILLS BKB_204_20221218_id204.jpg;21
375;321;205;MANDRILLS BKB_205_20191028_id205_femjuv.jpg;54
476;400;205;MANDRILLS BKB_205_20200115_id205_femjuv.jpg;76
382;402;205;MANDRILLS BKB_205_20200117_id205_femjuv_(1).jpg;20
287;402;205;MANDRILLS BKB_205_20200117_id205_femjuv_(2).jpg;115
534;402;205;MANDRILLS BKB_205_20200117_id205_femjuv_(3).jpg;132
478;449;205;MANDRILLS BKB_205_20200304_id205_femjuv.jpg;29
664;681;205;MANDRILLS BKB_205_20201022_id205_femjuv_(1).jpg;17
746;681;205;MANDRILLS BKB_205_20201022_id205_femjuv_(2).jpg;65
598;681;205;MANDRILLS BKB_205_20201022_id205_femjuv_(3).jpg;83
606;681;205;MANDRILLS BKB_205_20201022_id205_femjuv_(4).jpg;75
668;681;205;MANDRILLS BKB_205_20201022_id205_femjuv_(5).jpg;13
828;696;205;MANDRILLS BKB_205_20201106_id205_femjuv_(1).jpg;132
790;696;205;MANDRILLS BKB_205_20201106_id205_femjuv_(2).jpg;94
805;696;205;MANDRILLS BKB_205_20201106_id205_femjuv_(3).jpg;109
792;711;205;MANDRILLS BKB_205_20201121_id205_femjuv_(1).jpg;81
757;711;205;MANDRILLS BKB_205_20201121_id205_femjuv_(2).jpg;46
875;747;205;MANDRILLS BKB_205_20201227_id205_fem_(1).jpg;128
810;747;205;MANDRILLS BKB_205_20201227_id205_fem_(2).jpg;63
797;755;205;MANDRILLS BKB_205_20210104_id205_fem_(1).jpg;42
836;755;205;MANDRILLS BKB_205_20210104_id205_fem_(2).jpg;81
668;757;205;MANDRILLS BKB_205_20210106_id205_fem_(1).jpg;89
718;757;205;MANDRILLS BKB_205_20210106_id205_fem_(2).jpg;39
807;760;205;MANDRILLS BKB_205_20210109_id205_fem_(1).jpg;47
800;760;205;MANDRILLS BKB_205_20210109_id205_fem_(2).jpg;40
750;760;205;MANDRILLS BKB_205_20210109_id205_fem_(3).jpg;10
820;777;205;MANDRILLS BKB_205_20210126_id205_fem_(1).jpg;43
898;777;205;MANDRILLS BKB_205_20210126_id205_fem_(2).jpg;121
821;785;205;MANDRILLS BKB_205_20210203_id205_fem_(1).jpg;36
962;808;205;MANDRILLS BKB_205_20210226_id205_fem.jpg;154
946;851;205;MANDRILLS BKB_205_20210410_id205_femjuv.jpg;95
1006;958;205;MANDRILLS BKB_205_20210726_id205_femjuv_(1).jpg;48
938;958;205;MANDRILLS BKB_205_20210726_id205_femjuv_(2).jpg;20
1081;958;205;MANDRILLS BKB_205_20210726_id205_femjuv_(3).jpg;123
1127;958;205;MANDRILLS BKB_205_20210726_id205_femjuv_(6).jpg;169
1050;958;205;MANDRILLS BKB_205_20210726_id205_femjuv_(7).jpg;92
1008;958;205;MANDRILLS BKB_205_20210726_id205_femjuv_(8).jpg;50
1232;962;205;MANDRILLS BKB_205_20210730_id205_femjuv_(1).jpg;270
1102;962;205;MANDRILLS BKB_205_20210730_id205_femjuv_(2).jpg;140
1250;1018;205;MANDRILLS BKB_205_20210924_id205_femjuv (1).jpg;232
965;1018;205;MANDRILLS BKB_205_20210924_id205_femjuv (2).jpg;53
1108;1018;205;MANDRILLS BKB_205_20210924_id205_femjuv (3).jpg;90
1330;1106;205;MANDRILLS BKB_205_20211221_id205_femjuv.jpg;224
1399;1205;205;MANDRILLS BKB_205_20220330_id205_femjuv (1).jpg;194
1266;1205;205;MANDRILLS BKB_205_20220330_id205_femjuv (2).jpg;61
1315;1205;205;MANDRILLS BKB_205_20220330_id205_femjuv (3).jpg;110
1371;1211;205;MANDRILLS BKB_205_20220405_id205_femjuv.jpg;160
1448;1213;205;MANDRILLS BKB_205_20220407_id205_femjuv.jpg;235
1391;1252;205;MANDRILLS BKB_205_20220516_id205_femjuv.jpg;139
1298;1274;205;MANDRILLS BKB_205_20220607_id205_femjuv.jpg;24
1421;1296;205;MANDRILLS BKB_205_20220629_id205.jpg;125
1491;1316;205;MANDRILLS BKB_205_20220719_id205.jpg;175
1441;1322;205;MANDRILLS BKB_205_20220725_id205.jpg;119
1569;1323;205;MANDRILLS BKB_205_20220726_id205.jpg;246
1358;1330;205;MANDRILLS BKB_205_20220802_id205 (1).jpg;28
1293;1330;205;MANDRILLS BKB_205_20220802_id205 (2).jpg;37
1398;1331;205;MANDRILLS BKB_205_20220803_id205 (1).jpg;67
1525;1331;205;MANDRILLS BKB_205_20220803_id205 (2).jpg;194
1383;1331;205;MANDRILLS BKB_205_20220803_id205 (3).jpg;52
1249;1331;205;MANDRILLS BKB_205_20220803_id205 (4).jpg;82
1196;1332;205;MANDRILLS BKB_205_20220804_id205.jpg;136
1267;1340;205;MANDRILLS BKB_205_20220812_id205 (1).jpg;73
1435;1340;205;MANDRILLS BKB_205_20220812_id205 (2).jpg;95
1401;1354;205;MANDRILLS BKB_205_20220826_id205 (1).jpg;47
1573;1354;205;MANDRILLS BKB_205_20220826_id205 (2).jpg;219
1462;1354;205;MANDRILLS BKB_205_20220826_id205 (3).jpg;108
1481;1354;205;MANDRILLS BKB_205_20220826_id205 (4).jpg;127
1326;1363;205;MANDRILLS BKB_205_20220904_id205 (1).jpg;37
1605;1363;205;MANDRILLS BKB_205_20220904_id205 (3).jpg;242
1453;1371;205;MANDRILLS BKB_205_20220912_id205 (1).jpg;82
1520;1371;205;MANDRILLS BKB_205_20220912_id205 (2).jpg;149
1413;1379;205;MANDRILLS BKB_205_20220920_id205.jpg;34
1508;1394;205;MANDRILLS BKB_205_20221005_id205.jpg;114
1541;1400;205;MANDRILLS BKB_205_20221011_id205 (1).jpg;141
1353;1400;205;MANDRILLS BKB_205_20221011_id205 (2).jpg;47
1539;1408;205;MANDRILLS BKB_205_20221019_id205 (1).jpg;131
1512;1443;205;MANDRILLS BKB_205_20221123_id205.jpg;69
1596;1460;205;MANDRILLS BKB_205_20221210_id205 (1).jpg;136
1500;1460;205;MANDRILLS BKB_205_20221210_id205 (2).jpg;40
1286;1082;210;MANDRILLS BKB_210_20181221_id1076_femjuv_(1)_ORIGINAL.jpg;204
1380;1082;210;MANDRILLS BKB_210_20181221_id1076_femjuv_(10)_ORIGINAL.jpg;298
1385;1082;210;MANDRILLS BKB_210_20181221_id1076_femjuv_(11)_ORIGINAL.jpg;303
1374;1082;210;MANDRILLS BKB_210_20181221_id1076_femjuv_(2)_ORIGINAL.jpg;292
1181;1082;210;MANDRILLS BKB_210_20181221_id1076_femjuv_(3)_ORIGINAL.jpg;99
1294;1082;210;MANDRILLS BKB_210_20181221_id1076_femjuv_(4)_ORIGINAL.jpg;212
1408;1082;210;MANDRILLS BKB_210_20181221_id1076_femjuv_(5)_ORIGINAL.jpg;326
1367;1082;210;MANDRILLS BKB_210_20181221_id1076_femjuv_(6)_ORIGINAL.jpg;285
1506;1082;210;MANDRILLS BKB_210_20181221_id1076_femjuv_(7)_ORIGINAL.jpg;424
1452;1082;210;MANDRILLS BKB_210_20181221_id1076_femjuv_(8)_ORIGINAL.jpg;370
1456;1082;210;MANDRILLS BKB_210_20181221_id1076_femjuv_(9)_ORIGINAL.jpg;374
1561;1112;210;MANDRILLS BKB_210_20190120_id1076_femjuv_(1)_ORIGINAL.jpg;449
1546;1112;210;MANDRILLS BKB_210_20190120_id1076_femjuv_(2)_ORIGINAL.jpg;434
1487;1112;210;MANDRILLS BKB_210_20190120_id1076_femjuv_(3)_ORIGINAL.jpg;375
1509;1112;210;MANDRILLS BKB_210_20190120_id1076_femjuv_(4)_ORIGINAL.jpg;397
1513;1112;210;MANDRILLS BKB_210_20190120_id1076_femjuv_(5)_ORIGINAL.jpg;401
1498;1112;210;MANDRILLS BKB_210_20190120_id1076_femjuv_(6)_ORIGINAL.jpg;386
1765;1112;210;MANDRILLS BKB_210_20190120_id1076_femjuv_GAUCHE_(1)_ORIGINAL.jpg;653
1438;1112;210;MANDRILLS BKB_210_20190120_id1076_femjuv_GAUCHE_(10)_ORIGINAL.jpg;326
1430;1112;210;MANDRILLS BKB_210_20190120_id1076_femjuv_GAUCHE_(11)_ORIGINAL.jpg;318
1479;1112;210;MANDRILLS BKB_210_20190120_id1076_femjuv_GAUCHE_(12)_ORIGINAL.jpg;367
1458;1112;210;MANDRILLS BKB_210_20190120_id1076_femjuv_GAUCHE_(13)_ORIGINAL.jpg;346
1423;1112;210;MANDRILLS BKB_210_20190120_id1076_femjuv_GAUCHE_(14)_ORIGINAL.jpg;311
1434;1112;210;MANDRILLS BKB_210_20190120_id1076_femjuv_GAUCHE_(15)_ORIGINAL.jpg;322
1457;1112;210;MANDRILLS BKB_210_20190120_id1076_femjuv_GAUCHE_(16)_ORIGINAL.jpg;345
1687;1112;210;MANDRILLS BKB_210_20190120_id1076_femjuv_GAUCHE_(17)_ORIGINAL.jpg;575
1781;1112;210;MANDRILLS BKB_210_20190120_id1076_femjuv_GAUCHE_(18)_ORIGINAL.jpg;669
1648;1112;210;MANDRILLS BKB_210_20190120_id1076_femjuv_GAUCHE_(19)_ORIGINAL.jpg;536
1691;1112;210;MANDRILLS BKB_210_20190120_id1076_femjuv_GAUCHE_(20)_ORIGINAL.jpg;579
1670;1112;210;MANDRILLS BKB_210_20190120_id1076_femjuv_GAUCHE_(21)_ORIGINAL.jpg;558
1650;1112;210;MANDRILLS BKB_210_20190120_id1076_femjuv_GAUCHE_(22)_ORIGINAL.jpg;538
1751;1112;210;MANDRILLS BKB_210_20190120_id1076_femjuv_GAUCHE_(23)_ORIGINAL.jpg;639
1463;1112;210;MANDRILLS BKB_210_20190120_id1076_femjuv_GAUCHE_(24)_ORIGINAL.jpg;351
1584;1112;210;MANDRILLS BKB_210_20190120_id1076_femjuv_GAUCHE_(28)_ORIGINAL.jpg;472
1532;1112;210;MANDRILLS BKB_210_20190120_id1076_femjuv_GAUCHE_(29)_ORIGINAL.jpg;420
1623;1112;210;MANDRILLS BKB_210_20190120_id1076_femjuv_GAUCHE_(7)_ORIGINAL.jpg;511
1429;1112;210;MANDRILLS BKB_210_20190120_id1076_femjuv_GAUCHE_(8)_ORIGINAL.jpg;317
1407;1112;210;MANDRILLS BKB_210_20190120_id1076_femjuv_GAUCHE_(9)_ORIGINAL.jpg;295
1477;1160;210;MANDRILLS BKB_210_20190309_id1076_femjuv_(1)_ORIGINAL.jpg;317
1477;1160;210;MANDRILLS BKB_210_20190309_id1076_femjuv_(2)_ORIGINAL.jpg;317
1416;1160;210;MANDRILLS BKB_210_20190309_id1076_femjuv_(3)_ORIGINAL.jpg;256
1368;1163;210;MANDRILLS BKB_210_20190312_id1076_femjuv_(1).jpg;205
1489;1163;210;MANDRILLS BKB_210_20190312_id1076_femjuv_(3).jpg;326
1306;1163;210;MANDRILLS BKB_210_20190312_id1076_femjuv_(4).jpg;143
1461;1164;210;MANDRILLS BKB_210_20190313_id1076_femjuv_(1).jpg;297
1450;1164;210;MANDRILLS BKB_210_20190313_id1076_femjuv_(11).jpg;286
1385;1164;210;MANDRILLS BKB_210_20190313_id1076_femjuv_(12).jpg;221
1504;1164;210;MANDRILLS BKB_210_20190313_id1076_femjuv_(13).jpg;340
1451;1164;210;MANDRILLS BKB_210_20190313_id1076_femjuv_(15).jpg;287
1501;1164;210;MANDRILLS BKB_210_20190313_id1076_femjuv_(17).jpg;337
1426;1164;210;MANDRILLS BKB_210_20190313_id1076_femjuv_(18).jpg;262
1491;1164;210;MANDRILLS BKB_210_20190313_id1076_femjuv_(19).jpg;327
1363;1164;210;MANDRILLS BKB_210_20190313_id1076_femjuv_(2).jpg;199
1362;1164;210;MANDRILLS BKB_210_20190313_id1076_femjuv_(20).jpg;198
1431;1164;210;MANDRILLS BKB_210_20190313_id1076_femjuv_(21).jpg;267
1401;1164;210;MANDRILLS BKB_210_20190313_id1076_femjuv_(3).jpg;237
1399;1164;210;MANDRILLS BKB_210_20190313_id1076_femjuv_(4).jpg;235
1492;1164;210;MANDRILLS BKB_210_20190313_id1076_femjuv_(5).jpg;328
1446;1164;210;MANDRILLS BKB_210_20190313_id1076_femjuv_(6).jpg;282
1517;1164;210;MANDRILLS BKB_210_20190313_id1076_femjuv_(7).jpg;353
1448;1164;210;MANDRILLS BKB_210_20190313_id1076_femjuv_(8).jpg;284
1401;1164;210;MANDRILLS BKB_210_20190313_id1076_femjuv_(9).jpg;237
1446;1168;210;MANDRILLS BKB_210_20190317_id1076_femjuv_(1).jpg;278
1487;1168;210;MANDRILLS BKB_210_20190317_id1076_femjuv_(2).jpg;319
1441;1168;210;MANDRILLS BKB_210_20190317_id1076_femjuv_(3).jpg;273
1323;1168;210;MANDRILLS BKB_210_20190317_id1076_femjuv_(4).jpg;155
1411;1168;210;MANDRILLS BKB_210_20190317_id1076_femjuv_(6).jpg;243
1795;1168;210;MANDRILLS BKB_210_20190317_id1076_femjuv_(7).jpg;627
2007;1168;210;MANDRILLS BKB_210_20190317_id1076_femjuv_(8).jpg;839
1482;1175;210;MANDRILLS BKB_210_20190324_id1076_femjuv.jpg;307
1660;1242;210;MANDRILLS BKB_210_20190530_id1076_femjuv.jpg;418
1787;1287;210;MANDRILLS BKB_210_20190714_id1076_femjuv_(1).jpg;500
1631;1287;210;MANDRILLS BKB_210_20190714_id1076_femjuv_(10).jpg;344
1704;1287;210;MANDRILLS BKB_210_20190714_id1076_femjuv_(12).jpg;417
1697;1287;210;MANDRILLS BKB_210_20190714_id1076_femjuv_(13).jpg;410
1731;1287;210;MANDRILLS BKB_210_20190714_id1076_femjuv_(14).jpg;444
1713;1287;210;MANDRILLS BKB_210_20190714_id1076_femjuv_(15).jpg;426
1698;1287;210;MANDRILLS BKB_210_20190714_id1076_femjuv_(16).jpg;411
1673;1287;210;MANDRILLS BKB_210_20190714_id1076_femjuv_(8).jpg;386
1691;1287;210;MANDRILLS BKB_210_20190714_id1076_femjuv_(9).jpg;404
1692;1409;210;MANDRILLS BKB_210_20191113_id1076_femjuv.jpg;283
1770;1410;210;MANDRILLS BKB_210_20191114_id1076_femjuv.jpg;360
1760;1423;210;MANDRILLS BKB_210_20191127_id1076_femjuv_(1).jpg;337
1733;1423;210;MANDRILLS BKB_210_20191127_id1076_femjuv_(2).jpg;310
1718;1424;210;MANDRILLS BKB_210_20191128_id1076_femjuv.jpg;294
1706;1521;210;MANDRILLS BKB_210_20200304_id1076_femadu_(1).jpg;185
1932;1521;210;MANDRILLS BKB_210_20200304_id1076_femadu_(2).jpg;411
1822;1527;210;MANDRILLS BKB_210_20200310_id1076_femadu.jpg;295
1765;1563;210;MANDRILLS BKB_210_20200415_id1076_femadu_(1).jpg;202
1854;1563;210;MANDRILLS BKB_210_20200415_id1076_femadu_(2).jpg;291
1754;1563;210;MANDRILLS BKB_210_20200415_id1076_femadu_(3).jpg;191
2020;1579;210;MANDRILLS BKB_210_20200501_id1076_femadu.jpg;441
2060;1746;210;MANDRILLS BKB_210_20201015_id210_femadu.jpg;314
1993;1749;210;MANDRILLS BKB_210_20201018_id210_femadu_(1).jpg;244
2090;1749;210;MANDRILLS BKB_210_20201018_id210_femadu_(2).jpg;341
1971;1749;210;MANDRILLS BKB_210_20201018_id210_femadu_(3).jpg;222
2239;1749;210;MANDRILLS BKB_210_20201018_id210_femadu_(4).jpg;490
2105;1749;210;MANDRILLS BKB_210_20201018_id210_femadu_(5).jpg;356
1962;1749;210;MANDRILLS BKB_210_20201018_id210_femadu_(6).jpg;213
1977;1765;210;MANDRILLS BKB_210_20201103_id210_femadu.jpg;212
1832;1809;210;MANDRILLS BKB_210_20201217_id210_femadu_(1).jpg;23
1840;1809;210;MANDRILLS BKB_210_20201217_id210_femadu_(2).jpg;31
1980;1809;210;MANDRILLS BKB_210_20201217_id210_femadu_(3).jpg;171
1782;1809;210;MANDRILLS BKB_210_20201217_id210_femadu_(4).jpg;27
1935;1809;210;MANDRILLS BKB_210_20201217_id210_femadu_(5).jpg;126
1880;1822;210;MANDRILLS BKB_210_20201230_id210_femadu_(1).jpg;58
2058;1822;210;MANDRILLS BKB_210_20201230_id210_femadu_(2).jpg;236
2120;1823;210;MANDRILLS BKB_210_20201231_id210_femadu.jpg;297
2014;1830;210;MANDRILLS BKB_210_20210107_id210_femadu_(1).jpg;184
2018;1830;210;MANDRILLS BKB_210_20210107_id210_femadu_(2).jpg;188
1987;1830;210;MANDRILLS BKB_210_20210107_id210_femadu_(3).jpg;157
2026;1853;210;MANDRILLS BKB_210_20210130_id210_femadu.jpg;173
1892;1858;210;MANDRILLS BKB_210_20210204_id210_femadu.jpg;34
2006;1860;210;MANDRILLS BKB_210_20210206_id210_femadu.jpg;146
2068;1860;210;MANDRILLS BKB_210_20210206_id210_femadu_(1).jpg;208
2163;1860;210;MANDRILLS BKB_210_20210206_id210_femadu_(2).jpg;303
2104;1863;210;MANDRILLS BKB_210_20210209_id210_femadu.jpg;241
1875;1883;210;MANDRILLS BKB_210_20210301_id210_femadu.jpg;8
2451;1915;210;MANDRILLS BKB_210_20210402_id210_femadu_(1).jpg;536
2365;1915;210;MANDRILLS BKB_210_20210402_id210_femadu_(2).jpg;450
2506;1915;210;MANDRILLS BKB_210_20210402_id210_femadu_(3).jpg;591
2325;1923;210;MANDRILLS BKB_210_20210410_id210_femadu.jpg;402
2224;1936;210;MANDRILLS BKB_210_20210423_id210_femadu_(1).jpg;288
2401;1936;210;MANDRILLS BKB_210_20210423_id210_femadu_(2).jpg;465
2423;1936;210;MANDRILLS BKB_210_20210423_id210_femadu_(3).jpg;487
2308;1936;210;MANDRILLS BKB_210_20210423_id210_femadu_(4).jpg;372
2437;1936;210;MANDRILLS BKB_210_20210423_id210_femadu_(5).jpg;501
2160;1956;210;MANDRILLS BKB_210_20210513_id210_femadu_(1).jpg;204
2401;1956;210;MANDRILLS BKB_210_20210513_id210_femadu_(2).jpg;445
2496;1956;210;MANDRILLS BKB_210_20210513_id210_femadu_(3).jpg;540
2410;1996;210;MANDRILLS BKB_210_20210622_id210_femadu_(1).jpg;414
2076;1996;210;MANDRILLS BKB_210_20210622_id210_femadu_(2).jpg;80
2426;2027;210;MANDRILLS BKB_210_20210723_id210_femadu_(1).jpg;399
2667;2027;210;MANDRILLS BKB_210_20210723_id210_femadu_(2).jpg;640
2457;2027;210;MANDRILLS BKB_210_20210723_id210_femadu_(3).jpg;430
2377;2027;210;MANDRILLS BKB_210_20210723_id210_femadu_(4).jpg;350
2330;2082;210;MANDRILLS BKB_210_20210916_id210_femadu.jpg;248
2337;2085;210;MANDRILLS BKB_210_20210919_id210_femadu.jpg;252
2469;2088;210;MANDRILLS BKB_210_20210922_id210_femadu.jpg;381
2356;2101;210;MANDRILLS BKB_210_20211005_id210_femadu.jpg;255
2458;2125;210;MANDRILLS BKB_210_20211029_id210_femadu.jpg;333
2469;2129;210;MANDRILLS BKB_210_20211102_id210_femadu_(1).jpg;340
2625;2129;210;MANDRILLS BKB_210_20211102_id210_femadu_(2).jpg;496
2521;2129;210;MANDRILLS BKB_210_20211102_id210_femadu_(3).jpg;392
2574;2135;210;MANDRILLS BKB_210_20211108_id210_femadu.jpg;439
2292;2163;210;MANDRILLS BKB_210_20211206_id210_femadu.jpg;129
2362;2170;210;MANDRILLS BKB_210_20211213_id210_femadu_(3).jpg;192
2387;2174;210;MANDRILLS BKB_210_20211217_id210_femadu.jpg;213
2453;2184;210;MANDRILLS BKB_210_20211227_ID210_femadu_(1).jpg;269
2712;2184;210;MANDRILLS BKB_210_20211227_ID210_femadu_(2).jpg;528
2261;2184;210;MANDRILLS BKB_210_20211227_ID210_femadu_(3).jpg;77
2464;2185;210;MANDRILLS BKB_210_20211228_id210_femadu_(1).jpg;279
2374;2185;210;MANDRILLS BKB_210_20211228_id210_femadu_(4).jpg;189
2231;2185;210;MANDRILLS BKB_210_20211228_id210_femadu_(5).jpg;46
2502;2204;210;MANDRILLS BKB_210_20220116_id210_femadu (1).jpg;298
2265;2204;210;MANDRILLS BKB_210_20220116_id210_femadu (3).jpg;61
2167;2214;210;MANDRILLS BKB_210_20220126_id210.jpg;47
2403;2269;210;MANDRILLS BKB_210_20220322_id210_femadu.jpg;134
2117;2274;210;MANDRILLS BKB_210_20220327_id210_femadu (1).jpg;157
2146;2274;210;MANDRILLS BKB_210_20220327_id210_femadu (2).jpg;128
2508;2274;210;MANDRILLS BKB_210_20220327_id210_femadu (3).jpg;234
2413;2276;210;MANDRILLS BKB_210_20220329_id210_femadu (1).jpg;137
2733;2276;210;MANDRILLS BKB_210_20220329_id210_femadu (3).jpg;457
2615;2311;210;MANDRILLS BKB_210_20220503_id210_femadu.jpg;304
2630;2323;210;MANDRILLS BKB_210_20220515_id210_femadu.jpg;307
2394;2324;210;MANDRILLS BKB_210_20220516_id210_femadu (1).jpg;70
2313;2324;210;MANDRILLS BKB_210_20220516_id210_femadu (2).jpg;11
2627;2324;210;MANDRILLS BKB_210_20220516_id210_femadu (3).jpg;303
2415;2324;210;MANDRILLS BKB_210_20220516_id210_femadu (4).jpg;91
2599;2324;210;MANDRILLS BKB_210_20220516_id210_femadu (5).jpg;275
2452;2326;210;MANDRILLS BKB_210_20220518_id210_femadu.jpg;126
2918;2338;210;MANDRILLS BKB_210_20220530_id210_femadu.jpg;580
2589;2347;210;MANDRILLS BKB_210_20220608_id210_femadu.jpg;242
2967;2355;210;MANDRILLS BKB_210_20220616_id210_femadu.jpg;612
2565;2358;210;MANDRILLS BKB_210_20220619_id210_femadu.jpg;207
2659;2362;210;MANDRILLS BKB_210_20220623_id210_femadu.jpg;297
2637;2363;210;MANDRILLS BKB_210_20220624_id210_femadu (1).jpg;274
2378;2363;210;MANDRILLS BKB_210_20220624_id210_femadu (2).jpg;15
2504;2368;210;MANDRILLS BKB_210_20220629_id210 (1).jpg;136
2362;2368;210;MANDRILLS BKB_210_20220629_id210 (2).jpg;6
2511;2368;210;MANDRILLS BKB_210_20220629_id210 (3).jpg;143
2635;2368;210;MANDRILLS BKB_210_20220629_id210.jpg;267
2272;2370;210;MANDRILLS BKB_210_20220701_id210.jpg;98
2267;2375;210;MANDRILLS BKB_210_20220706_id210.jpg;108
2549;2382;210;MANDRILLS BKB_210_20220713_id210.jpg;167
2505;2385;210;MANDRILLS BKB_210_20220716_id210.jpg;120
2893;2398;210;MANDRILLS BKB_210_20220729_id210.jpg;495
2972;2408;210;MANDRILLS BKB_210_20220808_id210.jpg;564
2696;2412;210;MANDRILLS BKB_210_20220812_id210 (1).jpg;284
2768;2412;210;MANDRILLS BKB_210_20220812_id210 (2).jpg;356
3074;2412;210;MANDRILLS BKB_210_20220812_id210 (3).jpg;662
2806;2415;210;MANDRILLS BKB_210_20220815_id210 (2).jpg;391
3024;2435;210;MANDRILLS BKB_210_20220904_id210 (1).jpg;589
3058;2435;210;MANDRILLS BKB_210_20220904_id210 (2).jpg;623
3159;2436;210;MANDRILLS BKB_210_20220905_id210.jpg;723
3064;2480;210;MANDRILLS BKB_210_20221019_id210 (1).jpg;584
2834;2480;210;MANDRILLS BKB_210_20221019_id210 (2).jpg;354
2652;2483;210;MANDRILLS BKB_210_20221022_id210.jpg;169
2531;2488;210;MANDRILLS BKB_210_20221027_id210 (4).jpg;43
2850;2491;210;MANDRILLS BKB_210_20221030_id210.jpg;359
2670;2501;210;MANDRILLS BKB_210_20221109_id210.jpg;169
2727;2506;210;MANDRILLS BKB_210_20221114_id210.jpg;221
2496;2508;210;MANDRILLS BKB_210_20221116_id210.jpg;12
2511;2517;210;MANDRILLS BKB_210_20221125_id210 (1).jpg;6
2800;2532;210;MANDRILLS BKB_210_20221210_id210.jpg;268
2563;2533;210;MANDRILLS BKB_210_20221211_id210.jpg;30
2864;2540;210;MANDRILLS BKB_210_20221218_id210 (3).jpg;324
2037;2540;210;MANDRILLS BKB_210_20221218_id210(1).jpg;503
2752;2540;210;MANDRILLS BKB_210_20221218_id210.jpg;212
3007;2546;210;MANDRILLS BKB_210_20221224_id210.jpg;461
1262;1093;211;MANDRILLS BKB_211_20190120_id211_femjuv.jpg;169
1379;1270;211;MANDRILLS BKB_211_20190716_id1026_femjuv_(1).jpg;109
1426;1270;211;MANDRILLS BKB_211_20190716_id1026_femjuv_(2).jpg;156
1366;1303;211;MANDRILLS BKB_211_20190818_id1026_femjuv.jpg;63
1521;1320;211;MANDRILLS BKB_211_20190904_id1026_femjuv_(1).jpg;201
1426;1320;211;MANDRILLS BKB_211_20190904_id1026_femjuv_(11).jpg;106
1370;1320;211;MANDRILLS BKB_211_20190904_id1026_femjuv_(12).jpg;50
1677;1320;211;MANDRILLS BKB_211_20190904_id1026_femjuv_(13).jpg;357
1416;1320;211;MANDRILLS BKB_211_20190904_id1026_femjuv_(14).jpg;96
1386;1320;211;MANDRILLS BKB_211_20190904_id1026_femjuv_(15).jpg;66
1440;1320;211;MANDRILLS BKB_211_20190904_id1026_femjuv_(16).jpg;120
1449;1320;211;MANDRILLS BKB_211_20190904_id1026_femjuv_(2).jpg;129
1408;1320;211;MANDRILLS BKB_211_20190904_id1026_femjuv_(3).jpg;88
1477;1320;211;MANDRILLS BKB_211_20190904_id1026_femjuv_(4).jpg;157
1619;1320;211;MANDRILLS BKB_211_20190904_id1026_femjuv_(7).jpg;299
1434;1320;211;MANDRILLS BKB_211_20190904_id1026_femjuv_(9).jpg;114
1407;1334;211;MANDRILLS BKB_211_20190918_id1026_femjuv_(1).jpg;73
1449;1334;211;MANDRILLS BKB_211_20190918_id1026_femjuv_(3).jpg;115
1426;1334;211;MANDRILLS BKB_211_20190918_id1026_femjuv_(4).jpg;92
1433;1387;211;MANDRILLS BKB_211_20191110_id1026_femjuv.jpg;46
1482;1390;211;MANDRILLS BKB_211_20191113_id1026_femjuv_(1).jpg;92
1424;1390;211;MANDRILLS BKB_211_20191113_id1026_femjuv_(2).jpg;34
1426;1434;211;MANDRILLS BKB_211_20191227_id1026_femjuv_(1).jpg;8
1444;1434;211;MANDRILLS BKB_211_20191227_id1026_femjuv_(2).jpg;10
1506;1518;211;MANDRILLS BKB_211_20200320_id1026_femadu_(1).jpg;12
1424;1518;211;MANDRILLS BKB_211_20200320_id1026_femadu_(2).jpg;94
1630;1565;211;MANDRILLS BKB_211_20200506_id211_femadu.jpg;65
1635;1730;211;MANDRILLS BKB_211_20201018_id211_femadu_(1).jpg;95
1571;1730;211;MANDRILLS BKB_211_20201018_id211_femadu_(2).jpg;159
1443;1792;211;MANDRILLS BKB_211_20201219_id211_femadu.jpg;349
1460;1800;211;MANDRILLS BKB_211_20201227_id211_femadu_(1).jpg;340
1569;1800;211;MANDRILLS BKB_211_20201227_id211_femadu_(2).jpg;231
1637;1812;211;MANDRILLS BKB_211_20210108_id211_femadu.jpg;175
1784;1832;211;MANDRILLS BKB_211_20210128_id211_femadu_(1).jpg;48
1811;1832;211;MANDRILLS BKB_211_20210128_id211_femadu_(2).jpg;21
1842;1834;211;MANDRILLS BKB_211_20210130_id211_femadu_(2).jpg;8
1711;1861;211;MANDRILLS BKB_211_20210226_id211_femadu.jpg;150
1765;1904;211;MANDRILLS BKB_211_20210410_id211_femadu.jpg;139
1660;1917;211;MANDRILLS BKB_211_20210423_id211_femadu.jpg;257
1791;2049;211;MANDRILLS BKB_211_20210902_id211_femadu (1).jpg;258
1982;2049;211;MANDRILLS BKB_211_20210902_id211_femadu (2).jpg;67
1996;2056;211;MANDRILLS BKB_211_20210909_id211_femadu.jpg;60
2149;2069;211;MANDRILLS BKB_211_20210922_id211_femadu.jpg;80
2001;2070;211;MANDRILLS BKB_211_20210923_id211_femadu.jpg;69
2035;2071;211;MANDRILLS BKB_211_20210924_id211_femadu (1).jpg;36
2019;2071;211;MANDRILLS BKB_211_20210924_id211_femadu (2).jpg;52
1962;2071;211;MANDRILLS BKB_211_20210924_id211_femadu_(2).jpg;109
1879;2082;211;MANDRILLS BKB_211_20211005_id211_femadu.jpg;203
2062;2094;211;MANDRILLS BKB_211_20211017_id211_femadu_(1).jpg;32
2130;2094;211;MANDRILLS BKB_211_20211017_id211_femadu_(2).jpg;36
2028;2099;211;MANDRILLS BKB_211_20211022_id211_femadu.jpg;71
2125;2155;211;MANDRILLS BKB_211_20211217_id211_femadu.jpg;30
2141;2164;211;MANDRILLS BKB_211_20211226_id211_femadu_(1).jpg;23
2099;2164;211;MANDRILLS BKB_211_20211226_id211_femadu_(3).jpg;65
2255;2164;211;MANDRILLS BKB_211_20211226_id211_femadu_(4).jpg;91
2106;2164;211;MANDRILLS BKB_211_20211226_id211_femadu_(5).jpg;58
2077;2164;211;MANDRILLS BKB_211_20211226_id211_femadu_(6).jpg;87
2104;2164;211;MANDRILLS BKB_211_20211226_id211_femadu_(7).jpg;60
2467;2243;211;MANDRILLS BKB_211_20220315_id211_femadu (1).jpg;224
2297;2243;211;MANDRILLS BKB_211_20220315_id211_femadu (2).jpg;54
1966;2258;211;MANDRILLS BKB_211_20220330_id211_femadu (1).jpg;292
2050;2258;211;MANDRILLS BKB_211_20220330_id211_femadu (2).jpg;208
2272;2285;211;MANDRILLS BKB_211_20220426_id211_femadu (1).jpg;13
2145;2285;211;MANDRILLS BKB_211_20220426_id211_femadu (2).jpg;140
2130;2298;211;MANDRILLS BKB_211_20220509_id211_femadu (1).jpg;168
2040;2298;211;MANDRILLS BKB_211_20220509_id211_femadu (2).jpg;258
2078;2298;211;MANDRILLS BKB_211_20220509_id211_femadu (3).jpg;220
2157;2298;211;MANDRILLS BKB_211_20220509_id211_femadu.jpg;141
2502;2304;211;MANDRILLS BKB_211_20220515_id211_femadu.jpg;198
1939;2305;211;MANDRILLS BKB_211_20220516_id211_femadu.jpg;366
2885;2321;211;MANDRILLS BKB_211_20220601_id211_femadu (1).jpg;564
2202;2321;211;MANDRILLS BKB_211_20220601_id211_femadu (2).jpg;119
2382;2321;211;MANDRILLS BKB_211_20220601_id211_femadu (3).jpg;61
2022;2336;211;MANDRILLS BKB_211_20220616_id211_femadu.jpg;314
2536;2353;211;MANDRILLS BKB_211_20220703_id211 (1).jpg;183
2202;2353;211;MANDRILLS BKB_211_20220703_id211 (2).jpg;151
2935;2353;211;MANDRILLS BKB_211_20220703_id211 (3).jpg;582
2040;2361;211;MANDRILLS BKB_211_20220711_id211.jpg;321
2368;2364;211;MANDRILLS BKB_211_20220714_id211_femadu.jpg;4
2488;2371;211;MANDRILLS BKB_211_20220721_id211.jpg;117
1887;2376;211;MANDRILLS BKB_211_20220726_id211.jpg;489
2176;2382;211;MANDRILLS BKB_211_20220801_id211 (2).jpg;206
2402;2382;211;MANDRILLS BKB_211_20220801_id211 (3).jpg;20
2659;2396;211;MANDRILLS BKB_211_20220815_id211.jpg;263
2335;2399;211;MANDRILLS BKB_211_20220818_id211.jpg;64
2466;2408;211;MANDRILLS BKB_211_20220827_id211.jpg;58
3011;2420;211;MANDRILLS BKB_211_20220908_id211.jpg;591
2905;2461;211;MANDRILLS BKB_211_20221019_id211.jpg;444
2914;2469;211;MANDRILLS BKB_211_20221027_id211.jpg;445
2446;2482;211;MANDRILLS BKB_211_20221109_id211.jpg;36
2636;2494;211;MANDRILLS BKB_211_20221121_id211 (2).jpg;142
3141;2494;211;MANDRILLS BKB_211_20221121_id211.jpg;647
2367;2498;211;MANDRILLS BKB_211_20221125_id211.jpg;131
2508;2503;211;MANDRILLS BKB_211_20221130_id211 (2).jpg;5
2239;2514;211;MANDRILLS BKB_211_20221211_id211.jpg;275
2880;2515;211;MANDRILLS BKB_211_20221212_id211.jpg;365
235;148;219;MANDRILLS BKB_219_20170512_id219_infDEVANT_(1)_ORIGINAL.jpg;87
208;148;219;MANDRILLS BKB_219_20170512_id219_infDEVANT_(10)_ORIGINAL.jpg;60
184;148;219;MANDRILLS BKB_219_20170512_id219_infDEVANT_(2)_ORIGINAL.jpg;36
257;148;219;MANDRILLS BKB_219_20170512_id219_infDEVANT_(4)_ORIGINAL.jpg;109
216;148;219;MANDRILLS BKB_219_20170512_id219_infDEVANT_(5)_ORIGINAL.jpg;68
241;148;219;MANDRILLS BKB_219_20170512_id219_infDEVANT_(6)_ORIGINAL.jpg;93
212;148;219;MANDRILLS BKB_219_20170512_id219_infDEVANT_(7)_ORIGINAL.jpg;64
237;148;219;MANDRILLS BKB_219_20170512_id219_infDEVANT_(8)_ORIGINAL.jpg;89
225;148;219;MANDRILLS BKB_219_20170512_id219_infDEVANT_(9)_ORIGINAL.jpg;77
758;995;219;MANDRILLS BKB_219_20190906_id219_fem_(1).jpg;237
890;995;219;MANDRILLS BKB_219_20190906_id219_fem_(2).jpg;105
876;995;219;MANDRILLS BKB_219_20190906_id219_fem_(3).jpg;119
1024;1048;219;MANDRILLS BKB_219_20191029_id219_fem_(1).jpg;24
1143;1048;219;MANDRILLS BKB_219_20191029_id219_fem_(2).jpg;95
1053;1095;219;MANDRILLS BKB_219_20191215_id219_fem_(1).jpg;42
1104;1095;219;MANDRILLS BKB_219_20191215_id219_fem_(2).jpg;9
1436;1459;219;MANDRILLS BKB_219_20201213_id219_fem_(1).jpg;23
1439;1459;219;MANDRILLS BKB_219_20201213_id219_fem_(2).jpg;20
1389;1459;219;MANDRILLS BKB_219_20201213_id219_fem_(3).jpg;70
1526;1459;219;MANDRILLS BKB_219_20201213_id219_fem_(4).jpg;67
1336;1459;219;MANDRILLS BKB_219_20201213_id219_fem_(5).jpg;123
1527;1459;219;MANDRILLS BKB_219_20201213_id219_fem_(6).jpg;68
1522;1459;219;MANDRILLS BKB_219_20201213_id219_fem_(7).jpg;63
1448;1468;219;MANDRILLS BKB_219_20201222_id219_fem_(1).jpg;20
1655;1468;219;MANDRILLS BKB_219_20201222_id219_fem_(2).jpg;187
1842;1477;219;MANDRILLS BKB_219_20201231_id219_fem_(1).jpg;365
1068;1477;219;MANDRILLS BKB_219_20201231_id219_fem_(2).jpg;409
1414;1506;219;MANDRILLS BKB_219_20210129_id219_fem_(1).jpg;92
1435;1506;219;MANDRILLS BKB_219_20210129_id219_fem_(2).jpg;71
1326;1506;219;MANDRILLS BKB_219_20210129_id219_fem_(3).jpg;180
1348;1506;219;MANDRILLS BKB_219_20210129_id219_fem_(4).jpg;158
1321;1506;219;MANDRILLS BKB_219_20210129_id219_fem_(5).jpg;185
1491;1506;219;MANDRILLS BKB_219_20210129_id219_fem_(6).jpg;15
1334;1507;219;MANDRILLS BKB_219_20210130_id219_fem_(1).jpg;173
1358;1507;219;MANDRILLS BKB_219_20210130_id219_fem_(2).jpg;149
1447;1507;219;MANDRILLS BKB_219_20210130_id219_fem_(3).jpg;60
1388;1507;219;MANDRILLS BKB_219_20210130_id219_fem_(4).jpg;119
1413;1507;219;MANDRILLS BKB_219_20210130_id219_fem_(5).jpg;94
1505;1572;219;MANDRILLS BKB_219_20210405_id219_fem_(1).jpg;67
1521;1572;219;MANDRILLS BKB_219_20210405_id219_fem_(2).jpg;51
1250;1572;219;MANDRILLS BKB_219_20210405_id219_fem_(3).jpg;322
1478;1572;219;MANDRILLS BKB_219_20210405_id219_fem_(4).jpg;94
1416;1572;219;MANDRILLS BKB_219_20210405_id219_fem_(5).jpg;156
1568;1572;219;MANDRILLS BKB_219_20210405_id219_fem_(6).jpg;4
1482;1573;219;MANDRILLS BKB_219_20210406_id219_fem_(1).jpg;91
1456;1573;219;MANDRILLS BKB_219_20210406_id219_fem_(2).jpg;117
1544;1743;219;MANDRILLS BKB_219_20210923_id219_femadu.jpg;199
1528;1755;219;MANDRILLS BKB_219_20211005_id219_femadu.jpg;227
1900;1800;219;MANDRILLS BKB_219_20211119_id219_femadu_(2).jpg;100
1664;1815;219;MANDRILLS BKB_219_20211204_ID219_femadu_(1).jpg;151
1791;1815;219;MANDRILLS BKB_219_20211204_ID219_femadu_(2).jpg;24
1870;1815;219;MANDRILLS BKB_219_20211204_ID219_femadu_(3).jpg;55
1652;1816;219;MANDRILLS BKB_219_20211205_id219_femadu.jpg;164
1746;1819;219;MANDRILLS BKB_219_20211208_ID219_femadu_(1).jpg;73
1578;1819;219;MANDRILLS BKB_219_20211208_ID219_femadu_(2).jpg;241
1468;1828;219;MANDRILLS BKB_219_20211217_id219_femadu_(1).jpg;360
1590;1828;219;MANDRILLS BKB_219_20211217_id219_femadu_(2).jpg;238
1774;1830;219;MANDRILLS BKB_219_20211219_id219_femadu.jpg;56
1835;1837;219;MANDRILLS BKB_219_20211226_id219_femadu.jpg;2
1672;1872;219;MANDRILLS BKB_219_20220130_id219 (2).jpg;200
1526;1872;219;MANDRILLS BKB_219_20220130_id219.jpg;346
1783;1884;219;MANDRILLS BKB_219_20220211_id219_femadu (1).jpg;101
1813;1884;219;MANDRILLS BKB_219_20220211_id219_femadu (2).jpg;71
1881;1910;219;MANDRILLS BKB_219_20220309_id219_femadu (2).jpg;29
2051;1910;219;MANDRILLS BKB_219_20220309_id219_femadu.jpg;141
1600;1915;219;MANDRILLS BKB_219_20220314_id219_femadu.jpg;315
2127;1931;219;MANDRILLS BKB_219_20220330_id219_femadu (1).jpg;196
1903;1931;219;MANDRILLS BKB_219_20220330_id219_femadu (2).jpg;28
2074;1931;219;MANDRILLS BKB_219_20220330_id219_femadu (3).jpg;143
1750;1931;219;MANDRILLS BKB_219_20220330_id219_femadu (4).jpg;181
1886;1942;219;MANDRILLS BKB_219_20220410_id219_femadu (1).jpg;56
2019;1942;219;MANDRILLS BKB_219_20220410_id219_femadu (2).jpg;77
1550;1971;219;MANDRILLS BKB_219_20220509_id219_femadu (1).jpg;421
2143;1977;219;MANDRILLS BKB_219_20220515_id219_femadu (1).jpg;166
2004;1977;219;MANDRILLS BKB_219_20220515_id219_femadu (2).jpg;27
1865;1997;219;MANDRILLS BKB_219_20220604_id219_femadu (1).jpg;132
1871;1997;219;MANDRILLS BKB_219_20220604_id219_femadu (2).jpg;126
1807;1997;219;MANDRILLS BKB_219_20220604_id219_femadu (3).jpg;190
1799;2016;219;MANDRILLS BKB_219_20220623_id219_femadu (1).jpg;217
1846;2016;219;MANDRILLS BKB_219_20220623_id219_femadu (2).jpg;170
2079;2016;219;MANDRILLS BKB_219_20220623_id219_femadu.jpg;63
1562;2017;219;MANDRILLS BKB_219_20220624_id219_femadu (1).jpg;455
1853;2017;219;MANDRILLS BKB_219_20220624_id219_femadu (3).jpg;164
1801;2017;219;MANDRILLS BKB_219_20220624_id219_femadu (4).jpg;216
1866;2017;219;MANDRILLS BKB_219_20220624_id219_femadu.jpg;151
1986;2022;219;MANDRILLS BKB_219_20220629_id219 (1).jpg;36
2017;2022;219;MANDRILLS BKB_219_20220629_id219 (2).jpg;5
1845;2028;219;MANDRILLS BKB_219_20220705_id219 (1).jpg;183
2094;2028;219;MANDRILLS BKB_219_20220705_id219 (2).jpg;66
1775;2029;219;MANDRILLS BKB_219_20220706_id219 (2).jpg;254
1837;2029;219;MANDRILLS BKB_219_20220706_id219.jpg;192
2283;2036;219;MANDRILLS BKB_219_20220713_id219 (2).jpg;247
2024;2036;219;MANDRILLS BKB_219_20220713_id219.jpg;12
1758;2037;219;MANDRILLS BKB_219_20220714_id219_femadu.jpg;279
1932;2048;219;MANDRILLS BKB_219_20220725_id219.jpg;116
1890;2066;219;MANDRILLS BKB_219_20220812_id219.jpg;176
2415;2077;219;MANDRILLS BKB_219_20220823_id219 (2).jpg;338
1928;2077;219;MANDRILLS BKB_219_20220823_id219.jpg;149
1931;2080;219;MANDRILLS BKB_219_20220826_id219 (1).jpg;149
2269;2080;219;MANDRILLS BKB_219_20220826_id219 (2).jpg;189
2299;2080;219;MANDRILLS BKB_219_20220826_id219 (3).jpg;219
2221;2097;219;MANDRILLS BKB_219_20220912_id219 (1).jpg;124
2303;2097;219;MANDRILLS BKB_219_20220912_id219 (2).jpg;206
2305;2120;219;MANDRILLS BKB_219_20221005_id219.jpg;185
2095;2148;219;MANDRILLS BKB_219_20221102_id219.jpg;53
2073;2163;219;MANDRILLS BKB_219_20221117_id219.jpg;90
2456;2167;219;MANDRILLS BKB_219_20221121_id219.jpg;289
2181;2171;219;MANDRILLS BKB_219_20221125_id219 (1).jpg;10
2271;2171;219;MANDRILLS BKB_219_20221125_id219 (3).jpg;100
2306;2176;219;MANDRILLS BKB_219_20221130_id219.jpg;130
2423;2185;219;MANDRILLS BKB_219_20221209_id219.jpg;238
2012;2190;219;MANDRILLS BKB_219_20221214_id219.jpg;178
1989;2194;219;MANDRILLS BKB_219_20221218_id219.jpg;205
1958;2197;219;MANDRILLS BKB_219_20221221_id219.jpg;239
732;726;228;MANDRILLS BKB_228_20191029_id228_fem.jpg;6
1072;1096;228;MANDRILLS BKB_228_20201102_id228_fem.jpg;24
1111;1119;228;MANDRILLS BKB_228_20201125_228_fem_(1).jpg;8
1137;1119;228;MANDRILLS BKB_228_20201125_228_fem_(2).jpg;18
915;1137;228;MANDRILLS BKB_228_20201213_id228_fem_(1).jpg;222
1193;1137;228;MANDRILLS BKB_228_20201213_id228_fem_(2).jpg;56
1240;1137;228;MANDRILLS BKB_228_20201213_id228_fem_(4).jpg;103
1267;1137;228;MANDRILLS BKB_228_20201213_id228_fem_(5).jpg;130
1329;1159;228;MANDRILLS BKB_228_20210104_id228_fem_(2).jpg;170
1325;1159;228;MANDRILLS BKB_228_20210104_id228_fem_(3).jpg;166
1227;1159;228;MANDRILLS BKB_228_20210104_id228_fem_(4).jpg;68
1299;1159;228;MANDRILLS BKB_228_20210104_id228_fem_(5).jpg;140
1321;1161;228;MANDRILLS BKB_228_20210106_id228_fem_(1).jpg;160
1470;1161;228;MANDRILLS BKB_228_20210106_id228_fem_(2).jpg;309
1177;1171;228;MANDRILLS BKB_228_20210116_id228_fem.jpg;6
1298;1175;228;MANDRILLS BKB_228_20210120_id228_fem_(1).jpg;123
1235;1175;228;MANDRILLS BKB_228_20210120_id228_fem_(2).jpg;60
1341;1183;228;MANDRILLS BKB_228_20210128_id228_femjuv.jpg;158
1212;1183;228;MANDRILLS BKB_228_20210128_id228_fem_(1).jpg;29
1414;1183;228;MANDRILLS BKB_228_20210128_id228_fem_(2).jpg;231
1146;1184;228;MANDRILLS BKB_228_20210129_id228_fem.jpg;38
1351;1198;228;MANDRILLS BKB_228_20210212_id228_fem_(1).jpg;153
1372;1198;228;MANDRILLS BKB_228_20210212_id228_fem_(2).jpg;174
1343;1255;228;MANDRILLS BKB_228_20210410_id228_fem.jpg;88
1551;1267;228;MANDRILLS BKB_228_20210422_id228_fem_(1).jpg;284
1465;1267;228;MANDRILLS BKB_228_20210422_id228_fem_(2).jpg;198
1382;1285;228;MANDRILLS BKB_228_20210510_id228_femjuv_(1).jpg;97
1541;1396;228;MANDRILLS BKB_228_20210829_id228_femjuv_(1).jpg;145
1513;1396;228;MANDRILLS BKB_228_20210829_id228_femjuv_(2).jpg;117
1483;1396;228;MANDRILLS BKB_228_20210829_id228_femjuv_(4).jpg;87
1724;1485;228;MANDRILLS BKB_228_20211126_id228_femjuv_(1).jpg;239
1928;1485;228;MANDRILLS BKB_228_20211126_id228_femjuv_(2).jpg;443
1762;1494;228;MANDRILLS BKB_228_20211205_id228_femjuv.jpg;268
1768;1547;228;MANDRILLS BKB_228_20220127_id228 (1).jpg;221
1899;1547;228;MANDRILLS BKB_228_20220127_id228.jpg;352
1904;1550;228;MANDRILLS BKB_228_20220130_id228 (2).jpg;354
1756;1550;228;MANDRILLS BKB_228_20220130_id228.jpg;206
1830;1586;228;MANDRILLS BKB_228_20220307_id228_femadu (1).jpg;244
1613;1586;228;MANDRILLS BKB_228_20220307_id228_femadu (2).jpg;27
2044;1601;228;MANDRILLS BKB_228_20220322_id228_femadu (1).jpg;443
2144;1601;228;MANDRILLS BKB_228_20220322_id228_femadu (2).jpg;543
1851;1609;228;MANDRILLS BKB_228_20220330_id228_femadu.jpg;242
1921;1636;228;MANDRILLS BKB_228_20220426_id228_femadu (1).jpg;285
1835;1636;228;MANDRILLS BKB_228_20220426_id228_femadu (2).jpg;199
1898;1643;228;MANDRILLS BKB_228_20220503_id228_femadu (2).jpg;255
1993;1643;228;MANDRILLS BKB_228_20220503_id228_femadu (3).jpg;350
2268;1643;228;MANDRILLS BKB_228_20220503_id228_femadu.jpg;625
1838;1655;228;MANDRILLS BKB_228_20220515_id228_femadu (1).jpg;183
1869;1656;228;MANDRILLS BKB_228_20220516_id228_femadu (1).jpg;213
1958;1656;228;MANDRILLS BKB_228_20220516_id228_femadu (2).jpg;302
1745;1661;228;MANDRILLS BKB_228_20220521_id228_femadu (1).jpg;84
2028;1661;228;MANDRILLS BKB_228_20220521_id228_femadu (2).jpg;367
1644;1661;228;MANDRILLS BKB_228_20220521_id228_femadu (3).jpg;17
2096;1661;228;MANDRILLS BKB_228_20220521_id228_femadu (4).jpg;435
2193;1661;228;MANDRILLS BKB_228_20220521_id228_femadu (5).jpg;532
1850;1664;228;MANDRILLS BKB_228_20220524_id228_femadu (1).jpg;186
1877;1664;228;MANDRILLS BKB_228_20220524_id228_femadu (2).jpg;213
1934;1664;228;MANDRILLS BKB_228_20220524_id228_femadu (3).jpg;270
1855;1678;228;MANDRILLS BKB_228_20220607_id228_femadu.jpg;177
1840;1692;228;MANDRILLS BKB_228_20220621_id228_femadu (2).jpg;148
2084;1692;228;MANDRILLS BKB_228_20220621_id228_femadu.jpg;392
1859;1695;228;MANDRILLS BKB_228_20220624_id228_femadu (1).jpg;164
2058;1695;228;MANDRILLS BKB_228_20220624_id228_femadu (2).jpg;363
1805;1695;228;MANDRILLS BKB_228_20220624_id228_femadu (3).jpg;110
1794;1695;228;MANDRILLS BKB_228_20220624_id228_femadu (5).jpg;99
2096;1695;228;MANDRILLS BKB_228_20220624_id228_femadu (6).jpg;401
1788;1695;228;MANDRILLS BKB_228_20220624_id228_femadu (7).jpg;93
2040;1695;228;MANDRILLS BKB_228_20220624_id228_femadu (8).jpg;345
2227;1715;228;MANDRILLS BKB_228_20220714_id228_femadu (1).jpg;512
2153;1715;228;MANDRILLS BKB_228_20220714_id228_femadu (2).jpg;438
1865;1718;228;MANDRILLS BKB_228_20220717_id228.jpg;147
2522;1729;228;MANDRILLS BKB_228_20220728_id228.jpg;793
2139;1735;228;MANDRILLS BKB_228_20220803_id228 (2).jpg;404
1901;1740;228;MANDRILLS BKB_228_20220808_id228 (1).jpg;161
1990;1740;228;MANDRILLS BKB_228_20220808_id228 (2).jpg;250
1902;1744;228;MANDRILLS BKB_228_20220812_id228.jpg;158
2112;1750;228;MANDRILLS BKB_228_20220818_id228 (1).jpg;362
1943;1750;228;MANDRILLS BKB_228_20220818_id228 (2).jpg;193
1999;1768;228;MANDRILLS BKB_228_20220905_id228 (1).jpg;231
1889;1774;228;MANDRILLS BKB_228_20220911_id228.jpg;115
1852;1775;228;MANDRILLS BKB_228_20220912_id228 (2).jpg;77
1888;1776;228;MANDRILLS BKB_228_20220913_id228.jpg;112
2313;1787;228;MANDRILLS BKB_228_20220924_id228.jpg;526
2155;1798;228;MANDRILLS BKB_228_20221005_id228 (1).jpg;357
1958;1798;228;MANDRILLS BKB_228_20221005_id228 (2).jpg;160
2010;1798;228;MANDRILLS BKB_228_20221005_id228 (3).jpg;212
1943;1798;228;MANDRILLS BKB_228_20221005_id228 (4).jpg;145
2073;1812;228;MANDRILLS BKB_228_20221019_id228 (1).jpg;261
1735;1812;228;MANDRILLS BKB_228_20221019_id228 (2).jpg;77
1869;1814;228;MANDRILLS BKB_228_20221021_id228.jpg;55
2103;1815;228;MANDRILLS BKB_228_20221022_id228.jpg;288
2108;1854;228;MANDRILLS BKB_228_20221130_id228.jpg;254
1971;1866;228;MANDRILLS BKB_228_20221212_id228.jpg;105
2229;1869;228;MANDRILLS BKB_228_20221215_id228.jpg;360
1979;1875;228;MANDRILLS BKB_228_20221221_id228.jpg;104
3998;3523;23;MANDRILLS BKB_23_20120919_id23_femadu_(2)_ORIGINAL.jpg;475
3925;3717;23;MANDRILLS BKB_23_20130401_id23_femadu_(1)_ORIGINAL.jpg;208
3881;3717;23;MANDRILLS BKB_23_20130401_id23_femadu_(2)_ORIGINAL.jpg;164
3842;3717;23;MANDRILLS BKB_23_20130401_id23_femadu_(4)_ORIGINAL.jpg;125
3772;4173;23;MANDRILLS BKB_23_20140701_id23_femadu_(4)_ORIGINAL.jpg;401
3893;4173;23;MANDRILLS BKB_23_20140701_id23_femadu_(5)_ORIGINAL.jpg;280
1767;1757;237;MANDRILLS BKB_237_20190918_id237_mal_(1).jpg;10
1726;1757;237;MANDRILLS BKB_237_20190918_id237_mal_(2).jpg;31
1753;1757;237;MANDRILLS BKB_237_20190918_id237_mal_(3).jpg;4
1714;1797;237;MANDRILLS BKB_237_20191028_id237_mal.jpg;83
1762;1869;237;MANDRILLS BKB_237_20200108_id237_mal_(1).jpg;107
1947;1869;237;MANDRILLS BKB_237_20200108_id237_mal_(2).jpg;78
1944;1869;237;MANDRILLS BKB_237_20200108_id237_mal_(3).jpg;75
2217;2209;237;MANDRILLS BKB_237_20201213_id237_mal_(1).jpg;8
1995;2209;237;MANDRILLS BKB_237_20201213_id237_mal_(2).jpg;214
2073;2209;237;MANDRILLS BKB_237_20201213_id237_mal_(3).jpg;136
2106;2209;237;MANDRILLS BKB_237_20201213_id237_mal_(4).jpg;103
2240;2209;237;MANDRILLS BKB_237_20201213_id237_mal_(5).jpg;31
2079;2209;237;MANDRILLS BKB_237_20201213_id237_mal_(6).jpg;130
2020;2211;237;MANDRILLS BKB_237_20201215_id237_mal.jpg;191
2254;2231;237;MANDRILLS BKB_237_20210104_id237_mal_(1).jpg;23
2251;2231;237;MANDRILLS BKB_237_20210104_id237_mal_(2).jpg;20
2057;2240;237;MANDRILLS BKB_237_20210113_id237_mal.jpg;183
2089;2256;237;MANDRILLS BKB_237_20210129_id237_mal_(1).jpg;167
2064;2256;237;MANDRILLS BKB_237_20210129_id237_mal_(2).jpg;192
2214;2318;237;MANDRILLS BKB_237_20210401_id237_mal_(1).jpg;104
2332;2318;237;MANDRILLS BKB_237_20210401_id237_mal_(2).jpg;14
2195;2318;237;MANDRILLS BKB_237_20210401_id237_mal_(3).jpg;123
2151;2318;237;MANDRILLS BKB_237_20210401_id237_mal_(4).jpg;167
2264;2367;237;MANDRILLS BKB_237_20210520_id237_maldo_(1).jpg;103
2264;2367;237;MANDRILLS BKB_237_20210520_id237_maldo_(2).jpg;103
2404;2492;237;MANDRILLS BKB_237_20210922_id237_malado.jpg;88
2331;2539;237;MANDRILLS BKB_237_20211108_id237_malado.jpg;208
2498;2571;237;MANDRILLS BKB_237_20211210_id237_malado.jpg;73
2496;2578;237;MANDRILLS BKB_237_20211217_id237_malado_(1).jpg;82
2353;2578;237;MANDRILLS BKB_237_20211217_id237_malado_(2).jpg;225
2433;2587;237;MANDRILLS BKB_237_20211226_id237_malado_(2).jpg;154
2483;2587;237;MANDRILLS BKB_237_20211226_id237_malado_(3).jpg;104
294;303;251;MANDRILLS BKB_251_20181008_id3013_feminfGAUCHE_(1)_ORIGINAL.jpg;9
291;303;251;MANDRILLS BKB_251_20181008_id3013_feminfGAUCHE_(2)_ORIGINAL.jpg;12
307;303;251;MANDRILLS BKB_251_20181008_id3013_feminfGAUCHE_(3)_ORIGINAL.jpg;4
1139;1100;251;MANDRILLS BKB_251_20201213_id251_mal_(1).jpg;39
1117;1100;251;MANDRILLS BKB_251_20201213_id251_mal_(2).jpg;17
946;1100;251;MANDRILLS BKB_251_20201213_id251_mal_(3).jpg;154
1146;1102;251;MANDRILLS BKB_251_20201215_id251_mal_(1).jpg;44
1101;1102;251;MANDRILLS BKB_251_20201215_id251_mal_(2).jpg;1
1115;1102;251;MANDRILLS BKB_251_20201215_id251_mal_(3).jpg;13
1342;1122;251;MANDRILLS BKB_251_20210104_id251_mal_(1).jpg;220
1359;1122;251;MANDRILLS BKB_251_20210104_id251_mal_(2).jpg;237
1036;1134;251;MANDRILLS BKB_251_20210116_id251_mal_(1).jpg;98
1205;1134;251;MANDRILLS BKB_251_20210116_id251_mal_(2).jpg;71
1127;1134;251;MANDRILLS BKB_251_20210116_id251_mal_(3).jpg;7
1132;1147;251;MANDRILLS BKB_251_20210129_id251_mal_(1).jpg;15
1092;1147;251;MANDRILLS BKB_251_20210129_id251_mal_(2).jpg;55
1064;1147;251;MANDRILLS BKB_251_20210129_id251_mal_(3).jpg;83
1230;1148;251;MANDRILLS BKB_251_20210130_id251_mal_(1).jpg;82
1131;1148;251;MANDRILLS BKB_251_20210130_id251_mal_(2).jpg;17
1249;1148;251;MANDRILLS BKB_251_20210130_id251_mal_(3).jpg;101
1101;1148;251;MANDRILLS BKB_251_20210130_id251_mal_(4).jpg;47
1116;1148;251;MANDRILLS BKB_251_20210130_id251_mal_(5).jpg;32
1038;1148;251;MANDRILLS BKB_251_20210130_id251_mal_(6).jpg;110
1379;1159;251;MANDRILLS BKB_251_20210210_id251_mal_(1).jpg;220
1462;1159;251;MANDRILLS BKB_251_20210210_id251_mal_(2).jpg;303
1302;1175;251;MANDRILLS BKB_251_20210226_id251_mal.jpg;127
1294;1185;251;MANDRILLS BKB_251_20210308_id251_mal.jpg;109
1166;1206;251;MANDRILLS BKB_251_20210329_id251_mal_(1).jpg;40
1200;1206;251;MANDRILLS BKB_251_20210329_id251_mal_(2).jpg;6
1226;1206;251;MANDRILLS BKB_251_20210329_id251_mal_(3).jpg;20
1340;1206;251;MANDRILLS BKB_251_20210329_id251_mal_(4).jpg;134
1294;1218;251;MANDRILLS BKB_251_20210410_id251_mal_(1).jpg;76
1303;1218;251;MANDRILLS BKB_251_20210410_id251_mal_(2).jpg;85
1229;1218;251;MANDRILLS BKB_251_20210410_id251_mal_(3).jpg;11
1475;1322;251;MANDRILLS BKB_251_20210723_id251_maljuv_(1).jpg;153
1330;1322;251;MANDRILLS BKB_251_20210723_id251_maljuv_(2).jpg;8
1417;1441;251;MANDRILLS BKB_251_20211119_id251_maljuv_(1).jpg;24
1456;1441;251;MANDRILLS BKB_251_20211119_id251_maljuv_(2).jpg;15
1493;1546;251;MANDRILLS BKB_251_20220304_id251_malado (1).jpg;53
1488;1546;251;MANDRILLS BKB_251_20220304_id251_malado (2).jpg;58
1362;1546;251;MANDRILLS BKB_251_20220304_id251_malado (3).jpg;184
1529;1553;251;MANDRILLS BKB_251_20220311_id251_malado.jpg;24
1519;1556;251;MANDRILLS BKB_251_20220314_id251_malado.jpg;37
1514;1572;251;MANDRILLS BKB_251_20220330_id251_malado (1).jpg;58
1550;1572;251;MANDRILLS BKB_251_20220330_id251_malado (2).jpg;22
1369;1572;251;MANDRILLS BKB_251_20220330_id251_malado (3).jpg;203
1481;1590;251;MANDRILLS BKB_251_20220417_id251_malado (1).jpg;109
1482;1590;251;MANDRILLS BKB_251_20220417_id251_malado (2).jpg;108
1598;1606;251;MANDRILLS BKB_251_20220503_id251_malado.jpg;8
1565;1620;251;MANDRILLS BKB_251_20220517_id251_malado (1).jpg;55
1601;1620;251;MANDRILLS BKB_251_20220517_id251_malado (2).jpg;19
1623;1620;251;MANDRILLS BKB_251_20220517_id251_malado (3).jpg;3
1492;1620;251;MANDRILLS BKB_251_20220517_id251_malado (4).jpg;128
1506;1620;251;MANDRILLS BKB_251_20220517_id251_malado (6).jpg;114
1511;1624;251;MANDRILLS BKB_251_20220521_id251_malado (1).jpg;113
1415;1624;251;MANDRILLS BKB_251_20220521_id251_malado (3).jpg;209
1642;1624;251;MANDRILLS BKB_251_20220521_id251_malado (4).jpg;18
1495;1624;251;MANDRILLS BKB_251_20220521_id251_malado (5).jpg;129
1631;1624;251;MANDRILLS BKB_251_20220521_id251_malado (6).jpg;7
1542;1628;251;MANDRILLS BKB_251_20220525_id251_malado (1).jpg;86
1532;1628;251;MANDRILLS BKB_251_20220525_id251_malado (2).jpg;96
1612;1638;251;MANDRILLS BKB_251_20220604_id251_malado (1).jpg;26
1643;1641;251;MANDRILLS BKB_251_20220607_id251.jpg;2
1637;1663;251;MANDRILLS BKB_251_20220629_id251 (1).jpg;26
1489;1663;251;MANDRILLS BKB_251_20220629_id251 (2).jpg;174
1559;1675;251;MANDRILLS BKB_251_20220711_id251.jpg;116
1677;1683;251;MANDRILLS BKB_251_20220719_id251 (1).jpg;6
1682;1683;251;MANDRILLS BKB_251_20220719_id251 (2).jpg;1
1628;1683;251;MANDRILLS BKB_251_20220719_id251 (3).jpg;55
1668;1683;251;MANDRILLS BKB_251_20220719_id251 (4).jpg;15
1699;1696;251;MANDRILLS BKB_251_20220801_id251 (1).jpg;3
1561;1696;251;MANDRILLS BKB_251_20220801_id251 (3).jpg;135
1610;1730;251;MANDRILLS BKB_251_20220904_id251.jpg;120
1570;1731;251;MANDRILLS BKB_251_20220905_id251 (1).jpg;161
1588;1731;251;MANDRILLS BKB_251_20220905_id251 (2).jpg;143
1771;1731;251;MANDRILLS BKB_251_20220905_id251 (3).jpg;40
1687;1731;251;MANDRILLS BKB_251_20220905_id251 (4).jpg;44
1668;1740;251;MANDRILLS BKB_251_20220914_id251.jpg;72
1533;1777;251;MANDRILLS BKB_251_20221021_id251.jpg;244
1742;1778;251;MANDRILLS BKB_251_20221022_id251.jpg;36
1715;1810;251;MANDRILLS BKB_251_20221123_id251 (1).jpg;95
1635;1810;251;MANDRILLS BKB_251_20221123_id251 (2).jpg;175
1688;1810;251;MANDRILLS BKB_251_20221123_id251 (3).jpg;122
1786;1810;251;MANDRILLS BKB_251_20221123_id251 (4).jpg;24
1761;1819;251;MANDRILLS BKB_251_20221202_id251.jpg;58
1703;1827;251;MANDRILLS BKB_251_20221210_id251.jpg;124
1774;1841;251;MANDRILLS BKB_251_20221224_id251.jpg;67
269;181;266;MANDRILLS BKB_266_20180726_id3100_feminfDEVANT_(1)_ORIGINAL.jpg;88
229;181;266;MANDRILLS BKB_266_20180726_id3100_feminfDEVANT_(2)_ORIGINAL.jpg;48
609;549;266;MANDRILLS BKB_266_20190729_id3100_femjuv_(1).jpg;60
682;586;266;MANDRILLS BKB_266_20190904_id3100_femjuv_(1).jpg;96
647;586;266;MANDRILLS BKB_266_20190904_id3100_femjuv_(2).jpg;61
861;711;266;MANDRILLS BKB_266_20200107_id3100_femjuv.jpg;150
1005;795;266;MANDRILLS BKB_266_20200331_id3100_femjuv_(1).jpg;210
937;795;266;MANDRILLS BKB_266_20200331_id3100_femjuv_(2).jpg;142
985;831;266;MANDRILLS BKB_266_20200506_id3100_femjuv_(1).jpg;154
974;831;266;MANDRILLS BKB_266_20200506_id3100_femjuv_(2).jpg;143
873;831;266;MANDRILLS BKB_266_20200506_id3100_femjuv_(3).jpg;42
1004;999;266;MANDRILLS BKB_266_20201021_id3100_femjuv.jpg;5
1245;1000;266;MANDRILLS BKB_266_20201022_id3100_femjuv_(1).jpg;245
1220;1000;266;MANDRILLS BKB_266_20201022_id3100_femjuv_(2).jpg;220
1186;1000;266;MANDRILLS BKB_266_20201022_id3100_femjuv_(3).jpg;186
1116;1000;266;MANDRILLS BKB_266_20201022_id3100_femjuv_(4).jpg;116
1121;1006;266;MANDRILLS BKB_266_20201028_id3100_femjuv_(1).jpg;115
1208;1006;266;MANDRILLS BKB_266_20201028_id3100_femjuv_(2).jpg;202
1222;1030;266;MANDRILLS BKB_266_20201121_id3100_femjuv_(1).jpg;192
1228;1030;266;MANDRILLS BKB_266_20201121_id3100_femjuv_(2).jpg;198
1239;1030;266;MANDRILLS BKB_266_20201121_id3100_femjuv_(3).jpg;209
1217;1030;266;MANDRILLS BKB_266_20201121_id3100_femjuv_(4).jpg;187
1167;1052;266;MANDRILLS BKB_266_20201213_id3100_femjuv_(1).jpg;115
1214;1052;266;MANDRILLS BKB_266_20201213_id3100_femjuv_(2).jpg;162
1360;1052;266;MANDRILLS BKB_266_20201213_id3100_femjuv_(3).jpg;308
1237;1052;266;MANDRILLS BKB_266_20201213_id3100_femjuv_(4).jpg;185
1202;1052;266;MANDRILLS BKB_266_20201213_id3100_femjuv_(5).jpg;150
1091;1052;266;MANDRILLS BKB_266_20201213_id3100_femjuv_(6).jpg;39
1289;1076;266;MANDRILLS BKB_266_20210106_id3100_femjuv.jpg;213
1601;1083;266;MANDRILLS BKB_266_20210113_id3100_femjuv_(1).jpg;518
1336;1083;266;MANDRILLS BKB_266_20210113_id3100_femjuv_(2).jpg;253
1397;1098;266;MANDRILLS BKB_266_20210128_id3100_femjuv_(3).jpg;299
1129;1111;266;MANDRILLS BKB_266_20210210_id3100_femjuv.jpg;18
1302;1130;266;MANDRILLS BKB_266_20210301_id3100_femjuv_(1).jpg;172
1413;1130;266;MANDRILLS BKB_266_20210301_id3100_femjuv_(2).jpg;283
2276;1161;266;MANDRILLS BKB_266_20210401_id3100_femjuv_(1).jpg;1115
1375;1161;266;MANDRILLS BKB_266_20210401_id3100_femjuv_(2).jpg;214
1369;1161;266;MANDRILLS BKB_266_20210401_id3100_femjuv_(3).jpg;208
1347;1181;266;MANDRILLS BKB_266_20210421_id3100_femjuv_(1).jpg;166
1386;1181;266;MANDRILLS BKB_266_20210421_id3100_femjuv_(2).jpg;205
1549;1203;266;MANDRILLS BKB_266_20210513_id3100_(1).jpg;346
1602;1203;266;MANDRILLS BKB_266_20210513_id3100_(2).jpg;399
1514;1348;266;MANDRILLS BKB_266_20211005_id266_femjuv.jpg;166
1426;1362;266;MANDRILLS BKB_266_20211019_id266_femjuv.jpg;64
1583;1414;266;MANDRILLS BKB_266_20211210_id266_femjuv_(1).jpg;169
1598;1414;266;MANDRILLS BKB_266_20211210_id266_femjuv_(2).jpg;184
1576;1417;266;MANDRILLS BKB_266_20211213_id266_femjuv_(1).jpg;159
1552;1417;266;MANDRILLS BKB_266_20211213_id266_femjuv_(2).jpg;135
1872;1457;266;MANDRILLS BKB_266_20220122_id266 (1).jpg;415
1974;1457;266;MANDRILLS BKB_266_20220122_id266 (2).jpg;517
1873;1457;266;MANDRILLS BKB_266_20220122_id266 (3).jpg;416
1600;1461;266;MANDRILLS BKB_266_20220126_id266.jpg;139
1916;1477;266;MANDRILLS BKB_266_20220211_id266_femadu.jpg;439
1659;1503;266;MANDRILLS BKB_266_20220309_id266_femadu (1).jpg;156
1643;1503;266;MANDRILLS BKB_266_20220309_id266_femadu (2).jpg;140
1920;1505;266;MANDRILLS BKB_266_20220311_id266_femadu.jpg;415
1748;1508;266;MANDRILLS BKB_266_20220314_id266_femadu.jpg;240
1784;1518;266;MANDRILLS BKB_266_20220324_id266_femadu.jpg;266
1804;1520;266;MANDRILLS BKB_266_20220326_id266_femadu.jpg;284
1746;1524;266;MANDRILLS BKB_266_20220330_id266_femadu.jpg;222
1691;1545;266;MANDRILLS BKB_266_20220420_id266_fem_adu.jpg;146
2077;1551;266;MANDRILLS BKB_266_20220426_id266_femadu.jpg;526
2011;1584;266;MANDRILLS BKB_266_20220529_id266_femadu.jpg;427
2130;1603;266;MANDRILLS BKB_266_20220617_id266_femadu.jpg;527
2311;1607;266;MANDRILLS BKB_266_20220621_id266_femadu.jpg;704
1888;1609;266;MANDRILLS BKB_266_20220623_id266_femadu.jpg;279
2002;1615;266;MANDRILLS BKB_266_20220629_id266 (1).jpg;387
1831;1615;266;MANDRILLS BKB_266_20220629_id266 (2).jpg;216
2413;1617;266;MANDRILLS BKB_266_20220701_id266 (2).jpg;796
1860;1617;266;MANDRILLS BKB_266_20220701_id266 (4).jpg;243
1885;1617;266;MANDRILLS BKB_266_20220701_id266.jpg;268
2122;1621;266;MANDRILLS BKB_266_20220705_id266 (2).jpg;501
2230;1627;266;MANDRILLS BKB_266_20220711_id266 (1).jpg;603
2117;1627;266;MANDRILLS BKB_266_20220711_id266 (2).jpg;490
2164;1627;266;MANDRILLS BKB_266_20220711_id266.jpg;537
2203;1630;266;MANDRILLS BKB_266_20220714_id266.jpg;573
2185;1630;266;MANDRILLS BKB_266_20220714_id266_femadu.jpg;555
1995;1637;266;MANDRILLS BKB_266_20220721_id266 (1).jpg;358
1959;1637;266;MANDRILLS BKB_266_20220721_id266 (2).jpg;322
2412;1674;266;MANDRILLS BKB_266_20220827_id266 (2).jpg;738
2009;1674;266;MANDRILLS BKB_266_20220827_id266.jpg;335
2075;1682;266;MANDRILLS BKB_266_20220904_id266 (1).jpg;393
2149;1682;266;MANDRILLS BKB_266_20220904_id266 (2).jpg;467
2183;1682;266;MANDRILLS BKB_266_20220904_id266 (3).jpg;501
2133;1682;266;MANDRILLS BKB_266_20220904_id266 (4).jpg;451
2082;1682;266;MANDRILLS BKB_266_20220904_id266 (6).jpg;400
2266;1682;266;MANDRILLS BKB_266_20220904_id266 (7).jpg;584
2279;1682;266;MANDRILLS BKB_266_20220904_id266 (8).jpg;597
2350;1683;266;MANDRILLS BKB_266_20220905_id266 (1).jpg;667
2350;1683;266;MANDRILLS BKB_266_20220905_id266 (2).jpg;667
2492;1689;266;MANDRILLS BKB_266_20220911_id266 (1).jpg;803
2139;1689;266;MANDRILLS BKB_266_20220911_id266 (2).jpg;450
2228;1692;266;MANDRILLS BKB_266_20220914_id266 (2).jpg;536
2097;1692;266;MANDRILLS BKB_266_20220914_id266.jpg;405
2188;1704;266;MANDRILLS BKB_266_20220926_id266.jpg;484
2031;1706;266;MANDRILLS BKB_266_20220928_id266.jpg;325
2029;1713;266;MANDRILLS BKB_266_20221005_id266 (1).jpg;316
2110;1713;266;MANDRILLS BKB_266_20221005_id266 (2).jpg;397
2049;1748;266;MANDRILLS BKB_266_20221109_id266.jpg;301
2401;1753;266;MANDRILLS BKB_266_20221114_id266.jpg;648
2051;1762;266;MANDRILLS BKB_266_20221123_id266 (1).jpg;289
2262;1762;266;MANDRILLS BKB_266_20221123_id266 (2).jpg;500
2457;1769;266;MANDRILLS BKB_266_20221130_id266.jpg;688
2399;1793;266;MANDRILLS BKB_266_20221224_id266.jpg;606
219;233;267;MANDRILLS BKB_267_20180802_id3110_feminf_(1)_ORIGINAL.jpg;14
199;233;267;MANDRILLS BKB_267_20180802_id3110_feminf_(10)_ORIGINAL.jpg;34
152;233;267;MANDRILLS BKB_267_20180802_id3110_feminf_(11)_ORIGINAL.jpg;81
172;233;267;MANDRILLS BKB_267_20180802_id3110_feminf_(12)_ORIGINAL.jpg;61
168;233;267;MANDRILLS BKB_267_20180802_id3110_feminf_(13)_ORIGINAL.jpg;65
182;233;267;MANDRILLS BKB_267_20180802_id3110_feminf_(15)_ORIGINAL.jpg;51
212;233;267;MANDRILLS BKB_267_20180802_id3110_feminf_(16)_ORIGINAL.jpg;21
207;233;267;MANDRILLS BKB_267_20180802_id3110_feminf_(18)_ORIGINAL.jpg;26
191;233;267;MANDRILLS BKB_267_20180802_id3110_feminf_(19)_ORIGINAL.jpg;42
307;233;267;MANDRILLS BKB_267_20180802_id3110_feminf_(2)_ORIGINAL.jpg;74
170;233;267;MANDRILLS BKB_267_20180802_id3110_feminf_(20)_ORIGINAL.jpg;63
172;233;267;MANDRILLS BKB_267_20180802_id3110_feminf_(21)_ORIGINAL.jpg;61
181;233;267;MANDRILLS BKB_267_20180802_id3110_feminf_(22)_ORIGINAL.jpg;52
206;233;267;MANDRILLS BKB_267_20180802_id3110_feminf_(23)_ORIGINAL.jpg;27
201;233;267;MANDRILLS BKB_267_20180802_id3110_feminf_(24)_ORIGINAL.jpg;32
185;233;267;MANDRILLS BKB_267_20180802_id3110_feminf_(25)_ORIGINAL.jpg;48
190;233;267;MANDRILLS BKB_267_20180802_id3110_feminf_(26)_ORIGINAL.jpg;43
202;233;267;MANDRILLS BKB_267_20180802_id3110_feminf_(27)_ORIGINAL.jpg;31
199;233;267;MANDRILLS BKB_267_20180802_id3110_feminf_(28)_ORIGINAL.jpg;34
185;233;267;MANDRILLS BKB_267_20180802_id3110_feminf_(29)_ORIGINAL.jpg;48
171;233;267;MANDRILLS BKB_267_20180802_id3110_feminf_(3)_ORIGINAL.jpg;62
194;233;267;MANDRILLS BKB_267_20180802_id3110_feminf_(30)_ORIGINAL.jpg;39
206;233;267;MANDRILLS BKB_267_20180802_id3110_feminf_(31)_ORIGINAL.jpg;27
204;233;267;MANDRILLS BKB_267_20180802_id3110_feminf_(32)_ORIGINAL.jpg;29
188;233;267;MANDRILLS BKB_267_20180802_id3110_feminf_(34)_ORIGINAL.jpg;45
184;233;267;MANDRILLS BKB_267_20180802_id3110_feminf_(35)_ORIGINAL.jpg;49
177;233;267;MANDRILLS BKB_267_20180802_id3110_feminf_(36)_ORIGINAL.jpg;56
204;233;267;MANDRILLS BKB_267_20180802_id3110_feminf_(37)_ORIGINAL.jpg;29
201;233;267;MANDRILLS BKB_267_20180802_id3110_feminf_(38)_ORIGINAL.jpg;32
178;233;267;MANDRILLS BKB_267_20180802_id3110_feminf_(39)_ORIGINAL.jpg;55
194;233;267;MANDRILLS BKB_267_20180802_id3110_feminf_(4)_ORIGINAL.jpg;39
179;233;267;MANDRILLS BKB_267_20180802_id3110_feminf_(40)_ORIGINAL.jpg;54
182;233;267;MANDRILLS BKB_267_20180802_id3110_feminf_(41)_ORIGINAL.jpg;51
187;233;267;MANDRILLS BKB_267_20180802_id3110_feminf_(42)_ORIGINAL.jpg;46
202;233;267;MANDRILLS BKB_267_20180802_id3110_feminf_(43)_ORIGINAL.jpg;31
152;233;267;MANDRILLS BKB_267_20180802_id3110_feminf_(45)_ORIGINAL.jpg;81
148;233;267;MANDRILLS BKB_267_20180802_id3110_feminf_(46)_ORIGINAL.jpg;85
191;233;267;MANDRILLS BKB_267_20180802_id3110_feminf_(47)_ORIGINAL.jpg;42
182;233;267;MANDRILLS BKB_267_20180802_id3110_feminf_(48)_ORIGINAL.jpg;51
200;233;267;MANDRILLS BKB_267_20180802_id3110_feminf_(49)_ORIGINAL.jpg;33
198;233;267;MANDRILLS BKB_267_20180802_id3110_feminf_(5)_ORIGINAL.jpg;35
195;233;267;MANDRILLS BKB_267_20180802_id3110_feminf_(50)_ORIGINAL.jpg;38
200;233;267;MANDRILLS BKB_267_20180802_id3110_feminf_(51)_ORIGINAL.jpg;33
192;233;267;MANDRILLS BKB_267_20180802_id3110_feminf_(52)_ORIGINAL.jpg;41
187;233;267;MANDRILLS BKB_267_20180802_id3110_feminf_(53)_ORIGINAL.jpg;46
182;233;267;MANDRILLS BKB_267_20180802_id3110_feminf_(54)_ORIGINAL.jpg;51
232;233;267;MANDRILLS BKB_267_20180802_id3110_feminf_(55)_ORIGINAL.jpg;1
197;233;267;MANDRILLS BKB_267_20180802_id3110_feminf_(57)_ORIGINAL.jpg;36
217;233;267;MANDRILLS BKB_267_20180802_id3110_feminf_(6)_ORIGINAL.jpg;16
183;233;267;MANDRILLS BKB_267_20180802_id3110_feminf_(7)_ORIGINAL.jpg;50
203;233;267;MANDRILLS BKB_267_20180802_id3110_feminf_(8)_ORIGINAL.jpg;30
297;365;267;MANDRILLS BKB_267_20181212_id3110_feminf_(1)_ORIGINAL.jpg;68
279;365;267;MANDRILLS BKB_267_20181212_id3110_feminf_(3)_ORIGINAL.jpg;86
415;460;267;MANDRILLS BKB_267_20190317_id3110_femjuv_(1).jpg;45
424;460;267;MANDRILLS BKB_267_20190317_id3110_femjuv_(2).jpg;36
465;571;267;MANDRILLS BKB_267_20190706_id3110_femjuv_(1).jpg;106
519;571;267;MANDRILLS BKB_267_20190706_id3110_femjuv_(2).jpg;52
453;571;267;MANDRILLS BKB_267_20190706_id3110_femjuv_(3).jpg;118
579;571;267;MANDRILLS BKB_267_20190706_id3110_femjuv_(4).jpg;8
498;583;267;MANDRILLS BKB_267_20190718_id3110_femjuv_(1).jpg;85
532;583;267;MANDRILLS BKB_267_20190718_id3110_femjuv_(2).jpg;51
580;583;267;MANDRILLS BKB_267_20190718_id3110_femjuv_(3).jpg;3
344;583;267;MANDRILLS BKB_267_20190718_id3110_femjuv_(4).jpg;239
376;583;267;MANDRILLS BKB_267_20190718_id3110_femjuv_(5).jpg;207
452;583;267;MANDRILLS BKB_267_20190718_id3110_femjuv_(7).jpg;131
427;601;267;MANDRILLS BKB_267_20190805_id3110_femjuv.jpg;174
593;652;267;MANDRILLS BKB_267_20190925_id3110_femjuv_(1).jpg;59
592;652;267;MANDRILLS BKB_267_20190925_id3110_femjuv_(2).jpg;60
529;652;267;MANDRILLS BKB_267_20190925_id3110_femjuv_(3).jpg;123
597;652;267;MANDRILLS BKB_267_20190925_id3110_femjuv_(6).jpg;55
637;652;267;MANDRILLS BKB_267_20190925_id3110_femjuv_(7).jpg;15
551;665;267;MANDRILLS BKB_267_20191008_id3110_femjuv.jpg;114
576;711;267;MANDRILLS BKB_267_20191123_id3110_femjuv.jpg;135
834;876;267;MANDRILLS BKB_267_20200506_id3110_femjuv_(1).jpg;42
774;876;267;MANDRILLS BKB_267_20200506_id3110_femjuv_(2).jpg;102
861;1040;267;MANDRILLS BKB_267_20201017_id3110_femjuv.jpg;179
898;1041;267;MANDRILLS BKB_267_20201018_id3110_femjuv_(1).jpg;143
920;1041;267;MANDRILLS BKB_267_20201018_id3110_femjuv_(2).jpg;121
797;1041;267;MANDRILLS BKB_267_20201018_id3110_femjuv_(3).jpg;244
908;1051;267;MANDRILLS BKB_267_20201028_id3110_femjuv_(1).jpg;143
891;1051;267;MANDRILLS BKB_267_20201028_id3110_femjuv_(2).jpg;160
873;1051;267;MANDRILLS BKB_267_20201028_id3110_femjuv_(3).jpg;178
859;1051;267;MANDRILLS BKB_267_20201028_id3110_femjuv_(4).jpg;192
950;1051;267;MANDRILLS BKB_267_20201028_id3110_femjuv_(5).jpg;101
892;1051;267;MANDRILLS BKB_267_20201028_id3110_femjuv_(6).jpg;159
829;1051;267;MANDRILLS BKB_267_20201028_id3110_femjuv_(7).jpg;222
947;1057;267;MANDRILLS BKB_267_20201103_id3110_femjuv.jpg;110
916;1064;267;MANDRILLS BKB_267_20201110_id3110_femjuv.jpg;148
964;1100;267;MANDRILLS BKB_267_20201216_id3110_femjuv_(1).jpg;136
1035;1100;267;MANDRILLS BKB_267_20201216_id3110_femjuv_(2).jpg;65
1063;1100;267;MANDRILLS BKB_267_20201216_id3110_femjuv_(3).jpg;37
955;1100;267;MANDRILLS BKB_267_20201216_id3110_femjuv_(4).jpg;145
1044;1128;267;MANDRILLS BKB_267_20210113_id3110_femjuv_(1).jpg;84
818;1128;267;MANDRILLS BKB_267_20210113_id3110_femjuv_(2).jpg;310
1076;1128;267;MANDRILLS BKB_267_20210113_id3110_femjuv_(3).jpg;52
993;1133;267;MANDRILLS BKB_267_20210118_id3110_femjuv.jpg;140
1097;1175;267;MANDRILLS BKB_267_20210301_id3110_femjuv_(1).jpg;78
1229;1175;267;MANDRILLS BKB_267_20210301_id3110_femjuv_(2).jpg;54
1019;1175;267;MANDRILLS BKB_267_20210301_id3110_femjuv_(3).jpg;156
1093;1204;267;MANDRILLS BKB_267_20210330_id3110_femjuv.jpg;111
1466;1367;267;MANDRILLS BKB_267_20210909_id267_femjuv (1).jpg;99
1340;1367;267;MANDRILLS BKB_267_20210909_id267_femjuv (2).jpg;27
1502;1377;267;MANDRILLS BKB_267_20210919_id267_femjuv.jpg;125
1419;1445;267;MANDRILLS BKB_267_20211126_id267_femjuv.jpg;26
1652;1457;267;MANDRILLS BKB_267_20211208_ID267_femjuv.jpg;195
1646;1466;267;MANDRILLS BKB_267_20211217_id267_femadu.jpg;180
1747;1502;267;MANDRILLS BKB_267_20220122_id267 (1).jpg;245
1295;1502;267;MANDRILLS BKB_267_20220122_id267 (2).jpg;207
1436;1502;267;MANDRILLS BKB_267_20220122_id267 (4).jpg;66
1338;1502;267;MANDRILLS BKB_267_20220122_id267 (5).jpg;164
1722;1502;267;MANDRILLS BKB_267_20220122_id267 (6).jpg;220
1993;1502;267;MANDRILLS BKB_267_20220122_id267 (7).jpg;491
1579;1528;267;MANDRILLS BKB_267_20220217_id267_femadu.jpg;51
1491;1543;267;MANDRILLS BKB_267_20220304_id267_femadu (1).jpg;52
1376;1543;267;MANDRILLS BKB_267_20220304_id267_femadu (2).jpg;167
1797;1543;267;MANDRILLS BKB_267_20220304_id267_femadu (3).jpg;254
1536;1548;267;MANDRILLS BKB_267_20220309_id267_femadu.jpg;12
1518;1561;267;MANDRILLS BKB_267_20220322_id267_femadu.jpg;43
1651;1562;267;MANDRILLS BKB_267_20220323_id267_femadu (1).jpg;89
1673;1562;267;MANDRILLS BKB_267_20220323_id267_femadu (2).jpg;111
1603;1568;267;MANDRILLS BKB_267_20220329_id267_femadu (1).jpg;35
1794;1588;267;MANDRILLS BKB_267_20220418_id267_femadu.jpg;206
1804;1596;267;MANDRILLS BKB_267_20220426_id267_femadu (1).jpg;208
1794;1597;267;MANDRILLS BKB_267_20220427_id267_femadu (2).jpg;197
1401;1609;267;MANDRILLS BKB_267_20220509_id267_femadu.jpg;208
1675;1617;267;MANDRILLS BKB_267_20220517_id267_femadu.jpg;58
1812;1647;267;MANDRILLS BKB_267_20220616_id267_femadu.jpg;165
1797;1652;267;MANDRILLS BKB_267_20220621_id267_femadu.jpg;145
1943;1660;267;MANDRILLS BKB_267_20220629_id267 (1).jpg;283
1687;1660;267;MANDRILLS BKB_267_20220629_id267 (2).jpg;27
1696;1660;267;MANDRILLS BKB_267_20220629_id267 (3).jpg;36
1666;1660;267;MANDRILLS BKB_267_20220629_id267 (4).jpg;6
1665;1660;267;MANDRILLS BKB_267_20220629_id267.jpg;5
1896;1670;267;MANDRILLS BKB_267_20220709_id267.jpg;226
1771;1678;267;MANDRILLS BKB_267_20220717_id267.jpg;93
1916;1686;267;MANDRILLS BKB_267_20220725_id267.jpg;230
1878;1693;267;MANDRILLS BKB_267_20220801_id267 (1).jpg;185
1747;1693;267;MANDRILLS BKB_267_20220801_id267 (2).jpg;54
1739;1693;267;MANDRILLS BKB_267_20220801_id267.jpg;46
1653;1700;267;MANDRILLS BKB_267_20220808_id267 (1).jpg;47
1784;1700;267;MANDRILLS BKB_267_20220808_id267 (2).jpg;84
2129;1703;267;MANDRILLS BKB_267_20220811_id267.jpg;426
1833;1704;267;MANDRILLS BKB_267_20220812_id267.jpg;129
1814;1718;267;MANDRILLS BKB_267_20220826_id267.jpg;96
1813;1727;267;MANDRILLS BKB_267_20220904_id267.jpg;86
1750;1743;267;MANDRILLS BKB_267_20220920_id267.jpg;7
1897;1775;267;MANDRILLS BKB_267_20221022_id267.jpg;122
1986;1800;267;MANDRILLS BKB_267_20221116_id267.jpg;186
1795;1805;267;MANDRILLS BKB_267_20221121_id267.jpg;10
1780;1824;267;MANDRILLS BKB_267_20221210_id267 (1).jpg;44
1687;1824;267;MANDRILLS BKB_267_20221210_id267 (2).jpg;137
1645;1828;267;MANDRILLS BKB_267_20221214_id267.jpg;183
1780;1835;267;MANDRILLS BKB_267_20221221_id267 (2).jpg;55
1709;1835;267;MANDRILLS BKB_267_20221221_id267.jpg;126
111;83;286;MANDRILLS BKB_286_20181206_id4090_malinf_BAS_(1)_ORIGINAL.jpg;28
88;83;286;MANDRILLS BKB_286_20181206_id4090_malinf_BAS_(2)_ORIGINAL.jpg;5
70;83;286;MANDRILLS BKB_286_20181206_id4090_malinf_BAS_(3)_ORIGINAL.jpg;13
89;83;286;MANDRILLS BKB_286_20181206_id4090_malinf_BAS_(4)_ORIGINAL.jpg;6
105;89;286;MANDRILLS BKB_286_20181212_id4090_malinf_DROITE_(1)_ORIGINAL.jpg;16
101;89;286;MANDRILLS BKB_286_20181212_id4090_malinf_DROITE_(2)_ORIGINAL.jpg;12
108;89;286;MANDRILLS BKB_286_20181212_id4090_malinf_DROITE_(3)_ORIGINAL.jpg;19
101;89;286;MANDRILLS BKB_286_20181212_id4090_malinf_DROITE_(4)_ORIGINAL.jpg;12
339;342;286;MANDRILLS BKB_286_20190822_id4090_malinf_DOUTE_(1).jpg;3
326;342;286;MANDRILLS BKB_286_20190822_id4090_malinf_DOUTE_(10).jpg;16
344;342;286;MANDRILLS BKB_286_20190822_id4090_malinf_DOUTE_(11).jpg;2
333;342;286;MANDRILLS BKB_286_20190822_id4090_malinf_DOUTE_(12).jpg;9
340;342;286;MANDRILLS BKB_286_20190822_id4090_malinf_DOUTE_(16).jpg;2
355;342;286;MANDRILLS BKB_286_20190822_id4090_malinf_DOUTE_(17).jpg;13
343;342;286;MANDRILLS BKB_286_20190822_id4090_malinf_DOUTE_(2).jpg;1
322;342;286;MANDRILLS BKB_286_20190822_id4090_malinf_DOUTE_(3).jpg;20
348;342;286;MANDRILLS BKB_286_20190822_id4090_malinf_DOUTE_(4).jpg;6
341;342;286;MANDRILLS BKB_286_20190822_id4090_malinf_DOUTE_(6).jpg;1
369;342;286;MANDRILLS BKB_286_20190822_id4090_malinf_DOUTE_(8).jpg;27
327;342;286;MANDRILLS BKB_286_20190822_id4090_malinf_DOUTE_(9).jpg;15
358;376;286;MANDRILLS BKB_286_20190925_id4090_maljuv_(1).jpg;18
347;376;286;MANDRILLS BKB_286_20190925_id4090_maljuv_(2).jpg;29
375;377;286;MANDRILLS BKB_286_20190926_id4090_a_verifier_(3).jpg;2
364;377;286;MANDRILLS BKB_286_20190926_id4090_maljuv_DOUTE_(1).jpg;13
351;377;286;MANDRILLS BKB_286_20190926_id4090_maljuv_DOUTE_(2).jpg;26
428;377;286;MANDRILLS BKB_286_20190926_id4090_maljuv_GAUCHE_(1).jpg;51
409;377;286;MANDRILLS BKB_286_20190926_id4090_maljuv_GAUCHE_(2).jpg;32
581;528;286;MANDRILLS BKB_286_20200224_id4090_maljuv.jpg;53
684;595;286;MANDRILLS BKB_286_20200501_id4090_maljuv.jpg;89
637;766;286;MANDRILLS BKB_286_20201019_id4090_maljuv_(1).jpg;129
772;766;286;MANDRILLS BKB_286_20201019_id4090_maljuv_(10).jpg;6
773;766;286;MANDRILLS BKB_286_20201019_id4090_maljuv_(2).jpg;7
833;766;286;MANDRILLS BKB_286_20201019_id4090_maljuv_(3).jpg;67
771;766;286;MANDRILLS BKB_286_20201019_id4090_maljuv_(4).jpg;5
756;766;286;MANDRILLS BKB_286_20201019_id4090_maljuv_(5).jpg;10
620;766;286;MANDRILLS BKB_286_20201019_id4090_maljuv_(6).jpg;146
745;766;286;MANDRILLS BKB_286_20201019_id4090_maljuv_(7).jpg;21
842;766;286;MANDRILLS BKB_286_20201019_id4090_maljuv_(8).jpg;76
719;766;286;MANDRILLS BKB_286_20201019_id4090_maljuv_(9).jpg;47
785;769;286;MANDRILLS BKB_286_20201022_id4090_maljuv_(1).jpg;16
763;769;286;MANDRILLS BKB_286_20201022_id4090_maljuv_(2).jpg;6
812;769;286;MANDRILLS BKB_286_20201022_id4090_maljuv_(3).jpg;43
708;778;286;MANDRILLS BKB_286_20201031_id4090_maljuv_(1).jpg;70
666;778;286;MANDRILLS BKB_286_20201031_id4090_maljuv_(2).jpg;112
727;781;286;MANDRILLS BKB_286_20201103_id4090_maljuv_(1).jpg;54
606;781;286;MANDRILLS BKB_286_20201103_id4090_maljuv_(2).jpg;175
879;830;286;MANDRILLS BKB_286_20201222_id4090_maljuv_(2).jpg;49
747;831;286;MANDRILLS BKB_286_20201223_id4090_maljuv_(1).jpg;84
833;831;286;MANDRILLS BKB_286_20201223_id4090_maljuv_(2).jpg;2
847;836;286;MANDRILLS BKB_286_20201228_id4090_maljuv_(1).jpg;11
964;836;286;MANDRILLS BKB_286_20201228_id4090_maljuv_(2).jpg;128
924;864;286;MANDRILLS BKB_286_20210125_id4090_maljuv_(1).jpg;60
921;864;286;MANDRILLS BKB_286_20210125_id4090_maljuv_(2).jpg;57
989;873;286;MANDRILLS BKB_286_20210203_id4090_maljuv_(1).jpg;116
895;873;286;MANDRILLS BKB_286_20210203_id4090_maljuv_(2).jpg;22
872;873;286;MANDRILLS BKB_286_20210203_id4090_maljuv_(3).jpg;1
867;873;286;MANDRILLS BKB_286_20210203_id4090_maljuv_(4).jpg;6
809;873;286;MANDRILLS BKB_286_20210203_id4090_maljuv_(5).jpg;64
867;939;286;MANDRILLS BKB_286_20210410_id4090_maljuv.jpg;72
995;1041;286;MANDRILLS BKB_286_20210721_id4090_maljuv.jpg;46
1034;1049;286;MANDRILLS BKB_286_20210729_id4090_maljuv_(1).jpg;15
1046;1049;286;MANDRILLS BKB_286_20210729_id4090_maljuv_(2).jpg;3
1110;1049;286;MANDRILLS BKB_286_20210729_id4090_maljuv_(3).jpg;61
1069;1049;286;MANDRILLS BKB_286_20210729_id4090_maljuv_(4).jpg;20
1046;1106;286;MANDRILLS BKB_286_20210924_id4090_maljuv.jpg;60
1074;1117;286;MANDRILLS BKB_286_20211005_id4090_maljuv.jpg;43
1159;1131;286;MANDRILLS BKB_286_20211019_id4090_maljuv.jpg;28
1073;1149;286;MANDRILLS BKB_286_20211106_id4090_maljuv_(1).jpg;76
1070;1149;286;MANDRILLS BKB_286_20211106_id4090_maljuv_(2).jpg;79
1079;1151;286;MANDRILLS BKB_286_20211108_id4090_maljuv_(1).jpg;72
1151;1151;286;MANDRILLS BKB_286_20211108_id4090_maljuv_(2).jpg;0
1266;1162;286;MANDRILLS BKB_286_20211119_id4090_maljuv_(1).jpg;104
1190;1162;286;MANDRILLS BKB_286_20211119_id4090_maljuv_(2).jpg;28
1247;1190;286;MANDRILLS BKB_286_20211217_id4090_maljuv_(1).jpg;57
1236;1190;286;MANDRILLS BKB_286_20211217_id4090_maljuv_(2).jpg;46
1128;1190;286;MANDRILLS BKB_286_20211217_id4090_maljuv_(3).jpg;62
1235;1261;286;MANDRILLS BKB_286_20220226_id4090_maljuv (2).jpg;26
1244;1261;286;MANDRILLS BKB_286_20220226_id4090_maljuv (3).jpg;17
1275;1293;286;MANDRILLS BKB_286_20220330_id4090_maljuv.jpg;18
1313;1333;286;MANDRILLS BKB_286_20220509_id4090_maljuv (1).jpg;20
1294;1333;286;MANDRILLS BKB_286_20220509_id4090_maljuv (2).jpg;39
1238;1339;286;MANDRILLS BKB_286_20220515_id4090_maljuv (3).jpg;101
1345;1350;286;MANDRILLS BKB_286_20220526_id4090_maljuv (1).jpg;5
1360;1350;286;MANDRILLS BKB_286_20220526_id4090_maljuv (2).jpg;10
1321;1350;286;MANDRILLS BKB_286_20220526_id4090_maljuv (3).jpg;29
1231;1350;286;MANDRILLS BKB_286_20220526_id4090_maljuv (4).jpg;119
1312;1362;286;MANDRILLS BKB_286_20220607_id4090_maljuv (1).jpg;50
1288;1362;286;MANDRILLS BKB_286_20220607_id4090_maljuv (2).jpg;74
1412;1384;286;MANDRILLS BKB_286_20220629_id4090 (1).jpg;28
1392;1384;286;MANDRILLS BKB_286_20220629_id4090 (2).jpg;8
1320;1384;286;MANDRILLS BKB_286_20220629_id4090.jpg;64
1358;1399;286;MANDRILLS BKB_286_20220714_id4090 (5).jpg;41
1438;1399;286;MANDRILLS BKB_286_20220714_id4090.jpg;39
1347;1399;286;MANDRILLS BKB_286_20220714_id4090_maljuv (1).jpg;52
1514;1399;286;MANDRILLS BKB_286_20220714_id4090_maljuv (2).jpg;115
1415;1399;286;MANDRILLS BKB_286_20220714_id4090_maljuv (3).jpg;16
1340;1399;286;MANDRILLS BKB_286_20220714_id4090_maljuv.jpg;59
1353;1401;286;MANDRILLS BKB_286_20220716_id4090_maljuv.jpg;48
1436;1428;286;MANDRILLS BKB_286_20220812_id4090.jpg;8
1324;1443;286;MANDRILLS BKB_286_20220827_id4090 (2).jpg;119
1356;1443;286;MANDRILLS BKB_286_20220827_id4090.jpg;87
1442;1482;286;MANDRILLS BKB_286_20221005_id4090.jpg;40
1370;1498;286;MANDRILLS BKB_286_20221021_id4090 (1).jpg;128
1459;1498;286;MANDRILLS BKB_286_20221021_id4090 (2).jpg;39
1511;1498;286;MANDRILLS BKB_286_20221021_id4090 (4).jpg;13
1471;1498;286;MANDRILLS BKB_286_20221021_id4090 (6).jpg;27
1421;1499;286;MANDRILLS BKB_286_20221022_id4090 (1).jpg;78
1456;1499;286;MANDRILLS BKB_286_20221022_id4090 (2).jpg;43
1527;1504;286;MANDRILLS BKB_286_20221027_id4090 (1).jpg;23
1485;1504;286;MANDRILLS BKB_286_20221027_id4090 (2).jpg;19
1571;1538;286;MANDRILLS BKB_286_20221130_id4090 (1).jpg;33
1532;1538;286;MANDRILLS BKB_286_20221130_id4090 (2).jpg;6
1496;1547;286;MANDRILLS BKB_286_20221209_id286.jpg;51
52;29;290;MANDRILLS BKB_290_20190317_id4124_malinf_GAUCHE.jpg;23
119;103;290;MANDRILLS BKB_290_20190530_id4124_malinf_DROITE.jpg;16
212;150;290;MANDRILLS BKB_290_20190716_id4124_malinf.jpg;62
299;202;290;MANDRILLS BKB_290_20190906_id4124_malinf_(1).jpg;97
323;202;290;MANDRILLS BKB_290_20190906_id4124_malinf_(2).jpg;121
289;202;290;MANDRILLS BKB_290_20190906_id4124_malinf_(4).jpg;87
281;202;290;MANDRILLS BKB_290_20190906_id4124_malinf_(5).jpg;79
275;202;290;MANDRILLS BKB_290_20190906_id4124_malinf_(6).jpg;73
306;255;290;MANDRILLS BKB_290_20191029_id4124_malinf.jpg;51
341;298;290;MANDRILLS BKB_290_20191211_id4124_malinf_(1).jpg;43
307;298;290;MANDRILLS BKB_290_20191211_id4124_malinf_(2).jpg;9
317;298;290;MANDRILLS BKB_290_20191211_id4124_malinf_(3).jpg;19
391;326;290;MANDRILLS BKB_290_20200108_id4124_malinf.jpg;65
370;424;290;MANDRILLS BKB_290_20200415_id4124_maljuv.jpg;54
734;610;290;MANDRILLS BKB_290_20201018_id4124_maljuv_(1).jpg;124
663;610;290;MANDRILLS BKB_290_20201018_id4124_maljuv_(2).jpg;53
795;610;290;MANDRILLS BKB_290_20201018_id4124_maljuv_(3).jpg;185
640;611;290;MANDRILLS BKB_290_20201019_id4124_maljuv_(1).jpg;29
615;611;290;MANDRILLS BKB_290_20201019_id4124_maljuv_(2).jpg;4
643;612;290;MANDRILLS BKB_290_20201020_id4124_maljuv.jpg;31
696;614;290;MANDRILLS BKB_290_20201022_id4124_maljuv_(1).jpg;82
601;614;290;MANDRILLS BKB_290_20201022_id4124_maljuv_(2).jpg;13
771;614;290;MANDRILLS BKB_290_20201022_id4124_maljuv_(3).jpg;157
681;621;290;MANDRILLS BKB_290_20201029_id4124_maljuv_(1).jpg;60
692;621;290;MANDRILLS BKB_290_20201029_id4124_maljuv_(2).jpg;71
728;621;290;MANDRILLS BKB_290_20201029_id4124_maljuv_(3).jpg;107
769;624;290;MANDRILLS BKB_290_20201101_id4124_maljuv.jpg;145
724;644;290;MANDRILLS BKB_290_20201121_id4124_maljuv_(1).jpg;80
702;644;290;MANDRILLS BKB_290_20201121_id4124_maljuv_(2).jpg;58
660;644;290;MANDRILLS BKB_290_20201121_id4124_maljuv_(3).jpg;16
696;644;290;MANDRILLS BKB_290_20201121_id4124_maljuv_(4).jpg;52
843;683;290;MANDRILLS BKB_290_20201230_id4124_maljuv_(2).jpg;160
781;683;290;MANDRILLS BKB_290_20201230_id4124_maljuv_(3).jpg;98
637;683;290;MANDRILLS BKB_290_20201230_id4124_maljuv_(4).jpg;46
635;683;290;MANDRILLS BKB_290_20201230_id4124_maljuv_(5).jpg;48
562;683;290;MANDRILLS BKB_290_20201230_id4124_maljuv_(6).jpg;121
705;683;290;MANDRILLS BKB_290_20201230_id4124_maljuv_(7).jpg;22
821;684;290;MANDRILLS BKB_290_20201231_id4124_maljuv_(1).jpg;137
749;684;290;MANDRILLS BKB_290_20201231_id4124_maljuv_(2).jpg;65
713;684;290;MANDRILLS BKB_290_20201231_id4124_maljuv_(3).jpg;29
708;684;290;MANDRILLS BKB_290_20201231_id4124_maljuv_(4).jpg;24
723;684;290;MANDRILLS BKB_290_20201231_id4124_maljuv_(5).jpg;39
716;705;290;MANDRILLS BKB_290_20210121_id4124_maljuv_(1).jpg;11
489;705;290;MANDRILLS BKB_290_20210121_id4124_maljuv_(2).jpg;216
674;713;290;MANDRILLS BKB_290_20210129_id4124_maljuv_(1).jpg;39
685;713;290;MANDRILLS BKB_290_20210129_id4124_maljuv_(2).jpg;28
705;719;290;MANDRILLS BKB_290_20210204_id4124_maljuv_(1).jpg;14
802;719;290;MANDRILLS BKB_290_20210204_id4124_maljuv_(2).jpg;83
783;719;290;MANDRILLS BKB_290_20210204_id4124_maljuv_(3).jpg;64
678;719;290;MANDRILLS BKB_290_20210204_id4124_maljuv_(4).jpg;41
836;719;290;MANDRILLS BKB_290_20210204_id4124_maljuv_(5).jpg;117
874;751;290;MANDRILLS BKB_290_20210308_id4124_maljuv.jpg;123
759;775;290;MANDRILLS BKB_290_20210401_id4124_maljuv_(1).jpg;16
830;775;290;MANDRILLS BKB_290_20210401_id4124_maljuv_(2).jpg;55
778;776;290;MANDRILLS BKB_290_20210402_id4124_maljuv.jpg;2
809;784;290;MANDRILLS BKB_290_20210410_id4124_maljuv.jpg;25
754;815;290;MANDRILLS BKB_290_20210511_id4124_maljuv_(1).jpg;61
708;815;290;MANDRILLS BKB_290_20210511_id4124_maljuv_(2).jpg;107
984;931;290;MANDRILLS BKB_290_20210904_id4124_maljuv (1).jpg;53
1067;931;290;MANDRILLS BKB_290_20210904_id4124_maljuv (3).jpg;136
1253;931;290;MANDRILLS BKB_290_20210904_id4124_maljuv (4).jpg;322
1014;931;290;MANDRILLS BKB_290_20210904_id4124_maljuv (5).jpg;83
915;931;290;MANDRILLS BKB_290_20210904_id4124_maljuv (6).jpg;16
989;962;290;MANDRILLS BKB_290_20211005_id4124_maljuv.jpg;27
1038;1014;290;MANDRILLS BKB_290_20211126_id4124_maljuv.jpg;24
1016;1035;290;MANDRILLS BKB_290_20211217_id4124_maljuv_(1).jpg;19
968;1035;290;MANDRILLS BKB_290_20211217_id4124_maljuv_(2).jpg;67
948;1081;290;MANDRILLS BKB_290_20220201_id4124_maljuv (1).jpg;133
887;1081;290;MANDRILLS BKB_290_20220201_id4124_maljuv (2).jpg;194
1102;1081;290;MANDRILLS BKB_290_20220201_id4124_maljuv (3).jpg;21
949;1081;290;MANDRILLS BKB_290_20220201_id4124_maljuv (4).jpg;132
1120;1081;290;MANDRILLS BKB_290_20220201_id4124_maljuv (5).jpg;39
1120;1081;290;MANDRILLS BKB_290_20220201_id4124_maljuv.jpg;39
1109;1096;290;MANDRILLS BKB_290_20220216_id4124_maljuv (1).jpg;13
1168;1096;290;MANDRILLS BKB_290_20220216_id4124_maljuv (2).jpg;72
1082;1115;290;MANDRILLS BKB_290_20220307_id4124_maljuv.jpg;33
1166;1132;290;MANDRILLS BKB_290_20220324_id4124_maljuv (1).jpg;34
932;1132;290;MANDRILLS BKB_290_20220324_id4124_maljuv (2).jpg;200
1177;1149;290;MANDRILLS BKB_290_20220410_id4124_maljuv.jpg;28
1054;1185;290;MANDRILLS BKB_290_20220516_id4124_maljuv (2).jpg;131
1297;1185;290;MANDRILLS BKB_290_20220516_id4124_maljuv.jpg;112
1277;1201;290;MANDRILLS BKB_290_20220601_id4124_maljuv.jpg;76
1249;1229;290;MANDRILLS BKB_290_20220629_id4124 (1).jpg;20
1023;1229;290;MANDRILLS BKB_290_20220629_id4124 (2).jpg;206
1225;1229;290;MANDRILLS BKB_290_20220629_id4124 (3).jpg;4
1040;1229;290;MANDRILLS BKB_290_20220629_id4124 (4).jpg;189
1207;1229;290;MANDRILLS BKB_290_20220629_id4124 (5).jpg;22
1179;1229;290;MANDRILLS BKB_290_20220629_id4124 (6).jpg;50
1328;1246;290;MANDRILLS BKB_290_20220716_id4124 (2).jpg;82
1292;1246;290;MANDRILLS BKB_290_20220716_id4124.jpg;46
954;1273;290;MANDRILLS BKB_290_20220812_id4124.jpg;319
1185;1279;290;MANDRILLS BKB_290_20220818_id4124.jpg;94
1204;1287;290;MANDRILLS BKB_290_20220826_id4124 (1).jpg;83
1343;1287;290;MANDRILLS BKB_290_20220826_id4124 (2).jpg;56
1260;1287;290;MANDRILLS BKB_290_20220826_id4124 (3).jpg;27
1270;1287;290;MANDRILLS BKB_290_20220826_id4124 (4).jpg;17
1233;1287;290;MANDRILLS BKB_290_20220826_id4124 (5).jpg;54
1118;1296;290;MANDRILLS BKB_290_20220904_id4124 (1).jpg;178
1212;1296;290;MANDRILLS BKB_290_20220904_id4124 (2).jpg;84
1247;1297;290;MANDRILLS BKB_290_20220905_id4124 (1).jpg;50
1184;1297;290;MANDRILLS BKB_290_20220905_id4124 (2).jpg;113
1094;1297;290;MANDRILLS BKB_290_20220905_id4124 (3).jpg;203
1330;1297;290;MANDRILLS BKB_290_20220905_id4124 (4).jpg;33
1233;1300;290;MANDRILLS BKB_290_20220908_id4124 (1).jpg;67
1319;1300;290;MANDRILLS BKB_290_20220908_id4124 (2).jpg;19
1249;1310;290;MANDRILLS BKB_290_20220918_id4124.jpg;61
1253;1320;290;MANDRILLS BKB_290_20220928_id4124 (1).jpg;67
1294;1343;290;MANDRILLS BKB_290_20221021_id4124 (1).jpg;49
1359;1343;290;MANDRILLS BKB_290_20221021_id4124 (2).jpg;16
1116;1343;290;MANDRILLS BKB_290_20221021_id4124 (3).jpg;227
1301;1349;290;MANDRILLS BKB_290_20221027_id4124.jpg;48
1414;1374;290;MANDRILLS BKB_290_20221121_id4124.jpg;40
1505;1378;290;MANDRILLS BKB_290_20221125_id4124.jpg;127
1424;1383;290;MANDRILLS BKB_290_20221130_id4124 (2).jpg;41
1470;1383;290;MANDRILLS BKB_290_20221130_id4124 (3).jpg;87
1244;1383;290;MANDRILLS BKB_290_20221130_id4124 (4).jpg;139
1418;1383;290;MANDRILLS BKB_290_20221130_id4124.jpg;35
1340;1392;290;MANDRILLS BKB_290_20221209_id290 (1).jpg;52
1327;1392;290;MANDRILLS BKB_290_20221209_id290 (2).jpg;65
1364;1392;290;MANDRILLS BKB_290_20221209_id290.jpg;28
1204;1397;290;MANDRILLS BKB_290_20221214_id290 (1).jpg;193
1162;1397;290;MANDRILLS BKB_290_20221214_id290 (2).jpg;235
16;8;292;MANDRILLS BKB_292_20190223_id4150_BAS_(11)_ORIGINAL.jpg;8
28;8;292;MANDRILLS BKB_292_20190223_id4150_BAS_(14)_ORIGINAL.jpg;20
27;8;292;MANDRILLS BKB_292_20190223_id4150_BAS_(16)_ORIGINAL.jpg;19
38;8;292;MANDRILLS BKB_292_20190223_id4150_BAS_(3)_ORIGINAL.jpg;30
29;8;292;MANDRILLS BKB_292_20190223_id4150_BAS_(4)_ORIGINAL.jpg;21
33;8;292;MANDRILLS BKB_292_20190223_id4150_BAS_(7)_ORIGINAL.jpg;25
24;8;292;MANDRILLS BKB_292_20190223_id4150_BAS_(8)_ORIGINAL.jpg;16
48;8;292;MANDRILLS BKB_292_20190223_id4150_BAS_(9)_ORIGINAL.jpg;40
23;26;292;MANDRILLS BKB_292_20190313_id4150_malinf_(1).jpg;3
22;26;292;MANDRILLS BKB_292_20190313_id4150_malinf_(2).jpg;4
22;26;292;MANDRILLS BKB_292_20190313_id4150_malinf_BAS_(10).jpg;4
24;26;292;MANDRILLS BKB_292_20190313_id4150_malinf_BAS_(11).jpg;2
20;26;292;MANDRILLS BKB_292_20190313_id4150_malinf_BAS_(5).jpg;6
9;26;292;MANDRILLS BKB_292_20190313_id4150_malinf_BAS_(6).jpg;17
28;26;292;MANDRILLS BKB_292_20190313_id4150_malinf_BAS_(7).jpg;2
33;26;292;MANDRILLS BKB_292_20190313_id4150_malinf_BAS_(8).jpg;7
29;26;292;MANDRILLS BKB_292_20190313_id4150_malinf_BAS_(9).jpg;3
18;26;292;MANDRILLS BKB_292_20190313_id4150_malinf_CENTRE_(2).jpg;8
35;26;292;MANDRILLS BKB_292_20190313_id4150_malinf_CENTRE_(3).jpg;9
28;26;292;MANDRILLS BKB_292_20190313_id4150_malinf_CENTRE_(4).jpg;2
28;26;292;MANDRILLS BKB_292_20190313_id4150_malinf_GAUCHE_(1).jpg;2
30;30;292;MANDRILLS BKB_292_20190317_id4150_malinf_BAS.jpg;0
27;30;292;MANDRILLS BKB_292_20190317_id4150_malinf_DROITE_(1).jpg;3
50;30;292;MANDRILLS BKB_292_20190317_id4150_malinf_DROITE_(2).jpg;20
50;30;292;MANDRILLS BKB_292_20190317_id4150_malinf_DROITE_(3).jpg;20
32;30;292;MANDRILLS BKB_292_20190317_id4150_malinf_DROITE_(4).jpg;2
32;30;292;MANDRILLS BKB_292_20190317_id4150_malinf_DROITE_(5).jpg;2
50;30;292;MANDRILLS BKB_292_20190317_id4150_malinf_DROITE_(6).jpg;20
56;30;292;MANDRILLS BKB_292_20190317_id4150_malinf_DROITE_(7).jpg;26
53;30;292;MANDRILLS BKB_292_20190317_id4150_malinf_DROITE_(8).jpg;23
39;37;292;MANDRILLS BKB_292_20190324_id4150_malinf.jpg;2
145;150;292;MANDRILLS BKB_292_20190715_id4150_malinf_(1).jpg;5
145;150;292;MANDRILLS BKB_292_20190715_id4150_malinf_(2).jpg;5
121;150;292;MANDRILLS BKB_292_20190715_id4150_malinf_(3).jpg;29
198;172;292;MANDRILLS BKB_292_20190806_id4150_malinf_(2).jpg;26
206;172;292;MANDRILLS BKB_292_20190806_id4150_malinf_(3).jpg;34
189;172;292;MANDRILLS BKB_292_20190806_id4150_malinf_(4).jpg;17
222;172;292;MANDRILLS BKB_292_20190806_id4150_malinf_(5).jpg;50
273;208;292;MANDRILLS BKB_292_20190911_id4150_malinf_(10).jpg;65
263;208;292;MANDRILLS BKB_292_20190911_id4150_malinf_(12).jpg;55
267;208;292;MANDRILLS BKB_292_20190911_id4150_malinf_(13).jpg;59
217;208;292;MANDRILLS BKB_292_20190911_id4150_malinf_(14).jpg;9
288;208;292;MANDRILLS BKB_292_20190911_id4150_malinf_(15).jpg;80
250;208;292;MANDRILLS BKB_292_20190911_id4150_malinf_(16).jpg;42
266;208;292;MANDRILLS BKB_292_20190911_id4150_malinf_(17).jpg;58
206;208;292;MANDRILLS BKB_292_20190911_id4150_malinf_(3).jpg;2
263;208;292;MANDRILLS BKB_292_20190911_id4150_malinf_(4).jpg;55
242;208;292;MANDRILLS BKB_292_20190911_id4150_malinf_(5).jpg;34
252;208;292;MANDRILLS BKB_292_20190911_id4150_malinf_(6).jpg;44
304;208;292;MANDRILLS BKB_292_20190911_id4150_malinf_(7).jpg;96
199;208;292;MANDRILLS BKB_292_20190911_id4150_malinf_(8).jpg;9
249;208;292;MANDRILLS BKB_292_20190911_id4150_malinf_(9).jpg;41
251;230;292;MANDRILLS BKB_292_20191003_id4150_malinf_(1).jpg;21
318;230;292;MANDRILLS BKB_292_20191003_id4150_malinf_(2).jpg;88
242;235;292;MANDRILLS BKB_292_20191008_id4150_malinf_(1).jpg;7
273;235;292;MANDRILLS BKB_292_20191008_id4150_malinf_(2).jpg;38
277;235;292;MANDRILLS BKB_292_20191008_id4150_malinf_(3).jpg;42
278;235;292;MANDRILLS BKB_292_20191008_id4150_malinf_(4).jpg;43
308;235;292;MANDRILLS BKB_292_20191008_id4150_malinf_(5).jpg;73
300;268;292;MANDRILLS BKB_292_20191110_id4150_malinf.jpg;32
303;299;292;MANDRILLS BKB_292_20191211_id4150_malinf.jpg;4
335;334;292;MANDRILLS BKB_292_20200115_id4150_malinf.jpg;1
339;340;292;MANDRILLS BKB_292_20200121_id4150_malinf_(1).jpg;1
340;340;292;MANDRILLS BKB_292_20200121_id4150_malinf_(2).jpg;0
451;360;292;MANDRILLS BKB_292_20200210_id4150_malinf_(1).jpg;91
432;360;292;MANDRILLS BKB_292_20200210_id4150_malinf_(2).jpg;72
602;369;292;MANDRILLS BKB_292_20200219_id4150_maljuv_(1).jpg;233
433;369;292;MANDRILLS BKB_292_20200219_id4150_maljuv_(2).jpg;64
640;611;292;MANDRILLS BKB_292_20201018_id4150_maljuv_(1).jpg;29
742;611;292;MANDRILLS BKB_292_20201018_id4150_maljuv_(10).jpg;131
722;611;292;MANDRILLS BKB_292_20201018_id4150_maljuv_(11).jpg;111
637;611;292;MANDRILLS BKB_292_20201018_id4150_maljuv_(12).jpg;26
596;611;292;MANDRILLS BKB_292_20201018_id4150_maljuv_(13).jpg;15
606;611;292;MANDRILLS BKB_292_20201018_id4150_maljuv_(14).jpg;5
772;611;292;MANDRILLS BKB_292_20201018_id4150_maljuv_(15).jpg;161
717;611;292;MANDRILLS BKB_292_20201018_id4150_maljuv_(16).jpg;106
682;611;292;MANDRILLS BKB_292_20201018_id4150_maljuv_(17).jpg;71
814;611;292;MANDRILLS BKB_292_20201018_id4150_maljuv_(18).jpg;203
617;611;292;MANDRILLS BKB_292_20201018_id4150_maljuv_(19).jpg;6
646;611;292;MANDRILLS BKB_292_20201018_id4150_maljuv_(2).jpg;35
670;611;292;MANDRILLS BKB_292_20201018_id4150_maljuv_(20).jpg;59
547;611;292;MANDRILLS BKB_292_20201018_id4150_maljuv_(21).jpg;64
703;611;292;MANDRILLS BKB_292_20201018_id4150_maljuv_(22).jpg;92
666;611;292;MANDRILLS BKB_292_20201018_id4150_maljuv_(23).jpg;55
726;611;292;MANDRILLS BKB_292_20201018_id4150_maljuv_(24).jpg;115
618;611;292;MANDRILLS BKB_292_20201018_id4150_maljuv_(25).jpg;7
684;611;292;MANDRILLS BKB_292_20201018_id4150_maljuv_(26).jpg;73
666;611;292;MANDRILLS BKB_292_20201018_id4150_maljuv_(27).jpg;55
677;611;292;MANDRILLS BKB_292_20201018_id4150_maljuv_(28).jpg;66
643;611;292;MANDRILLS BKB_292_20201018_id4150_maljuv_(29).jpg;32
620;611;292;MANDRILLS BKB_292_20201018_id4150_maljuv_(3).jpg;9
639;611;292;MANDRILLS BKB_292_20201018_id4150_maljuv_(4).jpg;28
714;611;292;MANDRILLS BKB_292_20201018_id4150_maljuv_(5).jpg;103
647;611;292;MANDRILLS BKB_292_20201018_id4150_maljuv_(6).jpg;36
679;611;292;MANDRILLS BKB_292_20201018_id4150_maljuv_(7).jpg;68
694;611;292;MANDRILLS BKB_292_20201018_id4150_maljuv_(8).jpg;83
648;611;292;MANDRILLS BKB_292_20201018_id4150_maljuv_(9).jpg;37
648;649;292;MANDRILLS BKB_292_20201125_id4150_maljuv_(1).jpg;1
612;649;292;MANDRILLS BKB_292_20201125_id4150_maljuv_(2).jpg;37
712;675;292;MANDRILLS BKB_292_20201221_id4150_maljuv.jpg;37
775;681;292;MANDRILLS BKB_292_20201227_id4150_maljuv.jpg;94
969;688;292;MANDRILLS BKB_292_20210103_id4150_maljuv_(1).jpg;281
779;688;292;MANDRILLS BKB_292_20210103_id4150_maljuv_(2).jpg;91
803;702;292;MANDRILLS BKB_292_20210117_id4150_maljuv_(1).jpg;101
745;702;292;MANDRILLS BKB_292_20210117_id4150_maljuv_(2).jpg;43
730;714;292;MANDRILLS BKB_292_20210129_id4150_maljuv.jpg;16
743;732;292;MANDRILLS BKB_292_20210216_id4150_maljuv.jpg;11
841;732;292;MANDRILLS BKB_292_20210216_id4150_maljuv_(1).jpg;109
720;732;292;MANDRILLS BKB_292_20210216_id4150_maljuv_(2).jpg;12
701;732;292;MANDRILLS BKB_292_20210216_id4150_maljuv_(3).jpg;31
853;740;292;MANDRILLS BKB_292_20210224_id4150_maljuv.jpg;113
786;752;292;MANDRILLS BKB_292_20210308_id4150_maljuv_(1).jpg;34
813;752;292;MANDRILLS BKB_292_20210308_id4150_maljuv_(2).jpg;61
797;752;292;MANDRILLS BKB_292_20210308_id4150_maljuv_(3).jpg;45
774;777;292;MANDRILLS BKB_292_20210402_id4150_maljuv.jpg;3
841;889;292;MANDRILLS BKB_292_20210723_id4150_maljuv_(1).jpg;48
965;889;292;MANDRILLS BKB_292_20210723_id4150_maljuv_(2).jpg;76
871;889;292;MANDRILLS BKB_292_20210723_id4150_maljuv_(3).jpg;18
1009;941;292;MANDRILLS BKB_292_20210913_id4150_maljuv (1).jpg;68
1054;941;292;MANDRILLS BKB_292_20210913_id4150_maljuv (2).jpg;113
1219;1008;292;MANDRILLS BKB_292_20211119_id4150_maljuv_(1).jpg;211
842;1008;292;MANDRILLS BKB_292_20211119_id4150_maljuv_(2).jpg;166
1171;1070;292;MANDRILLS BKB_292_20220120_id4150.jpg;101
1092;1072;292;MANDRILLS BKB_292_20220122_id4150 (1).jpg;20
1075;1072;292;MANDRILLS BKB_292_20220122_id4150 (2).jpg;3
1065;1072;292;MANDRILLS BKB_292_20220122_id4150 (3).jpg;7
1063;1072;292;MANDRILLS BKB_292_20220122_id4150 (4).jpg;9
1210;1072;292;MANDRILLS BKB_292_20220122_id4150 (5).jpg;138
1058;1082;292;MANDRILLS BKB_292_20220201_id4150_maljuv (1).jpg;24
974;1082;292;MANDRILLS BKB_292_20220201_id4150_maljuv (2).jpg;108
1144;1082;292;MANDRILLS BKB_292_20220201_id4150_maljuv (3).jpg;62
1161;1082;292;MANDRILLS BKB_292_20220201_id4150_maljuv (4).jpg;79
1065;1082;292;MANDRILLS BKB_292_20220201_id4150_maljuv (5).jpg;17
1022;1082;292;MANDRILLS BKB_292_20220201_id4150_maljuv (6).jpg;60
1119;1082;292;MANDRILLS BKB_292_20220201_id4150_maljuv (7).jpg;37
1149;1097;292;MANDRILLS BKB_292_20220216_id4150_maljuv.jpg;52
1158;1113;292;MANDRILLS BKB_292_20220304_id4150_maljuv (1).jpg;45
1197;1113;292;MANDRILLS BKB_292_20220304_id4150_maljuv (2).jpg;84
1151;1113;292;MANDRILLS BKB_292_20220304_id4150_maljuv (3).jpg;38
1238;1133;292;MANDRILLS BKB_292_20220324_id4150_maljuv (1).jpg;105
1154;1133;292;MANDRILLS BKB_292_20220324_id4150_maljuv (2).jpg;21
1269;1133;292;MANDRILLS BKB_292_20220324_id4150_maljuv (3).jpg;136
1302;1133;292;MANDRILLS BKB_292_20220324_id4150_maljuv (4).jpg;169
1332;1165;292;MANDRILLS BKB_292_20220425_id4150_maljuv (2).jpg;167
1355;1165;292;MANDRILLS BKB_292_20220425_id4150_maljuv (3).jpg;190
1291;1200;292;MANDRILLS BKB_292_20220530_id4150_maljuv (1).jpg;91
1317;1200;292;MANDRILLS BKB_292_20220530_id4150_maljuv (2).jpg;117
1244;1200;292;MANDRILLS BKB_292_20220530_id4150_maljuv (3).jpg;44
1472;1208;292;MANDRILLS BKB_292_20220607_id4150_maljuv.jpg;264
1370;1230;292;MANDRILLS BKB_292_20220629_id4150 (1).jpg;140
1291;1230;292;MANDRILLS BKB_292_20220629_id4150 (2).jpg;61
1422;1230;292;MANDRILLS BKB_292_20220629_id4150 (3).jpg;192
1345;1230;292;MANDRILLS BKB_292_20220629_id4150 (4).jpg;115
1392;1230;292;MANDRILLS BKB_292_20220629_id4150 (5).jpg;162
1283;1230;292;MANDRILLS BKB_292_20220629_id4150 (6).jpg;53
1386;1242;292;MANDRILLS BKB_292_20220711_id4150.jpg;144
1214;1247;292;MANDRILLS BKB_292_20220716_id4150.jpg;33
1284;1269;292;MANDRILLS BKB_292_20220807_id4150.jpg;15
1406;1281;292;MANDRILLS BKB_292_20220819_id4150.jpg;125
1454;1289;292;MANDRILLS BKB_292_20220827_id4150.jpg;165
1277;1302;292;MANDRILLS BKB_292_20220909_id4150.jpg;25
1420;1304;292;MANDRILLS BKB_292_20220911_id4150.jpg;116
1270;1328;292;MANDRILLS BKB_292_20221005_id4150 (1).jpg;58
1336;1328;292;MANDRILLS BKB_292_20221005_id4150 (2).jpg;8
1514;1384;292;MANDRILLS BKB_292_20221130_id4150.jpg;130
1592;1393;292;MANDRILLS BKB_292_20221209_id292.jpg;199
1425;1399;292;MANDRILLS BKB_292_20221215_id292.jpg;26
5;4;293;MANDRILLS BKB_293_20181212_id4157_malinf_bas_(1)_ORIGINAL.jpg;1
7;4;293;MANDRILLS BKB_293_20181212_id4157_malinf_bas_(3)_ORIGINAL.jpg;3
38;35;293;MANDRILLS BKB_293_20190112_id4157_malinf_(1)_ORIGINAL.jpg;3
34;35;293;MANDRILLS BKB_293_20190112_id4157_malinf_(10)_ORIGINAL.jpg;1
41;35;293;MANDRILLS BKB_293_20190112_id4157_malinf_(11)_ORIGINAL.jpg;6
40;35;293;MANDRILLS BKB_293_20190112_id4157_malinf_(12)_ORIGINAL.jpg;5
40;35;293;MANDRILLS BKB_293_20190112_id4157_malinf_(13)_ORIGINAL.jpg;5
37;35;293;MANDRILLS BKB_293_20190112_id4157_malinf_(2)_ORIGINAL.jpg;2
35;35;293;MANDRILLS BKB_293_20190112_id4157_malinf_(3)_ORIGINAL.jpg;0
42;35;293;MANDRILLS BKB_293_20190112_id4157_malinf_(4)_ORIGINAL.jpg;7
42;35;293;MANDRILLS BKB_293_20190112_id4157_malinf_(5)_ORIGINAL.jpg;7
42;35;293;MANDRILLS BKB_293_20190112_id4157_malinf_(6)_ORIGINAL.jpg;7
36;35;293;MANDRILLS BKB_293_20190112_id4157_malinf_(7)_ORIGINAL.jpg;1
37;35;293;MANDRILLS BKB_293_20190112_id4157_malinf_(8)_ORIGINAL.jpg;2
38;35;293;MANDRILLS BKB_293_20190112_id4157_malinf_(9)_ORIGINAL.jpg;3
229;222;293;MANDRILLS BKB_293_20190718_id4157_malinf_CENTRE_(1).jpg;7
225;222;293;MANDRILLS BKB_293_20190718_id4157_malinf_CENTRE_(2).jpg;3
201;222;293;MANDRILLS BKB_293_20190718_id4157_malinf_CENTRE_(3).jpg;21
205;222;293;MANDRILLS BKB_293_20190718_id4157_malinf_CENTRE_(4).jpg;17
231;222;293;MANDRILLS BKB_293_20190718_id4157_malinf_CENTRE_(5).jpg;9
176;222;293;MANDRILLS BKB_293_20190718_id4157_malinf_CENTRE_(6).jpg;46
241;222;293;MANDRILLS BKB_293_20190718_id4157_malinf_CENTRE_(7).jpg;19
200;222;293;MANDRILLS BKB_293_20190718_id4157_malinf_CENTRE_(8).jpg;22
259;222;293;MANDRILLS BKB_293_20190718_id4157_malinf_CENTRE_(9).jpg;37
248;222;293;MANDRILLS BKB_293_20190718_id4157_malinf_GAUCHE_(1).jpg;26
255;222;293;MANDRILLS BKB_293_20190718_id4157_malinf_GAUCHE_(2).jpg;33
307;277;293;MANDRILLS BKB_293_20190911_id4157_malinf_(2).jpg;30
314;277;293;MANDRILLS BKB_293_20190911_id4157_malinf_(4).jpg;37
359;277;293;MANDRILLS BKB_293_20190911_id4157_malinf_(5).jpg;82
337;277;293;MANDRILLS BKB_293_20190911_id4157_malinf_(6).jpg;60
315;277;293;MANDRILLS BKB_293_20190911_id4157_malinf_(7).jpg;38
306;292;293;MANDRILLS BKB_293_20190926_id4157_malinf_(1).jpg;14
295;292;293;MANDRILLS BKB_293_20190926_id4157_malinf_(2).jpg;3
295;292;293;MANDRILLS BKB_293_20190926_id4157_malinf_(3).jpg;3
324;292;293;MANDRILLS BKB_293_20190926_id4157_malinf_(6).jpg;32
307;325;293;MANDRILLS BKB_293_20191029_id4157_malinf.jpg;18
468;468;293;MANDRILLS BKB_293_20200320_id4157_maljuv.jpg;0
571;684;293;MANDRILLS BKB_293_20201022_id4157_maljuv_(1).jpg;113
660;684;293;MANDRILLS BKB_293_20201022_id4157_maljuv_(2).jpg;24
696;684;293;MANDRILLS BKB_293_20201022_id4157_maljuv_(3).jpg;12
710;686;293;MANDRILLS BKB_293_20201024_id4157_maljuv_(1).jpg;24
739;686;293;MANDRILLS BKB_293_20201024_id4157_maljuv_(2).jpg;53
621;686;293;MANDRILLS BKB_293_20201024_id4157_maljuv_(3).jpg;65
635;716;293;MANDRILLS BKB_293_20201123_id4157_maljuv.jpg;81
738;744;293;MANDRILLS BKB_293_20201221_id4157_maljuv.jpg;6
697;767;293;MANDRILLS BKB_293_20210113_id4157_maljuv_(1).jpg;70
799;767;293;MANDRILLS BKB_293_20210113_id4157_maljuv_(2).jpg;32
852;771;293;MANDRILLS BKB_293_20210117_id4157_maljuv_(1).jpg;81
767;771;293;MANDRILLS BKB_293_20210117_id4157_maljuv_(2).jpg;4
719;771;293;MANDRILLS BKB_293_20210117_id4157_maljuv_(3).jpg;52
763;802;293;MANDRILLS BKB_293_20210217_id4157_maljuv.jpg;39
862;842;293;MANDRILLS BKB_293_20210329_id4157_maljuv.jpg;20
910;912;293;MANDRILLS BKB_293_20210607_id4157_maljuv_(1).jpg;2
834;912;293;MANDRILLS BKB_293_20210607_id4157_maljuv_(10).jpg;78
908;912;293;MANDRILLS BKB_293_20210607_id4157_maljuv_(2).jpg;4
954;912;293;MANDRILLS BKB_293_20210607_id4157_maljuv_(3).jpg;42
900;912;293;MANDRILLS BKB_293_20210607_id4157_maljuv_(4).jpg;12
893;912;293;MANDRILLS BKB_293_20210607_id4157_maljuv_(5).jpg;19
939;912;293;MANDRILLS BKB_293_20210607_id4157_maljuv_(7).jpg;27
989;912;293;MANDRILLS BKB_293_20210607_id4157_maljuv_(8).jpg;77
939;912;293;MANDRILLS BKB_293_20210607_id4157_maljuv_(9).jpg;27
1052;918;293;MANDRILLS BKB_293_20210613_id4157_maljuv_(1).jpg;134
902;918;293;MANDRILLS BKB_293_20210613_id4157_maljuv_(2).jpg;16
1090;918;293;MANDRILLS BKB_293_20210613_id4157_maljuv_(3).jpg;172
898;918;293;MANDRILLS BKB_293_20210613_id4157_maljuv_(4).jpg;20
907;918;293;MANDRILLS BKB_293_20210613_id4157_maljuv_(5).jpg;11
926;918;293;MANDRILLS BKB_293_20210613_id4157_maljuv_(6).jpg;8
812;927;293;MANDRILLS BKB_293_20210622_id4157_maljuv_(1).jpg;115
916;927;293;MANDRILLS BKB_293_20210622_id4157_maljuv_(2).jpg;11
935;927;293;MANDRILLS BKB_293_20210622_id4157_maljuv_(3).jpg;8
770;1001;293;MANDRILLS BKB_293_20210904_id4157_maljuv.jpg;231
992;1046;293;MANDRILLS BKB_293_20211019_id4157_maljuv_(2).jpg;54
912;1105;293;MANDRILLS BKB_293_20211217_id4157_femjuv_(1).jpg;193
950;1105;293;MANDRILLS BKB_293_20211217_id4157_femjuv_(2).jpg;155
1108;1114;293;MANDRILLS BKB_293_20211226_id4157_maljuv_(1).jpg;6
1036;1114;293;MANDRILLS BKB_293_20211226_id4157_maljuv_(2).jpg;78
1109;1141;293;MANDRILLS BKB_293_20220122_id4157 (1).jpg;32
1151;1141;293;MANDRILLS BKB_293_20220122_id4157 (2).jpg;10
1095;1145;293;MANDRILLS BKB_293_20220126_id4157.jpg;50
1149;1146;293;MANDRILLS BKB_293_20220127_id4157.jpg;3
956;1165;293;MANDRILLS BKB_293_20220215_id4157_maljuv.jpg;209
1049;1171;293;MANDRILLS BKB_293_20220221_id4157_maljuv.jpg;122
1192;1182;293;MANDRILLS BKB_293_20220304_id4157_maljuv (1).jpg;10
1089;1182;293;MANDRILLS BKB_293_20220304_id4157_maljuv (2).jpg;93
1163;1182;293;MANDRILLS BKB_293_20220304_id4157_maljuv (3).jpg;19
1086;1182;293;MANDRILLS BKB_293_20220304_id4157_maljuv (4).jpg;96
1192;1193;293;MANDRILLS BKB_293_20220315_id4157_maljuv.jpg;1
1070;1205;293;MANDRILLS BKB_293_20220327_id4157_maljuv (1).jpg;135
1043;1205;293;MANDRILLS BKB_293_20220327_id4157_maljuv (2).jpg;162
1139;1213;293;MANDRILLS BKB_293_20220404_id4157_maljuv (1).jpg;74
1220;1213;293;MANDRILLS BKB_293_20220404_id4157_maljuv (2).jpg;7
1289;1213;293;MANDRILLS BKB_293_20220404_id4157_maljuv (3).jpg;76
1194;1213;293;MANDRILLS BKB_293_20220404_id4157_maljuv (4).jpg;19
1103;1213;293;MANDRILLS BKB_293_20220404_id4157_maljuv (5).jpg;110
1219;1213;293;MANDRILLS BKB_293_20220404_id4157_maljuv (6).jpg;6
1169;1255;293;MANDRILLS BKB_293_20220516_id4157_maljuv (1).jpg;86
1009;1255;293;MANDRILLS BKB_293_20220516_id4157_maljuv (2).jpg;246
1137;1255;293;MANDRILLS BKB_293_20220516_id4157_maljuv (3).jpg;118
1230;1255;293;MANDRILLS BKB_293_20220516_id4157_maljuv (5).jpg;25
1393;1277;293;MANDRILLS BKB_293_20220607_id4157_maljuv.jpg;116
1394;1289;293;MANDRILLS BKB_293_20220619_id4157_maljuv.jpg;105
1173;1299;293;MANDRILLS BKB_293_20220629_id4157.jpg;126
1243;1316;293;MANDRILLS BKB_293_20220716_id4157_maljuv.jpg;73
1242;1333;293;MANDRILLS BKB_293_20220802_id4157.jpg;91
1195;1334;293;MANDRILLS BKB_293_20220803_id4157 (1).jpg;139
1302;1334;293;MANDRILLS BKB_293_20220803_id4157 (2).jpg;32
1289;1334;293;MANDRILLS BKB_293_20220803_id4157 (3).jpg;45
1205;1343;293;MANDRILLS BKB_293_20220812_id4157 (1).jpg;138
1289;1343;293;MANDRILLS BKB_293_20220812_id4157 (2).jpg;54
1352;1366;293;MANDRILLS BKB_293_20220904_id4157 (1).jpg;14
1273;1366;293;MANDRILLS BKB_293_20220904_id4157 (2).jpg;93
1375;1366;293;MANDRILLS BKB_293_20220904_id4157 (3).jpg;9
1238;1366;293;MANDRILLS BKB_293_20220904_id4157 (4).jpg;128
1350;1366;293;MANDRILLS BKB_293_20220904_id4157 (5).jpg;16
1427;1366;293;MANDRILLS BKB_293_20220904_id4157 (6).jpg;61
1521;1411;293;MANDRILLS BKB_293_20221019_id4157.jpg;110
1339;1422;293;MANDRILLS BKB_293_20221030_id4157.jpg;83
1448;1439;293;MANDRILLS BKB_293_20221116_id4157.jpg;9
1452;1453;293;MANDRILLS BKB_293_20221130_id4157 (1).jpg;1
1470;1453;293;MANDRILLS BKB_293_20221130_id4157 (2).jpg;17
1408;1453;293;MANDRILLS BKB_293_20221130_id4157.jpg;45
93;66;295;MANDRILLS BKB_295_20190319_id4161_malinf_BAS_(1).jpg;27
106;66;295;MANDRILLS BKB_295_20190319_id4161_malinf_BAS_(2).jpg;40
349;290;295;MANDRILLS BKB_295_20191029_id4161_malinf.jpg;59
315;305;295;MANDRILLS BKB_295_20191113_id4161_malinf_(1).jpg;10
329;305;295;MANDRILLS BKB_295_20191113_id4161_malinf_(2).jpg;24
329;305;295;MANDRILLS BKB_295_20191113_id4161_malinf_(3).jpg;24
347;306;295;MANDRILLS BKB_295_20191114_id4161_malinf.jpg;41
383;312;295;MANDRILLS BKB_295_20191120_id4161_malinf_(1).jpg;71
375;312;295;MANDRILLS BKB_295_20191120_id4161_malinf_(2).jpg;63
355;323;295;MANDRILLS BKB_295_20191201_id4161_malinf.jpg;32
406;361;295;MANDRILLS BKB_295_20200108_id4161_malinf.jpg;45
444;408;295;MANDRILLS BKB_295_20200224_id4161_maljuv_(1).jpg;36
405;408;295;MANDRILLS BKB_295_20200224_id4161_maljuv_(2).jpg;3
416;408;295;MANDRILLS BKB_295_20200224_id4161_maljuv_(3).jpg;8
464;408;295;MANDRILLS BKB_295_20200224_id4161_maljuv_(4).jpg;56
446;417;295;MANDRILLS BKB_295_20200304_id4161_maljuv_(1).jpg;29
384;417;295;MANDRILLS BKB_295_20200304_id4161_maljuv_(2).jpg;33
425;417;295;MANDRILLS BKB_295_20200304_id4161_maljuv_(3).jpg;8
414;480;295;MANDRILLS BKB_295_20200506_id4161_maljuv.jpg;66
602;645;295;MANDRILLS BKB_295_20201018_id4161_maljuv_(1).jpg;43
703;645;295;MANDRILLS BKB_295_20201018_id4161_maljuv_(2).jpg;58
557;645;295;MANDRILLS BKB_295_20201018_id4161_maljuv_(3).jpg;88
536;649;295;MANDRILLS BKB_295_20201022_id4161_maljuv_(1).jpg;113
667;649;295;MANDRILLS BKB_295_20201022_id4161_maljuv_(2).jpg;18
642;649;295;MANDRILLS BKB_295_20201022_id4161_maljuv_(3).jpg;7
665;649;295;MANDRILLS BKB_295_20201022_id4161_maljuv_(4).jpg;16
613;649;295;MANDRILLS BKB_295_20201022_id4161_maljuv_(5).jpg;36
664;649;295;MANDRILLS BKB_295_20201022_id4161_maljuv_(6).jpg;15
616;649;295;MANDRILLS BKB_295_20201022_id4161_maljuv_(7).jpg;33
802;664;295;MANDRILLS BKB_295_20201106_id4161_maljuv.jpg;138
572;682;295;MANDRILLS BKB_295_20201124_id4161_maljuv.jpg;110
724;682;295;MANDRILLS BKB_295_20201124_id4161_maljuv2.jpg;42
716;749;295;MANDRILLS BKB_295_20210130_id4161_maljuv_(1).jpg;33
711;749;295;MANDRILLS BKB_295_20210130_id4161_maljuv_(2).jpg;38
706;749;295;MANDRILLS BKB_295_20210130_id4161_maljuv_(3).jpg;43
761;776;295;MANDRILLS BKB_295_20210226_id4161_maljuv_(1).jpg;15
805;776;295;MANDRILLS BKB_295_20210226_id4161_maljuv_(2).jpg;29
740;779;295;MANDRILLS BKB_295_20210301_id4161_maljuv.jpg;39
824;810;295;MANDRILLS BKB_295_20210401_id4161_maljuv_(1).jpg;14
764;810;295;MANDRILLS BKB_295_20210401_id4161_maljuv_(2).jpg;46
797;810;295;MANDRILLS BKB_295_20210401_id4161_maljuv_(3).jpg;13
871;816;295;MANDRILLS BKB_295_20210407_id4161_maljuv.jpg;55
1083;921;295;MANDRILLS BKB_295_20210721_id4161_maljuv_(1).jpg;162
1043;921;295;MANDRILLS BKB_295_20210721_id4161_maljuv_(2).jpg;122
1037;921;295;MANDRILLS BKB_295_20210721_id4161_maljuv_(3).jpg;116
919;995;295;MANDRILLS BKB_295_20211003_id4161_maljuv_(1).jpg;76
963;995;295;MANDRILLS BKB_295_20211003_id4161_maljuv_(2).jpg;32
996;995;295;MANDRILLS BKB_295_20211003_id4161_maljuv_(3).jpg;1
944;995;295;MANDRILLS BKB_295_20211003_id4161_maljuv_(4).jpg;51
990;1008;295;MANDRILLS BKB_295_20211016_id4161_maljuv.jpg;18
1014;1011;295;MANDRILLS BKB_295_20211019_id4161_maljuv_(1).jpg;3
1078;1011;295;MANDRILLS BKB_295_20211019_id4161_maljuv_(2).jpg;67
1061;1016;295;MANDRILLS BKB_295_20211024_id4161_maljuv_(1).jpg;45
1210;1016;295;MANDRILLS BKB_295_20211024_id4161_maljuv_(2).jpg;194
1068;1029;295;MANDRILLS BKB_295_20211106_id4161_maljuv.jpg;39
1209;1070;295;MANDRILLS BKB_295_20211217_id4161_maljuv_(1).jpg;139
1153;1070;295;MANDRILLS BKB_295_20211217_id4161_maljuv_(3).jpg;83
1284;1116;295;MANDRILLS BKB_295_20220201_id4161_maljuv.jpg;168
903;1132;295;MANDRILLS BKB_295_20220217_id4161_maljuv (1).jpg;229
1111;1132;295;MANDRILLS BKB_295_20220217_id4161_maljuv (2).jpg;21
1275;1162;295;MANDRILLS BKB_295_20220319_id4161_juvmale.jpg;113
1197;1175;295;MANDRILLS BKB_295_20220401_id4161_maljuv (1).jpg;22
1444;1175;295;MANDRILLS BKB_295_20220401_id4161_maljuv (2).jpg;269
1442;1199;295;MANDRILLS BKB_295_20220425_id4161_maljuv (1).jpg;243
1218;1199;295;MANDRILLS BKB_295_20220425_id4161_maljuv (2).jpg;19
1333;1207;295;MANDRILLS BKB_295_20220503_id4161_maljuv (2).jpg;126
1180;1225;295;MANDRILLS BKB_295_20220521_id4161_maljuv (1).jpg;45
1303;1225;295;MANDRILLS BKB_295_20220521_id4161_maljuv (2).jpg;78
1332;1241;295;MANDRILLS BKB_295_20220606_id4161_maljuv (1).jpg;91
1304;1241;295;MANDRILLS BKB_295_20220606_id4161_maljuv (2).jpg;63
1352;1242;295;MANDRILLS BKB_295_20220607_id4161_maljuv (1).jpg;110
1355;1242;295;MANDRILLS BKB_295_20220607_id4161_maljuv (2).jpg;113
1467;1242;295;MANDRILLS BKB_295_20220607_id4161_maljuv.jpg;225
1487;1264;295;MANDRILLS BKB_295_20220629_id4161 (1).jpg;223
1428;1264;295;MANDRILLS BKB_295_20220629_id4161 (2).jpg;164
1386;1266;295;MANDRILLS BKB_295_20220701_id4161 (1).jpg;120
1378;1279;295;MANDRILLS BKB_295_20220714_id4161_maljuv.jpg;99
1322;1281;295;MANDRILLS BKB_295_20220716_id4161.jpg;41
1377;1294;295;MANDRILLS BKB_295_20220729_id4161.jpg;83
1284;1308;295;MANDRILLS BKB_295_20220812_id4161 (1).jpg;24
1388;1308;295;MANDRILLS BKB_295_20220812_id4161 (2).jpg;80
1316;1308;295;MANDRILLS BKB_295_20220812_id4161 (3).jpg;8
1374;1311;295;MANDRILLS BKB_295_20220815_id4161 (2).jpg;63
1519;1331;295;MANDRILLS BKB_295_20220904_id4161 (1).jpg;188
1303;1331;295;MANDRILLS BKB_295_20220904_id4161 (2).jpg;28
1239;1332;295;MANDRILLS BKB_295_20220905_id4161 (1).jpg;93
1391;1332;295;MANDRILLS BKB_295_20220905_id4161 (2).jpg;59
1268;1345;295;MANDRILLS BKB_295_20220918_id4161.jpg;77
1356;1362;295;MANDRILLS BKB_295_20221005_id4161 (1).jpg;6
1478;1362;295;MANDRILLS BKB_295_20221005_id4161 (2).jpg;116
1436;1376;295;MANDRILLS BKB_295_20221019_id4161.jpg;60
1407;1378;295;MANDRILLS BKB_295_20221021_id4161 (1).jpg;29
1419;1378;295;MANDRILLS BKB_295_20221021_id4161 (3).jpg;41
1339;1411;295;MANDRILLS BKB_295_20221123_id4161 (2).jpg;72
1374;1411;295;MANDRILLS BKB_295_20221123_id4161.jpg;37
1343;1418;295;MANDRILLS BKB_295_20221130_id4161.jpg;75
1396;1430;295;MANDRILLS BKB_295_20221212_id295 (1).jpg;34
1258;1439;295;MANDRILLS BKB_295_20221221_id295 (2).jpg;181
1458;1439;295;MANDRILLS BKB_295_20221221_id295.jpg;19
265;210;298;MANDRILLS BKB_298_20190908_id4034_feminf_BAS_(4).jpg;55
198;210;298;MANDRILLS BKB_298_20190908_id4034_feminf_BAS_(6).jpg;12
237;210;298;MANDRILLS BKB_298_20190908_id4034_feminf_BAS_(7).jpg;27
256;210;298;MANDRILLS BKB_298_20190908_id4034_feminf_BAS_(8).jpg;46
229;211;298;MANDRILLS BKB_298_20190909_id4034_feminf_(1).jpg;18
225;211;298;MANDRILLS BKB_298_20190909_id4034_feminf_(2).jpg;14
250;211;298;MANDRILLS BKB_298_20190909_id4034_feminf_(3).jpg;39
235;211;298;MANDRILLS BKB_298_20190909_id4034_feminf_(4).jpg;24
233;211;298;MANDRILLS BKB_298_20190909_id4034_feminf_(5).jpg;22
249;211;298;MANDRILLS BKB_298_20190909_id4034_feminf_(6).jpg;38
257;211;298;MANDRILLS BKB_298_20190909_id4034_feminf_(7).jpg;46
281;211;298;MANDRILLS BKB_298_20190909_id4034_feminf_(8).jpg;70
293;211;298;MANDRILLS BKB_298_20190909_id4034_feminf_BAS_(1).jpg;82
249;211;298;MANDRILLS BKB_298_20190909_id4034_feminf_BAS_(2).jpg;38
248;211;298;MANDRILLS BKB_298_20190909_id4034_feminf_BAS_(3).jpg;37
255;211;298;MANDRILLS BKB_298_20190909_id4034_feminf_BAS_(4).jpg;44
325;211;298;MANDRILLS BKB_298_20190909_id4034_feminf_GAUCHE_(1).jpg;114
227;211;298;MANDRILLS BKB_298_20190909_id4034_feminf_GAUCHE_(2).jpg;16
314;213;298;MANDRILLS BKB_298_20190911_id4034_feminf_(3).jpg;101
293;228;298;MANDRILLS BKB_298_20190926_id4034_feminf_(1).jpg;65
316;228;298;MANDRILLS BKB_298_20190926_id4034_feminf_(5).jpg;88
306;228;298;MANDRILLS BKB_298_20190926_id4034_feminf_(6).jpg;78
306;228;298;MANDRILLS BKB_298_20190926_id4034_feminf_(7).jpg;78
283;228;298;MANDRILLS BKB_298_20190926_id4034_feminf_.jpg;55
297;271;298;MANDRILLS BKB_298_20191108_id4034_feminf.jpg;26
288;276;298;MANDRILLS BKB_298_20191113_id4034_femjuv_(1).jpg;12
264;276;298;MANDRILLS BKB_298_20191113_id4034_femjuv_(2).jpg;12
317;281;298;MANDRILLS BKB_298_20191118_id4034_femjuv.jpg;36
264;283;298;MANDRILLS BKB_298_20191120_id4034_feminf_(1).jpg;19
328;283;298;MANDRILLS BKB_298_20191120_id4034_feminf_(2).jpg;45
295;295;298;MANDRILLS BKB_298_20191202_id4034_femjuv_(3).jpg;0
299;295;298;MANDRILLS BKB_298_20191202_id4034_femjuv_(4).jpg;4
284;295;298;MANDRILLS BKB_298_20191202_id4034_femjuv_(5).jpg;11
303;331;298;MANDRILLS BKB_298_20200107_id4034_feminf_(1).jpg;28
348;331;298;MANDRILLS BKB_298_20200107_id4034_feminf_(2).jpg;17
319;388;298;MANDRILLS BKB_298_20200304_id4034_femjuv_(1).jpg;69
271;388;298;MANDRILLS BKB_298_20200304_id4034_femjuv_(2).jpg;117
427;404;298;MANDRILLS BKB_298_20200320_id4034_femjuv.jpg;23
427;448;298;MANDRILLS BKB_298_20200503_id4034_femjuv.jpg;21
534;620;298;MANDRILLS BKB_298_20201022_id4034_femjuv_(1).jpg;86
547;620;298;MANDRILLS BKB_298_20201022_id4034_femjuv_(2).jpg;73
509;620;298;MANDRILLS BKB_298_20201022_id4034_femjuv_(3).jpg;111
501;620;298;MANDRILLS BKB_298_20201022_id4034_femjuv_(4).jpg;119
469;620;298;MANDRILLS BKB_298_20201022_id4034_femjuv_(5).jpg;151
538;620;298;MANDRILLS BKB_298_20201022_id4034_femjuv_(6).jpg;82
429;620;298;MANDRILLS BKB_298_20201022_id4034_femjuv_(7).jpg;191
620;626;298;MANDRILLS BKB_298_20201028_id4034_femjuv.jpg;6
536;639;298;MANDRILLS BKB_298_20201110_id4034_femjuv_(1).jpg;103
585;639;298;MANDRILLS BKB_298_20201110_id4034_femjuv_(2).jpg;54
492;639;298;MANDRILLS BKB_298_20201110_id4034_femjuv_(3).jpg;147
691;681;298;MANDRILLS BKB_298_20201222_id4034_femjuv_(1).jpg;10
633;681;298;MANDRILLS BKB_298_20201222_id4034_femjuv_(2).jpg;48
552;686;298;MANDRILLS BKB_298_20201227_id4034_femjuv_(1).jpg;134
431;686;298;MANDRILLS BKB_298_20201227_id4034_femjuv_(2).jpg;255
535;686;298;MANDRILLS BKB_298_20201227_id4034_femjuv_(3).jpg;151
645;690;298;MANDRILLS BKB_298_20201231_id4034_femjuv.jpg;45
677;696;298;MANDRILLS BKB_298_20210106_id4034_femjuv_(1).jpg;19
649;696;298;MANDRILLS BKB_298_20210106_id4034_femjuv_(2).jpg;47
705;696;298;MANDRILLS BKB_298_20210106_id4034_femjuv_(3).jpg;9
678;696;298;MANDRILLS BKB_298_20210106_id4034_femjuv_(4).jpg;18
669;703;298;MANDRILLS BKB_298_20210113_id4034_femjuv_(1)-2.jpg;34
642;703;298;MANDRILLS BKB_298_20210113_id4034_femjuv_(1).jpg;61
681;703;298;MANDRILLS BKB_298_20210113_id4034_femjuv_(2).jpg;22
666;703;298;MANDRILLS BKB_298_20210113_id4034_femjuv_(3).jpg;37
676;711;298;MANDRILLS BKB_298_20210121_id4034_femjuv.jpg;35
629;739;298;MANDRILLS BKB_298_20210218_id4034_femjuv_(1).jpg;110
628;739;298;MANDRILLS BKB_298_20210218_id4034_femjuv_(2).jpg;111
613;739;298;MANDRILLS BKB_298_20210218_id4034_femjuv_(3).jpg;126
663;739;298;MANDRILLS BKB_298_20210218_id4034_femjuv_(4).jpg;76
554;757;298;MANDRILLS BKB_298_20210308_id4034_femjuv_(1).jpg;203
513;757;298;MANDRILLS BKB_298_20210308_id4034_femjuv_(2).jpg;244
600;787;298;MANDRILLS BKB_298_20210407_id4034_femjuv.jpg;187
546;790;298;MANDRILLS BKB_298_20210410_id4034_femjuv.jpg;244
837;968;298;MANDRILLS BKB_298_20211005_id4034_femjuv.jpg;131
862;985;298;MANDRILLS BKB_298_20211022_id4034_femjuv.jpg;123
973;1050;298;MANDRILLS BKB_298_20211226_id4034_femjuv_(1).jpg;77
947;1050;298;MANDRILLS BKB_298_20211226_id4034_femjuv_(2).jpg;103
832;1077;298;MANDRILLS BKB_298_20220122_id4034.jpg;245
1000;1102;298;MANDRILLS BKB_298_20220216_id4034_femjuv.jpg;102
973;1125;298;MANDRILLS BKB_298_20220311_id4034_femjuv.jpg;152
1141;1138;298;MANDRILLS BKB_298_20220324_id4034_femjuv.jpg;3
1154;1184;298;MANDRILLS BKB_298_20220509_id4034_femjuv.jpg;30
983;1190;298;MANDRILLS BKB_298_20220515_id4034_femjuv.jpg;207
973;1193;298;MANDRILLS BKB_298_20220518_id4034_femjuv.jpg;220
866;1225;298;MANDRILLS BKB_298_20220619_id4034_femjuv (2).jpg;359
1028;1225;298;MANDRILLS BKB_298_20220619_id4034_femjuv (3).jpg;197
777;1225;298;MANDRILLS BKB_298_20220619_id4034_femjuv.jpg;448
914;1235;298;MANDRILLS BKB_298_20220629_id4034.jpg;321
1022;1237;298;MANDRILLS BKB_298_20220701_id4034 (1).jpg;215
1029;1237;298;MANDRILLS BKB_298_20220701_id4034 (2).jpg;208
1144;1250;298;MANDRILLS BKB_298_20220714_id4034_femjuv (3).jpg;106
1247;1250;298;MANDRILLS BKB_298_20220714_id4034_femjuv (4).jpg;3
1181;1253;298;MANDRILLS BKB_298_20220717_id4034.jpg;72
1100;1255;298;MANDRILLS BKB_298_20220719_id4034.jpg;155
1058;1264;298;MANDRILLS BKB_298_20220728_id4034 (2).jpg;206
1067;1264;298;MANDRILLS BKB_298_20220728_id4034.jpg;197
1170;1272;298;MANDRILLS BKB_298_20220805_id4034 (1).jpg;102
1129;1272;298;MANDRILLS BKB_298_20220805_id4034 (2).jpg;143
1102;1276;298;MANDRILLS BKB_298_20220809_id4034 (1).jpg;174
1174;1276;298;MANDRILLS BKB_298_20220809_id4034 (2).jpg;102
1101;1279;298;MANDRILLS BKB_298_20220812_id4034 (1).jpg;178
1276;1279;298;MANDRILLS BKB_298_20220812_id4034 (2).jpg;3
1066;1279;298;MANDRILLS BKB_298_20220812_id4034.jpg;213
1229;1293;298;MANDRILLS BKB_298_20220826_id4034 (1).jpg;64
1187;1293;298;MANDRILLS BKB_298_20220826_id4034 (2).jpg;106
1179;1302;298;MANDRILLS BKB_298_20220904_id4034 (2).jpg;123
1289;1302;298;MANDRILLS BKB_298_20220904_id4034.jpg;13
1184;1303;298;MANDRILLS BKB_298_20220905_id4034 (1).jpg;119
1194;1306;298;MANDRILLS BKB_298_20220908_id4034 (1).jpg;112
1202;1306;298;MANDRILLS BKB_298_20220908_id4034 (2).jpg;104
1122;1306;298;MANDRILLS BKB_298_20220908_id4034 (3).jpg;184
1123;1307;298;MANDRILLS BKB_298_20220909_id4034.jpg;184
1213;1316;298;MANDRILLS BKB_298_20220918_id4034 (1).jpg;103
1164;1316;298;MANDRILLS BKB_298_20220918_id4034 (2).jpg;152
1136;1333;298;MANDRILLS BKB_298_20221005_id4034 (1).jpg;197
1066;1333;298;MANDRILLS BKB_298_20221005_id4034 (2).jpg;267
1093;1333;298;MANDRILLS BKB_298_20221005_id4034.jpg;240
1220;1382;298;MANDRILLS BKB_298_20221123_id4034 (1).jpg;162
1199;1382;298;MANDRILLS BKB_298_20221123_id4034 (2).jpg;183
1171;1382;298;MANDRILLS BKB_298_20221123_id4034 (3).jpg;211
1203;1389;298;MANDRILLS BKB_298_20221130_id4034.jpg;186
1144;1399;298;MANDRILLS BKB_298_20221210_id298 (1).jpg;255
1201;1399;298;MANDRILLS BKB_298_20221210_id298 (2).jpg;198
1155;1399;298;MANDRILLS BKB_298_20221210_id298.jpg;244
319;309;299;MANDRILLS BKB_299_20190718_id4040_feminf_(1).jpg;10
293;309;299;MANDRILLS BKB_299_20190718_id4040_feminf_(2).jpg;16
290;309;299;MANDRILLS BKB_299_20190718_id4040_feminf_(3).jpg;19
284;309;299;MANDRILLS BKB_299_20190718_id4040_feminf_(4).jpg;25
265;359;299;MANDRILLS BKB_299_20190906_id4040_feminf_(10).jpg;94
339;359;299;MANDRILLS BKB_299_20190906_id4040_feminf_(11).jpg;20
282;359;299;MANDRILLS BKB_299_20190906_id4040_feminf_(12).jpg;77
302;359;299;MANDRILLS BKB_299_20190906_id4040_feminf_(2).jpg;57
282;359;299;MANDRILLS BKB_299_20190906_id4040_feminf_(3).jpg;77
321;359;299;MANDRILLS BKB_299_20190906_id4040_feminf_(4).jpg;38
377;359;299;MANDRILLS BKB_299_20190906_id4040_feminf_(5).jpg;18
346;359;299;MANDRILLS BKB_299_20190906_id4040_feminf_(6).jpg;13
296;359;299;MANDRILLS BKB_299_20190906_id4040_feminf_(7).jpg;63
308;359;299;MANDRILLS BKB_299_20190906_id4040_feminf_(8).jpg;51
338;359;299;MANDRILLS BKB_299_20190906_id4040_feminf_(9).jpg;21
295;391;299;MANDRILLS BKB_299_20191008_id4040_femjuv.jpg;96
366;411;299;MANDRILLS BKB_299_20191028_id4040_femjuv_(1).jpg;45
364;411;299;MANDRILLS BKB_299_20191028_id4040_femjuv_(3).jpg;47
314;428;299;MANDRILLS BKB_299_20191114_id4040_femjuv.jpg;114
348;513;299;MANDRILLS BKB_299_20200207_id4040_femjuv_(2).jpg;165
348;513;299;MANDRILLS BKB_299_20200207_id4040_femjuv_(3).jpg;165
428;547;299;MANDRILLS BKB_299_20200312_id4040_femjuv_(1).jpg;119
397;547;299;MANDRILLS BKB_299_20200312_id4040_femjuv_(2).jpg;150
470;553;299;MANDRILLS BKB_299_20200318_id4040_femjuv.jpg;83
594;767;299;MANDRILLS BKB_299_20201018_id4040_femjuv_(1).jpg;173
576;767;299;MANDRILLS BKB_299_20201018_id4040_femjuv_(2).jpg;191
660;767;299;MANDRILLS BKB_299_20201018_id4040_femjuv_(3).jpg;107
650;768;299;MANDRILLS BKB_299_20201019_id4040_femjuv_(1).jpg;118
621;768;299;MANDRILLS BKB_299_20201019_id4040_femjuv_(2).jpg;147
562;768;299;MANDRILLS BKB_299_20201019_id4040_femjuv_(3).jpg;206
638;768;299;MANDRILLS BKB_299_20201019_id4040_femjuv_(4).jpg;130
473;771;299;MANDRILLS BKB_299_20201022_id4040_femjuv.jpg;298
583;804;299;MANDRILLS BKB_299_20201124_id4040_femjuv.jpg;221
673;804;299;MANDRILLS BKB_299_20201124_id4040_femjuv_(1).jpg;131
626;804;299;MANDRILLS BKB_299_20201124_id4040_femjuv_(2).jpg;178
613;832;299;MANDRILLS BKB_299_20201222_id4040_femjuv.jpg;219
694;847;299;MANDRILLS BKB_299_20210106_id4040_femjuv_(1).jpg;153
535;847;299;MANDRILLS BKB_299_20210106_id4040_femjuv_(2).jpg;312
792;867;299;MANDRILLS BKB_299_20210126_id4040_femjuv_(1).jpg;75
643;867;299;MANDRILLS BKB_299_20210126_id4040_femjuv_(2).jpg;224
696;867;299;MANDRILLS BKB_299_20210126_id4040_femjuv_(3).jpg;171
741;950;299;MANDRILLS BKB_299_20210419_id4040_femjuv.jpg;209
900;967;299;MANDRILLS BKB_299_20210506_id4040_femjuv_(2).jpg;67
883;1084;299;MANDRILLS BKB_299_20210831_id4040_femjuv_(1).jpg;201
898;1084;299;MANDRILLS BKB_299_20210831_id4040_femjuv_(2).jpg;186
1045;1084;299;MANDRILLS BKB_299_20210831_id4040_femjuv_(3).jpg;39
724;1084;299;MANDRILLS BKB_299_20210831_id4040_femjuv_(4).jpg;360
1148;1192;299;MANDRILLS BKB_299_20211217_id4040_femjuv_(1).jpg;44
877;1192;299;MANDRILLS BKB_299_20211217_id4040_femjuv_(2).jpg;315
1081;1192;299;MANDRILLS BKB_299_20211217_id4040_femjuv_(3).jpg;111
1117;1192;299;MANDRILLS BKB_299_20211217_id4040_femjuv_(4).jpg;75
983;1192;299;MANDRILLS BKB_299_20211217_id4040_femjuv_(5).jpg;209
1178;1238;299;MANDRILLS BKB_299_20220201_id4040_femjuv (1).jpg;60
1206;1238;299;MANDRILLS BKB_299_20220201_id4040_femjuv (2).jpg;32
1102;1238;299;MANDRILLS BKB_299_20220201_id4040_femjuv (3).jpg;136
1169;1238;299;MANDRILLS BKB_299_20220201_id4040_femjuv (4).jpg;69
1250;1238;299;MANDRILLS BKB_299_20220201_id4040_femjuv (5).jpg;12
1146;1238;299;MANDRILLS BKB_299_20220201_id4040_femjuv (6).jpg;92
1256;1245;299;MANDRILLS BKB_299_20220208_id4040_femjuv.jpg;11
1057;1276;299;MANDRILLS BKB_299_20220311_id4040_femjuv.jpg;219
1274;1279;299;MANDRILLS BKB_299_20220314_id4040_femjuv.jpg;5
995;1285;299;MANDRILLS BKB_299_20220320_id4040_femjuv (1).jpg;290
1171;1285;299;MANDRILLS BKB_299_20220320_id4040_femjuv (2).jpg;114
1022;1287;299;MANDRILLS BKB_299_20220322_id4040_femjuv.jpg;265
1056;1292;299;MANDRILLS BKB_299_20220327_id4040_femjuv (3).jpg;236
1056;1292;299;MANDRILLS BKB_299_20220327_id4040_femjuv (4).jpg;236
1140;1292;299;MANDRILLS BKB_299_20220327_id4040_femjuv (6).jpg;152
1216;1295;299;MANDRILLS BKB_299_20220330_id4040_femjuv.jpg;79
1216;1350;299;MANDRILLS BKB_299_20220524_id4040_femjuv.jpg;134
1314;1376;299;MANDRILLS BKB_299_20220619_id4040_femjuv (1).jpg;62
1189;1376;299;MANDRILLS BKB_299_20220619_id4040_femjuv (2).jpg;187
1297;1386;299;MANDRILLS BKB_299_20220629_id4040 (1).jpg;89
1224;1386;299;MANDRILLS BKB_299_20220629_id4040 (2).jpg;162
1267;1403;299;MANDRILLS BKB_299_20220716_id4040_femjuv (1).jpg;136
1277;1403;299;MANDRILLS BKB_299_20220716_id4040_femjuv (2).jpg;126
1389;1461;299;MANDRILLS BKB_299_20220912_id4040.jpg;72
1373;1484;299;MANDRILLS BKB_299_20221005_id4040 (1).jpg;111
1430;1484;299;MANDRILLS BKB_299_20221005_id4040 (2).jpg;54
1410;1484;299;MANDRILLS BKB_299_20221005_id4040 (3).jpg;74
1409;1527;299;MANDRILLS BKB_299_20221117_id4040 (1).jpg;118
1585;1527;299;MANDRILLS BKB_299_20221117_id4040 (3).jpg;58
1298;1533;299;MANDRILLS BKB_299_20221123_id4040 (2).jpg;235
1453;1533;299;MANDRILLS BKB_299_20221123_id4040 (3).jpg;80
1305;1533;299;MANDRILLS BKB_299_20221123_id4040.jpg;228
1415;1540;299;MANDRILLS BKB_299_20221130_id4040 (2).jpg;125
1293;1540;299;MANDRILLS BKB_299_20221130_id4040 (3).jpg;247
1569;1542;299;MANDRILLS BKB_299_20221202_id299 (3).jpg;27
1603;1542;299;MANDRILLS BKB_299_20221202_id299 (5).jpg;61
1541;1549;299;MANDRILLS BKB_299_20221209_id299.jpg;8
1431;1550;299;MANDRILLS BKB_299_20221210_id299.jpg;119
85;81;303;MANDRILLS BKB_303_20190317_id4056_feminf_BAS_(1).jpg;4
84;81;303;MANDRILLS BKB_303_20190317_id4056_feminf_BAS_(2).jpg;3
45;81;303;MANDRILLS BKB_303_20190317_id4056_feminf_BAS_(3).jpg;36
85;81;303;MANDRILLS BKB_303_20190317_id4056_feminf_BAS_(4).jpg;4
88;81;303;MANDRILLS BKB_303_20190317_id4056_feminf_BAS_(5).jpg;7
81;81;303;MANDRILLS BKB_303_20190317_id4056_feminf_BAS_(6).jpg;0
212;204;303;MANDRILLS BKB_303_20190718_id4056_feminf_(1).jpg;8
193;204;303;MANDRILLS BKB_303_20190718_id4056_feminf_(2).jpg;11
200;204;303;MANDRILLS BKB_303_20190718_id4056_feminf_(3).jpg;4
199;204;303;MANDRILLS BKB_303_20190718_id4056_feminf_(4).jpg;5
274;204;303;MANDRILLS BKB_303_20190718_id4056_feminf_(5).jpg;70
304;204;303;MANDRILLS BKB_303_20190718_id4056_feminf_(6).jpg;100
196;204;303;MANDRILLS BKB_303_20190718_id4056_feminf_(7).jpg;8
314;266;303;MANDRILLS BKB_303_20190918_id4056_feminf_(1).jpg;48
303;266;303;MANDRILLS BKB_303_20190918_id4056_feminf_(2).jpg;37
291;266;303;MANDRILLS BKB_303_20190918_id4056_feminf_(3).jpg;25
251;266;303;MANDRILLS BKB_303_20190918_id4056_feminf_(4).jpg;15
299;266;303;MANDRILLS BKB_303_20190918_id4056_feminf_(5).jpg;33
295;266;303;MANDRILLS BKB_303_20190918_id4056_feminf_(6).jpg;29
322;266;303;MANDRILLS BKB_303_20190918_id4056_feminf_(7).jpg;56
354;322;303;MANDRILLS BKB_303_20191113_id4056_feminf_(1).jpg;32
382;322;303;MANDRILLS BKB_303_20191113_id4056_feminf_(2).jpg;60
401;465;303;MANDRILLS BKB_303_20200404_id4056_femjuv_(1).jpg;64
425;465;303;MANDRILLS BKB_303_20200404_id4056_femjuv_(10).jpg;40
444;465;303;MANDRILLS BKB_303_20200404_id4056_femjuv_(11).jpg;21
478;465;303;MANDRILLS BKB_303_20200404_id4056_femjuv_(12).jpg;13
466;465;303;MANDRILLS BKB_303_20200404_id4056_femjuv_(2).jpg;1
444;465;303;MANDRILLS BKB_303_20200404_id4056_femjuv_(3).jpg;21
448;465;303;MANDRILLS BKB_303_20200404_id4056_femjuv_(4).jpg;17
443;465;303;MANDRILLS BKB_303_20200404_id4056_femjuv_(5).jpg;22
427;465;303;MANDRILLS BKB_303_20200404_id4056_femjuv_(6).jpg;38
411;465;303;MANDRILLS BKB_303_20200404_id4056_femjuv_(7).jpg;54
451;465;303;MANDRILLS BKB_303_20200404_id4056_femjuv_(8).jpg;14
441;465;303;MANDRILLS BKB_303_20200404_id4056_femjuv_(9).jpg;24
679;662;303;MANDRILLS BKB_303_20201018_id4056_femjuv_(1).jpg;17
696;662;303;MANDRILLS BKB_303_20201018_id4056_femjuv_(2).jpg;34
560;663;303;MANDRILLS BKB_303_20201019_id4056_femjuv.jpg;103
715;666;303;MANDRILLS BKB_303_20201022_id4056_femjuv_(1).jpg;49
611;666;303;MANDRILLS BKB_303_20201022_id4056_femjuv_(2).jpg;55
664;672;303;MANDRILLS BKB_303_20201028_id4056_femjuv_(1).jpg;8
594;672;303;MANDRILLS BKB_303_20201028_id4056_femjuv_(2).jpg;78
695;673;303;MANDRILLS BKB_303_20201029_id4056_femjuv.jpg;22
657;679;303;MANDRILLS BKB_303_20201104_id4056_maljuv_(1).jpg;22
714;679;303;MANDRILLS BKB_303_20201104_id4056_maljuv_(2).jpg;35
689;727;303;MANDRILLS BKB_303_20201222_id4056_femjuv_(1).jpg;38
633;727;303;MANDRILLS BKB_303_20201222_id4056_femjuv_(2).jpg;94
780;743;303;MANDRILLS BKB_303_20210107_id4056_femjuv.jpg;37
724;748;303;MANDRILLS BKB_303_20210112_id4056_femjuv_(1).jpg;24
794;748;303;MANDRILLS BKB_303_20210112_id4056_femjuv_(2).jpg;46
653;748;303;MANDRILLS BKB_303_20210112_id4056_femjuv_(3).jpg;95
830;748;303;MANDRILLS BKB_303_20210112_id4056_femjuv_(4).jpg;82
805;748;303;MANDRILLS BKB_303_20210112_id4056_femjuv_(5).jpg;57
736;749;303;MANDRILLS BKB_303_20210113_id4056_femjuv.jpg;13
768;765;303;MANDRILLS BKB_303_20210129_id4056_femjuv_(1).jpg;3
685;765;303;MANDRILLS BKB_303_20210129_id4056_femjuv_(2).jpg;80
768;766;303;MANDRILLS BKB_303_20210130_id4056_femjuv_(1).jpg;2
700;766;303;MANDRILLS BKB_303_20210130_id4056_femjuv_(2).jpg;66
769;766;303;MANDRILLS BKB_303_20210130_id4056_femjuv_(3).jpg;3
698;766;303;MANDRILLS BKB_303_20210130_id4056_femjuv_(4).jpg;68
827;824;303;MANDRILLS BKB_303_20210329_id4056_femjuv.jpg;3
829;938;303;MANDRILLS BKB_303_20210721_id4056_femjuv.jpg;109
878;945;303;MANDRILLS BKB_303_20210728_id4056_femjuv_(1).jpg;67
883;945;303;MANDRILLS BKB_303_20210728_id4056_femjuv_(2).jpg;62
935;995;303;MANDRILLS BKB_303_20210916_id4056_femjuv.jpg;60
946;1031;303;MANDRILLS BKB_303_20211022_id4056_femjuv.jpg;85
1008;1061;303;MANDRILLS BKB_303_20211121_id4056_femjuv_(1).jpg;53
1005;1061;303;MANDRILLS BKB_303_20211121_id4056_femjuv_(2).jpg;56
978;1061;303;MANDRILLS BKB_303_20211121_id4056_femjuv_(3).jpg;83
1079;1096;303;MANDRILLS BKB_303_20211226_id4056_femjuv_(1).jpg;17
1163;1096;303;MANDRILLS BKB_303_20211226_id4056_femjuv_(2).jpg;67
828;1121;303;MANDRILLS BKB_303_20220120_id4056 (1).jpg;293
889;1121;303;MANDRILLS BKB_303_20220120_id4056 (2).jpg;232
1019;1121;303;MANDRILLS BKB_303_20220120_id4056 (3).jpg;102
1130;1121;303;MANDRILLS BKB_303_20220120_id4056.jpg;9
991;1127;303;MANDRILLS BKB_303_20220126_id4056.jpg;136
1128;1133;303;MANDRILLS BKB_303_20220201_id4056_femjuv.jpg;5
993;1147;303;MANDRILLS BKB_303_20220215_id4056_femjuv.jpg;154
1154;1158;303;MANDRILLS BKB_303_20220226_id4056_femjuv (1).jpg;4
1328;1158;303;MANDRILLS BKB_303_20220226_id4056_femjuv (2).jpg;170
1130;1179;303;MANDRILLS BKB_303_20220319_id4056_femjuv (1).jpg;49
1135;1179;303;MANDRILLS BKB_303_20220319_id4056_femjuv (2).jpg;44
1056;1179;303;MANDRILLS BKB_303_20220319_id4056_femjuv (3).jpg;123
943;1179;303;MANDRILLS BKB_303_20220319_id4056_femjuv (4).jpg;236
1070;1179;303;MANDRILLS BKB_303_20220319_id4056_femjuv (5).jpg;109
1030;1187;303;MANDRILLS BKB_303_20220327_id4056_femjuv.jpg;157
1313;1190;303;MANDRILLS BKB_303_20220330_id4056_femjuv.jpg;123
1178;1237;303;MANDRILLS BKB_303_20220516_id4056_femjuv.jpg;59
1152;1247;303;MANDRILLS BKB_303_20220526_id4056_femjuv.jpg;95
1124;1276;303;MANDRILLS BKB_303_20220624_id4056_femjuv (1).jpg;152
1264;1276;303;MANDRILLS BKB_303_20220624_id4056_femjuv (2).jpg;12
1003;1281;303;MANDRILLS BKB_303_20220629_id4056.jpg;278
1324;1301;303;MANDRILLS BKB_303_20220719_id4056.jpg;23
1234;1306;303;MANDRILLS BKB_303_20220724_id4056.jpg;72
1360;1325;303;MANDRILLS BKB_303_20220812_id4056.jpg;35
1284;1339;303;MANDRILLS BKB_303_20220826_id4056.jpg;55
1312;1340;303;MANDRILLS BKB_303_20220827_id4056.jpg;28
1130;1349;303;MANDRILLS BKB_303_20220905_id4056 (1).jpg;219
1358;1349;303;MANDRILLS BKB_303_20220905_id4056 (2).jpg;9
1174;1349;303;MANDRILLS BKB_303_20220905_id4056.jpg;175
1279;1353;303;MANDRILLS BKB_303_20220909_id4056.jpg;74
1403;1379;303;MANDRILLS BKB_303_20221005_id4056 (1).jpg;24
1335;1379;303;MANDRILLS BKB_303_20221005_id4056 (2).jpg;44
1171;1396;303;MANDRILLS BKB_303_20221022_id4056 (1).jpg;225
1253;1396;303;MANDRILLS BKB_303_20221022_id4056 (2).jpg;143
1334;1401;303;MANDRILLS BKB_303_20221027_id4056.jpg;67
1402;1444;303;MANDRILLS BKB_303_20221209_id303 (1).jpg;42
1283;1444;303;MANDRILLS BKB_303_20221209_id303 (2).jpg;161
1199;1444;303;MANDRILLS BKB_303_20221209_id303.jpg;245
1277;1453;303;MANDRILLS BKB_303_20221218_id303 (2).jpg;176
1328;1453;303;MANDRILLS BKB_303_20221218_id303.jpg;125
23;20;4021;MANDRILLS BKB_4021_20190317_id4021_feminf_BAS.jpg;3
15;20;4021;MANDRILLS BKB_4021_20190317_id4021_feminf_DROITE_(1).jpg;5
33;20;4021;MANDRILLS BKB_4021_20190317_id4021_feminf_DROITE_(2).jpg;13
41;20;4021;MANDRILLS BKB_4021_20190317_id4021_feminf_DROITE_(3).jpg;21
32;20;4021;MANDRILLS BKB_4021_20190317_id4021_feminf_GAUCHE_(1).jpg;12
40;20;4021;MANDRILLS BKB_4021_20190317_id4021_feminf_GAUCHE_(3).jpg;20
203;139;4021;MANDRILLS BKB_4021_20190714_id4021_feminf_GAUCHE.jpg;64
137;140;4021;MANDRILLS BKB_4021_20190715_id4021_feminf_(10).jpg;3
138;140;4021;MANDRILLS BKB_4021_20190715_id4021_feminf_(11).jpg;2
216;140;4021;MANDRILLS BKB_4021_20190715_id4021_feminf_(12).jpg;76
199;140;4021;MANDRILLS BKB_4021_20190715_id4021_feminf_(14).jpg;59
175;140;4021;MANDRILLS BKB_4021_20190715_id4021_feminf_(15).jpg;35
225;140;4021;MANDRILLS BKB_4021_20190715_id4021_feminf_(16).jpg;85
156;140;4021;MANDRILLS BKB_4021_20190715_id4021_feminf_(4).jpg;16
159;140;4021;MANDRILLS BKB_4021_20190715_id4021_feminf_(5).jpg;19
166;140;4021;MANDRILLS BKB_4021_20190715_id4021_feminf_(6).jpg;26
172;140;4021;MANDRILLS BKB_4021_20190715_id4021_feminf_(9).jpg;32
236;196;4021;MANDRILLS BKB_4021_20190909_id4021_feminf_GAUCHE.jpg;40
306;316;4021;MANDRILLS BKB_4021_20200107_id4021_feminf_(1).jpg;10
335;316;4021;MANDRILLS BKB_4021_20200107_id4021_feminf_(2).jpg;19
316;317;4021;MANDRILLS BKB_4021_20200108_id4021_feminf_(1).jpg;1
340;317;4021;MANDRILLS BKB_4021_20200108_id4021_feminf_(2).jpg;23
325;317;4021;MANDRILLS BKB_4021_20200108_id4021_feminf_(3).jpg;8
357;350;4021;MANDRILLS BKB_4021_20200210_id4021_feminf_(1).jpg;7
309;350;4021;MANDRILLS BKB_4021_20200210_id4021_feminf_(3).jpg;41
424;400;4021;MANDRILLS BKB_4021_20200331_id4021_femjuv.jpg;24
159;102;4145;MANDRILLS BKB_4145_20190430_id4145_malinf_GAUCHE_(2).jpg;57
228;216;4145;MANDRILLS BKB_4145_20190822_id4145_malinf_(1).jpg;12
416;216;4145;MANDRILLS BKB_4145_20190822_id4145_malinf_(2).jpg;200
216;216;4145;MANDRILLS BKB_4145_20190822_id4145_malinf_(5).jpg;0
396;299;4145;MANDRILLS BKB_4145_20191113_id4145_malinf.jpg;97
285;300;4145;MANDRILLS BKB_4145_20191114_id4145_malinf_(1).jpg;15
392;300;4145;MANDRILLS BKB_4145_20191114_id4145_malinf_(2).jpg;92
454;305;4145;MANDRILLS BKB_4145_20191119_id4145_malinf.jpg;149
458;362;4145;MANDRILLS BKB_4145_20200115_id4145_malinf.jpg;96
483;368;4145;MANDRILLS BKB_4145_20200121_id4145_maljuv.jpg;115
491;402;4145;MANDRILLS BKB_4145_20200224_id4145_maljuv_(1).jpg;89
501;402;4145;MANDRILLS BKB_4145_20200224_id4145_maljuv_(2).jpg;99
627;474;4145;MANDRILLS BKB_4145_20200506_id4145_maljuv_(1).jpg;153
673;474;4145;MANDRILLS BKB_4145_20200506_id4145_maljuv_(2).jpg;199
810;474;4145;MANDRILLS BKB_4145_20200506_id4145_maljuv_(3).jpg;336
834;474;4145;MANDRILLS BKB_4145_20200506_id4145_maljuv_(4).jpg;360
729;474;4145;MANDRILLS BKB_4145_20200506_id4145_maljuv_(5).jpg;255
31;7;5039;MANDRILLS BKB_5039_20191219_id5039_malinf.jpg;24
29;19;5039;MANDRILLS BKB_5039_20191231_id5039_malinf_(1).jpg;10
32;19;5039;MANDRILLS BKB_5039_20191231_id5039_malinf_(2).jpg;13
39;19;5039;MANDRILLS BKB_5039_20191231_id5039_malinf_(3).jpg;20
40;19;5039;MANDRILLS BKB_5039_20191231_id5039_malinf_(4).jpg;21
30;19;5039;MANDRILLS BKB_5039_20191231_id5039_malinf_(5).jpg;11
38;19;5039;MANDRILLS BKB_5039_20191231_id5039_malinf_(6).jpg;19
35;19;5039;MANDRILLS BKB_5039_20191231_id5039_malinf_(7).jpg;16
25;19;5039;MANDRILLS BKB_5039_20191231_id5039_malinf_(8).jpg;6
93;74;5039;MANDRILLS BKB_5039_20200224_id5039_malinf_(1).jpg;19
72;74;5039;MANDRILLS BKB_5039_20200224_id5039_malinf_(2).jpg;2
109;83;5039;MANDRILLS BKB_5039_20200304_id5039_malinf.jpg;26
133;99;5039;MANDRILLS BKB_5039_20200320_id5039_malinf_(1).jpg;34
182;99;5039;MANDRILLS BKB_5039_20200320_id5039_malinf_(2).jpg;83
205;110;5039;MANDRILLS BKB_5039_20200331_id5039_malinf_(1).jpg;95
135;110;5039;MANDRILLS BKB_5039_20200331_id5039_malinf_(10).jpg;25
153;110;5039;MANDRILLS BKB_5039_20200331_id5039_malinf_(11).jpg;43
150;110;5039;MANDRILLS BKB_5039_20200331_id5039_malinf_(12).jpg;40
149;110;5039;MANDRILLS BKB_5039_20200331_id5039_malinf_(13).jpg;39
168;110;5039;MANDRILLS BKB_5039_20200331_id5039_malinf_(14).jpg;58
186;110;5039;MANDRILLS BKB_5039_20200331_id5039_malinf_(15).jpg;76
173;110;5039;MANDRILLS BKB_5039_20200331_id5039_malinf_(16).jpg;63
160;110;5039;MANDRILLS BKB_5039_20200331_id5039_malinf_(17).jpg;50
159;110;5039;MANDRILLS BKB_5039_20200331_id5039_malinf_(2).jpg;49
142;110;5039;MANDRILLS BKB_5039_20200331_id5039_malinf_(3).jpg;32
165;110;5039;MANDRILLS BKB_5039_20200331_id5039_malinf_(4).jpg;55
127;110;5039;MANDRILLS BKB_5039_20200331_id5039_malinf_(5).jpg;17
134;110;5039;MANDRILLS BKB_5039_20200331_id5039_malinf_(6).jpg;24
113;110;5039;MANDRILLS BKB_5039_20200331_id5039_malinf_(7).jpg;3
175;110;5039;MANDRILLS BKB_5039_20200331_id5039_malinf_(8).jpg;65
136;110;5039;MANDRILLS BKB_5039_20200331_id5039_malinf_(9).jpg;26
333;145;5039;MANDRILLS BKB_5039_20200505_id5039_malinf_(1).jpg;188
237;145;5039;MANDRILLS BKB_5039_20200505_id5039_malinf_(2).jpg;92
285;145;5039;MANDRILLS BKB_5039_20200505_id5039_malinf_(3).jpg;140
223;146;5039;MANDRILLS BKB_5039_20200506_id5039_malinf_(1).jpg;77
228;146;5039;MANDRILLS BKB_5039_20200506_id5039_malinf_(2).jpg;82
227;146;5039;MANDRILLS BKB_5039_20200506_id5039_malinf_(3).jpg;81
242;146;5039;MANDRILLS BKB_5039_20200506_id5039_malinf_(4).jpg;96
242;146;5039;MANDRILLS BKB_5039_20200506_id5039_malinf_(5).jpg;96
270;146;5039;MANDRILLS BKB_5039_20200506_id5039_malinf_(6).jpg;124
226;146;5039;MANDRILLS BKB_5039_20200506_id5039_malinf_(7).jpg;80
226;146;5039;MANDRILLS BKB_5039_20200506_id5039_malinf_(8).jpg;80
233;146;5039;MANDRILLS BKB_5039_20200506_id5039_malinf_(9).jpg;87
315;310;5039;MANDRILLS BKB_5039_20201017_id5039_malinf_(2).jpg;5
307;310;5039;MANDRILLS BKB_5039_20201017_id5039_malinf_(3).jpg;3
403;311;5039;MANDRILLS BKB_5039_20201018_id5039_malinf_(1).jpg;92
423;311;5039;MANDRILLS BKB_5039_20201018_id5039_malinf_(2).jpg;112
386;311;5039;MANDRILLS BKB_5039_20201018_id5039_malinf_(3).jpg;75
375;311;5039;MANDRILLS BKB_5039_20201018_id5039_malinf_(4).jpg;64
364;311;5039;MANDRILLS BKB_5039_20201018_id5039_malinf_(5).jpg;53
375;311;5039;MANDRILLS BKB_5039_20201018_id5039_malinf_(6).jpg;64
392;312;5039;MANDRILLS BKB_5039_20201019_id5039_malinf_(1).jpg;80
346;312;5039;MANDRILLS BKB_5039_20201019_id5039_malinf_(2).jpg;34
413;312;5039;MANDRILLS BKB_5039_20201019_id5039_malinf_(3).jpg;101
362;312;5039;MANDRILLS BKB_5039_20201019_id5039_malinf_(4).jpg;50
363;312;5039;MANDRILLS BKB_5039_20201019_id5039_malinf_(5).jpg;51
302;314;5039;MANDRILLS BKB_5039_20201021_id5039_malinf_(1).jpg;12
414;314;5039;MANDRILLS BKB_5039_20201021_id5039_malinf_(2).jpg;100
391;314;5039;MANDRILLS BKB_5039_20201021_id5039_malinf_(3).jpg;77
431;314;5039;MANDRILLS BKB_5039_20201021_id5039_malinf_(4).jpg;117
412;315;5039;MANDRILLS BKB_5039_20201022_id5039_malinf_(1).jpg;97
413;315;5039;MANDRILLS BKB_5039_20201022_id5039_malinf_(2).jpg;98
432;315;5039;MANDRILLS BKB_5039_20201022_id5039_malinf_(3).jpg;117
343;315;5039;MANDRILLS BKB_5039_20201022_id5039_malinf_(4).jpg;28
356;315;5039;MANDRILLS BKB_5039_20201022_id5039_malinf_(5).jpg;41
402;315;5039;MANDRILLS BKB_5039_20201022_id5039_malinf_(6).jpg;87
549;330;5039;MANDRILLS BKB_5039_20201106_id5039_malinf_(1).jpg;219
474;330;5039;MANDRILLS BKB_5039_20201106_id5039_malinf_(2).jpg;144
509;330;5039;MANDRILLS BKB_5039_20201106_id5039_malinf_(3).jpg;179
363;331;5039;MANDRILLS BKB_5039_20201107_id5039_malinf_(1).jpg;32
412;331;5039;MANDRILLS BKB_5039_20201107_id5039_malinf_(2).jpg;81
477;369;5039;MANDRILLS BKB_5039_20201215_id5039_maljuv_(1).jpg;108
454;369;5039;MANDRILLS BKB_5039_20201215_id5039_maljuv_(2).jpg;85
528;369;5039;MANDRILLS BKB_5039_20201215_id5039_maljuv_(3).jpg;159
455;369;5039;MANDRILLS BKB_5039_20201215_id5039_maljuv_(4).jpg;86
479;382;5039;MANDRILLS BKB_5039_20201228_id5039_maljuv_(1).jpg;97
546;382;5039;MANDRILLS BKB_5039_20201228_id5039_maljuv_(2).jpg;164
493;382;5039;MANDRILLS BKB_5039_20201228_id5039_maljuv_(3).jpg;111
473;382;5039;MANDRILLS BKB_5039_20201228_id5039_maljuv_(4).jpg;91
420;382;5039;MANDRILLS BKB_5039_20201228_id5039_maljuv_(5).jpg;38
441;394;5039;MANDRILLS BKB_5039_20210109_id5039_maljuv_(1).jpg;47
416;394;5039;MANDRILLS BKB_5039_20210109_id5039_maljuv_(2).jpg;22
524;398;5039;MANDRILLS BKB_5039_20210113_id5039_maljuv_(1).jpg;126
508;398;5039;MANDRILLS BKB_5039_20210113_id5039_maljuv_(2).jpg;110
531;414;5039;MANDRILLS BKB_5039_20210129_id5039_maljuv_(1).jpg;117
559;414;5039;MANDRILLS BKB_5039_20210129_id5039_maljuv_(2).jpg;145
491;414;5039;MANDRILLS BKB_5039_20210129_id5039_maljuv_(3).jpg;77
459;414;5039;MANDRILLS BKB_5039_20210129_id5039_maljuv_(4).jpg;45
498;419;5039;MANDRILLS BKB_5039_20210203_id5039_maljuv_(1).jpg;79
552;419;5039;MANDRILLS BKB_5039_20210203_id5039_maljuv_(2).jpg;133
607;419;5039;MANDRILLS BKB_5039_20210203_id5039_maljuv_(3).jpg;188
615;419;5039;MANDRILLS BKB_5039_20210203_id5039_maljuv_(4).jpg;196
532;419;5039;MANDRILLS BKB_5039_20210203_id5039_maljuv_(5).jpg;113
542;419;5039;MANDRILLS BKB_5039_20210203_id5039_maljuv_(6).jpg;123
576;419;5039;MANDRILLS BKB_5039_20210203_id5039_maljuv_(7).jpg;157
518;428;5039;MANDRILLS BKB_5039_20210212_id5039_maljuv.jpg;90
586;434;5039;MANDRILLS BKB_5039_20210218_id5039_maljuv_(1).jpg;152
560;434;5039;MANDRILLS BKB_5039_20210218_id5039_maljuv_(2).jpg;126
574;434;5039;MANDRILLS BKB_5039_20210218_id5039_maljuv_(3).jpg;140
556;445;5039;MANDRILLS BKB_5039_20210301_id5039_maljuv_(2).jpg;111
626;445;5039;MANDRILLS BKB_5039_20210301_id5039_maljuv_(3).jpg;181
558;445;5039;MANDRILLS BKB_5039_20210301_id5039_maljuv_(4).jpg;113
591;476;5039;MANDRILLS BKB_5039_20210401_id5039_maljuv_(1).jpg;115
530;476;5039;MANDRILLS BKB_5039_20210401_id5039_maljuv_(2).jpg;54
632;579;5039;MANDRILLS BKB_5039_20210713_id5039_maljuv.jpg;53
731;587;5039;MANDRILLS BKB_5039_20210721_id5039_maljuv_(2).jpg;144
739;587;5039;MANDRILLS BKB_5039_20210721_id5039_maljuv_(3).jpg;152
737;587;5039;MANDRILLS BKB_5039_20210721_id5039_maljuv_(4).jpg;150
787;736;5039;MANDRILLS BKB_5039_20211217_id5039_maljuv_(2).jpg;51
887;740;5039;MANDRILLS BKB_5039_20211221_id5039_maljuv.jpg;147
941;799;5039;MANDRILLS BKB_5039_20220218_id5039_maljuv (1).jpg;142
953;799;5039;MANDRILLS BKB_5039_20220218_id5039_maljuv (2).jpg;154
708;799;5039;MANDRILLS BKB_5039_20220218_id5039_maljuv (3).jpg;91
984;799;5039;MANDRILLS BKB_5039_20220218_id5039_maljuv.jpg;185
860;807;5039;MANDRILLS BKB_5039_20220226_id5039_maljuv (1).jpg;53
847;807;5039;MANDRILLS BKB_5039_20220226_id5039_maljuv (2).jpg;40
839;807;5039;MANDRILLS BKB_5039_20220226_id5039_maljuv.jpg;32
837;838;5039;MANDRILLS BKB_5039_20220329_id5039_maljuv (1).jpg;1
852;838;5039;MANDRILLS BKB_5039_20220329_id5039_maljuv (2).jpg;14
917;848;5039;MANDRILLS BKB_5039_20220408_id5039_maljuv (1).jpg;69
938;848;5039;MANDRILLS BKB_5039_20220408_id5039_maljuv (2).jpg;90
908;858;5039;MANDRILLS BKB_5039_20220418_id5039_maljuv (1).jpg;50
890;858;5039;MANDRILLS BKB_5039_20220418_id5039_maljuv (2).jpg;32
929;858;5039;MANDRILLS BKB_5039_20220418_id5039_maljuv (3).jpg;71
832;858;5039;MANDRILLS BKB_5039_20220418_id5039_maljuv (4).jpg;26
947;879;5039;MANDRILLS BKB_5039_20220509_id5039_maljuv (1).jpg;68
922;879;5039;MANDRILLS BKB_5039_20220509_id5039_maljuv (2).jpg;43
871;894;5039;MANDRILLS BKB_5039_20220524_id5039_maljuv (1).jpg;23
962;894;5039;MANDRILLS BKB_5039_20220524_id5039_maljuv (2).jpg;68
1004;894;5039;MANDRILLS BKB_5039_20220524_id5039_maljuv (3).jpg;110
1153;907;5039;MANDRILLS BKB_5039_20220606_id5039_maljuv (1).jpg;246
1084;907;5039;MANDRILLS BKB_5039_20220606_id5039_maljuv (2).jpg;177
964;925;5039;MANDRILLS BKB_5039_20220624_id5039_maljuv (1).jpg;39
1087;925;5039;MANDRILLS BKB_5039_20220624_id5039_maljuv (2).jpg;162
975;925;5039;MANDRILLS BKB_5039_20220624_id5039_maljuv (3).jpg;50
1047;930;5039;MANDRILLS BKB_5039_20220629_id5039 (1).jpg;117
1012;930;5039;MANDRILLS BKB_5039_20220629_id5039 (2).jpg;82
1021;930;5039;MANDRILLS BKB_5039_20220629_id5039 (3).jpg;91
1055;930;5039;MANDRILLS BKB_5039_20220629_id5039 (4).jpg;125
1014;930;5039;MANDRILLS BKB_5039_20220629_id5039 (5).jpg;84
933;936;5039;MANDRILLS BKB_5039_20220705_id5039 (1).jpg;3
1050;936;5039;MANDRILLS BKB_5039_20220705_id5039 (2).jpg;114
1033;936;5039;MANDRILLS BKB_5039_20220705_id5039 (3).jpg;97
926;936;5039;MANDRILLS BKB_5039_20220705_id5039.jpg;10
1016;950;5039;MANDRILLS BKB_5039_20220719_id5039.jpg;66
1056;960;5039;MANDRILLS BKB_5039_20220729_id5039.jpg;96
1082;965;5039;MANDRILLS BKB_5039_20220803_id5039 (1).jpg;117
1091;965;5039;MANDRILLS BKB_5039_20220803_id5039 (2).jpg;126
1137;974;5039;MANDRILLS BKB_5039_20220812_id5039.jpg;163
905;985;5039;MANDRILLS BKB_5039_20220823_id5039.jpg;80
1061;998;5039;MANDRILLS BKB_5039_20220905_id5039 (1).jpg;63
1075;998;5039;MANDRILLS BKB_5039_20220905_id5039 (2).jpg;77
1127;1005;5039;MANDRILLS BKB_5039_20220912_id5039 (1).jpg;122
1093;1005;5039;MANDRILLS BKB_5039_20220912_id5039 (2).jpg;88
1083;1005;5039;MANDRILLS BKB_5039_20220912_id5039 (3).jpg;78
1130;1005;5039;MANDRILLS BKB_5039_20220912_id5039 (4).jpg;125
1167;1028;5039;MANDRILLS BKB_5039_20221005_id5039 (1).jpg;139
1145;1028;5039;MANDRILLS BKB_5039_20221005_id5039 (2).jpg;117
1252;1042;5039;MANDRILLS BKB_5039_20221019_id5039.jpg;210
1187;1077;5039;MANDRILLS BKB_5039_20221123_id5039.jpg;110
1165;1084;5039;MANDRILLS BKB_5039_20221130_id5039 (1).jpg;81
1243;1084;5039;MANDRILLS BKB_5039_20221130_id5039 (2).jpg;159
1263;1084;5039;MANDRILLS BKB_5039_20221130_id5039 (3).jpg;179
1306;1084;5039;MANDRILLS BKB_5039_20221130_id5039 (4).jpg;222
1216;1084;5039;MANDRILLS BKB_5039_20221130_id5039 (5).jpg;132
1218;1084;5039;MANDRILLS BKB_5039_20221130_id5039 (6).jpg;134
1214;1098;5039;MANDRILLS BKB_5039_20221214_id5039.jpg;116
46;40;5080;MANDRILLS BKB_5080_20200224_id5080_feminf.jpg;6
69;42;5080;MANDRILLS BKB_5080_20200226_id5080_feminf.jpg;27
72;57;5080;MANDRILLS BKB_5080_20200312_id5080_feminf_(1).jpg;15
62;57;5080;MANDRILLS BKB_5080_20200312_id5080_feminf_(2).jpg;5
71;57;5080;MANDRILLS BKB_5080_20200312_id5080_feminf_(3).jpg;14
124;109;5080;MANDRILLS BKB_5080_20200503_id5080_feminf.jpg;15
157;112;5080;MANDRILLS BKB_5080_20200506_id5080_feminf_(1).jpg;45
150;112;5080;MANDRILLS BKB_5080_20200506_id5080_feminf_(3).jpg;38
317;276;5080;MANDRILLS BKB_5080_20201017_id5080_feminf.jpg;41
257;278;5080;MANDRILLS BKB_5080_20201019_id5080_feminf_(1).jpg;21
258;278;5080;MANDRILLS BKB_5080_20201019_id5080_feminf_(2).jpg;20
237;279;5080;MANDRILLS BKB_5080_20201020_id5080_feminf.jpg;42
261;281;5080;MANDRILLS BKB_5080_20201022_id5080_feminf_(1).jpg;20
273;281;5080;MANDRILLS BKB_5080_20201022_id5080_feminf_(2).jpg;8
261;281;5080;MANDRILLS BKB_5080_20201022_id5080_feminf_(3).jpg;20
289;281;5080;MANDRILLS BKB_5080_20201022_id5080_feminf_(4).jpg;8
289;281;5080;MANDRILLS BKB_5080_20201022_id5080_feminf_(5).jpg;8
283;281;5080;MANDRILLS BKB_5080_20201022_id5080_feminf_(6).jpg;2
318;281;5080;MANDRILLS BKB_5080_20201022_id5080_feminf_(7).jpg;37
306;281;5080;MANDRILLS BKB_5080_20201022_id5080_feminf_(8).jpg;25
257;281;5080;MANDRILLS BKB_5080_20201022_id5080_feminf_(9).jpg;24
324;287;5080;MANDRILLS BKB_5080_20201028_id5080_feminf.jpg;37
301;290;5080;MANDRILLS BKB_5080_20201031_id5080_feminf_(1).jpg;11
299;290;5080;MANDRILLS BKB_5080_20201031_id5080_feminf_(2).jpg;9
258;291;5080;MANDRILLS BKB_5080_20201101_id5080_feminf_(1).jpg;33
229;291;5080;MANDRILLS BKB_5080_20201101_id5080_feminf_(2).jpg;62
214;291;5080;MANDRILLS BKB_5080_20201101_id5080_feminf_(3).jpg;77
264;291;5080;MANDRILLS BKB_5080_20201101_id5080_feminf_(4).jpg;27
249;291;5080;MANDRILLS BKB_5080_20201101_id5080_feminf_(5).jpg;42
264;307;5080;MANDRILLS BKB_5080_20201117_id5080_feminf.jpg;43
335;333;5080;MANDRILLS BKB_5080_20201213_id5080_feminf_(1).jpg;2
332;333;5080;MANDRILLS BKB_5080_20201213_id5080_feminf_(2).jpg;1
372;333;5080;MANDRILLS BKB_5080_20201213_id5080_feminf_(3).jpg;39
358;333;5080;MANDRILLS BKB_5080_20201213_id5080_feminf_(4).jpg;25
530;333;5080;MANDRILLS BKB_5080_20201213_id5080_feminf_(5).jpg;197
300;333;5080;MANDRILLS BKB_5080_20201213_id5080_feminf_(6).jpg;33
275;333;5080;MANDRILLS BKB_5080_20201213_id5080_feminf_(7).jpg;58
355;348;5080;MANDRILLS BKB_5080_20201228_id5080_feminf_(1).jpg;7
356;348;5080;MANDRILLS BKB_5080_20201228_id5080_feminf_(2).jpg;8
366;348;5080;MANDRILLS BKB_5080_20201228_id5080_feminf_(3).jpg;18
351;348;5080;MANDRILLS BKB_5080_20201228_id5080_feminf_(4).jpg;3
364;355;5080;MANDRILLS BKB_5080_20210104_id5080_feminf_(1).jpg;9
332;355;5080;MANDRILLS BKB_5080_20210104_id5080_feminf_(10).jpg;23
358;355;5080;MANDRILLS BKB_5080_20210104_id5080_feminf_(11).jpg;3
390;355;5080;MANDRILLS BKB_5080_20210104_id5080_feminf_(2).jpg;35
379;355;5080;MANDRILLS BKB_5080_20210104_id5080_feminf_(3).jpg;24
330;355;5080;MANDRILLS BKB_5080_20210104_id5080_feminf_(4).jpg;25
390;355;5080;MANDRILLS BKB_5080_20210104_id5080_feminf_(5).jpg;35
376;355;5080;MANDRILLS BKB_5080_20210104_id5080_feminf_(6).jpg;21
424;355;5080;MANDRILLS BKB_5080_20210104_id5080_feminf_(7).jpg;69
395;355;5080;MANDRILLS BKB_5080_20210104_id5080_feminf_(8).jpg;40
347;355;5080;MANDRILLS BKB_5080_20210104_id5080_feminf_(9).jpg;8
384;364;5080;MANDRILLS BKB_5080_20210113_id5080_feminf_(1).jpg;20
371;364;5080;MANDRILLS BKB_5080_20210113_id5080_feminf_(2).jpg;7
358;364;5080;MANDRILLS BKB_5080_20210113_id5080_feminf_(3).jpg;6
371;364;5080;MANDRILLS BKB_5080_20210113_id5080_feminf_(4).jpg;7
339;380;5080;MANDRILLS BKB_5080_20210129_id5080_femjuv.jpg;41
385;396;5080;MANDRILLS BKB_5080_20210214_id5080_femjuv.jpg;11
362;464;5080;MANDRILLS BKB_5080_20210423_id5080_femjuv.jpg;102
456;629;5080;MANDRILLS BKB_5080_20211005_id5080_femjuv.jpg;173
486;648;5080;MANDRILLS BKB_5080_20211024_id5080_femjuv_(1).jpg;162
470;648;5080;MANDRILLS BKB_5080_20211024_id5080_femjuv_(4).jpg;178
573;674;5080;MANDRILLS BKB_5080_20211119_id5080_femjuv_(1).jpg;101
374;674;5080;MANDRILLS BKB_5080_20211119_id5080_femjuv_(2).jpg;300
535;677;5080;MANDRILLS BKB_5080_20211122_id5080_femjuv.jpg;142
548;702;5080;MANDRILLS BKB_5080_20211217_id5080_femjuv.jpg;154
573;742;5080;MANDRILLS BKB_5080_20220126_id5080.jpg;169
626;748;5080;MANDRILLS BKB_5080_20220201_id5080_femjuv (1).jpg;122
585;748;5080;MANDRILLS BKB_5080_20220201_id5080_femjuv (3).jpg;163
508;748;5080;MANDRILLS BKB_5080_20220201_id5080_femjuv (4).jpg;240
546;763;5080;MANDRILLS BKB_5080_20220216_id5080_femjuv.jpg;217
548;796;5080;MANDRILLS BKB_5080_20220321_id5080_femjuv (1).jpg;248
710;796;5080;MANDRILLS BKB_5080_20220321_id5080_femjuv (2).jpg;86
602;796;5080;MANDRILLS BKB_5080_20220321_id5080_femjuv (3).jpg;194
682;804;5080;MANDRILLS BKB_5080_20220329_id5080_femjuv.jpg;122
707;831;5080;MANDRILLS BKB_5080_20220425_id5080 (1).jpg;124
738;831;5080;MANDRILLS BKB_5080_20220425_id5080 (2).jpg;93
709;831;5080;MANDRILLS BKB_5080_20220425_id5080 (3).jpg;122
619;832;5080;MANDRILLS BKB_5080_20220426_id5080_femjuv.jpg;213
720;852;5080;MANDRILLS BKB_5080_20220516_id5080_femjuv.jpg;132
649;870;5080;MANDRILLS BKB_5080_20220603_id5080 (2)_femjuv.jpg;221
677;870;5080;MANDRILLS BKB_5080_20220603_id5080 (3)_femjuv.jpg;193
912;886;5080;MANDRILLS BKB_5080_20220619_id5080_femjuv (1).jpg;26
830;886;5080;MANDRILLS BKB_5080_20220619_id5080_femjuv (2).jpg;56
789;886;5080;MANDRILLS BKB_5080_20220619_id5080_femjuv (3).jpg;97
783;886;5080;MANDRILLS BKB_5080_20220619_id5080_femjuv (4).jpg;103
780;900;5080;MANDRILLS BKB_5080_20220703_id5080 (1).jpg;120
740;900;5080;MANDRILLS BKB_5080_20220703_id5080 (2).jpg;160
712;900;5080;MANDRILLS BKB_5080_20220703_id5080.jpg;188
714;911;5080;MANDRILLS BKB_5080_20220714_id5080_femjuv (1).jpg;197
615;911;5080;MANDRILLS BKB_5080_20220714_id5080_femjuv (2).jpg;296
684;913;5080;MANDRILLS BKB_5080_20220716_id5080_femjuv (2).jpg;229
593;913;5080;MANDRILLS BKB_5080_20220716_id5080_femjuv (3).jpg;320
816;913;5080;MANDRILLS BKB_5080_20220716_id5080_femjuv.jpg;97
700;940;5080;MANDRILLS BKB_5080_20220812_id5080 (1).jpg;240
828;940;5080;MANDRILLS BKB_5080_20220812_id5080 (2).jpg;112
801;968;5080;MANDRILLS BKB_5080_20220909_id5080.jpg;167
730;977;5080;MANDRILLS BKB_5080_20220918_id5080 (1).jpg;247
831;977;5080;MANDRILLS BKB_5080_20220918_id5080 (2).jpg;146
854;994;5080;MANDRILLS BKB_5080_20221005_id5080 (1).jpg;140
777;994;5080;MANDRILLS BKB_5080_20221005_id5080 (3).jpg;217
732;1000;5080;MANDRILLS BKB_5080_20221011_id5080.jpg;268
701;1010;5080;MANDRILLS BKB_5080_20221021_id5080.jpg;309
821;1016;5080;MANDRILLS BKB_5080_20221027_id5080 (1).jpg;195
817;1016;5080;MANDRILLS BKB_5080_20221027_id5080 (2).jpg;199
788;1043;5080;MANDRILLS BKB_5080_20221123_id5080.jpg;255
774;1050;5080;MANDRILLS BKB_5080_20221130_id5080 (1).jpg;276
768;1050;5080;MANDRILLS BKB_5080_20221130_id5080 (2).jpg;282
836;1050;5080;MANDRILLS BKB_5080_20221130_id5080 (4).jpg;214
825;1050;5080;MANDRILLS BKB_5080_20221130_id5080 (5).jpg;225
214;110;5149;MANDRILLS BKB_5149_20200317_id5149_malinf.jpg;104
239;110;5149;MANDRILLS BKB_5149_20200317_id5149_malinf_(1).jpg;129
203;110;5149;MANDRILLS BKB_5149_20200317_id5149_malinf_(2).jpg;93
265;155;5149;MANDRILLS BKB_5149_20200501_id5149_malinf.jpg;110
477;325;5149;MANDRILLS BKB_5149_20201018_id5149_malinf_(1).jpg;152
547;325;5149;MANDRILLS BKB_5149_20201018_id5149_malinf_(2).jpg;222
458;325;5149;MANDRILLS BKB_5149_20201018_id5149_malinf_(3).jpg;133
452;327;5149;MANDRILLS BKB_5149_20201020_id5149_malinf_(1).jpg;125
410;327;5149;MANDRILLS BKB_5149_20201020_id5149_malinf_(2).jpg;83
399;327;5149;MANDRILLS BKB_5149_20201020_id5149_malinf_(3).jpg;72
682;329;5149;MANDRILLS BKB_5149_20201022_id5149_malinf_(1).jpg;353
598;329;5149;MANDRILLS BKB_5149_20201022_id5149_malinf_(2).jpg;269
483;342;5149;MANDRILLS BKB_5149_20201104_id5149_malinf.jpg;141
505;344;5149;MANDRILLS BKB_5149_20201106_id5149_malinf_(1)-2.jpg;161
568;344;5149;MANDRILLS BKB_5149_20201106_id5149_malinf_(1).jpg;224
448;344;5149;MANDRILLS BKB_5149_20201106_id5149_malinf_(2).jpg;104
660;344;5149;MANDRILLS BKB_5149_20201106_id5149_malinf_(3).jpg;316
627;344;5149;MANDRILLS BKB_5149_20201106_id5149_malinf_(4).jpg;283
576;344;5149;MANDRILLS BKB_5149_20201106_id5149_malinf_(5).jpg;232
699;344;5149;MANDRILLS BKB_5149_20201106_id5149_malinf_(6).jpg;355
684;344;5149;MANDRILLS BKB_5149_20201106_id5149_malinf_(7).jpg;340
639;389;5149;MANDRILLS BKB_5149_20201221_id5149_maljuv_(1).jpg;250
649;389;5149;MANDRILLS BKB_5149_20201221_id5149_maljuv_(2).jpg;260
430;398;5149;MANDRILLS BKB_5149_20201230_id5149_maljuv.jpg;32
626;399;5149;MANDRILLS BKB_5149_20201231_id5149_maljuv.jpg;227
659;405;5149;MANDRILLS BKB_5149_20210106_id5149_maljuv_(1).jpg;254
567;405;5149;MANDRILLS BKB_5149_20210106_id5149_maljuv_(10).jpg;162
653;405;5149;MANDRILLS BKB_5149_20210106_id5149_maljuv_(11).jpg;248
636;405;5149;MANDRILLS BKB_5149_20210106_id5149_maljuv_(12).jpg;231
598;405;5149;MANDRILLS BKB_5149_20210106_id5149_maljuv_(13).jpg;193
701;405;5149;MANDRILLS BKB_5149_20210106_id5149_maljuv_(2).jpg;296
704;405;5149;MANDRILLS BKB_5149_20210106_id5149_maljuv_(3).jpg;299
743;405;5149;MANDRILLS BKB_5149_20210106_id5149_maljuv_(4).jpg;338
673;405;5149;MANDRILLS BKB_5149_20210106_id5149_maljuv_(5).jpg;268
652;405;5149;MANDRILLS BKB_5149_20210106_id5149_maljuv_(6).jpg;247
688;405;5149;MANDRILLS BKB_5149_20210106_id5149_maljuv_(7).jpg;283
861;405;5149;MANDRILLS BKB_5149_20210106_id5149_maljuv_(8).jpg;456
802;405;5149;MANDRILLS BKB_5149_20210106_id5149_maljuv_(9).jpg;397
664;448;5149;MANDRILLS BKB_5149_20210218_id5149_femjuv_(2).jpg;216
675;459;5149;MANDRILLS BKB_5149_20210301_id5149_maljuv_(1).jpg;216
704;459;5149;MANDRILLS BKB_5149_20210301_id5149_maljuv_(2).jpg;245
650;459;5149;MANDRILLS BKB_5149_20210301_id5149_maljuv_(3).jpg;191
858;508;5149;MANDRILLS BKB_5149_20210419_id5149_maljuv.jpg;350
1124;691;5149;MANDRILLS BKB_5149_20211019_id5149_maljuv_(1).jpg;433
1014;691;5149;MANDRILLS BKB_5149_20211019_id5149_maljuv_(2).jpg;323
1090;811;5149;MANDRILLS BKB_5149_20220216_id5149_maljuv (1).jpg;279
1099;811;5149;MANDRILLS BKB_5149_20220216_id5149_maljuv (2).jpg;288
1059;811;5149;MANDRILLS BKB_5149_20220216_id5149_maljuv (5).jpg;248
1092;827;5149;MANDRILLS BKB_5149_20220304_id5149_maljuv (1).jpg;265
1085;827;5149;MANDRILLS BKB_5149_20220304_id5149_maljuv (2).jpg;258
1131;830;5149;MANDRILLS BKB_5149_20220307_id5149_maljuv.jpg;301
1246;853;5149;MANDRILLS BKB_5149_20220330_id5149_maljuv.jpg;393
1156;910;5149;MANDRILLS BKB_5149_20220526_id5149_maljuv.jpg;246
1022;934;5149;MANDRILLS BKB_5149_20220619_id5149_maljuv (1).jpg;88
1120;934;5149;MANDRILLS BKB_5149_20220619_id5149_maljuv (3).jpg;186
1243;946;5149;MANDRILLS BKB_5149_20220701_id5149.jpg;297
1247;969;5149;MANDRILLS BKB_5149_20220724_id5149.jpg;278
1258;985;5149;MANDRILLS BKB_5149_20220809_id5149.jpg;273
1187;987;5149;MANDRILLS BKB_5149_20220811_id5149 (1).jpg;200
1328;987;5149;MANDRILLS BKB_5149_20220811_id5149 (2).jpg;341
1217;987;5149;MANDRILLS BKB_5149_20220811_id5149 (3).jpg;230
901;987;5149;MANDRILLS BKB_5149_20220811_id5149 (4).jpg;86
1419;1002;5149;MANDRILLS BKB_5149_20220826_id5149.jpg;417
1300;1012;5149;MANDRILLS BKB_5149_20220905_id5149.jpg;288
1217;1056;5149;MANDRILLS BKB_5149_20221019_id5149 (1).jpg;161
1384;1056;5149;MANDRILLS BKB_5149_20221019_id5149 (2).jpg;328
1195;1056;5149;MANDRILLS BKB_5149_20221019_id5149 (3).jpg;139
1350;1107;5149;MANDRILLS BKB_5149_20221209_id5149.jpg;243
-4;7;337;MANDRILLS BKB_5164_20191231_id5164_feminf_(1).jpg;11
38;7;337;MANDRILLS BKB_5164_20191231_id5164_feminf_(2).jpg;31
66;48;337;MANDRILLS BKB_5164_20200210_id5164_feminf_(1).jpg;18
60;48;337;MANDRILLS BKB_5164_20200210_id5164_feminf_(2).jpg;12
67;48;337;MANDRILLS BKB_5164_20200210_id5164_feminf_(3).jpg;19
74;85;337;MANDRILLS BKB_5164_20200318_id5164_feminf_(1).jpg;11
98;85;337;MANDRILLS BKB_5164_20200318_id5164_feminf_(2).jpg;13
107;98;337;MANDRILLS BKB_5164_20200331_id5164_feminf_(1).jpg;9
101;98;337;MANDRILLS BKB_5164_20200331_id5164_feminf_(2).jpg;3
120;98;337;MANDRILLS BKB_5164_20200331_id5164_feminf_(3).jpg;22
155;129;337;MANDRILLS BKB_5164_20200501_id5164_feminf_(1).jpg;26
142;129;337;MANDRILLS BKB_5164_20200501_id5164_feminf_(2).jpg;13
150;129;337;MANDRILLS BKB_5164_20200501_id5164_feminf_(3).jpg;21
141;129;337;MANDRILLS BKB_5164_20200501_id5164_feminf_(4).jpg;12
149;129;337;MANDRILLS BKB_5164_20200501_id5164_feminf_(5).jpg;20
169;129;337;MANDRILLS BKB_5164_20200501_id5164_feminf_(6).jpg;40
137;129;337;MANDRILLS BKB_5164_20200501_id5164_feminf_(7).jpg;8
142;133;337;MANDRILLS BKB_5164_20200505_id5164_feminf_(1).jpg;9
173;133;337;MANDRILLS BKB_5164_20200505_id5164_feminf_(2).jpg;40
142;133;337;MANDRILLS BKB_5164_20200505_id5164_feminf_(3).jpg;9
160;134;337;MANDRILLS BKB_5164_20200506_id5164_feminf_(1).jpg;26
250;134;337;MANDRILLS BKB_5164_20200506_id5164_feminf_(2).jpg;116
217;134;337;MANDRILLS BKB_5164_20200506_id5164_feminf_(3).jpg;83
220;134;337;MANDRILLS BKB_5164_20200506_id5164_feminf_(4).jpg;86
340;303;337;MANDRILLS BKB_5164_20201022_id5164_feminf_(1).jpg;37
324;303;337;MANDRILLS BKB_5164_20201022_id5164_feminf_(2).jpg;21
361;303;337;MANDRILLS BKB_5164_20201022_id5164_feminf_(3).jpg;58
422;309;337;MANDRILLS BKB_5164_20201028_id5164_feminf.jpg;113
333;310;337;MANDRILLS BKB_5164_20201029_id5164_feminf_(1).jpg;23
344;310;337;MANDRILLS BKB_5164_20201029_id5164_feminf_(2).jpg;34
346;310;337;MANDRILLS BKB_5164_20201029_id5164_feminf_(3).jpg;36
308;310;337;MANDRILLS BKB_5164_20201029_id5164_feminf_(4).jpg;2
305;318;337;MANDRILLS BKB_5164_20201106_id5164_feminf_(1).jpg;13
379;318;337;MANDRILLS BKB_5164_20201106_id5164_feminf_(2).jpg;61
365;318;337;MANDRILLS BKB_5164_20201106_id5164_feminf_(3).jpg;47
332;318;337;MANDRILLS BKB_5164_20201106_id5164_feminf_(4).jpg;14
316;318;337;MANDRILLS BKB_5164_20201106_id5164_feminf_(5).jpg;2
367;318;337;MANDRILLS BKB_5164_20201106_id5164_feminf_(6).jpg;49
430;322;337;MANDRILLS BKB_5164_20201110_id5164_feminf_(1).jpg;108
397;322;337;MANDRILLS BKB_5164_20201110_id5164_feminf_(2).jpg;75
377;323;337;MANDRILLS BKB_5164_20201111_id5164_feminf_(1).jpg;54
333;323;337;MANDRILLS BKB_5164_20201111_id5164_feminf_(2).jpg;10
379;335;337;MANDRILLS BKB_5164_20201123_id5164_feminf_(1).jpg;44
454;335;337;MANDRILLS BKB_5164_20201123_id5164_feminf_(2).jpg;119
536;335;337;MANDRILLS BKB_5164_20201123_id5164_feminf_(3).jpg;201
409;357;337;MANDRILLS BKB_5164_20201215_id5164_feminf_(1).jpg;52
376;357;337;MANDRILLS BKB_5164_20201215_id5164_feminf_(2).jpg;19
378;372;337;MANDRILLS BKB_5164_20201230_id5164_femjuv_(1).jpg;6
367;372;337;MANDRILLS BKB_5164_20201230_id5164_femjuv_(2).jpg;5
409;372;337;MANDRILLS BKB_5164_20201230_id5164_femjuv_(3).jpg;37
410;373;337;MANDRILLS BKB_5164_20201231_id5164_femjuv.jpg;37
450;377;337;MANDRILLS BKB_5164_20210104_id5164_femjuv.jpg;73
422;380;337;MANDRILLS BKB_5164_20210107_id5164_femjuv_(1).jpg;42
417;380;337;MANDRILLS BKB_5164_20210107_id5164_femjuv_(2).jpg;37
417;386;337;MANDRILLS BKB_5164_20210113_id5164_femjuv.jpg;31
340;413;337;MANDRILLS BKB_5164_20210209_id5164_femjuv.jpg;73
603;430;337;MANDRILLS BKB_5164_20210226_id5164_femjuv_(1).jpg;173
605;430;337;MANDRILLS BKB_5164_20210226_id5164_femjuv_(2).jpg;175
551;457;337;MANDRILLS BKB_5164_20210325_id5164_femjuv.jpg;94
531;473;337;MANDRILLS BKB_5164_20210410_id5164_femjuv_(1).jpg;58
503;473;337;MANDRILLS BKB_5164_20210410_id5164_femjuv_(2).jpg;30
400;473;337;MANDRILLS BKB_5164_20210410_id5164_femjuv_(3).jpg;73
469;506;337;MANDRILLS BKB_5164_20210513_id5164_femjuv_(1).jpg;37
456;506;337;MANDRILLS BKB_5164_20210513_id5164_femjuv_(2).jpg;50
542;506;337;MANDRILLS BKB_5164_20210513_id5164_femjuv_(3).jpg;36
540;520;337;MANDRILLS BKB_5164_20210527_id5164_femjuv_(1).jpg;20
646;520;337;MANDRILLS BKB_5164_20210527_id5164_femjuv_(2).jpg;126
627;520;337;MANDRILLS BKB_5164_20210527_id5164_femjuv_(3).jpg;107
654;520;337;MANDRILLS BKB_5164_20210527_id5164_femjuv_(4).jpg;134
618;620;337;MANDRILLS BKB_5164_20210904_id5164_femjuv (1).jpg;2
596;620;337;MANDRILLS BKB_5164_20210904_id5164_femjuv (2).jpg;24
726;770;337;MANDRILLS BKB_5164_20220201_id5164_femjuv (1).jpg;44
732;770;337;MANDRILLS BKB_5164_20220201_id5164_femjuv (2).jpg;38
772;770;337;MANDRILLS BKB_5164_20220201_id5164_femjuv (3).jpg;2
762;770;337;MANDRILLS BKB_5164_20220201_id5164_femjuv (4).jpg;8
793;821;337;MANDRILLS BKB_5164_20220324_id5164_femjuv.jpg;28
927;827;337;MANDRILLS BKB_5164_20220330_id5164_femjuv.jpg;100
729;833;337;MANDRILLS BKB_5164_20220405_id5164_femjuv (1).jpg;104
765;833;337;MANDRILLS BKB_5164_20220405_id5164_femjuv (2).jpg;68
916;892;337;MANDRILLS BKB_5164_20220603_id5164_femjuv.jpg;24
847;933;337;MANDRILLS BKB_5164_20220714_id5164_femjuv (1).jpg;86
1027;933;337;MANDRILLS BKB_5164_20220714_id5164_femjuv (2).jpg;94
989;933;337;MANDRILLS BKB_5164_20220714_id5164_femjuv (3).jpg;56
1040;933;337;MANDRILLS BKB_5164_20220714_id5164_femjuv (4).jpg;107
960;933;337;MANDRILLS BKB_5164_20220714_id5164_femjuv (5).jpg;27
808;933;337;MANDRILLS BKB_5164_20220714_id5164_femjuv (6).jpg;125
969;933;337;MANDRILLS BKB_5164_20220714_id5164_femjuv (7).jpg;36
942;935;337;MANDRILLS BKB_5164_20220716_id5164_femjuv.jpg;7
992;947;337;MANDRILLS BKB_5164_20220728_id5164 (2).jpg;45
844;947;337;MANDRILLS BKB_5164_20220728_id5164.jpg;103
1030;992;337;MANDRILLS BKB_5164_20220911_id5164.jpg;38
1188;1072;337;MANDRILLS BKB_5164_20221130_id5164.jpg;116
33;3;5169;MANDRILLS BKB_5169_20200108_id5169_feminf.jpg;30
48;44;5169;MANDRILLS BKB_5169_20200218_id5169_feminf.jpg;4
43;45;5169;MANDRILLS BKB_5169_20200219_id5169_feminf_(1).jpg;2
28;45;5169;MANDRILLS BKB_5169_20200219_id5169_feminf_(2).jpg;17
71;73;5169;MANDRILLS BKB_5169_20200318_id5169_feminf.jpg;2
118;117;5169;MANDRILLS BKB_5169_20200501_id5169_feminf.jpg;1
147;122;5169;MANDRILLS BKB_5169_20200506_id5169_feminf_(1)-2.jpg;25
125;122;5169;MANDRILLS BKB_5169_20200506_id5169_feminf_(1).jpg;3
150;122;5169;MANDRILLS BKB_5169_20200506_id5169_feminf_(2)-2.jpg;28
122;122;5169;MANDRILLS BKB_5169_20200506_id5169_feminf_(2).jpg;0
129;122;5169;MANDRILLS BKB_5169_20200506_id5169_feminf_(3).jpg;7
115;122;5169;MANDRILLS BKB_5169_20200506_id5169_feminf_(4).jpg;7
124;122;5169;MANDRILLS BKB_5169_20200506_id5169_feminf_(5).jpg;2
126;122;5169;MANDRILLS BKB_5169_20200506_id5169_feminf_(6).jpg;4
137;122;5169;MANDRILLS BKB_5169_20200506_id5169_feminf_(7).jpg;15
127;122;5169;MANDRILLS BKB_5169_20200506_id5169_feminf_(8).jpg;5
120;122;5169;MANDRILLS BKB_5169_20200506_id5169_feminf_(9).jpg;2
274;291;5169;MANDRILLS BKB_5169_20201022_id5169_feminf_(1).jpg;17
249;291;5169;MANDRILLS BKB_5169_20201022_id5169_feminf_(10).jpg;42
203;291;5169;MANDRILLS BKB_5169_20201022_id5169_feminf_(11).jpg;88
236;291;5169;MANDRILLS BKB_5169_20201022_id5169_feminf_(12).jpg;55
249;291;5169;MANDRILLS BKB_5169_20201022_id5169_feminf_(13).jpg;42
271;291;5169;MANDRILLS BKB_5169_20201022_id5169_feminf_(14).jpg;20
244;291;5169;MANDRILLS BKB_5169_20201022_id5169_feminf_(15).jpg;47
254;291;5169;MANDRILLS BKB_5169_20201022_id5169_feminf_(16).jpg;37
273;291;5169;MANDRILLS BKB_5169_20201022_id5169_feminf_(17).jpg;18
280;291;5169;MANDRILLS BKB_5169_20201022_id5169_feminf_(18).jpg;11
280;291;5169;MANDRILLS BKB_5169_20201022_id5169_feminf_(19).jpg;11
267;291;5169;MANDRILLS BKB_5169_20201022_id5169_feminf_(2).jpg;24
269;291;5169;MANDRILLS BKB_5169_20201022_id5169_feminf_(20).jpg;22
214;291;5169;MANDRILLS BKB_5169_20201022_id5169_feminf_(3).jpg;77
233;291;5169;MANDRILLS BKB_5169_20201022_id5169_feminf_(4).jpg;58
238;291;5169;MANDRILLS BKB_5169_20201022_id5169_feminf_(5).jpg;53
225;291;5169;MANDRILLS BKB_5169_20201022_id5169_feminf_(6).jpg;66
244;291;5169;MANDRILLS BKB_5169_20201022_id5169_feminf_(7).jpg;47
244;291;5169;MANDRILLS BKB_5169_20201022_id5169_feminf_(8).jpg;47
235;291;5169;MANDRILLS BKB_5169_20201022_id5169_feminf_(9).jpg;56
209;298;5169;MANDRILLS BKB_5169_20201029_id5169_feminf_(2).jpg;89
250;300;5169;MANDRILLS BKB_5169_20201031_id5169_feminf_(1).jpg;50
341;300;5169;MANDRILLS BKB_5169_20201031_id5169_feminf_(2).jpg;41
287;300;5169;MANDRILLS BKB_5169_20201031_id5169_feminf_(3).jpg;13
234;301;5169;MANDRILLS BKB_5169_20201101_id5169_feminf.jpg;67
274;306;5169;MANDRILLS BKB_5169_20201106_id5169_feminf.jpg;32
242;310;5169;MANDRILLS BKB_5169_20201110_id5169_feminf_(1).jpg;68
281;310;5169;MANDRILLS BKB_5169_20201110_id5169_feminf_(2).jpg;29
350;324;5169;MANDRILLS BKB_5169_20201124_id5169_feminf.jpg;26
292;345;5169;MANDRILLS BKB_5169_20201215_id5169_feminf.jpg;53
299;361;5169;MANDRILLS BKB_5169_20201231_id5169_feminf_(1).jpg;62
321;361;5169;MANDRILLS BKB_5169_20201231_id5169_feminf_(2).jpg;40
305;361;5169;MANDRILLS BKB_5169_20201231_id5169_feminf_(3).jpg;56
303;363;5169;MANDRILLS BKB_5169_20210102_id5169_feminf_(1).jpg;60
285;363;5169;MANDRILLS BKB_5169_20210102_id5169_feminf_(2).jpg;78
270;368;5169;MANDRILLS BKB_5169_20210107_id5169_femjuv.jpg;98
319;387;5169;MANDRILLS BKB_5169_20210126_id5169_femjuv.jpg;68
337;395;5169;MANDRILLS BKB_5169_20210203_id5169_femjuv_(1).jpg;58
344;395;5169;MANDRILLS BKB_5169_20210203_id5169_femjuv_(2).jpg;51
303;395;5169;MANDRILLS BKB_5169_20210203_id5169_femjuv_(3).jpg;92
310;395;5169;MANDRILLS BKB_5169_20210203_id5169_femjuv_(4).jpg;85
472;614;5169;MANDRILLS BKB_5169_20210910_id5169_femjuv.jpg;142
490;656;5169;MANDRILLS BKB_5169_20211022_id5169_femjuv_(1).jpg;166
426;656;5169;MANDRILLS BKB_5169_20211022_id5169_femjuv_(3).jpg;230
593;699;5169;MANDRILLS BKB_5169_20211204_ID5169_femjuv_(1).jpg;106
553;699;5169;MANDRILLS BKB_5169_20211204_ID5169_femjuv_(2).jpg;146
639;708;5169;MANDRILLS BKB_5169_20211213_id5169_femjuv_(1).jpg;69
611;708;5169;MANDRILLS BKB_5169_20211213_id5169_femjuv_(2).jpg;97
633;712;5169;MANDRILLS BKB_5169_20211217_id5169_femjuv_(1).jpg;79
660;712;5169;MANDRILLS BKB_5169_20211217_id5169_femjuv_(2).jpg;52
548;765;5169;MANDRILLS BKB_5169_20220208_id5169_femjuv (1).jpg;217
521;765;5169;MANDRILLS BKB_5169_20220208_id5169_femjuv (2).jpg;244
642;778;5169;MANDRILLS BKB_5169_20220221_id5169_femjuv(1).jpg;136
733;778;5169;MANDRILLS BKB_5169_20220221_id5169_femjuv.jpg;45
664;796;5169;MANDRILLS BKB_5169_20220311_id5169_femjuv (1).jpg;132
611;796;5169;MANDRILLS BKB_5169_20220311_id5169_femjuv (2).jpg;185
650;796;5169;MANDRILLS BKB_5169_20220311_id5169_femjuv (3).jpg;146
672;815;5169;MANDRILLS BKB_5169_20220330_id5169_femjuv.jpg;143
763;873;5169;MANDRILLS BKB_5169_20220527_id5169_femjuv (2).jpg;110
781;873;5169;MANDRILLS BKB_5169_20220527_id5169_femjuv (3).jpg;92
788;883;5169;MANDRILLS BKB_5169_20220606_id5169_femjuv.jpg;95
710;906;5169;MANDRILLS BKB_5169_20220629_id5169 (1).jpg;196
587;906;5169;MANDRILLS BKB_5169_20220629_id5169 (2).jpg;319
866;906;5169;MANDRILLS BKB_5169_20220629_id5169 (3).jpg;40
769;906;5169;MANDRILLS BKB_5169_20220629_id5169 (4).jpg;137
685;908;5169;MANDRILLS BKB_5169_20220701_id5169.jpg;223
651;912;5169;MANDRILLS BKB_5169_20220705_id5169 (1).jpg;261
685;912;5169;MANDRILLS BKB_5169_20220705_id5169 (6).jpg;227
794;913;5169;MANDRILLS BKB_5169_20220706_id5169.jpg;119
846;921;5169;MANDRILLS BKB_5169_20220714_id5169_femjuv (1).jpg;75
813;921;5169;MANDRILLS BKB_5169_20220714_id5169_femjuv (2).jpg;108
819;921;5169;MANDRILLS BKB_5169_20220714_id5169_femjuv.jpg;102
817;923;5169;MANDRILLS BKB_5169_20220716_id5169_femjuv.jpg;106
848;924;5169;MANDRILLS BKB_5169_20220717_id5169.jpg;76
856;925;5169;MANDRILLS BKB_5169_20220718_id5169.jpg;69
702;928;5169;MANDRILLS BKB_5169_20220721_id5169.jpg;226
821;931;5169;MANDRILLS BKB_5169_20220724_id5169.jpg;110
781;947;5169;MANDRILLS BKB_5169_20220809_id5169.jpg;166
790;974;5169;MANDRILLS BKB_5169_20220905_id5169.jpg;184
969;1009;5169;MANDRILLS BKB_5169_20221010_id5169 (2).jpg;40
734;1009;5169;MANDRILLS BKB_5169_20221010_id5169 (3).jpg;275
611;1009;5169;MANDRILLS BKB_5169_20221010_id5169.jpg;398
745;1021;5169;MANDRILLS BKB_5169_20221022_id5169.jpg;276
798;1026;5169;MANDRILLS BKB_5169_20221027_id5169.jpg;228
881;1028;5169;MANDRILLS BKB_5169_20221029_id5169.jpg;147
729;1044;5169;MANDRILLS BKB_5169_20221114_id5169.jpg;315
835;1078;5169;MANDRILLS BKB_5169_20221218_id5169.jpg;243
899;1081;5169;MANDRILLS BKB_5169_20221221_id5169.jpg;182
909;1084;5169;MANDRILLS BKB_5169_20221224_id5169.jpg;175
3025;2926;57;MANDRILLS BKB_57_20120301_id57_malsub_(1)_ORIGINAL.jpg;99
3065;2926;57;MANDRILLS BKB_57_20120301_id57_malsub_(14)_ORIGINAL.jpg;139
3058;2926;57;MANDRILLS BKB_57_20120301_id57_malsub_(17)_ORIGINAL.jpg;132
3048;2926;57;MANDRILLS BKB_57_20120301_id57_malsub_(2)_ORIGINAL.jpg;122
3283;2926;57;MANDRILLS BKB_57_20120301_id57_malsub_(20)_ORIGINAL.jpg;357
3150;2926;57;MANDRILLS BKB_57_20120301_id57_malsub_(22)_ORIGINAL.jpg;224
3216;2926;57;MANDRILLS BKB_57_20120301_id57_malsub_(23)_ORIGINAL.jpg;290
3033;2926;57;MANDRILLS BKB_57_20120301_id57_malsub_(25)_ORIGINAL.jpg;107
3046;2926;57;MANDRILLS BKB_57_20120301_id57_malsub_(27)_ORIGINAL.jpg;120
3039;2926;57;MANDRILLS BKB_57_20120301_id57_malsub_(28)_ORIGINAL.jpg;113
3059;2926;57;MANDRILLS BKB_57_20120301_id57_malsub_(3)_ORIGINAL.jpg;133
2938;2926;57;MANDRILLS BKB_57_20120301_id57_malsub_(34)_ORIGINAL.jpg;12
3045;2926;57;MANDRILLS BKB_57_20120301_id57_malsub_(36)_ORIGINAL.jpg;119
3076;2926;57;MANDRILLS BKB_57_20120301_id57_malsub_(8)_ORIGINAL.jpg;150
3070;2926;57;MANDRILLS BKB_57_20120301_id57_malsub_(9)_ORIGINAL.jpg;144
3026;2930;57;MANDRILLS BKB_57_20120305_id57_malsubMINI_ORIGINAL.jpg;96
3210;2959;57;MANDRILLS BKB_57_20120403_id57_malsubDERRIERE_ORIGINAL.jpg;251
3209;2959;57;MANDRILLS BKB_57_20120403_id57_malsub_(1)_ORIGINAL.jpg;250
3117;2965;57;MANDRILLS BKB_57_20120409_id57_malsub_(1)_ORIGINAL.jpg;152
3100;2965;57;MANDRILLS BKB_57_20120409_id57_malsub_(2)_ORIGINAL.jpg;135
3025;2965;57;MANDRILLS BKB_57_20120409_id57_malsub_(3)_ORIGINAL.jpg;60
3063;2965;57;MANDRILLS BKB_57_20120409_id57_malsub_(4)_ORIGINAL.jpg;98
3190;3000;57;MANDRILLS BKB_57_20120514_id57_malsubGAUCHE_ORIGINAL.jpg;190
3308;3000;57;MANDRILLS BKB_57_20120514_id57_malsub_(1)_ORIGINAL.jpg;308
3203;3000;57;MANDRILLS BKB_57_20120514_id57_malsub_(2)_ORIGINAL.jpg;203
3320;3000;57;MANDRILLS BKB_57_20120514_id57_malsub_(3)_ORIGINAL.jpg;320
3275;3000;57;MANDRILLS BKB_57_20120514_id57_malsub_(4)_ORIGINAL.jpg;275
3352;3000;57;MANDRILLS BKB_57_20120514_id57_malsub_(5)_ORIGINAL.jpg;352
3340;3000;57;MANDRILLS BKB_57_20120514_id57_malsub_(6)_ORIGINAL.jpg;340
3378;3000;57;MANDRILLS BKB_57_20120514_id57_malsub_(7)_ORIGINAL.jpg;378
3281;3000;57;MANDRILLS BKB_57_20120514_id57_malsub_(8)_ORIGINAL.jpg;281
3112;3001;57;MANDRILLS BKB_57_20120515_id57_malsub_(1)_ORIGINAL.jpg;111
3052;3001;57;MANDRILLS BKB_57_20120515_id57_malsub_(2)_ORIGINAL.jpg;51
3313;3008;57;MANDRILLS BKB_57_20120522_id57_malsub_(2)_ORIGINAL.jpg;305
3305;3008;57;MANDRILLS BKB_57_20120522_id57_malsub_(3)_ORIGINAL.jpg;297
3224;3016;57;MANDRILLS BKB_57_20120530_id57_malsub_(1)_ORIGINAL.jpg;208
3053;3016;57;MANDRILLS BKB_57_20120530_id57_malsub_(10)_ORIGINAL.jpg;37
3193;3016;57;MANDRILLS BKB_57_20120530_id57_malsub_(11)_ORIGINAL.jpg;177
3056;3016;57;MANDRILLS BKB_57_20120530_id57_malsub_(12)_ORIGINAL.jpg;40
3142;3016;57;MANDRILLS BKB_57_20120530_id57_malsub_(13)_ORIGINAL.jpg;126
3231;3016;57;MANDRILLS BKB_57_20120530_id57_malsub_(14)_ORIGINAL.jpg;215
3081;3016;57;MANDRILLS BKB_57_20120530_id57_malsub_(15)_ORIGINAL.jpg;65
2981;3016;57;MANDRILLS BKB_57_20120530_id57_malsub_(2)_ORIGINAL.jpg;35
2955;3016;57;MANDRILLS BKB_57_20120530_id57_malsub_(3)_ORIGINAL.jpg;61
3033;3016;57;MANDRILLS BKB_57_20120530_id57_malsub_(4)_ORIGINAL.jpg;17
3019;3016;57;MANDRILLS BKB_57_20120530_id57_malsub_(5)_ORIGINAL.jpg;3
3093;3016;57;MANDRILLS BKB_57_20120530_id57_malsub_(6)_ORIGINAL.jpg;77
3102;3016;57;MANDRILLS BKB_57_20120530_id57_malsub_(7)_ORIGINAL.jpg;86
3120;3016;57;MANDRILLS BKB_57_20120530_id57_malsub_(8)_ORIGINAL.jpg;104
3209;3016;57;MANDRILLS BKB_57_20120530_id57_malsub_(9)_ORIGINAL.jpg;193
3082;3016;57;MANDRILLS BKB_57_20120530_id57_malsub_ORIGINAL.jpg;66
2995;3024;57;MANDRILLS BKB_57_20120607_id57_malsub_(1)_ORIGINAL.jpg;29
3117;3024;57;MANDRILLS BKB_57_20120607_id57_malsub_(2)_ORIGINAL.jpg;93
3463;3065;57;MANDRILLS BKB_57_20120718_id57_malsubCENTRE_(1)_ORIGINAL.jpg;398
3230;3065;57;MANDRILLS BKB_57_20120718_id57_malsubCENTRE_(2)_ORIGINAL.jpg;165
3313;3065;57;MANDRILLS BKB_57_20120718_id57_malsubCENTRE_(3)_ORIGINAL.jpg;248
3577;3065;57;MANDRILLS BKB_57_20120718_id57_malsubCENTRE_(4)_ORIGINAL.jpg;512
3321;3065;57;MANDRILLS BKB_57_20120718_id57_malsubCENTRE_(5)_ORIGINAL.jpg;256
3255;3065;57;MANDRILLS BKB_57_20120718_id57_malsubCENTRE_(6)_ORIGINAL.jpg;190
3403;3065;57;MANDRILLS BKB_57_20120718_id57_malsub_ORIGINAL.jpg;338
3073;3071;57;MANDRILLS BKB_57_20120724_id57_malsub_ORIGINAL.jpg;2
3124;3102;57;MANDRILLS BKB_57_20120824_id57_malsub_ORIGINAL.jpg;22
3274;3129;57;MANDRILLS BKB_57_20120920_id57_malsub_(1)_ORIGINAL.jpg;145
3692;3129;57;MANDRILLS BKB_57_20120920_id57_malsub_(2)_ORIGINAL.jpg;563
3277;3141;57;MANDRILLS BKB_57_20121002_id57_malsub_(1)_ORIGINAL.jpg;136
3490;3141;57;MANDRILLS BKB_57_20121002_id57_malsub_(2)_ORIGINAL.jpg;349
3190;3141;57;MANDRILLS BKB_57_20121002_id57_malsub_(3)_ORIGINAL.jpg;49
3344;3141;57;MANDRILLS BKB_57_20121002_id57_malsub_(4)_ORIGINAL.jpg;203
3518;3159;57;MANDRILLS BKB_57_20121020_id57_malsub_(1)_ORIGINAL.jpg;359
3543;3159;57;MANDRILLS BKB_57_20121020_id57_malsub_(2)_ORIGINAL.jpg;384
3500;3159;57;MANDRILLS BKB_57_20121020_id57_malsub_(3)_ORIGINAL.jpg;341
3510;3159;57;MANDRILLS BKB_57_20121020_id57_malsub_(4)_ORIGINAL.jpg;351
2991;3216;57;MANDRILLS BKB_57_20121216_id57_malsub_ORIGINAL.jpg;225
3721;3931;57;MANDRILLS BKB_57_20141201_id57_maladu_(2)_ORIGINAL.jpg;210
3724;3931;57;MANDRILLS BKB_57_20141201_id57_maladu_(3)_ORIGINAL.jpg;207
3784;4070;57;MANDRILLS BKB_57_20150419_id57_maladuGAUCHE_(1)_ORIGINAL.jpg;286
3751;4070;57;MANDRILLS BKB_57_20150419_id57_maladuGAUCHE_(3)_ORIGINAL.jpg;319
3750;4070;57;MANDRILLS BKB_57_20150419_id57_maladuGAUCHE_(4)_ORIGINAL.jpg;320
3800;4070;57;MANDRILLS BKB_57_20150419_id57_maladu_(10)_ORIGINAL.jpg;270
3854;4070;57;MANDRILLS BKB_57_20150419_id57_maladu_(11)_ORIGINAL.jpg;216
3815;4070;57;MANDRILLS BKB_57_20150419_id57_maladu_(12)_ORIGINAL.jpg;255
3852;4070;57;MANDRILLS BKB_57_20150419_id57_maladu_(2)_ORIGINAL.jpg;218
3832;4070;57;MANDRILLS BKB_57_20150419_id57_maladu_(3)_ORIGINAL.jpg;238
3844;4098;57;MANDRILLS BKB_57_20150517_id57_maladu_(1)_ORIGINAL.jpg;254
3734;4098;57;MANDRILLS BKB_57_20150517_id57_maladu_(10)_ORIGINAL.jpg;364
3731;4098;57;MANDRILLS BKB_57_20150517_id57_maladu_(11)_ORIGINAL.jpg;367
3730;4098;57;MANDRILLS BKB_57_20150517_id57_maladu_(12)_ORIGINAL.jpg;368
3775;4098;57;MANDRILLS BKB_57_20150517_id57_maladu_(13)_ORIGINAL.jpg;323
3730;4098;57;MANDRILLS BKB_57_20150517_id57_maladu_(14)_ORIGINAL.jpg;368
3802;4098;57;MANDRILLS BKB_57_20150517_id57_maladu_(15)_ORIGINAL.jpg;296
3742;4098;57;MANDRILLS BKB_57_20150517_id57_maladu_(16)_ORIGINAL.jpg;356
3782;4098;57;MANDRILLS BKB_57_20150517_id57_maladu_(17)_ORIGINAL.jpg;316
3808;4098;57;MANDRILLS BKB_57_20150517_id57_maladu_(2)_ORIGINAL.jpg;290
3762;4098;57;MANDRILLS BKB_57_20150517_id57_maladu_(3)_ORIGINAL.jpg;336
3722;4098;57;MANDRILLS BKB_57_20150517_id57_maladu_(4)_ORIGINAL.jpg;376
3735;4098;57;MANDRILLS BKB_57_20150517_id57_maladu_(5)_ORIGINAL.jpg;363
3714;4098;57;MANDRILLS BKB_57_20150517_id57_maladu_(6)_ORIGINAL.jpg;384
3800;4098;57;MANDRILLS BKB_57_20150517_id57_maladu_(7)_ORIGINAL.jpg;298
3770;4098;57;MANDRILLS BKB_57_20150517_id57_maladu_(8)_ORIGINAL.jpg;328
3798;4153;57;MANDRILLS BKB_57_20150711_id57_maladu_(1)_ORIGINAL.jpg;355
3782;4153;57;MANDRILLS BKB_57_20150711_id57_maladu_(2)_ORIGINAL.jpg;371
3747;4153;57;MANDRILLS BKB_57_20150711_id57_maladu_(3)_ORIGINAL.jpg;406
4033;4155;57;MANDRILLS BKB_57_20150713_id57_maladu_(1)_ORIGINAL.jpg;122
3981;4155;57;MANDRILLS BKB_57_20150713_id57_maladu_(2)_ORIGINAL.jpg;174
4064;4155;57;MANDRILLS BKB_57_20150713_id57_maladu_(3)_ORIGINAL.jpg;91
3991;4155;57;MANDRILLS BKB_57_20150713_id57_maladu_(4)_ORIGINAL.jpg;164
3824;4158;57;MANDRILLS BKB_57_20150716_id57_maladu_(1)_ORIGINAL.jpg;334
3835;4158;57;MANDRILLS BKB_57_20150716_id57_maladu_(2)_ORIGINAL.jpg;323
3873;4158;57;MANDRILLS BKB_57_20150716_id57_maladu_(3)_ORIGINAL.jpg;285
3819;4158;57;MANDRILLS BKB_57_20150716_id57_maladu_(4)_ORIGINAL.jpg;339
3881;4158;57;MANDRILLS BKB_57_20150716_id57_maladu_(6)_ORIGINAL.jpg;277
3758;4158;57;MANDRILLS BKB_57_20150716_id57_maladu_(7)_ORIGINAL.jpg;400
3730;4158;57;MANDRILLS BKB_57_20150716_id57_maladu_(8)_ORIGINAL.jpg;428
3973;4183;57;MANDRILLS BKB_57_20150810_id57_maladu_(4)_ORIGINAL.jpg;210
3890;4199;57;MANDRILLS BKB_57_20150826_id57_maladu_(1)_ORIGINAL.jpg;309
3844;4199;57;MANDRILLS BKB_57_20150826_id57_maladu_(2)_ORIGINAL.jpg;355
3936;4199;57;MANDRILLS BKB_57_20150826_id57_maladu_(4)_ORIGINAL.jpg;263
24;6;6021;MANDRILLS BKB_6021_20201218_id6021_malinf_(1).jpg;18
39;6;6021;MANDRILLS BKB_6021_20201218_id6021_malinf_(2).jpg;33
41;6;6021;MANDRILLS BKB_6021_20201218_id6021_malinf_(3).jpg;35
40;6;6021;MANDRILLS BKB_6021_20201218_id6021_malinf_(4).jpg;34
20;6;6021;MANDRILLS BKB_6021_20201218_id6021_malinf_(5).jpg;14
19;6;6021;MANDRILLS BKB_6021_20201218_id6021_malinf_(6).jpg;13
45;23;6021;MANDRILLS BKB_6021_20210104_id6021_malinf.jpg;22
40;25;6021;MANDRILLS BKB_6021_20210106_id6021_malinf_(1).jpg;15
30;25;6021;MANDRILLS BKB_6021_20210106_id6021_malinf_(2).jpg;5
36;25;6021;MANDRILLS BKB_6021_20210106_id6021_malinf_(3).jpg;11
32;25;6021;MANDRILLS BKB_6021_20210106_id6021_malinf_(4).jpg;7
27;25;6021;MANDRILLS BKB_6021_20210106_id6021_malinf_(5).jpg;2
28;25;6021;MANDRILLS BKB_6021_20210106_id6021_malinf_(6).jpg;3
24;25;6021;MANDRILLS BKB_6021_20210106_id6021_malinf_(7).jpg;1
48;30;6021;MANDRILLS BKB_6021_20210111_id6021_malinf.jpg;18
52;40;6021;MANDRILLS BKB_6021_20210121_id6021_malinf_(1).jpg;12
48;40;6021;MANDRILLS BKB_6021_20210121_id6021_malinf_(2).jpg;8
52;40;6021;MANDRILLS BKB_6021_20210121_id6021_malinf_(3).jpg;12
72;48;6021;MANDRILLS BKB_6021_20210129_id6021_malinf_(1).jpg;24
50;48;6021;MANDRILLS BKB_6021_20210129_id6021_malinf_(2).jpg;2
60;48;6021;MANDRILLS BKB_6021_20210129_id6021_malinf_(3).jpg;12
55;48;6021;MANDRILLS BKB_6021_20210129_id6021_malinf_(4).jpg;7
63;48;6021;MANDRILLS BKB_6021_20210129_id6021_malinf_(5).jpg;15
62;48;6021;MANDRILLS BKB_6021_20210129_id6021_malinf_(6).jpg;14
55;48;6021;MANDRILLS BKB_6021_20210129_id6021_malinf_(7).jpg;7
67;48;6021;MANDRILLS BKB_6021_20210129_id6021_malinf_(8).jpg;19
63;51;6021;MANDRILLS BKB_6021_20210201_id6021_malinf.jpg;12
58;55;6021;MANDRILLS BKB_6021_20210205_id6021_malinf_(1).jpg;3
67;55;6021;MANDRILLS BKB_6021_20210205_id6021_malinf_(2).jpg;12
55;56;6021;MANDRILLS BKB_6021_20210206_id6021_malinf_(1).jpg;1
62;56;6021;MANDRILLS BKB_6021_20210206_id6021_malinf_(2).jpg;6
45;56;6021;MANDRILLS BKB_6021_20210206_id6021_malinf_(3).jpg;11
77;56;6021;MANDRILLS BKB_6021_20210206_id6021_malinf_(4).jpg;21
63;56;6021;MANDRILLS BKB_6021_20210206_id6021_malinf_(5).jpg;7
68;59;6021;MANDRILLS BKB_6021_20210209_id6021_malinf_(1).jpg;9
77;59;6021;MANDRILLS BKB_6021_20210209_id6021_malinf_(2).jpg;18
77;59;6021;MANDRILLS BKB_6021_20210209_id6021_malinf_(3).jpg;18
69;59;6021;MANDRILLS BKB_6021_20210209_id6021_malinf_(4).jpg;10
60;67;6021;MANDRILLS BKB_6021_20210217_id6021_malinf.jpg;7
107;111;6021;MANDRILLS BKB_6021_20210402_id6021_malinf.jpg;4
173;177;6021;MANDRILLS BKB_6021_20210607_id6021_malinf_(1).jpg;4
180;177;6021;MANDRILLS BKB_6021_20210607_id6021_malinf_(2).jpg;3
173;177;6021;MANDRILLS BKB_6021_20210607_id6021_malinf_(3).jpg;4
174;177;6021;MANDRILLS BKB_6021_20210607_id6021_malinf_(4).jpg;3
175;177;6021;MANDRILLS BKB_6021_20210607_id6021_malinf_(5).jpg;2
218;221;6021;MANDRILLS BKB_6021_20210721_id6021_malinf_(1).jpg;3
217;221;6021;MANDRILLS BKB_6021_20210721_id6021_malinf_(2).jpg;4
216;226;6021;MANDRILLS BKB_6021_20210726_id6021_malinf.jpg;10
248;266;6021;MANDRILLS BKB_6021_20210904_id6021_malinf.jpg;18
282;286;6021;MANDRILLS BKB_6021_20210924_id6021_malinf.jpg;4
273;297;6021;MANDRILLS BKB_6021_20211005_id6021_malinf_(1).jpg;24
245;297;6021;MANDRILLS BKB_6021_20211005_id6021_malinf_(2).jpg;52
222;297;6021;MANDRILLS BKB_6021_20211005_id6021_malinf_(3).jpg;75
320;331;6021;MANDRILLS BKB_6021_20211108_id6021_malinf.jpg;11
354;342;6021;MANDRILLS BKB_6021_20211119_id6021_malinf_(1).jpg;12
317;342;6021;MANDRILLS BKB_6021_20211119_id6021_malinf_(2).jpg;25
329;366;6021;MANDRILLS BKB_6021_20211213_id6021_malinf.jpg;37
352;404;6021;MANDRILLS BKB_6021_20220120_id6021 (2).jpg;52
306;404;6021;MANDRILLS BKB_6021_20220120_id6021.jpg;98
403;404;6021;MANDRILLS BKB_6021_20220120_id6081 (1).jpg;1
401;404;6021;MANDRILLS BKB_6021_20220120_id6081 (2).jpg;3
394;414;6021;MANDRILLS BKB_6021_20220130_id6021.jpg;20
408;416;6021;MANDRILLS BKB_6021_20220201_id6021_maljuv.jpg;8
340;447;6021;MANDRILLS BKB_6021_20220304_id6021_maljuv (1).jpg;107
401;447;6021;MANDRILLS BKB_6021_20220304_id6021_maljuv (2).jpg;46
337;447;6021;MANDRILLS BKB_6021_20220304_id6021_maljuv (3).jpg;110
356;447;6021;MANDRILLS BKB_6021_20220304_id6021_maljuv (4).jpg;91
367;447;6021;MANDRILLS BKB_6021_20220304_id6021_maljuv (5).jpg;80
343;462;6021;MANDRILLS BKB_6021_20220319_id6021_maljuv.jpg;119
461;473;6021;MANDRILLS BKB_6021_20220330_id6021_maljuv (1).jpg;12
364;473;6021;MANDRILLS BKB_6021_20220330_id6021_maljuv (3).jpg;109
389;501;6021;MANDRILLS BKB_6021_20220427_id6021_maljuv.jpg;112
496;520;6021;MANDRILLS BKB_6021_20220516_id6021_maljuv (2).jpg;24
466;520;6021;MANDRILLS BKB_6021_20220516_id6021_maljuv (3).jpg;54
444;536;6021;MANDRILLS BKB_6021_20220601_id6021_maljuv.jpg;92
480;558;6021;MANDRILLS BKB_6021_20220623_id6021_maljuv (1).jpg;78
433;558;6021;MANDRILLS BKB_6021_20220623_id6021_maljuv (2).jpg;125
429;564;6021;MANDRILLS BKB_6021_20220629_id6021 (1).jpg;135
522;564;6021;MANDRILLS BKB_6021_20220629_id6021 (2).jpg;42
504;564;6021;MANDRILLS BKB_6021_20220629_id6021 (3).jpg;60
439;581;6021;MANDRILLS BKB_6021_20220716_id6021_maljuv (1).jpg;142
498;581;6021;MANDRILLS BKB_6021_20220716_id6021_maljuv (2).jpg;83
489;581;6021;MANDRILLS BKB_6021_20220716_id6021_maljuv (4).jpg;92
517;581;6021;MANDRILLS BKB_6021_20220716_id6021_maljuv (5).jpg;64
705;608;6021;MANDRILLS BKB_6021_20220812_id6021.jpg;97
722;611;6021;MANDRILLS BKB_6021_20220815_id6021.jpg;111
343;614;6021;MANDRILLS BKB_6021_20220818_id6021.jpg;271
563;623;6021;MANDRILLS BKB_6021_20220827_id6021.jpg;60
588;626;6021;MANDRILLS BKB_6021_20220830_id6021.jpg;38
568;631;6021;MANDRILLS BKB_6021_20220904_id6021 (1).jpg;63
632;631;6021;MANDRILLS BKB_6021_20220904_id6021 (2).jpg;1
500;632;6021;MANDRILLS BKB_6021_20220905_id6021.jpg;132
499;645;6021;MANDRILLS BKB_6021_20220918_id6021 (1).jpg;146
597;645;6021;MANDRILLS BKB_6021_20220918_id6021 (2).jpg;48
628;648;6021;MANDRILLS BKB_6021_20220921_id6021.jpg;20
618;709;6021;MANDRILLS BKB_6021_20221121_id6021.jpg;91
638;727;6021;MANDRILLS BKB_6021_20221209_id6021 (2).jpg;89
643;727;6021;MANDRILLS BKB_6021_20221209_id6021 (3).jpg;84
17;0;6029;MANDRILLS BKB_6029_20210221_id6029_feminf_(1).jpg;17
16;0;6029;MANDRILLS BKB_6029_20210221_id6029_feminf_(2).jpg;16
26;0;6029;MANDRILLS BKB_6029_20210221_id6029_feminf_(3).jpg;26
21;5;6029;MANDRILLS BKB_6029_20210226_id6029_feminf_(1).jpg;16
44;5;6029;MANDRILLS BKB_6029_20210226_id6029_feminf_(2).jpg;39
59;40;6029;MANDRILLS BKB_6029_20210402_id6029_feminf_(1).jpg;19
56;40;6029;MANDRILLS BKB_6029_20210402_id6029_feminf_(10).jpg;16
49;40;6029;MANDRILLS BKB_6029_20210402_id6029_feminf_(11).jpg;9
56;40;6029;MANDRILLS BKB_6029_20210402_id6029_feminf_(12).jpg;16
33;40;6029;MANDRILLS BKB_6029_20210402_id6029_feminf_(13).jpg;7
52;40;6029;MANDRILLS BKB_6029_20210402_id6029_feminf_(14).jpg;12
53;40;6029;MANDRILLS BKB_6029_20210402_id6029_feminf_(15).jpg;13
54;40;6029;MANDRILLS BKB_6029_20210402_id6029_feminf_(16).jpg;14
58;40;6029;MANDRILLS BKB_6029_20210402_id6029_feminf_(17).jpg;18
50;40;6029;MANDRILLS BKB_6029_20210402_id6029_feminf_(18).jpg;10
47;40;6029;MANDRILLS BKB_6029_20210402_id6029_feminf_(19).jpg;7
31;40;6029;MANDRILLS BKB_6029_20210402_id6029_feminf_(2).jpg;9
44;40;6029;MANDRILLS BKB_6029_20210402_id6029_feminf_(20).jpg;4
54;40;6029;MANDRILLS BKB_6029_20210402_id6029_feminf_(3).jpg;14
49;40;6029;MANDRILLS BKB_6029_20210402_id6029_feminf_(4).jpg;9
54;40;6029;MANDRILLS BKB_6029_20210402_id6029_feminf_(5).jpg;14
54;40;6029;MANDRILLS BKB_6029_20210402_id6029_feminf_(6).jpg;14
45;40;6029;MANDRILLS BKB_6029_20210402_id6029_feminf_(7).jpg;5
37;40;6029;MANDRILLS BKB_6029_20210402_id6029_feminf_(8).jpg;3
43;40;6029;MANDRILLS BKB_6029_20210402_id6029_feminf_(9).jpg;3
94;79;6029;MANDRILLS BKB_6029_20210511_id6029_feminf.jpg;15
101;81;6029;MANDRILLS BKB_6029_20210513_id6029_feminf_(1).jpg;20
88;83;6029;MANDRILLS BKB_6029_20210515_id6029_feminf_(2).jpg;5
99;83;6029;MANDRILLS BKB_6029_20210515_id6029_feminf_(3).jpg;16
96;83;6029;MANDRILLS BKB_6029_20210515_id6029_feminf_(4).jpg;13
219;198;6029;MANDRILLS BKB_6029_20210907_id6029_feminf (2).jpg;21
252;198;6029;MANDRILLS BKB_6029_20210907_id6029_feminf (3).jpg;54
221;198;6029;MANDRILLS BKB_6029_20210907_id6029_feminf (4).jpg;23
226;198;6029;MANDRILLS BKB_6029_20210907_id6029_feminf (5).jpg;28
28;1;6031;MANDRILLS BKB_6031_20210212_id6031_feminf_(1).jpg;27
21;1;6031;MANDRILLS BKB_6031_20210212_id6031_feminf_(2).jpg;20
8;1;6031;MANDRILLS BKB_6031_20210212_id6031_feminf_(3).jpg;7
18;1;6031;MANDRILLS BKB_6031_20210212_id6031_feminf_(4).jpg;17
33;1;6031;MANDRILLS BKB_6031_20210212_id6031_feminf_(5).jpg;32
19;1;6031;MANDRILLS BKB_6031_20210212_id6031_feminf_(6).jpg;18
21;1;6031;MANDRILLS BKB_6031_20210212_id6031_feminf_(7).jpg;20
16;4;6031;MANDRILLS BKB_6031_20210215_id6031_feminf_(1).jpg;12
17;4;6031;MANDRILLS BKB_6031_20210215_id6031_feminf_(2).jpg;13
17;4;6031;MANDRILLS BKB_6031_20210215_id6031_feminf_(3).jpg;13
21;4;6031;MANDRILLS BKB_6031_20210215_id6031_feminf_(4).jpg;17
11;4;6031;MANDRILLS BKB_6031_20210215_id6031_feminf_(5).jpg;7
49;25;6031;MANDRILLS BKB_6031_20210308_id6031_feminf_(1).jpg;24
47;25;6031;MANDRILLS BKB_6031_20210308_id6031_feminf_(2).jpg;22
41;25;6031;MANDRILLS BKB_6031_20210308_id6031_feminf_(3).jpg;16
39;25;6031;MANDRILLS BKB_6031_20210308_id6031_feminf_(4).jpg;14
38;25;6031;MANDRILLS BKB_6031_20210308_id6031_feminf_(5).jpg;13
54;25;6031;MANDRILLS BKB_6031_20210308_id6031_feminf_(6).jpg;29
49;25;6031;MANDRILLS BKB_6031_20210308_id6031_feminf_(7).jpg;24
47;50;6031;MANDRILLS BKB_6031_20210402_id6031_feminf_(1).jpg;3
53;50;6031;MANDRILLS BKB_6031_20210402_id6031_feminf_(10).jpg;3
58;50;6031;MANDRILLS BKB_6031_20210402_id6031_feminf_(11).jpg;8
55;50;6031;MANDRILLS BKB_6031_20210402_id6031_feminf_(12).jpg;5
62;50;6031;MANDRILLS BKB_6031_20210402_id6031_feminf_(13).jpg;12
60;50;6031;MANDRILLS BKB_6031_20210402_id6031_feminf_(14).jpg;10
53;50;6031;MANDRILLS BKB_6031_20210402_id6031_feminf_(15).jpg;3
62;50;6031;MANDRILLS BKB_6031_20210402_id6031_feminf_(16).jpg;12
57;50;6031;MANDRILLS BKB_6031_20210402_id6031_feminf_(2).jpg;7
52;50;6031;MANDRILLS BKB_6031_20210402_id6031_feminf_(3).jpg;2
54;50;6031;MANDRILLS BKB_6031_20210402_id6031_feminf_(4).jpg;4
44;50;6031;MANDRILLS BKB_6031_20210402_id6031_feminf_(5).jpg;6
46;50;6031;MANDRILLS BKB_6031_20210402_id6031_feminf_(6).jpg;4
54;50;6031;MANDRILLS BKB_6031_20210402_id6031_feminf_(7).jpg;4
64;50;6031;MANDRILLS BKB_6031_20210402_id6031_feminf_(8).jpg;14
54;50;6031;MANDRILLS BKB_6031_20210402_id6031_feminf_(9).jpg;4
33;6;6034;MANDRILLS BKB_6034_20201124_id6034_feminf.jpg;27
45;25;6034;MANDRILLS BKB_6034_20201213_id6034_feminf_(2).jpg;20
47;25;6034;MANDRILLS BKB_6034_20201213_id6034_feminf_(3).jpg;22
50;28;6034;MANDRILLS BKB_6034_20201216_id6034_feminf_(1).jpg;22
33;28;6034;MANDRILLS BKB_6034_20201216_id6034_feminf_(2).jpg;5
33;28;6034;MANDRILLS BKB_6034_20201216_id6034_feminf_(3).jpg;5
56;33;6034;MANDRILLS BKB_6034_20201221_id6034_feminf.jpg;23
63;49;6034;MANDRILLS BKB_6034_20210106_id6034_feminf_(1).jpg;14
62;49;6034;MANDRILLS BKB_6034_20210106_id6034_feminf_(2).jpg;13
65;56;6034;MANDRILLS BKB_6034_20210113_id6034_feminf_(1).jpg;9
62;56;6034;MANDRILLS BKB_6034_20210113_id6034_feminf_(2).jpg;6
61;56;6034;MANDRILLS BKB_6034_20210113_id6034_feminf_(3).jpg;5
57;56;6034;MANDRILLS BKB_6034_20210113_id6034_feminf_(4).jpg;1
55;56;6034;MANDRILLS BKB_6034_20210113_id6034_feminf_(5).jpg;1
68;56;6034;MANDRILLS BKB_6034_20210113_id6034_feminf_(6).jpg;12
68;72;6034;MANDRILLS BKB_6034_20210129_id6034_feminf_(1).jpg;4
66;72;6034;MANDRILLS BKB_6034_20210129_id6034_feminf_(2).jpg;6
44;73;6034;MANDRILLS BKB_6034_20210130_id6034_feminf_(1).jpg;29
72;73;6034;MANDRILLS BKB_6034_20210130_id6034_feminf_(2).jpg;1
77;73;6034;MANDRILLS BKB_6034_20210130_id6034_feminf_(3).jpg;4
69;73;6034;MANDRILLS BKB_6034_20210130_id6034_feminf_(4).jpg;4
72;73;6034;MANDRILLS BKB_6034_20210130_id6034_feminf_(5).jpg;1
119;156;6034;MANDRILLS BKB_6034_20210423_id6034_feminf.jpg;37
288;290;6034;MANDRILLS BKB_6034_20210904_id6034_feminf.jpg;2
262;296;6034;MANDRILLS BKB_6034_20210910_id6034_feminf (1).jpg;34
249;299;6034;MANDRILLS BKB_6034_20210913_id6034_feminf.jpg;50
280;321;6034;MANDRILLS BKB_6034_20211005_id6034_feminf.jpg;41
340;333;6034;MANDRILLS BKB_6034_20211017_id6034_feminf.jpg;7
345;335;6034;MANDRILLS BKB_6034_20211019_id6034_feminf.jpg;10
323;340;6034;MANDRILLS BKB_6034_20211024_id6034_feminf_(2).jpg;17
403;430;6034;MANDRILLS BKB_6034_20220122_id6034 (1).jpg;27
381;430;6034;MANDRILLS BKB_6034_20220122_id6034 (2).jpg;49
362;474;6034;MANDRILLS BKB_6034_20220307_id6034_femjuv (1).jpg;112
421;474;6034;MANDRILLS BKB_6034_20220307_id6034_femjuv (2).jpg;53
432;474;6034;MANDRILLS BKB_6034_20220307_id6034_femjuv (3).jpg;42
387;480;6034;MANDRILLS BKB_6034_20220313_id6034_femjuv (1).jpg;93
502;480;6034;MANDRILLS BKB_6034_20220313_id6034_femjuv (2).jpg;22
440;480;6034;MANDRILLS BKB_6034_20220313_id6034_femjuv (3).jpg;40
495;523;6034;MANDRILLS BKB_6034_20220425_id6034_femjuv (1).jpg;28
515;523;6034;MANDRILLS BKB_6034_20220425_id6034_femjuv (3).jpg;8
442;523;6034;MANDRILLS BKB_6034_20220425_id6034_femjuv (4).jpg;81
425;524;6034;MANDRILLS BKB_6034_20220426_id6034_femjuv.jpg;99
467;552;6034;MANDRILLS BKB_6034_20220524_id6034_femjuv (1).jpg;85
358;552;6034;MANDRILLS BKB_6034_20220524_id6034_femjuv (2).jpg;194
452;552;6034;MANDRILLS BKB_6034_20220524_id6034_femjuv (3).jpg;100
438;552;6034;MANDRILLS BKB_6034_20220524_id6034_femjuv (4).jpg;114
489;590;6034;MANDRILLS BKB_6034_20220701_id6034 (2).jpg;101
468;600;6034;MANDRILLS BKB_6034_20220711_id6034.jpg;132
485;603;6034;MANDRILLS BKB_6034_20220714_id6034_femjuv (1).jpg;118
499;603;6034;MANDRILLS BKB_6034_20220714_id6034_femjuv (2).jpg;104
536;613;6034;MANDRILLS BKB_6034_20220724_id6034.jpg;77
512;614;6034;MANDRILLS BKB_6034_20220725_id6034.jpg;102
467;643;6034;MANDRILLS BKB_6034_20220823_id6034 (1).jpg;176
458;643;6034;MANDRILLS BKB_6034_20220823_id6034 (2).jpg;185
541;643;6034;MANDRILLS BKB_6034_20220823_id6034 (3).jpg;102
506;643;6034;MANDRILLS BKB_6034_20220823_id6034.jpg;137
520;646;6034;MANDRILLS BKB_6034_20220826_id6034.jpg;126
420;702;6034;MANDRILLS BKB_6034_20221021_id6034 (1).jpg;282
473;702;6034;MANDRILLS BKB_6034_20221021_id6034 (2).jpg;229
553;702;6034;MANDRILLS BKB_6034_20221021_id6034 (3).jpg;149
529;703;6034;MANDRILLS BKB_6034_20221022_id6034 (1).jpg;174
561;703;6034;MANDRILLS BKB_6034_20221022_id6034 (2).jpg;142
510;703;6034;MANDRILLS BKB_6034_20221022_id6034 (3).jpg;193
571;752;6034;MANDRILLS BKB_6034_20221210_id6034.jpg;181
652;760;6034;MANDRILLS BKB_6034_20221218_id6034.jpg;108
35;39;6047;MANDRILLS BKB_6047_20210402_id6047_malinf.jpg;4
57;44;6047;MANDRILLS BKB_6047_20210407_id6047_malinf_(1).jpg;13
44;44;6047;MANDRILLS BKB_6047_20210407_id6047_malinf_(2).jpg;0
44;44;6047;MANDRILLS BKB_6047_20210407_id6047_malinf_(3).jpg;0
44;44;6047;MANDRILLS BKB_6047_20210407_id6047_malinf_(4).jpg;0
66;44;6047;MANDRILLS BKB_6047_20210407_id6047_malinf_(5).jpg;22
68;57;6047;MANDRILLS BKB_6047_20210420_id6047_malinf_(1).jpg;11
59;57;6047;MANDRILLS BKB_6047_20210420_id6047_malinf_(2).jpg;2
72;60;6047;MANDRILLS BKB_6047_20210423_id6047_malinf_(1).jpg;12
69;60;6047;MANDRILLS BKB_6047_20210423_id6047_malinf_(2).jpg;9
224;197;6047;MANDRILLS BKB_6047_20210907_id6047_malinf (1).jpg;27
221;197;6047;MANDRILLS BKB_6047_20210907_id6047_malinf (2).jpg;24
309;197;6047;MANDRILLS BKB_6047_20210907_id6047_malinf (3).jpg;112
321;197;6047;MANDRILLS BKB_6047_20210907_id6047_malinf (4).jpg;124
229;197;6047;MANDRILLS BKB_6047_20210907_id6047_malinf (5).jpg;32
207;211;6047;MANDRILLS BKB_6047_20210921_id6047_malinf (1).jpg;4
243;211;6047;MANDRILLS BKB_6047_20210921_id6047_malinf (2).jpg;32
262;225;6047;MANDRILLS BKB_6047_20211005_id6047_malinf.jpg;37
239;244;6047;MANDRILLS BKB_6047_20211024_id6047_malinf_(2).jpg;5
336;298;6047;MANDRILLS BKB_6047_20211217_id6047_malinf.jpg;38
382;334;6047;MANDRILLS BKB_6047_20220122_id6047 (1).jpg;48
372;334;6047;MANDRILLS BKB_6047_20220122_id6047 (2).jpg;38
345;351;6047;MANDRILLS BKB_6047_20220208_id6047_malinf (1).jpg;6
353;351;6047;MANDRILLS BKB_6047_20220208_id6047_malinf (2).jpg;2
399;351;6047;MANDRILLS BKB_6047_20220208_id6047_malinf (3).jpg;48
381;351;6047;MANDRILLS BKB_6047_20220208_id6047_malinf (4).jpg;30
328;351;6047;MANDRILLS BKB_6047_20220208_id6047_malinf (5).jpg;23
360;351;6047;MANDRILLS BKB_6047_20220208_id6047_malinf (6).jpg;9
366;351;6047;MANDRILLS BKB_6047_20220208_id6047_malinf (7).jpg;15
353;361;6047;MANDRILLS BKB_6047_20220218_id6047_malinf (1).jpg;8
362;361;6047;MANDRILLS BKB_6047_20220218_id6047_malinf (2).jpg;1
418;378;6047;MANDRILLS BKB_6047_20220307_id6047_maljuv (1).jpg;40
440;378;6047;MANDRILLS BKB_6047_20220307_id6047_maljuv (2).jpg;62
415;378;6047;MANDRILLS BKB_6047_20220307_id6047_maljuv (3).jpg;37
346;378;6047;MANDRILLS BKB_6047_20220307_id6047_maljuv (4).jpg;32
370;378;6047;MANDRILLS BKB_6047_20220307_id6047_maljuv (5).jpg;8
432;385;6047;MANDRILLS BKB_6047_20220314_id6047_maljuv (1).jpg;47
444;385;6047;MANDRILLS BKB_6047_20220314_id6047_maljuv (2).jpg;59
429;385;6047;MANDRILLS BKB_6047_20220314_id6047_maljuv (3).jpg;44
412;385;6047;MANDRILLS BKB_6047_20220314_id6047_maljuv (4).jpg;27
389;385;6047;MANDRILLS BKB_6047_20220314_id6047_maljuv (5).jpg;4
368;385;6047;MANDRILLS BKB_6047_20220314_id6047_maljuv (6).jpg;17
363;385;6047;MANDRILLS BKB_6047_20220314_id6047_maljuv (7).jpg;22
346;385;6047;MANDRILLS BKB_6047_20220314_id6047_maljuv (9).jpg;39
379;395;6047;MANDRILLS BKB_6047_20220324_id6047_maljuv (2).jpg;16
374;400;6047;MANDRILLS BKB_6047_20220329_id6047_maljuv (2).jpg;26
474;412;6047;MANDRILLS BKB_6047_20220410_id6047_maljuv.jpg;62
509;442;6047;MANDRILLS BKB_6047_20220510_id6047_maljuv (1).jpg;67
427;442;6047;MANDRILLS BKB_6047_20220510_id6047_maljuv (2).jpg;15
374;442;6047;MANDRILLS BKB_6047_20220510_id6047_maljuv (3).jpg;68
413;442;6047;MANDRILLS BKB_6047_20220510_id6047_maljuv (4).jpg;29
410;442;6047;MANDRILLS BKB_6047_20220510_id6047_maljuv (5).jpg;32
419;448;6047;MANDRILLS BKB_6047_20220516_id6047_maljuv.jpg;29
564;450;6047;MANDRILLS BKB_6047_20220518_id6047_maljuv (1).jpg;114
403;450;6047;MANDRILLS BKB_6047_20220518_id6047_maljuv (2).jpg;47
412;464;6047;MANDRILLS BKB_6047_20220601_id6047maljuv.jpg;52
478;507;6047;MANDRILLS BKB_6047_20220714_id6047_maljuv (1).jpg;29
477;507;6047;MANDRILLS BKB_6047_20220714_id6047_maljuv (2).jpg;30
487;509;6047;MANDRILLS BKB_6047_20220716_id6047.jpg;22
471;521;6047;MANDRILLS BKB_6047_20220728_id6047 (2).jpg;50
521;521;6047;MANDRILLS BKB_6047_20220728_id6047 (3).jpg;0
562;521;6047;MANDRILLS BKB_6047_20220728_id6047.jpg;41
431;527;6047;MANDRILLS BKB_6047_20220803_id6047 (2).jpg;96
481;527;6047;MANDRILLS BKB_6047_20220803_id6047.jpg;46
551;543;6047;MANDRILLS BKB_6047_20220819_id6047.jpg;8
372;559;6047;MANDRILLS BKB_6047_20220904_id6047.jpg;187
528;560;6047;MANDRILLS BKB_6047_20220905_id6047 (1).jpg;32
570;560;6047;MANDRILLS BKB_6047_20220905_id6047 (2).jpg;10
629;560;6047;MANDRILLS BKB_6047_20220905_id6047.jpg;69
534;566;6047;MANDRILLS BKB_6047_20220911_id6047.jpg;32
601;573;6047;MANDRILLS BKB_6047_20220918_id6047.jpg;28
624;595;6047;MANDRILLS BKB_6047_20221010_id6047.jpg;29
574;612;6047;MANDRILLS BKB_6047_20221027_id6047.jpg;38
474;635;6047;MANDRILLS BKB_6047_20221119_id6047 (1).jpg;161
561;635;6047;MANDRILLS BKB_6047_20221119_id6047 (2).jpg;74
574;639;6047;MANDRILLS BKB_6047_20221123_id6047.jpg;65
527;646;6047;MANDRILLS BKB_6047_20221130_id6047 (1).jpg;119
583;646;6047;MANDRILLS BKB_6047_20221130_id6047 (2).jpg;63
539;646;6047;MANDRILLS BKB_6047_20221130_id6047 (3).jpg;107
57;40;6110;MANDRILLS BKB_6110_20210604_id6110_feminf.jpg;17
123;161;6110;MANDRILLS BKB_6110_20211003_id6110_feminf.jpg;38
127;163;6110;MANDRILLS BKB_6110_20211005_id6110_feminf_(1).jpg;36
120;163;6110;MANDRILLS BKB_6110_20211005_id6110_feminf_(2).jpg;43
144;163;6110;MANDRILLS BKB_6110_20211005_id6110_feminf_(3).jpg;19
145;166;6110;MANDRILLS BKB_6110_20211008_id6110_feminf_(1).jpg;21
143;166;6110;MANDRILLS BKB_6110_20211008_id6110_feminf_(2).jpg;23
163;166;6110;MANDRILLS BKB_6110_20211008_id6110_feminf_(3).jpg;3
155;177;6110;MANDRILLS BKB_6110_20211019_id6110_feminf_(1).jpg;22
158;177;6110;MANDRILLS BKB_6110_20211019_id6110_feminf_(2).jpg;19
138;177;6110;MANDRILLS BKB_6110_20211019_id6110_feminf_(3).jpg;39
181;177;6110;MANDRILLS BKB_6110_20211019_id6110_feminf_(4).jpg;4
175;177;6110;MANDRILLS BKB_6110_20211019_id6110_feminf_(5).jpg;2
152;180;6110;MANDRILLS BKB_6110_20211022_id6110_feminf.jpg;28
190;182;6110;MANDRILLS BKB_6110_20211024_id6110_feminf_(1).jpg;8
153;182;6110;MANDRILLS BKB_6110_20211024_id6110_feminf_(2).jpg;29
196;232;6110;MANDRILLS BKB_6110_20211213_id6110_feminf.jpg;36
230;236;6110;MANDRILLS BKB_6110_20211217_id6110_feminf_(1).jpg;6
245;236;6110;MANDRILLS BKB_6110_20211217_id6110_feminf_(2).jpg;9
275;282;6110;MANDRILLS BKB_6110_20220201_id6110_feminf (1).jpg;7
272;282;6110;MANDRILLS BKB_6110_20220201_id6110_feminf (2).jpg;10
277;282;6110;MANDRILLS BKB_6110_20220201_id6110_feminf (3).jpg;5
271;282;6110;MANDRILLS BKB_6110_20220201_id6110_feminf (4).jpg;11
265;282;6110;MANDRILLS BKB_6110_20220201_id6110_feminf (5).jpg;17
270;282;6110;MANDRILLS BKB_6110_20220201_id6110_feminf (6).jpg;12
238;282;6110;MANDRILLS BKB_6110_20220201_id6110_feminf (7).jpg;44
283;316;6110;MANDRILLS BKB_6110_20220307_id6110_feminf.jpg;33
267;323;6110;MANDRILLS BKB_6110_20220314_id6110_feminf (1).jpg;56
313;323;6110;MANDRILLS BKB_6110_20220314_id6110_feminf (2).jpg;10
314;323;6110;MANDRILLS BKB_6110_20220314_id6110_feminf (3).jpg;9
309;331;6110;MANDRILLS BKB_6110_20220322_id6110_feminf (1).jpg;22
274;331;6110;MANDRILLS BKB_6110_20220322_id6110_feminf (2).jpg;57
305;331;6110;MANDRILLS BKB_6110_20220322_id6110_feminf (3).jpg;26
313;357;6110;MANDRILLS BKB_6110_20220417_id6110_feminf (1).jpg;44
340;357;6110;MANDRILLS BKB_6110_20220417_id6110_feminf (2).jpg;17
357;394;6110;MANDRILLS BKB_6110_20220524_id6110_femjuv (1).jpg;37
363;394;6110;MANDRILLS BKB_6110_20220524_id6110_femjuv (2).jpg;31
380;394;6110;MANDRILLS BKB_6110_20220524_id6110_femjuv (3).jpg;14
340;402;6110;MANDRILLS BKB_6110_20220601_id6110_femjuv.jpg;62
370;403;6110;MANDRILLS BKB_6110_20220602_id6110_femjuv (1).jpg;33
451;403;6110;MANDRILLS BKB_6110_20220602_id6110_femjuv (2).jpg;48
321;424;6110;MANDRILLS BKB_6110_20220623_id6110_femjuv (1).jpg;103
458;430;6110;MANDRILLS BKB_6110_20220629_id6110.jpg;28
394;432;6110;MANDRILLS BKB_6110_20220701_id6110.jpg;38
461;437;6110;MANDRILLS BKB_6110_20220706_id6110.jpg;24
405;456;6110;MANDRILLS BKB_6110_20220725_id6110.jpg;51
451;463;6110;MANDRILLS BKB_6110_20220801_id6110 (1).jpg;12
396;463;6110;MANDRILLS BKB_6110_20220801_id6110 (2).jpg;67
443;463;6110;MANDRILLS BKB_6110_20220801_id6110 (3).jpg;20
322;463;6110;MANDRILLS BKB_6110_20220801_id6110 (4).jpg;141
431;463;6110;MANDRILLS BKB_6110_20220801_id6110 (6).jpg;32
419;473;6110;MANDRILLS BKB_6110_20220811_id6110.jpg;54
489;474;6110;MANDRILLS BKB_6110_20220812_id6110 (1).jpg;15
469;474;6110;MANDRILLS BKB_6110_20220812_id6110 (2).jpg;5
487;474;6110;MANDRILLS BKB_6110_20220812_id6110 (3).jpg;13
368;489;6110;MANDRILLS BKB_6110_20220827_id6110.jpg;121
527;498;6110;MANDRILLS BKB_6110_20220905_id6110.jpg;29
533;501;6110;MANDRILLS BKB_6110_20220908_id6110.jpg;32
575;502;6110;MANDRILLS BKB_6110_20220909_id6110.jpg;73
497;504;6110;MANDRILLS BKB_6110_20220911_id6110 (1).jpg;7
492;504;6110;MANDRILLS BKB_6110_20220911_id6110 (2).jpg;12
525;504;6110;MANDRILLS BKB_6110_20220911_id6110 (3).jpg;21
513;508;6110;MANDRILLS BKB_6110_20220915_id6110.jpg;5
509;511;6110;MANDRILLS BKB_6110_20220918_id6110 (1).jpg;2
566;528;6110;MANDRILLS BKB_6110_20221005_id6110 (1).jpg;38
484;528;6110;MANDRILLS BKB_6110_20221005_id6110 (2).jpg;44
528;533;6110;MANDRILLS BKB_6110_20221010_id6110.jpg;5
463;544;6110;MANDRILLS BKB_6110_20221021_id6110 (1).jpg;81
562;544;6110;MANDRILLS BKB_6110_20221021_id6110 (2).jpg;18
563;577;6110;MANDRILLS BKB_6110_20221123_id6110.jpg;14
594;584;6110;MANDRILLS BKB_6110_20221130_id6110.jpg;10
35;5;6137;MANDRILLS BKB_6137_20201124_id6137_feminf_(1).jpg;30
27;5;6137;MANDRILLS BKB_6137_20201124_id6137_feminf_(10).jpg;22
16;5;6137;MANDRILLS BKB_6137_20201124_id6137_feminf_(11).jpg;11
15;5;6137;MANDRILLS BKB_6137_20201124_id6137_feminf_(12).jpg;10
15;5;6137;MANDRILLS BKB_6137_20201124_id6137_feminf_(13).jpg;10
26;5;6137;MANDRILLS BKB_6137_20201124_id6137_feminf_(2).jpg;21
24;5;6137;MANDRILLS BKB_6137_20201124_id6137_feminf_(3).jpg;19
29;5;6137;MANDRILLS BKB_6137_20201124_id6137_feminf_(4).jpg;24
18;5;6137;MANDRILLS BKB_6137_20201124_id6137_feminf_(5).jpg;13
33;5;6137;MANDRILLS BKB_6137_20201124_id6137_feminf_(6).jpg;28
23;5;6137;MANDRILLS BKB_6137_20201124_id6137_feminf_(7).jpg;18
17;5;6137;MANDRILLS BKB_6137_20201124_id6137_feminf_(8).jpg;12
30;5;6137;MANDRILLS BKB_6137_20201124_id6137_feminf_(9).jpg;25
13;24;6137;MANDRILLS BKB_6137_20201213_id6137_feminf_(1).jpg;11
17;24;6137;MANDRILLS BKB_6137_20201213_id6137_feminf_(2).jpg;7
45;24;6137;MANDRILLS BKB_6137_20201213_id6137_feminf_(3).jpg;21
59;39;6137;MANDRILLS BKB_6137_20201228_id6137_feminf_(1).jpg;20
51;39;6137;MANDRILLS BKB_6137_20201228_id6137_feminf_(2).jpg;12
50;39;6137;MANDRILLS BKB_6137_20201228_id6137_feminf_(3).jpg;11
58;41;6137;MANDRILLS BKB_6137_20201230_id6137_feminf_(1).jpg;17
56;41;6137;MANDRILLS BKB_6137_20201230_id6137_feminf_(10).jpg;15
52;41;6137;MANDRILLS BKB_6137_20201230_id6137_feminf_(11).jpg;11
60;41;6137;MANDRILLS BKB_6137_20201230_id6137_feminf_(12).jpg;19
40;41;6137;MANDRILLS BKB_6137_20201230_id6137_feminf_(13).jpg;1
46;41;6137;MANDRILLS BKB_6137_20201230_id6137_feminf_(2).jpg;5
56;41;6137;MANDRILLS BKB_6137_20201230_id6137_feminf_(3).jpg;15
58;41;6137;MANDRILLS BKB_6137_20201230_id6137_feminf_(4).jpg;17
52;41;6137;MANDRILLS BKB_6137_20201230_id6137_feminf_(5).jpg;11
56;41;6137;MANDRILLS BKB_6137_20201230_id6137_feminf_(6).jpg;15
59;41;6137;MANDRILLS BKB_6137_20201230_id6137_feminf_(7).jpg;18
64;41;6137;MANDRILLS BKB_6137_20201230_id6137_feminf_(8).jpg;23
50;41;6137;MANDRILLS BKB_6137_20201230_id6137_feminf_(9).jpg;9
65;58;6137;MANDRILLS BKB_6137_20210116_id6137_feminf_(1).jpg;7
83;58;6137;MANDRILLS BKB_6137_20210116_id6137_feminf_(2).jpg;25
73;58;6137;MANDRILLS BKB_6137_20210116_id6137_feminf_(3).jpg;15
61;59;6137;MANDRILLS BKB_6137_20210117_id6137_feminf.jpg;2
72;62;6137;MANDRILLS BKB_6137_20210120_id6137_feminf.jpg;10
102;85;6137;MANDRILLS BKB_6137_20210212_id6137_feminf_(1).jpg;17
108;85;6137;MANDRILLS BKB_6137_20210212_id6137_feminf_(2).jpg;23
96;85;6137;MANDRILLS BKB_6137_20210212_id6137_feminf_(3).jpg;11
99;85;6137;MANDRILLS BKB_6137_20210212_id6137_feminf_(4).jpg;14
113;90;6137;MANDRILLS BKB_6137_20210217_id6137_feminf_(1).jpg;23
87;90;6137;MANDRILLS BKB_6137_20210217_id6137_feminf_(2).jpg;3
98;90;6137;MANDRILLS BKB_6137_20210217_id6137_feminf_(3).jpg;8
112;126;6137;MANDRILLS BKB_6137_20210325_id6137_feminf_(1).jpg;14
115;126;6137;MANDRILLS BKB_6137_20210325_id6137_feminf_(2).jpg;11
137;126;6137;MANDRILLS BKB_6137_20210325_id6137_feminf_(3).jpg;11
120;126;6137;MANDRILLS BKB_6137_20210325_id6137_feminf_(4).jpg;6
166;134;6137;MANDRILLS BKB_6137_20210402_id6137_feminf.jpg;32
200;151;6137;MANDRILLS BKB_6137_20210419_id6137_feminf.jpg;49
222;152;6137;MANDRILLS BKB_6137_20210420_id6137_feminf_(1).jpg;70
188;152;6137;MANDRILLS BKB_6137_20210420_id6137_feminf_(2).jpg;36
270;236;6137;MANDRILLS BKB_6137_20210713_id6137_feminf_(1).jpg;34
255;236;6137;MANDRILLS BKB_6137_20210713_id6137_feminf_(2).jpg;19
265;236;6137;MANDRILLS BKB_6137_20210713_id6137_feminf_(3).jpg;29
320;236;6137;MANDRILLS BKB_6137_20210713_id6137_feminf_(4).jpg;84
235;236;6137;MANDRILLS BKB_6137_20210713_id6137_feminf_(5).jpg;1
248;236;6137;MANDRILLS BKB_6137_20210713_id6137_feminf_(6).jpg;12
331;240;6137;MANDRILLS BKB_6137_20210717_id6137_feminf.jpg;91
254;248;6137;MANDRILLS BKB_6137_20210725_id6137_feminf.jpg;6
302;249;6137;MANDRILLS BKB_6137_20210726_id6137_feminf_(1).jpg;53
281;249;6137;MANDRILLS BKB_6137_20210726_id6137_feminf_(2).jpg;32
263;249;6137;MANDRILLS BKB_6137_20210726_id6137_feminf_(3).jpg;14
277;249;6137;MANDRILLS BKB_6137_20210726_id6137_feminf_(4).jpg;28
242;249;6137;MANDRILLS BKB_6137_20210726_id6137_feminf_(5).jpg;7
231;249;6137;MANDRILLS BKB_6137_20210726_id6137_feminf_(6).jpg;18
279;249;6137;MANDRILLS BKB_6137_20210726_id6137_feminf_(7).jpg;30
301;309;6137;MANDRILLS BKB_6137_20210924_id6137_feminf_(4).jpg;8
349;320;6137;MANDRILLS BKB_6137_20211005_id6137_feminf_(1).jpg;29
313;320;6137;MANDRILLS BKB_6137_20211005_id6137_feminf_(2).jpg;7
424;320;6137;MANDRILLS BKB_6137_20211005_id6137_feminf_(3).jpg;104
357;321;6137;MANDRILLS BKB_6137_20211006_id6137_feminf.jpg;36
351;339;6137;MANDRILLS BKB_6137_20211024_id6137_feminf_(2).jpg;12
312;339;6137;MANDRILLS BKB_6137_20211024_id6137_feminf_(3).jpg;27
393;354;6137;MANDRILLS BKB_6137_20211108_id6137_feminf_(1).jpg;39
381;354;6137;MANDRILLS BKB_6137_20211108_id6137_feminf_(2).jpg;27
552;446;6137;MANDRILLS BKB_6137_20220208_id6137_femjuv (1).jpg;106
454;446;6137;MANDRILLS BKB_6137_20220208_id6137_femjuv (2).jpg;8
550;446;6137;MANDRILLS BKB_6137_20220208_id6137_femjuv (3).jpg;104
548;446;6137;MANDRILLS BKB_6137_20220208_id6137_femjuv (4).jpg;102
540;446;6137;MANDRILLS BKB_6137_20220208_id6137_femjuv (5).jpg;94
535;446;6137;MANDRILLS BKB_6137_20220208_id6137_femjuv (6).jpg;89
461;454;6137;MANDRILLS BKB_6137_20220216_id6137_femjuv.jpg;7
475;477;6137;MANDRILLS BKB_6137_20220311_id6137_femjuv (1).jpg;2
612;477;6137;MANDRILLS BKB_6137_20220311_id6137_femjuv (2).jpg;135
555;485;6137;MANDRILLS BKB_6137_20220319_id6137_femjuv.jpg;70
525;493;6137;MANDRILLS BKB_6137_20220327_id6137_femjuv (1).jpg;32
539;493;6137;MANDRILLS BKB_6137_20220327_id6137_femjuv (2).jpg;46
518;507;6137;MANDRILLS BKB_6137_20220410_id6137_femjuv (2).jpg;11
495;507;6137;MANDRILLS BKB_6137_20220410_id6137_femjuv (3).jpg;12
565;507;6137;MANDRILLS BKB_6137_20220410_id6137_femjuv (4).jpg;58
534;507;6137;MANDRILLS BKB_6137_20220410_id6137_femjuv (5).jpg;27
602;507;6137;MANDRILLS BKB_6137_20220410_id6137_femjuv (6).jpg;95
529;507;6137;MANDRILLS BKB_6137_20220410_id6137_femjuv.jpg;22
533;537;6137;MANDRILLS BKB_6137_20220510_id6137_femjuv.jpg;4
617;543;6137;MANDRILLS BKB_6137_20220516_id6137_femjuv (1).jpg;74
635;543;6137;MANDRILLS BKB_6137_20220516_id6137_femjuv (2).jpg;92
621;543;6137;MANDRILLS BKB_6137_20220516_id6137_femjuv (3).jpg;78
651;577;6137;MANDRILLS BKB_6137_20220619_id6137_femjuv.jpg;74
646;580;6137;MANDRILLS BKB_6137_20220622_id6137.jpg;66
617;587;6137;MANDRILLS BKB_6137_20220629_id6137 (1).jpg;30
733;587;6137;MANDRILLS BKB_6137_20220629_id6137 (2).jpg;146
592;587;6137;MANDRILLS BKB_6137_20220629_id6137.jpg;5
566;604;6137;MANDRILLS BKB_6137_20220716_id6137_femjuv (1).jpg;38
684;607;6137;MANDRILLS BKB_6137_20220719_id6137 (1).jpg;77
614;607;6137;MANDRILLS BKB_6137_20220719_id6137 (2).jpg;7
651;607;6137;MANDRILLS BKB_6137_20220719_id6137 (3).jpg;44
673;607;6137;MANDRILLS BKB_6137_20220719_id6137 (5).jpg;66
729;631;6137;MANDRILLS BKB_6137_20220812_id6137 (1).jpg;98
757;631;6137;MANDRILLS BKB_6137_20220812_id6137 (2).jpg;126
754;631;6137;MANDRILLS BKB_6137_20220812_id6137 (3).jpg;123
667;631;6137;MANDRILLS BKB_6137_20220812_id6137 (4).jpg;36
678;631;6137;MANDRILLS BKB_6137_20220812_id6137.jpg;47
804;645;6137;MANDRILLS BKB_6137_20220826_id6137 (1).jpg;159
749;645;6137;MANDRILLS BKB_6137_20220826_id6137 (2).jpg;104
811;699;6137;MANDRILLS BKB_6137_20221019_id6137.jpg;112
818;707;6137;MANDRILLS BKB_6137_20221027_id6137 (2).jpg;111
708;707;6137;MANDRILLS BKB_6137_20221027_id6137 (3).jpg;1
907;732;6137;MANDRILLS BKB_6137_20221121_id6137 (1).jpg;175
880;732;6137;MANDRILLS BKB_6137_20221121_id6137 (2).jpg;148
926;732;6137;MANDRILLS BKB_6137_20221121_id6137 (3).jpg;194
743;759;6137;MANDRILLS BKB_6137_20221218_id6137 (2).jpg;16
807;759;6137;MANDRILLS BKB_6137_20221218_id6137.jpg;48
41;1;6150;MANDRILLS BKB_6150_20210104_id6150_feminf.jpg;40
28;14;6150;MANDRILLS BKB_6150_20210117_id6150_feminf.jpg;14
29;26;6150;MANDRILLS BKB_6150_20210129_id6150_feminf_(1).jpg;3
35;26;6150;MANDRILLS BKB_6150_20210129_id6150_feminf_(2).jpg;9
31;26;6150;MANDRILLS BKB_6150_20210129_id6150_feminf_(3).jpg;5
56;26;6150;MANDRILLS BKB_6150_20210129_id6150_feminf_(4).jpg;30
41;27;6150;MANDRILLS BKB_6150_20210130_id6150_feminf.jpg;14
47;29;6150;MANDRILLS BKB_6150_20210201_id6150_feminf_(1).jpg;18
42;29;6150;MANDRILLS BKB_6150_20210201_id6150_feminf_(2).jpg;13
43;29;6150;MANDRILLS BKB_6150_20210201_id6150_feminf_(3).jpg;14
41;29;6150;MANDRILLS BKB_6150_20210201_id6150_feminf_(4).jpg;12
33;29;6150;MANDRILLS BKB_6150_20210201_id6150_feminf_(5).jpg;4
47;33;6150;MANDRILLS BKB_6150_20210205_id6150_feminf.jpg;14
58;34;6150;MANDRILLS BKB_6150_20210206_id6150_feminf_(1).jpg;24
45;34;6150;MANDRILLS BKB_6150_20210206_id6150_feminf_(2).jpg;11
48;34;6150;MANDRILLS BKB_6150_20210206_id6150_feminf_(3).jpg;14
62;34;6150;MANDRILLS BKB_6150_20210206_id6150_feminf_(4).jpg;28
55;34;6150;MANDRILLS BKB_6150_20210206_id6150_feminf_(5).jpg;21
50;34;6150;MANDRILLS BKB_6150_20210206_id6150_feminf_(6).jpg;16
46;34;6150;MANDRILLS BKB_6150_20210206_id6150_feminf_(7).jpg;12
61;34;6150;MANDRILLS BKB_6150_20210206_id6150_feminf_(8).jpg;27
63;40;6150;MANDRILLS BKB_6150_20210212_id6150_feminf_(1).jpg;23
55;40;6150;MANDRILLS BKB_6150_20210212_id6150_feminf_(2).jpg;15
68;40;6150;MANDRILLS BKB_6150_20210212_id6150_feminf_(3).jpg;28
73;88;6150;MANDRILLS BKB_6150_20210401_id6150_feminf.jpg;15
96;92;6150;MANDRILLS BKB_6150_20210405_id6150_feminf_(1).jpg;4
281;275;6150;MANDRILLS BKB_6150_20211005_id6150_feminf_(1).jpg;6
305;275;6150;MANDRILLS BKB_6150_20211005_id6150_feminf_(2).jpg;30
288;275;6150;MANDRILLS BKB_6150_20211005_id6150_feminf_(3).jpg;13
348;309;6150;MANDRILLS BKB_6150_20211108_id6150_feminf_(1).jpg;39
325;309;6150;MANDRILLS BKB_6150_20211108_id6150_feminf_(2).jpg;16
381;309;6150;MANDRILLS BKB_6150_20211108_id6150_feminf_(3).jpg;72
352;309;6150;MANDRILLS BKB_6150_20211108_id6150_feminf_(4).jpg;43
352;309;6150;MANDRILLS BKB_6150_20211108_id6150_feminf_(5).jpg;43
338;309;6150;MANDRILLS BKB_6150_20211108_id6150_feminf_(6).jpg;29
335;309;6150;MANDRILLS BKB_6150_20211108_id6150_feminf_(7).jpg;26
362;337;6150;MANDRILLS BKB_6150_20211206_id6150_feminf.jpg;25
394;348;6150;MANDRILLS BKB_6150_20211217_id6150_feminf.jpg;46
501;409;6150;MANDRILLS BKB_6150_20220216_id6150_femjuv (1).jpg;92
420;409;6150;MANDRILLS BKB_6150_20220216_id6150_femjuv (2).jpg;11
513;425;6150;MANDRILLS BKB_6150_20220304_id6150_femjuv.jpg;88
463;435;6150;MANDRILLS BKB_6150_20220314_id6150_femjuv (1).jpg;28
475;435;6150;MANDRILLS BKB_6150_20220314_id6150_femjuv (2).jpg;40
483;497;6150;MANDRILLS BKB_6150_20220515_id6150_femjuv.jpg;14
511;498;6150;MANDRILLS BKB_6150_20220516_id6150_femjuv (1).jpg;13
538;498;6150;MANDRILLS BKB_6150_20220516_id6150_femjuv (2).jpg;40
586;506;6150;MANDRILLS BKB_6150_20220524_id6150_femjuv (2).jpg;80
703;506;6150;MANDRILLS BKB_6150_20220524_id6150_femjuv.jpg;197
443;536;6150;MANDRILLS BKB_6150_20220623_id6150_femjuv (1).jpg;93
573;536;6150;MANDRILLS BKB_6150_20220623_id6150_femjuv (2).jpg;37
461;536;6150;MANDRILLS BKB_6150_20220623_id6150_femjuv.jpg;75
519;544;6150;MANDRILLS BKB_6150_20220701_id6150 (1).jpg;25
551;544;6150;MANDRILLS BKB_6150_20220701_id6150 (10).jpg;7
581;544;6150;MANDRILLS BKB_6150_20220701_id6150 (11).jpg;37
541;544;6150;MANDRILLS BKB_6150_20220701_id6150 (12).jpg;3
639;544;6150;MANDRILLS BKB_6150_20220701_id6150 (13).jpg;95
591;544;6150;MANDRILLS BKB_6150_20220701_id6150 (14).jpg;47
482;544;6150;MANDRILLS BKB_6150_20220701_id6150 (15).jpg;62
571;544;6150;MANDRILLS BKB_6150_20220701_id6150 (2).jpg;27
504;544;6150;MANDRILLS BKB_6150_20220701_id6150 (3).jpg;40
510;544;6150;MANDRILLS BKB_6150_20220701_id6150 (4).jpg;34
517;544;6150;MANDRILLS BKB_6150_20220701_id6150 (5).jpg;27
539;544;6150;MANDRILLS BKB_6150_20220701_id6150 (6).jpg;5
532;544;6150;MANDRILLS BKB_6150_20220701_id6150 (8).jpg;12
434;544;6150;MANDRILLS BKB_6150_20220701_id6150 (9).jpg;110
558;549;6150;MANDRILLS BKB_6150_20220706_id6150.jpg;9
660;557;6150;MANDRILLS BKB_6150_20220714_id6150_femjuv.jpg;103
605;559;6150;MANDRILLS BKB_6150_20220716_id6150.jpg;46
685;559;6150;MANDRILLS BKB_6150_20220716_id6150_femjuv (1).jpg;126
584;559;6150;MANDRILLS BKB_6150_20220716_id6150_femjuv (2).jpg;25
589;559;6150;MANDRILLS BKB_6150_20220716_id6150_femjuv (3).jpg;30
697;613;6150;MANDRILLS BKB_6150_20220908_id6150 (1).jpg;84
726;613;6150;MANDRILLS BKB_6150_20220908_id6150 (2).jpg;113
647;622;6150;MANDRILLS BKB_6150_20220917_id6150.jpg;25
590;631;6150;MANDRILLS BKB_6150_20220926_id6150.jpg;41
725;654;6150;MANDRILLS BKB_6150_20221019_id6150 (1).jpg;71
669;654;6150;MANDRILLS BKB_6150_20221019_id6150 (2).jpg;15
689;654;6150;MANDRILLS BKB_6150_20221019_id6150 (3).jpg;35
725;654;6150;MANDRILLS BKB_6150_20221019_id6150.jpg;71
708;656;6150;MANDRILLS BKB_6150_20221021_id6150 (2).jpg;52
744;657;6150;MANDRILLS BKB_6150_20221022_id6150 (1).jpg;87
680;657;6150;MANDRILLS BKB_6150_20221022_id6150 (2).jpg;23
738;666;6150;MANDRILLS BKB_6150_20221031_id6150 (2).jpg;72
738;666;6150;MANDRILLS BKB_6150_20221031_id6150 (3).jpg;72
726;706;6150;MANDRILLS BKB_6150_20221210_id6150 (2).jpg;20
731;706;6150;MANDRILLS BKB_6150_20221210_id6150.jpg;25
703;708;6150;MANDRILLS BKB_6150_20221212_id6150 (2).jpg;5
26;1;6157;MANDRILLS BKB_6157_20201221_id6157_malinf.jpg;25
28;2;6157;MANDRILLS BKB_6157_20201222_id6157_malinf.jpg;26
30;15;6157;MANDRILLS BKB_6157_20210104_id6157_malinf.jpg;15
32;24;6157;MANDRILLS BKB_6157_20210113_id6157_malinf_(1).jpg;8
41;24;6157;MANDRILLS BKB_6157_20210113_id6157_malinf_(10).jpg;17
45;24;6157;MANDRILLS BKB_6157_20210113_id6157_malinf_(11).jpg;21
43;24;6157;MANDRILLS BKB_6157_20210113_id6157_malinf_(12).jpg;19
42;24;6157;MANDRILLS BKB_6157_20210113_id6157_malinf_(13).jpg;18
33;24;6157;MANDRILLS BKB_6157_20210113_id6157_malinf_(14).jpg;9
39;24;6157;MANDRILLS BKB_6157_20210113_id6157_malinf_(15).jpg;15
45;24;6157;MANDRILLS BKB_6157_20210113_id6157_malinf_(2).jpg;21
39;24;6157;MANDRILLS BKB_6157_20210113_id6157_malinf_(3).jpg;15
34;24;6157;MANDRILLS BKB_6157_20210113_id6157_malinf_(4).jpg;10
41;24;6157;MANDRILLS BKB_6157_20210113_id6157_malinf_(5).jpg;17
33;24;6157;MANDRILLS BKB_6157_20210113_id6157_malinf_(6).jpg;9
41;24;6157;MANDRILLS BKB_6157_20210113_id6157_malinf_(7).jpg;17
43;24;6157;MANDRILLS BKB_6157_20210113_id6157_malinf_(8).jpg;19
38;24;6157;MANDRILLS BKB_6157_20210113_id6157_malinf_(9).jpg;14
44;36;6157;MANDRILLS BKB_6157_20210125_id6157_malinf.jpg;8
38;40;6157;MANDRILLS BKB_6157_20210129_id6157_malinf_(1).jpg;2
63;40;6157;MANDRILLS BKB_6157_20210129_id6157_malinf_(2).jpg;23
50;40;6157;MANDRILLS BKB_6157_20210129_id6157_malinf_(3).jpg;10
54;45;6157;MANDRILLS BKB_6157_20210203_id6157_malinf.jpg;9
67;59;6157;MANDRILLS BKB_6157_20210217_id6157_malinf_(1).jpg;8
70;59;6157;MANDRILLS BKB_6157_20210217_id6157_malinf_(2).jpg;11
64;60;6157;MANDRILLS BKB_6157_20210218_id6157_malinf_(1).jpg;4
67;60;6157;MANDRILLS BKB_6157_20210218_id6157_malinf_(2).jpg;7
57;60;6157;MANDRILLS BKB_6157_20210218_id6157_malinf_(3).jpg;3
57;60;6157;MANDRILLS BKB_6157_20210218_id6157_malinf_(4).jpg;3
81;75;6157;MANDRILLS BKB_6157_20210305_id6157_malinf.jpg;6
98;95;6157;MANDRILLS BKB_6157_20210325_id6157_malinf.jpg;3
121;103;6157;MANDRILLS BKB_6157_20210402_id6157_malinf_(1).jpg;18
131;103;6157;MANDRILLS BKB_6157_20210402_id6157_malinf_(2).jpg;28
163;111;6157;MANDRILLS BKB_6157_20210410_id6157_malinf_(1).jpg;52
131;111;6157;MANDRILLS BKB_6157_20210410_id6157_malinf_(2).jpg;20
159;111;6157;MANDRILLS BKB_6157_20210410_id6157_malinf_(3).jpg;48
169;111;6157;MANDRILLS BKB_6157_20210410_id6157_malinf_(4).jpg;58
151;120;6157;MANDRILLS BKB_6157_20210419_id6157_malinf_(2).jpg;31
397;303;6157;MANDRILLS BKB_6157_20211019_id6157_malinf.jpg;94
374;303;6157;MANDRILLS BKB_6157_20211019_id6157_malinf_(1).jpg;71
294;303;6157;MANDRILLS BKB_6157_20211019_id6157_malinf_(2).jpg;9
340;308;6157;MANDRILLS BKB_6157_20211024_id6157_malinf.jpg;32
257;323;6157;MANDRILLS BKB_6157_20211108_id6157_malinf_(1).jpg;66
256;323;6157;MANDRILLS BKB_6157_20211108_id6157_malinf_(3).jpg;67
271;349;6157;MANDRILLS BKB_6157_20211204_id6157_malinf_(1).jpg;78
328;408;6157;MANDRILLS BKB_6157_20220201_id6157_maljuv.jpg;80
361;423;6157;MANDRILLS BKB_6157_20220216_id6157_maljuv (1).jpg;62
355;423;6157;MANDRILLS BKB_6157_20220216_id6157_maljuv (2).jpg;68
352;423;6157;MANDRILLS BKB_6157_20220216_id6157_maljuv (3).jpg;71
333;423;6157;MANDRILLS BKB_6157_20220216_id6157_maljuv (4).jpg;90
337;423;6157;MANDRILLS BKB_6157_20220216_id6157_maljuv (5).jpg;86
390;423;6157;MANDRILLS BKB_6157_20220216_id6157_maljuv (6).jpg;33
423;442;6157;MANDRILLS BKB_6157_20220307_id6157_maljuv.jpg;19
454;462;6157;MANDRILLS BKB_6157_20220327_id6157_mal_juv (1).jpg;8
393;462;6157;MANDRILLS BKB_6157_20220327_id6157_mal_juv (2).jpg;69
348;467;6157;MANDRILLS BKB_6157_20220401_id6157_maljuv.jpg;119
514;512;6157;MANDRILLS BKB_6157_20220516_id6157_maljuv (2).jpg;2
461;512;6157;MANDRILLS BKB_6157_20220516_id6157_maljuv (3).jpg;51
564;512;6157;MANDRILLS BKB_6157_20220516_id6157_maljuv (4).jpg;52
467;512;6157;MANDRILLS BKB_6157_20220516_id6157_maljuv (5).jpg;45
566;512;6157;MANDRILLS BKB_6157_20220516_id6157_maljuv (6).jpg;54
436;512;6157;MANDRILLS BKB_6157_20220516_id6157_maljuv (7).jpg;76
553;544;6157;MANDRILLS BKB_6157_20220617_id6157.jpg;9
666;544;6157;MANDRILLS BKB_6157_20220617_id6157_maljuv (2).jpg;122
603;544;6157;MANDRILLS BKB_6157_20220617_id6157_maljuv.jpg;59
539;551;6157;MANDRILLS BKB_6157_20220624_id6157_maljuv (1).jpg;12
466;551;6157;MANDRILLS BKB_6157_20220624_id6157_maljuv (2).jpg;85
428;551;6157;MANDRILLS BKB_6157_20220624_id6157_maljuv (3).jpg;123
521;556;6157;MANDRILLS BKB_6157_20220629_id6157 (1).jpg;35
594;556;6157;MANDRILLS BKB_6157_20220629_id6157 (2).jpg;38
505;560;6157;MANDRILLS BKB_6157_20220703_id6157 (2).jpg;55
494;560;6157;MANDRILLS BKB_6157_20220703_id6157 (3).jpg;66
495;563;6157;MANDRILLS BKB_6157_20220706_id6157 (1).jpg;68
457;563;6157;MANDRILLS BKB_6157_20220706_id6157 (3).jpg;106
541;563;6157;MANDRILLS BKB_6157_20220706_id6157 (4).jpg;22
610;573;6157;MANDRILLS BKB_6157_20220716_id6157_maljuv (2).jpg;37
510;573;6157;MANDRILLS BKB_6157_20220716_id6157_maljuv (3).jpg;63
512;600;6157;MANDRILLS BKB_6157_20220812_id6157 (1).jpg;88
610;600;6157;MANDRILLS BKB_6157_20220812_id6157 (2).jpg;10
813;603;6157;MANDRILLS BKB_6157_20220815_id6157.jpg;210
621;614;6157;MANDRILLS BKB_6157_20220826_id6157 (1).jpg;7
612;614;6157;MANDRILLS BKB_6157_20220826_id6157 (2).jpg;2
545;614;6157;MANDRILLS BKB_6157_20220826_id6157 (3).jpg;69
612;615;6157;MANDRILLS BKB_6157_20220827_id6157 (2).jpg;3
572;615;6157;MANDRILLS BKB_6157_20220827_id6157.jpg;43
552;631;6157;MANDRILLS BKB_6157_20220912_id6157 (1).jpg;79
555;631;6157;MANDRILLS BKB_6157_20220912_id6157 (2).jpg;76
628;631;6157;MANDRILLS BKB_6157_20220912_id6157 (3).jpg;3
645;678;6157;MANDRILLS BKB_6157_20221029_id6157.jpg;33
654;680;6157;MANDRILLS BKB_6157_20221031_id6157 (1).jpg;26
763;680;6157;MANDRILLS BKB_6157_20221031_id6157 (2).jpg;83
660;710;6157;MANDRILLS BKB_6157_20221130_id6157 (1).jpg;50
643;710;6157;MANDRILLS BKB_6157_20221130_id6157 (2).jpg;67
773;720;6157;MANDRILLS BKB_6157_20221210_id6157.jpg;53
29;0;6198;MANDRILLS BKB_6198_20201124_id6198_feminf_(1).jpg;29
44;0;6198;MANDRILLS BKB_6198_20201124_id6198_feminf_(3).jpg;44
25;0;6198;MANDRILLS BKB_6198_20201124_id6198_feminf_(4).jpg;25
28;2;6199;MANDRILLS BKB_6199_20201031_id6199_feminf_(1).jpg;26
27;2;6199;MANDRILLS BKB_6199_20201031_id6199_feminf_(2).jpg;25
27;2;6199;MANDRILLS BKB_6199_20201031_id6199_feminf_(3).jpg;25
20;2;6199;MANDRILLS BKB_6199_20201031_id6199_feminf_(4).jpg;18
24;2;6199;MANDRILLS BKB_6199_20201031_id6199_feminf_(5).jpg;22
22;2;6199;MANDRILLS BKB_6199_20201031_id6199_feminf_(6).jpg;20
37;4;6199;MANDRILLS BKB_6199_20201102_id6199_feminf_(1).jpg;33
33;4;6199;MANDRILLS BKB_6199_20201102_id6199_feminf_(2).jpg;29
23;4;6199;MANDRILLS BKB_6199_20201102_id6199_feminf_(3).jpg;19
36;4;6199;MANDRILLS BKB_6199_20201102_id6199_feminf_(4).jpg;32
41;4;6199;MANDRILLS BKB_6199_20201102_id6199_feminf_(5).jpg;37
21;6;6199;MANDRILLS BKB_6199_20201104_id6199_feminf_(1).jpg;15
28;6;6199;MANDRILLS BKB_6199_20201104_id6199_feminf_(10).jpg;22
23;6;6199;MANDRILLS BKB_6199_20201104_id6199_feminf_(11).jpg;17
21;6;6199;MANDRILLS BKB_6199_20201104_id6199_feminf_(12).jpg;15
21;6;6199;MANDRILLS BKB_6199_20201104_id6199_feminf_(13).jpg;15
30;6;6199;MANDRILLS BKB_6199_20201104_id6199_feminf_(14).jpg;24
21;6;6199;MANDRILLS BKB_6199_20201104_id6199_feminf_(15).jpg;15
13;6;6199;MANDRILLS BKB_6199_20201104_id6199_feminf_(16).jpg;7
31;6;6199;MANDRILLS BKB_6199_20201104_id6199_feminf_(17).jpg;25
26;6;6199;MANDRILLS BKB_6199_20201104_id6199_feminf_(18).jpg;20
19;6;6199;MANDRILLS BKB_6199_20201104_id6199_feminf_(19).jpg;13
24;6;6199;MANDRILLS BKB_6199_20201104_id6199_feminf_(2).jpg;18
31;6;6199;MANDRILLS BKB_6199_20201104_id6199_feminf_(20).jpg;25
20;6;6199;MANDRILLS BKB_6199_20201104_id6199_feminf_(21).jpg;14
29;6;6199;MANDRILLS BKB_6199_20201104_id6199_feminf_(3).jpg;23
27;6;6199;MANDRILLS BKB_6199_20201104_id6199_feminf_(4).jpg;21
31;6;6199;MANDRILLS BKB_6199_20201104_id6199_feminf_(5).jpg;25
23;6;6199;MANDRILLS BKB_6199_20201104_id6199_feminf_(6).jpg;17
14;6;6199;MANDRILLS BKB_6199_20201104_id6199_feminf_(7).jpg;8
30;6;6199;MANDRILLS BKB_6199_20201104_id6199_feminf_(8).jpg;24
24;6;6199;MANDRILLS BKB_6199_20201104_id6199_feminf_(9).jpg;18
21;23;6199;MANDRILLS BKB_6199_20201121_id6199_feminf.jpg;2
24;23;6199;MANDRILLS BKB_6199_20201121_id6199_feminf_(2).jpg;1
33;26;6199;MANDRILLS BKB_6199_20201124_id6199_feminf_(1).jpg;7
53;26;6199;MANDRILLS BKB_6199_20201124_id6199_feminf_(2).jpg;27
41;26;6199;MANDRILLS BKB_6199_20201124_id6199_feminf_(3).jpg;15
51;45;6199;MANDRILLS BKB_6199_20201213_id6199_feminf_(1).jpg;6
73;45;6199;MANDRILLS BKB_6199_20201213_id6199_feminf_(2).jpg;28
38;47;6199;MANDRILLS BKB_6199_20201215_id6199_feminf_(1).jpg;9
39;47;6199;MANDRILLS BKB_6199_20201215_id6199_feminf_(2).jpg;8
64;47;6199;MANDRILLS BKB_6199_20201215_id6199_feminf_(3).jpg;17
58;48;6199;MANDRILLS BKB_6199_20201216_id6199_feminf.jpg;10
62;49;6199;MANDRILLS BKB_6199_20201217_id6199_feminf_(1).jpg;13
57;49;6199;MANDRILLS BKB_6199_20201217_id6199_feminf_(2).jpg;8
46;49;6199;MANDRILLS BKB_6199_20201217_id6199_feminf_(3).jpg;3
108;84;6199;MANDRILLS BKB_6199_20210121_id6199_feminf_(1).jpg;24
84;84;6199;MANDRILLS BKB_6199_20210121_id6199_feminf_(2).jpg;0
84;92;6199;MANDRILLS BKB_6199_20210129_id6199_feminf_(1).jpg;8
116;92;6199;MANDRILLS BKB_6199_20210129_id6199_feminf_(2).jpg;24
106;92;6199;MANDRILLS BKB_6199_20210129_id6199_feminf_(3).jpg;14
100;92;6199;MANDRILLS BKB_6199_20210129_id6199_feminf_(4).jpg;8
106;106;6199;MANDRILLS BKB_6199_20210212_id6199_feminf_(1).jpg;0
122;106;6199;MANDRILLS BKB_6199_20210212_id6199_feminf_(2).jpg;16
115;106;6199;MANDRILLS BKB_6199_20210212_id6199_feminf_(3).jpg;9
108;106;6199;MANDRILLS BKB_6199_20210212_id6199_feminf_(4).jpg;2
130;120;6199;MANDRILLS BKB_6199_20210226_id6199_feminf.jpg;10
138;123;6199;MANDRILLS BKB_6199_20210301_id6199_feminf_(1).jpg;15
157;123;6199;MANDRILLS BKB_6199_20210301_id6199_feminf_(2).jpg;34
157;123;6199;MANDRILLS BKB_6199_20210301_id6199_feminf_(3).jpg;34
165;123;6199;MANDRILLS BKB_6199_20210301_id6199_feminf_(4).jpg;42
257;154;6199;MANDRILLS BKB_6199_20210401_id6199_feminf_(1).jpg;103
193;154;6199;MANDRILLS BKB_6199_20210401_id6199_feminf_(2).jpg;39
197;155;6199;MANDRILLS BKB_6199_20210402_id6199_feminf_(1).jpg;42
202;155;6199;MANDRILLS BKB_6199_20210402_id6199_feminf_(2).jpg;47
150;155;6199;MANDRILLS BKB_6199_20210402_id6199_feminf_(3).jpg;5
169;158;6199;MANDRILLS BKB_6199_20210405_id6199_feminf.jpg;11
180;175;6199;MANDRILLS BKB_6199_20210422_id6199_feminf_(1).jpg;5
195;175;6199;MANDRILLS BKB_6199_20210422_id6199_feminf_(2).jpg;20
370;360;6199;MANDRILLS BKB_6199_20211024_id6199_feminf_(1).jpg;10
403;360;6199;MANDRILLS BKB_6199_20211024_id6199_feminf_(2).jpg;43
422;423;6199;MANDRILLS BKB_6199_20211226_id6199_femjuv_(1).jpg;1
563;423;6199;MANDRILLS BKB_6199_20211226_id6199_femjuv_(2).jpg;140
475;454;6199;MANDRILLS BKB_6199_20220126_id6199 (1).jpg;21
571;454;6199;MANDRILLS BKB_6199_20220126_id6199 (2).jpg;117
511;460;6199;MANDRILLS BKB_6199_20220201_id6199_femjuv (1).jpg;51
530;460;6199;MANDRILLS BKB_6199_20220201_id6199_femjuv (2).jpg;70
508;460;6199;MANDRILLS BKB_6199_20220201_id6199_femjuv (3).jpg;48
636;480;6199;MANDRILLS BKB_6199_20220221_id6199_femjuv.jpg;156
454;494;6199;MANDRILLS BKB_6199_20220307_id6199_femjuv (1).jpg;40
511;494;6199;MANDRILLS BKB_6199_20220307_id6199_femjuv (2).jpg;17
486;498;6199;MANDRILLS BKB_6199_20220311_id6199_femjuv.jpg;12
664;522;6199;MANDRILLS BKB_6199_20220404_id6199_femjuv.jpg;142
630;536;6199;MANDRILLS BKB_6199_20220418_id6199_femjuv.jpg;94
630;564;6199;MANDRILLS BKB_6199_20220516_id6199_femjuv (1).jpg;66
672;564;6199;MANDRILLS BKB_6199_20220516_id6199_femjuv (2).jpg;108
582;564;6199;MANDRILLS BKB_6199_20220516_id6199_femjuv (4).jpg;18
971;564;6199;MANDRILLS BKB_6199_20220516_id6199_femjuv (5).jpg;407
562;572;6199;MANDRILLS BKB_6199_20220524_id6199_femjuv (1).jpg;10
676;572;6199;MANDRILLS BKB_6199_20220524_id6199_femjuv (2).jpg;104
557;574;6199;MANDRILLS BKB_6199_20220526_id6199_femjuv (2).jpg;17
539;574;6199;MANDRILLS BKB_6199_20220526_id6199_femjuv (3).jpg;35
770;581;6199;MANDRILLS BKB_6199_20220602_id6199_femjuv.jpg;189
753;603;6199;MANDRILLS BKB_6199_20220624_id6199_femjuv (1).jpg;150
737;603;6199;MANDRILLS BKB_6199_20220624_id6199_femjuv (2).jpg;134
718;603;6199;MANDRILLS BKB_6199_20220624_id6199_femjuv (3).jpg;115
711;608;6199;MANDRILLS BKB_6199_20220629_id6199 (1).jpg;103
673;608;6199;MANDRILLS BKB_6199_20220629_id6199 (2).jpg;65
705;608;6199;MANDRILLS BKB_6199_20220629_id6199 (3).jpg;97
666;608;6199;MANDRILLS BKB_6199_20220629_id6199.jpg;58
776;615;6199;MANDRILLS BKB_6199_20220706_id6199.jpg;161
765;623;6199;MANDRILLS BKB_6199_20220714_id6199_femjuv (1).jpg;142
883;623;6199;MANDRILLS BKB_6199_20220714_id6199_femjuv (2).jpg;260
674;625;6199;MANDRILLS BKB_6199_20220716_id6199_femjuv (1).jpg;49
744;625;6199;MANDRILLS BKB_6199_20220716_id6199_femjuv (2).jpg;119
1033;625;6199;MANDRILLS BKB_6199_20220716_id6199_femjuv (5).jpg;408
816;625;6199;MANDRILLS BKB_6199_20220716_id6199_femjuv (6).jpg;191
816;625;6199;MANDRILLS BKB_6199_20220716_id6199_femjuv (7).jpg;191
784;627;6199;MANDRILLS BKB_6199_20220718_id6199 (3).jpg;157
706;627;6199;MANDRILLS BKB_6199_20220718_id6199.jpg;79
955;628;6199;MANDRILLS BKB_6199_20220719_id6199.jpg;327
796;630;6199;MANDRILLS BKB_6199_20220721_id6199.jpg;166
835;634;6199;MANDRILLS BKB_6199_20220725_id6199 (2).jpg;201
787;645;6199;MANDRILLS BKB_6199_20220805_id6199 (1).jpg;142
716;645;6199;MANDRILLS BKB_6199_20220805_id6199 (2).jpg;71
652;652;6199;MANDRILLS BKB_6199_20220812_id6199.jpg;0
827;658;6199;MANDRILLS BKB_6199_20220818_id6199 (2).jpg;169
673;658;6199;MANDRILLS BKB_6199_20220818_id6199.jpg;15
815;667;6199;MANDRILLS BKB_6199_20220827_id6199.jpg;148
846;688;6199;MANDRILLS BKB_6199_20220917_id6199.jpg;158
824;728;6199;MANDRILLS BKB_6199_20221027_id6199 (1).jpg;96
862;728;6199;MANDRILLS BKB_6199_20221027_id6199 (2).jpg;134
917;731;6199;MANDRILLS BKB_6199_20221030_id6199 (1).jpg;186
840;731;6199;MANDRILLS BKB_6199_20221030_id6199 (2).jpg;109
1000;734;6199;MANDRILLS BKB_6199_20221102_id6199.jpg;266
984;771;6199;MANDRILLS BKB_6199_20221209_id6199 (2).jpg;213
953;776;6199;MANDRILLS BKB_6199_20221214_id6199.jpg;177
28;16;6225;MANDRILLS BKB_6225_20210407_id6225_feminf_(1).jpg;12
21;16;6225;MANDRILLS BKB_6225_20210407_id6225_feminf_(2).jpg;5
24;16;6225;MANDRILLS BKB_6225_20210407_id6225_feminf_(3).jpg;8
38;16;6225;MANDRILLS BKB_6225_20210407_id6225_feminf_(4).jpg;22
24;16;6225;MANDRILLS BKB_6225_20210407_id6225_feminf_(5).jpg;8
32;19;6225;MANDRILLS BKB_6225_20210410_id6225_feminf_(1).jpg;13
25;19;6225;MANDRILLS BKB_6225_20210410_id6225_feminf_(2).jpg;6
40;28;6225;MANDRILLS BKB_6225_20210419_id6225_feminf_(1).jpg;12
43;28;6225;MANDRILLS BKB_6225_20210419_id6225_feminf_(2).jpg;15
43;28;6225;MANDRILLS BKB_6225_20210419_id6225_feminf_(3).jpg;15
38;28;6225;MANDRILLS BKB_6225_20210419_id6225_feminf_(4).jpg;10
47;31;6225;MANDRILLS BKB_6225_20210422_id6225_feminf_(1).jpg;16
48;31;6225;MANDRILLS BKB_6225_20210422_id6225_feminf_(2).jpg;17
48;31;6225;MANDRILLS BKB_6225_20210422_id6225_feminf_(3).jpg;17
111;115;6225;MANDRILLS BKB_6225_20210715_id6225_feminf_(1).jpg;4
113;115;6225;MANDRILLS BKB_6225_20210715_id6225_feminf_(2).jpg;2
109;115;6225;MANDRILLS BKB_6225_20210715_id6225_feminf_(3).jpg;6
121;115;6225;MANDRILLS BKB_6225_20210715_id6225_feminf_(4).jpg;6
110;118;6225;MANDRILLS BKB_6225_20210718_id6225_feminf_(2).jpg;8
104;121;6225;MANDRILLS BKB_6225_20210721_id6225_feminf_(1).jpg;17
113;121;6225;MANDRILLS BKB_6225_20210721_id6225_feminf_(10).jpg;8
107;121;6225;MANDRILLS BKB_6225_20210721_id6225_feminf_(11).jpg;14
110;121;6225;MANDRILLS BKB_6225_20210721_id6225_feminf_(12).jpg;11
132;121;6225;MANDRILLS BKB_6225_20210721_id6225_feminf_(14).jpg;11
124;121;6225;MANDRILLS BKB_6225_20210721_id6225_feminf_(15).jpg;3
110;121;6225;MANDRILLS BKB_6225_20210721_id6225_feminf_(16).jpg;11
103;121;6225;MANDRILLS BKB_6225_20210721_id6225_feminf_(17).jpg;18
105;121;6225;MANDRILLS BKB_6225_20210721_id6225_feminf_(18).jpg;16
118;121;6225;MANDRILLS BKB_6225_20210721_id6225_feminf_(19).jpg;3
114;121;6225;MANDRILLS BKB_6225_20210721_id6225_feminf_(3).jpg;7
98;121;6225;MANDRILLS BKB_6225_20210721_id6225_feminf_(4).jpg;23
107;121;6225;MANDRILLS BKB_6225_20210721_id6225_feminf_(5).jpg;14
114;121;6225;MANDRILLS BKB_6225_20210721_id6225_feminf_(6).jpg;7
110;121;6225;MANDRILLS BKB_6225_20210721_id6225_feminf_(7).jpg;11
116;121;6225;MANDRILLS BKB_6225_20210721_id6225_feminf_(8).jpg;5
118;121;6225;MANDRILLS BKB_6225_20210721_id6225_feminf_(9).jpg;3
139;123;6225;MANDRILLS BKB_6225_20210723_id6225_feminf.jpg;16
125;126;6225;MANDRILLS BKB_6225_20210726_id6225_feminf_(1).jpg;1
126;126;6225;MANDRILLS BKB_6225_20210726_id6225_feminf_(10).jpg;0
130;126;6225;MANDRILLS BKB_6225_20210726_id6225_feminf_(11).jpg;4
126;126;6225;MANDRILLS BKB_6225_20210726_id6225_feminf_(12).jpg;0
146;126;6225;MANDRILLS BKB_6225_20210726_id6225_feminf_(14).jpg;20
139;126;6225;MANDRILLS BKB_6225_20210726_id6225_feminf_(15).jpg;13
124;126;6225;MANDRILLS BKB_6225_20210726_id6225_feminf_(16).jpg;2
122;126;6225;MANDRILLS BKB_6225_20210726_id6225_feminf_(17).jpg;4
117;126;6225;MANDRILLS BKB_6225_20210726_id6225_feminf_(18).jpg;9
129;126;6225;MANDRILLS BKB_6225_20210726_id6225_feminf_(19).jpg;3
137;126;6225;MANDRILLS BKB_6225_20210726_id6225_feminf_(2).jpg;11
119;126;6225;MANDRILLS BKB_6225_20210726_id6225_feminf_(3).jpg;7
112;126;6225;MANDRILLS BKB_6225_20210726_id6225_feminf_(4).jpg;14
123;126;6225;MANDRILLS BKB_6225_20210726_id6225_feminf_(5).jpg;3
133;126;6225;MANDRILLS BKB_6225_20210726_id6225_feminf_(6).jpg;7
126;126;6225;MANDRILLS BKB_6225_20210726_id6225_feminf_(7).jpg;0
120;126;6225;MANDRILLS BKB_6225_20210726_id6225_feminf_(8).jpg;6
123;126;6225;MANDRILLS BKB_6225_20210726_id6225_feminf_(9).jpg;3
261;211;6225;MANDRILLS BKB_6225_20211019_id6225_feminf.jpg;50
195;214;6225;MANDRILLS BKB_6225_20211022_id6225_feminf_(1).jpg;19
217;214;6225;MANDRILLS BKB_6225_20211022_id6225_feminf_(2).jpg;3
221;216;6225;MANDRILLS BKB_6225_20211024_id6225_feminf_(1).jpg;5
238;231;6225;MANDRILLS BKB_6225_20211108_id6225_feminf.jpg;7
254;242;6225;MANDRILLS BKB_6225_20211119_id6225_feminf.jpg;12
273;271;6225;MANDRILLS BKB_6225_20211218_id6225_feminf_(2).jpg;2
336;271;6225;MANDRILLS BKB_6225_20211218_id6225_feminf_(3).jpg;65
387;271;6225;MANDRILLS BKB_6225_20211218_id6225_feminf_(4).jpg;116
354;271;6225;MANDRILLS BKB_6225_20211218_id6225_feminf_(5).jpg;83
416;316;6225;MANDRILLS BKB_6225_20220201_id6225_femjuv.jpg;100
393;350;6225;MANDRILLS BKB_6225_20220307_id6225_femjuv (1).jpg;43
366;350;6225;MANDRILLS BKB_6225_20220307_id6225_femjuv (2).jpg;16
358;350;6225;MANDRILLS BKB_6225_20220307_id6225_femjuv (3).jpg;8
429;350;6225;MANDRILLS BKB_6225_20220307_id6225_femjuv (4).jpg;79
358;350;6225;MANDRILLS BKB_6225_20220307_id6225_femjuv (5).jpg;8
424;356;6225;MANDRILLS BKB_6225_20220313_id6225_femjuv (1).jpg;68
400;356;6225;MANDRILLS BKB_6225_20220313_id6225_femjuv (2).jpg;44
349;357;6225;MANDRILLS BKB_6225_20220314_id6225_femjuv.jpg;8
399;367;6225;MANDRILLS BKB_6225_20220324_id6225_femjuv.jpg;32
411;372;6225;MANDRILLS BKB_6225_20220329_id6225_femjuv (1).jpg;39
2674;372;6225;MANDRILLS BKB_6225_20220329_id6225_femjuv (2).jpg;2302
471;422;6225;MANDRILLS BKB_6225_20220518_id6225_femjuv.jpg;49
468;431;6225;MANDRILLS BKB_6225_20220527_id6225_femjuv (1).jpg;37
521;431;6225;MANDRILLS BKB_6225_20220527_id6225_femjuv (2).jpg;90
561;436;6225;MANDRILLS BKB_6225_20220601_id6225_femjuv.jpg;125
463;438;6225;MANDRILLS BKB_6225_20220603_id6225_femjuv.jpg;25
469;442;6225;MANDRILLS BKB_6225_20220607_id6225_femjuv (1).jpg;27
442;442;6225;MANDRILLS BKB_6225_20220607_id6225_femjuv (2).jpg;0
457;452;6225;MANDRILLS BKB_6225_20220617_id6225_femjuv (2).jpg;5
487;452;6225;MANDRILLS BKB_6225_20220617_id6225_femjuv (3).jpg;35
506;454;6225;MANDRILLS BKB_6225_20220619_id6225_femjuv (2).jpg;52
480;454;6225;MANDRILLS BKB_6225_20220619_id6225_femjuv.jpg;26
522;479;6225;MANDRILLS BKB_6225_20220714_id6225_femjuv (1).jpg;43
492;479;6225;MANDRILLS BKB_6225_20220714_id6225_femjuv (2).jpg;13
492;479;6225;MANDRILLS BKB_6225_20220714_id6225_femjuv (3).jpg;13
560;479;6225;MANDRILLS BKB_6225_20220714_id6225_femjuv (4).jpg;81
602;484;6225;MANDRILLS BKB_6225_20220719_id6225 (1).jpg;118
520;484;6225;MANDRILLS BKB_6225_20220719_id6225 (2).jpg;36
695;493;6225;MANDRILLS BKB_6225_20220728_id6225 (2).jpg;202
642;493;6225;MANDRILLS BKB_6225_20220728_id6225 (3).jpg;149
600;493;6225;MANDRILLS BKB_6225_20220728_id6225.jpg;107
545;497;6225;MANDRILLS BKB_6225_20220801_id6225 (1).jpg;48
586;497;6225;MANDRILLS BKB_6225_20220801_id6225 (2).jpg;89
532;497;6225;MANDRILLS BKB_6225_20220801_id6225 (3).jpg;35
536;497;6225;MANDRILLS BKB_6225_20220801_id6225 (4).jpg;39
546;501;6225;MANDRILLS BKB_6225_20220805_id6225.jpg;45
624;505;6225;MANDRILLS BKB_6225_20220809_id6225.jpg;119
622;508;6225;MANDRILLS BKB_6225_20220812_id6225 (1).jpg;114
581;508;6225;MANDRILLS BKB_6225_20220812_id6225 (2).jpg;73
651;531;6225;MANDRILLS BKB_6225_20220904_id6225 (1).jpg;120
471;531;6225;MANDRILLS BKB_6225_20220904_id6225 (2).jpg;60
598;531;6225;MANDRILLS BKB_6225_20220904_id6225 (3).jpg;67
706;579;6225;MANDRILLS BKB_6225_20221022_id6225.jpg;127
645;584;6225;MANDRILLS BKB_6225_20221027_id6225.jpg;61
699;618;6225;MANDRILLS BKB_6225_20221130_id6225 (1).jpg;81
644;618;6225;MANDRILLS BKB_6225_20221130_id6225 (2).jpg;26
653;628;6225;MANDRILLS BKB_6225_20221210_id6225 (1).jpg;25
661;628;6225;MANDRILLS BKB_6225_20221210_id6225 (2).jpg;33
76;15;70;MANDRILLS BKB_70_20120301_id70_feminfDEVANT_(11)_ORIGINAL.jpg;61
39;48;70;MANDRILLS BKB_70_20120403_id70_feminfDROITE_(1)_ORIGINAL.jpg;9
38;48;70;MANDRILLS BKB_70_20120403_id70_feminfDROITE_(10)_ORIGINAL.jpg;10
35;48;70;MANDRILLS BKB_70_20120403_id70_feminfDROITE_(11)_ORIGINAL.jpg;13
31;48;70;MANDRILLS BKB_70_20120403_id70_feminfDROITE_(12)_ORIGINAL.jpg;17
34;48;70;MANDRILLS BKB_70_20120403_id70_feminfDROITE_(13)_ORIGINAL.jpg;14
25;48;70;MANDRILLS BKB_70_20120403_id70_feminfDROITE_(2)_ORIGINAL.jpg;23
15;48;70;MANDRILLS BKB_70_20120403_id70_feminfDROITE_(3)_ORIGINAL.jpg;33
33;48;70;MANDRILLS BKB_70_20120403_id70_feminfDROITE_(4)_ORIGINAL.jpg;15
46;48;70;MANDRILLS BKB_70_20120403_id70_feminfDROITE_(5)_ORIGINAL.jpg;2
39;48;70;MANDRILLS BKB_70_20120403_id70_feminfDROITE_(7)_ORIGINAL.jpg;9
33;48;70;MANDRILLS BKB_70_20120403_id70_feminfDROITE_(8)_ORIGINAL.jpg;15
23;48;70;MANDRILLS BKB_70_20120403_id70_feminfDROITE_(9)_ORIGINAL.jpg;25
805;870;70;MANDRILLS BKB_70_20140704_id70_femjuv_(1)_ORIGINAL.jpg;65
801;870;70;MANDRILLS BKB_70_20140704_id70_femjuv_(2)_ORIGINAL.jpg;69
799;870;70;MANDRILLS BKB_70_20140704_id70_femjuv_(3)_ORIGINAL.jpg;71
797;870;70;MANDRILLS BKB_70_20140704_id70_femjuv_(4)_ORIGINAL.jpg;73
1517;1398;70;MANDRILLS BKB_70_20151214_id70_femjuv_(2)_ORIGINAL.jpg;119
1419;1398;70;MANDRILLS BKB_70_20151214_id70_femjuv_(3)_ORIGINAL.jpg;21
2015;2316;70;MANDRILLS BKB_70_20180619_id70_femadu_(2)_ORIGINAL.jpg;301
1899;2316;70;MANDRILLS BKB_70_20180619_id70_femadu_(3)_ORIGINAL.jpg;417
1980;2334;70;MANDRILLS BKB_70_20180707_id70_femadu_(1)_ORIGINAL.jpg;354
2438;2334;70;MANDRILLS BKB_70_20180707_id70_femadu_(2)_ORIGINAL.jpg;104
2342;2334;70;MANDRILLS BKB_70_20180707_id70_femadu_(3)_ORIGINAL.jpg;8
2315;2334;70;MANDRILLS BKB_70_20180707_id70_femadu_(4)_ORIGINAL.jpg;19
2294;2334;70;MANDRILLS BKB_70_20180707_id70_femadu_(5)_ORIGINAL.jpg;40
2175;2334;70;MANDRILLS BKB_70_20180707_id70_femadu_(6)_ORIGINAL.jpg;159
1949;2338;70;MANDRILLS BKB_70_20180711_id70_femadu_(3)_ORIGINAL.jpg;389
1918;2338;70;MANDRILLS BKB_70_20180711_id70_femadu_(4)_ORIGINAL.jpg;420
1947;2338;70;MANDRILLS BKB_70_20180711_id70_femadu_(5)_ORIGINAL.jpg;391
2021;2338;70;MANDRILLS BKB_70_20180711_id70_femadu_(6)_ORIGINAL.jpg;317
1962;2338;70;MANDRILLS BKB_70_20180711_id70_femadu_(7)_ORIGINAL.jpg;376
2108;2343;70;MANDRILLS BKB_70_20180716_id70_femadu_ORIGINAL.jpg;235
2382;2351;70;MANDRILLS BKB_70_20180724_id70_femadu_(1)_ORIGINAL.jpg;31
2636;2351;70;MANDRILLS BKB_70_20180724_id70_femadu_(2)_ORIGINAL.jpg;285
2205;2351;70;MANDRILLS BKB_70_20180724_id70_femadu_(3)_ORIGINAL.jpg;146
2229;2351;70;MANDRILLS BKB_70_20180724_id70_femadu_(4)_ORIGINAL.jpg;122
2406;2351;70;MANDRILLS BKB_70_20180724_id70_femadu_(6)_ORIGINAL.jpg;55
2145;2351;70;MANDRILLS BKB_70_20180724_id70_femadu_(7)_ORIGINAL.jpg;206
2135;2351;70;MANDRILLS BKB_70_20180724_id70_femadu_(8)_ORIGINAL.jpg;216
2415;2476;70;MANDRILLS BKB_70_20181126_id70_femadu_(1)_ORIGINAL.jpg;61
2224;2476;70;MANDRILLS BKB_70_20181126_id70_femadu_(10)_ORIGINAL.jpg;252
2247;2476;70;MANDRILLS BKB_70_20181126_id70_femadu_(2)_ORIGINAL.jpg;229
2118;2476;70;MANDRILLS BKB_70_20181126_id70_femadu_(3)_ORIGINAL.jpg;358
2256;2476;70;MANDRILLS BKB_70_20181126_id70_femadu_(4)_ORIGINAL.jpg;220
2317;2476;70;MANDRILLS BKB_70_20181126_id70_femadu_(5)_ORIGINAL.jpg;159
2005;2476;70;MANDRILLS BKB_70_20181126_id70_femadu_(6)_ORIGINAL.jpg;471
2261;2476;70;MANDRILLS BKB_70_20181126_id70_femadu_(7)_ORIGINAL.jpg;215
2346;2476;70;MANDRILLS BKB_70_20181126_id70_femadu_(8)_ORIGINAL.jpg;130
2312;2476;70;MANDRILLS BKB_70_20181126_id70_femadu_(9)_ORIGINAL.jpg;164
2288;2579;70;MANDRILLS BKB_70_20190309_id70_femadu_(1)_ORIGINAL.jpg;291
2740;2579;70;MANDRILLS BKB_70_20190309_id70_femadu_(10)_ORIGINAL.jpg;161
2441;2579;70;MANDRILLS BKB_70_20190309_id70_femadu_(2)_ORIGINAL.jpg;138
2376;2579;70;MANDRILLS BKB_70_20190309_id70_femadu_(3)_ORIGINAL.jpg;203
2201;2579;70;MANDRILLS BKB_70_20190309_id70_femadu_(4)_ORIGINAL.jpg;378
2211;2579;70;MANDRILLS BKB_70_20190309_id70_femadu_(5)_ORIGINAL.jpg;368
2506;2579;70;MANDRILLS BKB_70_20190309_id70_femadu_(7)_ORIGINAL.jpg;73
2444;2579;70;MANDRILLS BKB_70_20190309_id70_femadu_(8)_ORIGINAL.jpg;135
2311;2579;70;MANDRILLS BKB_70_20190309_id70_femadu_(9)_ORIGINAL.jpg;268
2200;2585;70;MANDRILLS BKB_70_20190315_id70_femadu_(1).jpg;385
2502;2585;70;MANDRILLS BKB_70_20190315_id70_femadu_(3).jpg;83
2790;2585;70;MANDRILLS BKB_70_20190315_id70_femadu_(4).jpg;205
2249;2585;70;MANDRILLS BKB_70_20190315_id70_femadu_(7).jpg;336
2511;2585;70;MANDRILLS BKB_70_20190315_id70_femadu_(9).jpg;74
2577;2698;70;MANDRILLS BKB_70_20190706_id70_femadu_(1).jpg;121
2576;2698;70;MANDRILLS BKB_70_20190706_id70_femadu_(2).jpg;122
2836;2710;70;MANDRILLS BKB_70_20190718_id70_femadu_GAUCHE_(1).jpg;126
2090;2710;70;MANDRILLS BKB_70_20190718_id70_femadu_GAUCHE_(2).jpg;620
2204;2710;70;MANDRILLS BKB_70_20190718_id70_femadu_GAUCHE_(3).jpg;506
2120;2710;70;MANDRILLS BKB_70_20190718_id70_femadu_GAUCHE_(4).jpg;590
2493;2812;70;MANDRILLS BKB_70_20191028_id70_femadu.jpg;319
2342;2828;70;MANDRILLS BKB_70_20191113_id70_femadu.jpg;486
2640;2876;70;MANDRILLS BKB_70_20191231_id70_femadu.jpg;236
2907;2914;70;MANDRILLS BKB_70_20200207_id70_femadu.jpg;7
2357;2931;70;MANDRILLS BKB_70_20200224_id70_femadu.jpg;574
2986;3000;70;MANDRILLS BKB_70_20200503_id70_femadu.jpg;14
3109;3003;70;MANDRILLS BKB_70_20200506_id70_femadu.jpg;106
2126;3167;70;MANDRILLS BKB_70_20201017_id70_femadu_(1).jpg;1041
2088;3167;70;MANDRILLS BKB_70_20201017_id70_femadu_(2).jpg;1079
2886;3172;70;MANDRILLS BKB_70_20201022_id70_femadu.jpg;286
2814;3179;70;MANDRILLS BKB_70_20201029_id70_femadu.jpg;365
2682;3309;70;MANDRILLS BKB_70_20210308_id70_femadu.jpg;627
2982;3333;70;MANDRILLS BKB_70_20210401_id70_femadu_(1).jpg;351
2971;3333;70;MANDRILLS BKB_70_20210401_id70_femadu_(2).jpg;362
2721;3333;70;MANDRILLS BKB_70_20210401_id70_femadu_(3).jpg;612
2764;3342;70;MANDRILLS BKB_70_20210410_id70_femadu_(1).jpg;578
3076;3342;70;MANDRILLS BKB_70_20210410_id70_femadu_(2).jpg;266
2982;3518;70;MANDRILLS BKB_70_20211003_id70_femadu.jpg;536
2877;3535;70;MANDRILLS BKB_70_20211020_id70_femadu.jpg;658
3587;3565;70;MANDRILLS BKB_70_20211119_id70_femadu_(1).jpg;22
3107;3565;70;MANDRILLS BKB_70_20211119_id70_femadu_(2).jpg;458
3126;3581;70;MANDRILLS BKB_70_20211205_id70_femadu.jpg;455
3184;3593;70;MANDRILLS BKB_70_20211217_id70_femadu_(2).jpg;409
2877;3603;70;MANDRILLS BKB_70_20211227_id70_femadu_(1).jpg;726
2872;3603;70;MANDRILLS BKB_70_20211227_id70_femadu_(2).jpg;731
3229;3696;70;MANDRILLS BKB_70_20220330_id70_femadu (1).jpg;467
2830;3696;70;MANDRILLS BKB_70_20220330_id70_femadu (2).jpg;866
3186;3696;70;MANDRILLS BKB_70_20220330_id70_femadu (3).jpg;510
3373;3696;70;MANDRILLS BKB_70_20220330_id70_femadu (4).jpg;323
3265;3696;70;MANDRILLS BKB_70_20220330_id70_femadu (5).jpg;431
3220;3701;70;MANDRILLS BKB_70_20220404_id70_femadu (1).jpg;481
3086;3701;70;MANDRILLS BKB_70_20220404_id70_femadu (2).jpg;615
3354;3744;70;MANDRILLS BKB_70_20220517_id70_femadu (1).jpg;390
3326;3744;70;MANDRILLS BKB_70_20220517_id70_femadu (2).jpg;418
2270;3744;70;MANDRILLS BKB_70_20220517_id70_femadu (3).jpg;1474
3010;3744;70;MANDRILLS BKB_70_20220517_id70_femadu.jpg;734
3351;3777;70;MANDRILLS BKB_70_20220619_id70_femadu_.jpg;426
3142;3782;70;MANDRILLS BKB_70_20220624_id70_femadu.jpg;640
3369;3789;70;MANDRILLS BKB_70_20220701_id70.jpg;420
3207;3794;70;MANDRILLS BKB_70_20220706_id70 (2).jpg;587
3333;3794;70;MANDRILLS BKB_70_20220706_id70 (3).jpg;461
2284;3794;70;MANDRILLS BKB_70_20220706_id70.jpg;1510
3311;3799;70;MANDRILLS BKB_70_20220711_id70 (2).jpg;488
3264;3799;70;MANDRILLS BKB_70_20220711_id70 (3).jpg;535
3334;3799;70;MANDRILLS BKB_70_20220711_id70.jpg;465
3358;3802;70;MANDRILLS BKB_70_20220714_id70_femadu (1).jpg;444
3302;3802;70;MANDRILLS BKB_70_20220714_id70_femadu (2).jpg;500
2993;3802;70;MANDRILLS BKB_70_20220714_id70_femadu (3).jpg;809
3379;3802;70;MANDRILLS BKB_70_20220714_id70_femadu (4).jpg;423
3503;3802;70;MANDRILLS BKB_70_20220714_id70_femadu (5).jpg;299
3326;3802;70;MANDRILLS BKB_70_20220714_id70_femadu (6).jpg;476
3347;3804;70;MANDRILLS BKB_70_20220716_id70.jpg;457
3354;3804;70;MANDRILLS BKB_70_20220716_id70_femadu.jpg;450
3286;3816;70;MANDRILLS BKB_70_20220728_id70.jpg;530
3332;3817;70;MANDRILLS BKB_70_20220729_id70.jpg;485
3450;3827;70;MANDRILLS BKB_70_20220808_id70.jpg;377
3271;3831;70;MANDRILLS BKB_70_20220812_id70.jpg;560
3438;3854;70;MANDRILLS BKB_70_20220904_id70 (1).jpg;416
3318;3854;70;MANDRILLS BKB_70_20220904_id70 (2).jpg;536
3175;3862;70;MANDRILLS BKB_70_20220912_id70.jpg;687
3440;3899;70;MANDRILLS BKB_70_20221019_id70 (1).jpg;459
3367;3899;70;MANDRILLS BKB_70_20221019_id70 (2).jpg;532
3288;3901;70;MANDRILLS BKB_70_20221021_id70.jpg;613
3492;3902;70;MANDRILLS BKB_70_20221022_id70.jpg;410
3500;3928;70;MANDRILLS BKB_70_20221117_id70 (1).jpg;428
3251;3928;70;MANDRILLS BKB_70_20221117_id70 (4).jpg;677
3456;3932;70;MANDRILLS BKB_70_20221121_id70 (1).jpg;476
3519;3932;70;MANDRILLS BKB_70_20221121_id70 (2).jpg;413
3420;3932;70;MANDRILLS BKB_70_20221121_id70 (3).jpg;512
3285;3941;70;MANDRILLS BKB_70_20221130_id70.jpg;656
3372;3951;70;MANDRILLS BKB_70_20221210_id70.jpg;579
3283;3965;70;MANDRILLS BKB_70_20221224_id70.jpg;682
-5;1;7207;MANDRILLS BKB_7207_20211102_id7207_feminf_(1).jpg;6
0;1;7207;MANDRILLS BKB_7207_20211102_id7207_feminf_(2).jpg;1
2;1;7207;MANDRILLS BKB_7207_20211102_id7207_feminf_(3).jpg;1
12;1;7207;MANDRILLS BKB_7207_20211102_id7207_feminf_(4).jpg;11
116;5;7207;MANDRILLS BKB_7207_20211106_id7207_feminf.jpg;111
33;7;7207;MANDRILLS BKB_7207_20211108_id7207_feminf_(1).jpg;26
16;7;7207;MANDRILLS BKB_7207_20211108_id7207_feminf_(2).jpg;9
11;7;7207;MANDRILLS BKB_7207_20211108_id7207_feminf_(3).jpg;4
0;7;7207;MANDRILLS BKB_7207_20211108_id7207_feminf_(4).jpg;7
4;7;7207;MANDRILLS BKB_7207_20211108_id7207_feminf_(5).jpg;3
31;10;7207;MANDRILLS BKB_7207_20211111_id7207_feminf_(1).jpg;21
22;10;7207;MANDRILLS BKB_7207_20211111_id7207_feminf_(2).jpg;12
8;14;7207;MANDRILLS BKB_7207_20211115_id7207_feminf.jpg;6
12;20;7207;MANDRILLS BKB_7207_20211121_id7207_feminf_(1).jpg;8
22;20;7207;MANDRILLS BKB_7207_20211121_id7207_feminf_(2).jpg;2
17;21;7207;MANDRILLS BKB_7207_20211122_id7207_feminf.jpg;4
21;33;7207;MANDRILLS BKB_7207_20211204_id7207_feminf_(1).jpg;12
41;35;7207;MANDRILLS BKB_7207_20211206_id7207_feminf.jpg;6
47;46;7207;MANDRILLS BKB_7207_20211217_id7207_feminf_(10).jpg;1
39;46;7207;MANDRILLS BKB_7207_20211217_id7207_feminf_(11).jpg;7
50;46;7207;MANDRILLS BKB_7207_20211217_id7207_feminf_(12).jpg;4
63;46;7207;MANDRILLS BKB_7207_20211217_id7207_feminf_(8).jpg;17
52;46;7207;MANDRILLS BKB_7207_20211217_id7207_feminf_(9).jpg;6
49;48;7207;MANDRILLS BKB_7207_20211219_id7207_feminf.jpg;1
55;50;7207;MANDRILLS BKB_7207_20211221_id7207_feminf.jpg;5
103;82;7207;MANDRILLS BKB_7207_20220122_id7207 (1).jpg;21
96;82;7207;MANDRILLS BKB_7207_20220122_id7207 (2).jpg;14
76;82;7207;MANDRILLS BKB_7207_20220122_id7207 (3).jpg;6
83;82;7207;MANDRILLS BKB_7207_20220122_id7207 (4).jpg;1
81;83;7207;MANDRILLS BKB_7207_20220123_id7207.jpg;2
84;92;7207;MANDRILLS BKB_7207_20220201_id7207_feminf (1).jpg;8
79;92;7207;MANDRILLS BKB_7207_20220201_id7207_feminf (2).jpg;13
98;92;7207;MANDRILLS BKB_7207_20220201_id7207_feminf (3).jpg;6
88;92;7207;MANDRILLS BKB_7207_20220201_id7207_feminf (4).jpg;4
89;92;7207;MANDRILLS BKB_7207_20220201_id7207_feminf (5).jpg;3
101;92;7207;MANDRILLS BKB_7207_20220201_id7207_feminf.jpg;9
99;107;7207;MANDRILLS BKB_7207_20220216_id7207_feminf.jpg;8
122;140;7207;MANDRILLS BKB_7207_20220321_id7207_feminf (2).jpg;18
115;140;7207;MANDRILLS BKB_7207_20220321_id7207_feminf (3).jpg;25
119;140;7207;MANDRILLS BKB_7207_20220321_id7207_feminf.jpg;21
136;141;7207;MANDRILLS BKB_7207_20220322_id7207_feminf (1).jpg;5
113;141;7207;MANDRILLS BKB_7207_20220322_id7207_feminf (2).jpg;28
143;143;7207;MANDRILLS BKB_7207_20220324_id7207_feminf.jpg;0
152;175;7207;MANDRILLS BKB_7207_20220425_id7207_feminf (1).jpg;23
150;175;7207;MANDRILLS BKB_7207_20220425_id7207_feminf (2).jpg;25
156;175;7207;MANDRILLS BKB_7207_20220425_id7207_feminf (3).jpg;19
160;175;7207;MANDRILLS BKB_7207_20220425_id7207_feminf (4).jpg;15
192;204;7207;MANDRILLS BKB_7207_20220524_id7207_feminf (3).jpg;12
179;204;7207;MANDRILLS BKB_7207_20220524_id7207_feminf (4).jpg;25
223;209;7207;MANDRILLS BKB_7207_20220529_id7207_feminf (1).jpg;14
211;209;7207;MANDRILLS BKB_7207_20220529_id7207_feminf (10).jpg;2
167;209;7207;MANDRILLS BKB_7207_20220529_id7207_feminf (2).jpg;42
180;209;7207;MANDRILLS BKB_7207_20220529_id7207_feminf (3).jpg;29
213;209;7207;MANDRILLS BKB_7207_20220529_id7207_feminf (4).jpg;4
220;209;7207;MANDRILLS BKB_7207_20220529_id7207_feminf (5).jpg;11
178;209;7207;MANDRILLS BKB_7207_20220529_id7207_feminf (6).jpg;31
199;209;7207;MANDRILLS BKB_7207_20220529_id7207_feminf (7).jpg;10
176;209;7207;MANDRILLS BKB_7207_20220529_id7207_feminf (8).jpg;33
167;209;7207;MANDRILLS BKB_7207_20220529_id7207_feminf (9).jpg;42
148;213;7207;MANDRILLS BKB_7207_20220602_id7207_feminf.jpg;65
188;214;7207;MANDRILLS BKB_7207_20220603_id7207_feminf (2).jpg;26
205;214;7207;MANDRILLS BKB_7207_20220603_id7207_feminf (3).jpg;9
211;214;7207;MANDRILLS BKB_7207_20220603_id7207_feminf (4).jpg;3
202;214;7207;MANDRILLS BKB_7207_20220603_id7207_feminf.jpg;12
187;217;7207;MANDRILLS BKB_7207_20220606_id7207_feminf (1).jpg;30
240;217;7207;MANDRILLS BKB_7207_20220606_id7207_feminf (2).jpg;23
202;217;7207;MANDRILLS BKB_7207_20220606_id7207_feminf (3).jpg;15
211;217;7207;MANDRILLS BKB_7207_20220606_id7207_feminf (4).jpg;6
187;218;7207;MANDRILLS BKB_7207_20220607_id7207_feminf.jpg;31
206;230;7207;MANDRILLS BKB_7207_20220619_id7207_feminf (1).jpg;24
213;230;7207;MANDRILLS BKB_7207_20220619_id7207_feminf (2).jpg;17
203;230;7207;MANDRILLS BKB_7207_20220619_id7207_feminf (3).jpg;27
218;230;7207;MANDRILLS BKB_7207_20220619_id7207_feminf (4).jpg;12
223;230;7207;MANDRILLS BKB_7207_20220619_id7207_feminf (5).jpg;7
184;234;7207;MANDRILLS BKB_7207_20220623_id7207 (2).jpg;50
210;234;7207;MANDRILLS BKB_7207_20220623_id7207.jpg;24
281;235;7207;MANDRILLS BKB_7207_20220624_id7207_feminf (4).jpg;46
230;235;7207;MANDRILLS BKB_7207_20220624_id7207_feminf (5).jpg;5
210;235;7207;MANDRILLS BKB_7207_20220624_id7207_feminf (6).jpg;25
250;235;7207;MANDRILLS BKB_7207_20220624_id7207_feminf (7).jpg;15
222;249;7207;MANDRILLS BKB_7207_20220708_id7207.jpg;27
234;252;7207;MANDRILLS BKB_7207_20220711_id7207 (2).jpg;18
304;252;7207;MANDRILLS BKB_7207_20220711_id7207.jpg;52
283;255;7207;MANDRILLS BKB_7207_20220714_id7207.jpg;28
231;255;7207;MANDRILLS BKB_7207_20220714_id7207_feminf (1).jpg;24
223;255;7207;MANDRILLS BKB_7207_20220714_id7207_feminf (3).jpg;32
238;257;7207;MANDRILLS BKB_7207_20220716_id7207_feminf.jpg;19
240;258;7207;MANDRILLS BKB_7207_20220717_id7207.jpg;18
273;267;7207;MANDRILLS BKB_7207_20220726_id7207 (2).jpg;6
306;269;7207;MANDRILLS BKB_7207_20220728_id7207 (2).jpg;37
243;269;7207;MANDRILLS BKB_7207_20220728_id7207.jpg;26
308;277;7207;MANDRILLS BKB_7207_20220805_id7207 (1).jpg;31
234;277;7207;MANDRILLS BKB_7207_20220805_id7207 (4).jpg;43
233;277;7207;MANDRILLS BKB_7207_20220805_id7207.jpg;44
264;284;7207;MANDRILLS BKB_7207_20220812_id7207.jpg;20
256;321;7207;MANDRILLS BKB_7207_20220918_id7207 (1).jpg;65
256;321;7207;MANDRILLS BKB_7207_20220918_id7207 (2).jpg;65
305;321;7207;MANDRILLS BKB_7207_20220918_id7207 (3).jpg;16
246;321;7207;MANDRILLS BKB_7207_20220918_id7207 (4).jpg;75
307;329;7207;MANDRILLS BKB_7207_20220926_id7207.jpg;22
401;344;7207;MANDRILLS BKB_7207_20221011_id7207 (2).jpg;57
251;344;7207;MANDRILLS BKB_7207_20221011_id7207.jpg;93
247;346;7207;MANDRILLS BKB_7207_20221013_id7207 (2).jpg;99
253;346;7207;MANDRILLS BKB_7207_20221013_id7207.jpg;93
333;349;7207;MANDRILLS BKB_7207_20221016_id7207.jpg;16
293;352;7207;MANDRILLS BKB_7207_20221019_id7207 (1).jpg;59
337;352;7207;MANDRILLS BKB_7207_20221019_id7207 (2).jpg;15
352;352;7207;MANDRILLS BKB_7207_20221019_id7207 (3).jpg;0
324;363;7207;MANDRILLS BKB_7207_20221030_id7207 (1).jpg;39
299;363;7207;MANDRILLS BKB_7207_20221030_id7207 (2).jpg;64
290;381;7207;MANDRILLS BKB_7207_20221117_id7207 (1).jpg;91
389;381;7207;MANDRILLS BKB_7207_20221117_id7207 (2).jpg;8
301;381;7207;MANDRILLS BKB_7207_20221117_id7207.jpg;80
351;394;7207;MANDRILLS BKB_7207_20221130_id7207.jpg;43
310;400;7207;MANDRILLS BKB_7207_20221206_id7207 (2).jpg;90
268;400;7207;MANDRILLS BKB_7207_20221206_id7207 (3).jpg;132
286;403;7207;MANDRILLS BKB_7207_20221209_id7207.jpg;117
326;405;7207;MANDRILLS BKB_7207_20221211_id7207.jpg;79
342;408;7207;MANDRILLS BKB_7207_20221214_id7207 (1).jpg;66
344;408;7207;MANDRILLS BKB_7207_20221214_id7207 (2).jpg;64
305;412;7207;MANDRILLS BKB_7207_20221218_id7207 (2).jpg;107
322;412;7207;MANDRILLS BKB_7207_20221218_id7207.jpg;90
359;416;7207;MANDRILLS BKB_7207_20221222_id7207.jpg;57
535;418;7207;MANDRILLS BKB_7207_20221224_id7207.jpg;117
24;24;8034;MANDRILLS BKB_8034_20221210_id8034 (1).jpg;0
27;24;8034;MANDRILLS BKB_8034_20221210_id8034 (2).jpg;3
23;25;8034;MANDRILLS BKB_8034_20221211_id8034 (2).jpg;2
24;25;8034;MANDRILLS BKB_8034_20221211_id8034.jpg;1
30;29;8034;MANDRILLS BKB_8034_20221215_id8034 (2).jpg;1
11;4;8193;MANDRILLS BKB_8193_20221210_id8193 (2).jpg;7
21;4;8193;MANDRILLS BKB_8193_20221210_id8193 (3).jpg;17
18;5;8193;MANDRILLS BKB_8193_20221211_id8193.jpg;13
0;2;8212;MANDRILLS BKB_8212_20221209_id8212 (1).jpg;2
15;2;8212;MANDRILLS BKB_8212_20221209_id8212 (4).jpg;13
38;2;8212;MANDRILLS BKB_8212_20221209_id8212 (6).jpg;36
14;8;8212;MANDRILLS BKB_8212_20221215_id8212 (6).jpg;6
8;8;8212;MANDRILLS BKB_8212_20221215_id8212 (8).jpg;0
27;8;8212;MANDRILLS BKB_8212_20221215_id8212 (9).jpg;19
26;2;8213;MANDRILLS BKB_8213_20221121_id8213 1.jpg;24
23;2;8213;MANDRILLS BKB_8213_20221121_id8213 2.jpg;21
30;2;8213;MANDRILLS BKB_8213_20221121_id8213 3.jpg;28
39;2;8213;MANDRILLS BKB_8213_20221121_id8213 4.jpg;37
25;2;8213;MANDRILLS BKB_8213_20221121_id8213 5.jpg;23
25;2;8213;MANDRILLS BKB_8213_20221121_id8213 6.jpg;23
25;2;8213;MANDRILLS BKB_8213_20221121_id8213 7.jpg;23
33;2;8213;MANDRILLS BKB_8213_20221121_id8213 9.jpg;31
31;20;8213;MANDRILLS BKB_8213_20221209_id8213 (1).jpg;11
18;20;8213;MANDRILLS BKB_8213_20221209_id8213 (10).jpg;2
8;20;8213;MANDRILLS BKB_8213_20221209_id8213 (11).jpg;12
32;20;8213;MANDRILLS BKB_8213_20221209_id8213 (2).jpg;12
31;20;8213;MANDRILLS BKB_8213_20221209_id8213 (3).jpg;11
23;20;8213;MANDRILLS BKB_8213_20221209_id8213 (5).jpg;3
22;21;8213;MANDRILLS BKB_8213_20221210_id8213 (1).jpg;1
31;21;8213;MANDRILLS BKB_8213_20221210_id8213 (3).jpg;10
9;21;8213;MANDRILLS BKB_8213_20221210_id8213 (4).jpg;12
39;25;8213;MANDRILLS BKB_8213_20221214_id8213.jpg;14
24;29;8213;MANDRILLS BKB_8213_20221218_id8213.jpg;5
18;5;8226;MANDRILLS BKB_8226_20221209_id8226 (2).jpg;13
75;5;8226;MANDRILLS BKB_8226_20221209_id8226.jpg;70
17;6;8226;MANDRILLS BKB_8226_20221210_id8226 (1).jpg;11
35;8;8226;MANDRILLS BKB_8226_20221212_id8226 (1).jpg;27
44;8;8226;MANDRILLS BKB_8226_20221212_id8226 (3).jpg;36
24;8;8226;MANDRILLS BKB_8226_20221212_id8226 (4).jpg;16
34;10;8226;MANDRILLS BKB_8226_20221214_id8226.jpg;24
33;7;8263;MANDRILLS BKB_8263_20221224_id8263.jpg;26
16;0;8267;MANDRILLS BKB_8267_20221210_id8267 (1).jpg;16
16;0;8267;MANDRILLS BKB_8267_20221210_id8267 (2).jpg;16
23;0;8267;MANDRILLS BKB_8267_20221210_id8267 (3).jpg;23
8;0;8267;MANDRILLS BKB_8267_20221210_id8267 (4).jpg;8
22;4;8267;MANDRILLS BKB_8267_20221214_id8267 (1).jpg;18
18;4;8267;MANDRILLS BKB_8267_20221214_id8267 (2).jpg;14
14;4;8267;MANDRILLS BKB_8267_20221214_id8267 (3).jpg;10
534;147;945;MANDRILLS BKB_945_20150524_id945_maljuv_(1)_ORIGINAL.jpg;387
535;147;945;MANDRILLS BKB_945_20150524_id945_maljuv_(2)_ORIGINAL.jpg;388
551;147;945;MANDRILLS BKB_945_20150524_id945_maljuv_(3)_ORIGINAL.jpg;404
553;147;945;MANDRILLS BKB_945_20150524_id945_maljuv_(4)_ORIGINAL.jpg;406