y_pred;y_true;id;photo_path;error
297;260;102;MANDRILLS BKB_102_20140704_id102_feminf_(1)_ORIGINAL.jpg;37
281;260;102;MANDRILLS BKB_102_20140704_id102_feminf_(2)_ORIGINAL.jpg;21
259;260;102;MANDRILLS BKB_102_20140704_id102_feminf_(3)_ORIGINAL.jpg;1
377;313;102;MANDRILLS BKB_102_20140826_id102_feminf_(1)_ORIGINAL.jpg;64
431;313;102;MANDRILLS BKB_102_20140826_id102_feminf_(2)_ORIGINAL.jpg;118
448;313;102;MANDRILLS BKB_102_20140826_id102_feminf_(3)_ORIGINAL.jpg;135
450;313;102;MANDRILLS BKB_102_20140826_id102_feminf_(4)_ORIGINAL.jpg;137
428;313;102;MANDRILLS BKB_102_20140826_id102_feminf_(5)_ORIGINAL.jpg;115
432;313;102;MANDRILLS BKB_102_20140826_id102_feminf_(6)_ORIGINAL.jpg;119
1440;1001;102;MANDRILLS BKB_102_20160714_id102_femjuv_ORIGINAL.jpg;439
1420;1124;102;MANDRILLS BKB_102_20161114_id102_femjuv_ORIGINAL.jpg;296
2320;1622;102;MANDRILLS BKB_102_20180327_id102_femadu_(1)_ORIGINAL.jpg;698
2148;1622;102;MANDRILLS BKB_102_20180327_id102_femadu_(2)_ORIGINAL.jpg;526
2117;1622;102;MANDRILLS BKB_102_20180327_id102_femadu_(3)_ORIGINAL.jpg;495
2160;1635;102;MANDRILLS BKB_102_20180409_id102_femadu_(1)_ORIGINAL.jpg;525
2355;1635;102;MANDRILLS BKB_102_20180409_id102_femadu_(2)_ORIGINAL.jpg;720
2197;1635;102;MANDRILLS BKB_102_20180409_id102_femadu_(3)_ORIGINAL.jpg;562
1938;1698;102;MANDRILLS BKB_102_20180611_id102_femadu_(1)_ORIGINAL.jpg;240
1960;1698;102;MANDRILLS BKB_102_20180611_id102_femadu_(2)_ORIGINAL.jpg;262
2001;1698;102;MANDRILLS BKB_102_20180611_id102_femadu_(3)_ORIGINAL.jpg;303
1961;1698;102;MANDRILLS BKB_102_20180611_id102_femadu_(4)_ORIGINAL.jpg;263
1899;1698;102;MANDRILLS BKB_102_20180611_id102_femadu_(5)_ORIGINAL.jpg;201
2060;1698;102;MANDRILLS BKB_102_20180611_id102_femadu_(6)_ORIGINAL.jpg;362
2015;1707;102;MANDRILLS BKB_102_20180620_id102_femadu_(1)_ORIGINAL.jpg;308
2087;1707;102;MANDRILLS BKB_102_20180620_id102_femadu_(2)_ORIGINAL.jpg;380
2088;1707;102;MANDRILLS BKB_102_20180620_id102_femadu_(3)_ORIGINAL.jpg;381
2068;1707;102;MANDRILLS BKB_102_20180620_id102_femadu_(4)_ORIGINAL.jpg;361
2022;1707;102;MANDRILLS BKB_102_20180620_id102_femadu_(5)_ORIGINAL.jpg;315
1970;1707;102;MANDRILLS BKB_102_20180620_id102_femadu_(6)_ORIGINAL.jpg;263
2026;1707;102;MANDRILLS BKB_102_20180620_id102_femadu_(7)_ORIGINAL.jpg;319
2069;1707;102;MANDRILLS BKB_102_20180620_id102_femadu_(8)_ORIGINAL.jpg;362
2322;1724;102;MANDRILLS BKB_102_20180707_id102_femadu_(1)_ORIGINAL.jpg;598
2264;1724;102;MANDRILLS BKB_102_20180707_id102_femadu_(10)_ORIGINAL.jpg;540
2278;1724;102;MANDRILLS BKB_102_20180707_id102_femadu_(11)_ORIGINAL.jpg;554
2252;1724;102;MANDRILLS BKB_102_20180707_id102_femadu_(12)_ORIGINAL.jpg;528
1974;1724;102;MANDRILLS BKB_102_20180707_id102_femadu_(13)_ORIGINAL.jpg;250
2118;1724;102;MANDRILLS BKB_102_20180707_id102_femadu_(14)_ORIGINAL.jpg;394
2285;1724;102;MANDRILLS BKB_102_20180707_id102_femadu_(15)_ORIGINAL.jpg;561
2090;1724;102;MANDRILLS BKB_102_20180707_id102_femadu_(16)_ORIGINAL.jpg;366
2240;1724;102;MANDRILLS BKB_102_20180707_id102_femadu_(7)_ORIGINAL.jpg;516
2012;1724;102;MANDRILLS BKB_102_20180707_id102_femadu_(8)_ORIGINAL.jpg;288
2051;1724;102;MANDRILLS BKB_102_20180707_id102_femadu_(9)_ORIGINAL.jpg;327
2076;1733;102;MANDRILLS BKB_102_20180716_id102_femadu_(1)_ORIGINAL.jpg;343
2112;1733;102;MANDRILLS BKB_102_20180716_id102_femadu_(2)_ORIGINAL.jpg;379
2062;1733;102;MANDRILLS BKB_102_20180716_id102_femadu_(3)_ORIGINAL.jpg;329
2149;1733;102;MANDRILLS BKB_102_20180716_id102_femadu_(4)_ORIGINAL.jpg;416
2051;1733;102;MANDRILLS BKB_102_20180716_id102_femadu_(5)_ORIGINAL.jpg;318
2005;1733;102;MANDRILLS BKB_102_20180716_id102_femadu_(6)_ORIGINAL.jpg;272
1993;1733;102;MANDRILLS BKB_102_20180716_id102_femadu_(7)_ORIGINAL.jpg;260
2225;1736;102;MANDRILLS BKB_102_20180719_id102_femadu_(1)_ORIGINAL.jpg;489
1762;1736;102;MANDRILLS BKB_102_20180719_id102_femadu_(2)_ORIGINAL.jpg;26
1999;1736;102;MANDRILLS BKB_102_20180719_id102_femadu_(3)_ORIGINAL.jpg;263
2007;1736;102;MANDRILLS BKB_102_20180719_id102_femadu_(4)_ORIGINAL.jpg;271
1958;1736;102;MANDRILLS BKB_102_20180719_id102_femadu_(5)_ORIGINAL.jpg;222
2287;1866;102;MANDRILLS BKB_102_20181126_id102_femadu_(1)_ORIGINAL.jpg;421
2200;1866;102;MANDRILLS BKB_102_20181126_id102_femadu_(10)_ORIGINAL.jpg;334
2235;1866;102;MANDRILLS BKB_102_20181126_id102_femadu_(11)_ORIGINAL.jpg;369
2404;1866;102;MANDRILLS BKB_102_20181126_id102_femadu_(2)_ORIGINAL.jpg;538
2224;1866;102;MANDRILLS BKB_102_20181126_id102_femadu_(3)_ORIGINAL.jpg;358
2038;1866;102;MANDRILLS BKB_102_20181126_id102_femadu_(4)_ORIGINAL.jpg;172
2240;1866;102;MANDRILLS BKB_102_20181126_id102_femadu_(5)_ORIGINAL.jpg;374
2252;1866;102;MANDRILLS BKB_102_20181126_id102_femadu_(9)_ORIGINAL.jpg;386
2395;1913;102;MANDRILLS BKB_102_20190112_id102_femadu_DROITE_(1)_ORIGINAL.jpg;482
2328;1913;102;MANDRILLS BKB_102_20190112_id102_femadu_DROITE_(2)_ORIGINAL.jpg;415
2191;1913;102;MANDRILLS BKB_102_20190112_id102_femadu_DROITE_(3)_ORIGINAL.jpg;278
2327;1913;102;MANDRILLS BKB_102_20190112_id102_femadu_DROITE_(4)_ORIGINAL.jpg;414
2412;1913;102;MANDRILLS BKB_102_20190112_id102_femadu_DROITE_(5)_ORIGINAL.jpg;499
2244;1921;102;MANDRILLS BKB_102_20190120_id102_femadu_GAUCHE_(1)_ORIGINAL.jpg;323
2257;1921;102;MANDRILLS BKB_102_20190120_id102_GAUCHE_(10)_ORIGINAL.jpg;336
2187;1921;102;MANDRILLS BKB_102_20190120_id102_GAUCHE_(11)_ORIGINAL.jpg;266
2302;1921;102;MANDRILLS BKB_102_20190120_id102_GAUCHE_(2)_ORIGINAL.jpg;381
2325;1921;102;MANDRILLS BKB_102_20190120_id102_GAUCHE_(3)_ORIGINAL.jpg;404
2395;1921;102;MANDRILLS BKB_102_20190120_id102_GAUCHE_(4)_ORIGINAL.jpg;474
2356;1921;102;MANDRILLS BKB_102_20190120_id102_GAUCHE_(5)_ORIGINAL.jpg;435
2216;1921;102;MANDRILLS BKB_102_20190120_id102_GAUCHE_(6)_ORIGINAL.jpg;295
2292;1921;102;MANDRILLS BKB_102_20190120_id102_GAUCHE_(7)_ORIGINAL.jpg;371
2391;1921;102;MANDRILLS BKB_102_20190120_id102_GAUCHE_(8)_ORIGINAL.jpg;470
2244;1921;102;MANDRILLS BKB_102_20190120_id102_GAUCHE_(9)_ORIGINAL.jpg;323
2248;1979;102;MANDRILLS BKB_102_20190319_id102_femadu_(1).jpg;269
2638;1979;102;MANDRILLS BKB_102_20190319_id102_femadu_(4).jpg;659
2191;1979;102;MANDRILLS BKB_102_20190319_id102_femadu_(5).jpg;212
2528;1979;102;MANDRILLS BKB_102_20190319_id102_femadu_(6).jpg;549
2270;1979;102;MANDRILLS BKB_102_20190319_id102_femadu_DROITE_(1).jpg;291
2372;1979;102;MANDRILLS BKB_102_20190319_id102_femadu_DROITE_(2).jpg;393
2199;1979;102;MANDRILLS BKB_102_20190319_id102_femadu_DROITE_(3).jpg;220
2261;1979;102;MANDRILLS BKB_102_20190319_id102_femadu_DROITE_(4).jpg;282
2311;1979;102;MANDRILLS BKB_102_20190319_id102_femadu_DROITE_(5).jpg;332
2196;1979;102;MANDRILLS BKB_102_20190319_id102_femadu_DROITE_(6).jpg;217
2491;1979;102;MANDRILLS BKB_102_20190319_id102_femadu_GAUCHE.jpg;512
2309;2056;102;MANDRILLS BKB_102_20190604_id102_femadu_(1).jpg;253
2503;2056;102;MANDRILLS BKB_102_20190604_id102_femadu_(2).jpg;447
2053;2056;102;MANDRILLS BKB_102_20190604_id102_femadu_(3).jpg;3
2300;2056;102;MANDRILLS BKB_102_20190604_id102_femadu_(5).jpg;244
5209;2123;102;MANDRILLS BKB_102_20190810_id102_femadu.jpg;3086
2375;2152;102;MANDRILLS BKB_102_20190908_id102_femadu_(2).jpg;223
2377;2152;102;MANDRILLS BKB_102_20190908_id102_femadu_(7).jpg;225
2098;2152;102;MANDRILLS BKB_102_20190908_id102_femadu_(8).jpg;54
2416;2152;102;MANDRILLS BKB_102_20190908_id102_femadu_(9).jpg;264
2807;2202;102;MANDRILLS BKB_102_20191028_id102_femadu_(1).jpg;605
3096;2202;102;MANDRILLS BKB_102_20191028_id102_femadu_(2).jpg;894
2489;2346;102;MANDRILLS BKB_102_20200320_id102_femadu_(1).jpg;143
2549;2346;102;MANDRILLS BKB_102_20200320_id102_femadu_(2).jpg;203
2549;2388;102;MANDRILLS BKB_102_20200501_id102_femadu.jpg;161
2698;2390;102;MANDRILLS BKB_102_20200503_id102_femadu.jpg;308
2506;2562;102;MANDRILLS BKB_102_20201022_id102_femadu_(1).jpg;56
2696;2562;102;MANDRILLS BKB_102_20201022_id102_femadu_(2).jpg;134
2893;2575;102;MANDRILLS BKB_102_20201104_id102_femadu_(1).jpg;318
2803;2575;102;MANDRILLS BKB_102_20201104_id102_femadu_(2).jpg;228
3488;2575;102;MANDRILLS BKB_102_20201104_id102_femadu_(3).jpg;913
5475;2575;102;MANDRILLS BKB_102_20201104_id102_femadu_(4).jpg;2900
3255;2635;102;MANDRILLS BKB_102_20210103_id102_femadu_(1).jpg;620
4420;2635;102;MANDRILLS BKB_102_20210103_id102_femadu_(2).jpg;1785
3581;2645;102;MANDRILLS BKB_102_20210113_id102_femadu_(1).jpg;936
3153;2645;102;MANDRILLS BKB_102_20210113_id102_femadu_(2).jpg;508
3461;2645;102;MANDRILLS BKB_102_20210113_id102_femadu_(3).jpg;816
6884;2645;102;MANDRILLS BKB_102_20210113_id102_femadu_(4).jpg;4239
3141;2645;102;MANDRILLS BKB_102_20210113_id102_femadu_(5).jpg;496
4113;2645;102;MANDRILLS BKB_102_20210113_id102_femadu_(6).jpg;1468
6132;2645;102;MANDRILLS BKB_102_20210113_id102_femadu_(7).jpg;3487
5089;2661;102;MANDRILLS BKB_102_20210129_id102_femadu.jpg;2428
2883;2662;102;MANDRILLS BKB_102_20210130_id102_femadu_(1).jpg;221
2660;2662;102;MANDRILLS BKB_102_20210130_id102_femadu_(2).jpg;2
2685;2662;102;MANDRILLS BKB_102_20210130_id102_femadu_(3).jpg;23
2822;2669;102;MANDRILLS BKB_102_20210206_id102_femadu.jpg;153
2594;2674;102;MANDRILLS BKB_102_20210211_id102_femadu_(1).jpg;80
2502;2674;102;MANDRILLS BKB_102_20210211_id102_femadu_(2).jpg;172
2793;2727;102;MANDRILLS BKB_102_20210405_id102_femadu_(1).jpg;66
2634;2727;102;MANDRILLS BKB_102_20210405_id102_femadu_(2).jpg;93
2597;2732;102;MANDRILLS BKB_102_20210410_id102_femadu.jpg;135
3141;2765;102;MANDRILLS BKB_102_20210513_id102_femadu_(1).jpg;376
2834;2765;102;MANDRILLS BKB_102_20210513_id102_femadu_(2).jpg;69
3106;2765;102;MANDRILLS BKB_102_20210513_id102_femadu_(3).jpg;341
2645;2804;102;MANDRILLS BKB_102_20210621_id102_femadu_(1).jpg;159
3051;2836;102;MANDRILLS BKB_102_20210723_id102_femadu_(1).jpg;215
2903;2836;102;MANDRILLS BKB_102_20210723_id102_femadu_(2).jpg;67
2826;2836;102;MANDRILLS BKB_102_20210723_id102_femadu_(3).jpg;10
2323;2884;102;MANDRILLS BKB_102_20210909_id102_femadu.jpg;561
2655;2902;102;MANDRILLS BKB_102_20210927_id102_femadu.jpg;247
2909;2910;102;MANDRILLS BKB_102_20211005_id102_femadu_(1).jpg;1
2991;2910;102;MANDRILLS BKB_102_20211005_id102_femadu_(2).jpg;81
2832;2910;102;MANDRILLS BKB_102_20211005_id102_femadu_(4).jpg;78
2866;2910;102;MANDRILLS BKB_102_20211005_id102_femadu_(5).jpg;44
2350;2910;102;MANDRILLS BKB_102_20211005_id102_femadu_(6).jpg;560
2722;2910;102;MANDRILLS BKB_102_20211005_id102_femadu_(8).jpg;188
3116;2923;102;MANDRILLS BKB_102_20211018_id102_femadu.jpg;193
3144;2927;102;MANDRILLS BKB_102_20211022_id102_femadu.jpg;217
3216;2954;102;MANDRILLS BKB_102_20211118_id102_femadu.jpg;262
2801;2955;102;MANDRILLS BKB_102_20211119_id102_femadu.jpg;154
3167;2992;102;MANDRILLS BKB_102_20211226_id102_femadu_(1).jpg;175
3147;2992;102;MANDRILLS BKB_102_20211226_id102_femadu_(2).jpg;155
2886;3030;102;MANDRILLS BKB_102_20220202_id102_femadu (1).jpg;144
3107;3030;102;MANDRILLS BKB_102_20220202_id102_femadu (2).jpg;77
3430;3045;102;MANDRILLS BKB_102_20220217_id102_femadu (1).jpg;385
3143;3045;102;MANDRILLS BKB_102_20220217_id102_femadu (2).jpg;98
2818;3045;102;MANDRILLS BKB_102_20220217_id102_femadu (3).jpg;227
3223;3051;102;MANDRILLS BKB_102_20220223_id102_femadu.jpg;172
2989;3060;102;MANDRILLS BKB_102_20220304_id102_femadu (1).jpg;71
3358;3060;102;MANDRILLS BKB_102_20220304_id102_femadu (2).jpg;298
2846;3063;102;MANDRILLS BKB_102_20220307_id102_femadu.jpg;217
3132;3070;102;MANDRILLS BKB_102_20220314_id102_femadu.jpg;62
3234;3086;102;MANDRILLS BKB_102_20220330_id102_femadu (1).jpg;148
2769;3086;102;MANDRILLS BKB_102_20220330_id102_femadu (2).jpg;317
3267;3105;102;MANDRILLS BKB_102_20220418_id102_femadu (1).jpg;162
3104;3105;102;MANDRILLS BKB_102_20220418_id102_femadu (3).jpg;1
3455;3113;102;MANDRILLS BKB_102_20220426_id102_fejadu.jpg;342
3273;3114;102;MANDRILLS BKB_102_20220427_id102_femadu.jpg;159
4235;3134;102;MANDRILLS BKB_102_20220517_id102_femadu.jpg;1101
3351;3151;102;MANDRILLS BKB_102_20220603_id102_ femadu.jpg;200
3200;3151;102;MANDRILLS BKB_102_20220603_id102_femadu (1).jpg;49
3310;3151;102;MANDRILLS BKB_102_20220603_id102_femadu (2).jpg;159
3388;3151;102;MANDRILLS BKB_102_20220603_id102_femadu (3).jpg;237
2675;3169;102;MANDRILLS BKB_102_20220621_id102_femadu.jpg;494
3326;3177;102;MANDRILLS BKB_102_20220629_id102.jpg;149
2962;3187;102;MANDRILLS BKB_102_20220709_id102 (2).jpg;225
2887;3187;102;MANDRILLS BKB_102_20220709_id102.jpg;300
3121;3194;102;MANDRILLS BKB_102_20220716_id102_femadu (1).jpg;73
3371;3194;102;MANDRILLS BKB_102_20220716_id102_femadu (2).jpg;177
3151;3203;102;MANDRILLS BKB_102_20220725_id102 (2).jpg;52
3162;3203;102;MANDRILLS BKB_102_20220725_id102.jpg;41
3205;3204;102;MANDRILLS BKB_102_20220726_id102.jpg;1
2998;3206;102;MANDRILLS BKB_102_20220728_id102.jpg;208
3548;3217;102;MANDRILLS BKB_102_20220808_id102 (1).jpg;331
2920;3217;102;MANDRILLS BKB_102_20220808_id102 (3).jpg;297
2918;3221;102;MANDRILLS BKB_102_20220812_id102 (1).jpg;303
3265;3221;102;MANDRILLS BKB_102_20220812_id102 (2).jpg;44
3291;3235;102;MANDRILLS BKB_102_20220826_id102 (1).jpg;56
2773;3235;102;MANDRILLS BKB_102_20220826_id102 (2).jpg;462
2977;3239;102;MANDRILLS BKB_102_20220830_id102.jpg;262
2987;3245;102;MANDRILLS BKB_102_20220905_id102.jpg;258
4708;3254;102;MANDRILLS BKB_102_20220914_id102.jpg;1454
2901;3275;102;MANDRILLS BKB_102_20221005_id102 (1).jpg;374
3157;3275;102;MANDRILLS BKB_102_20221005_id102 (2).jpg;118
3105;3291;102;MANDRILLS BKB_102_20221021_id102 (1).jpg;186
6524;3291;102;MANDRILLS BKB_102_20221021_id102 (2).jpg;3233
3096;3293;102;MANDRILLS BKB_102_20221023_id102.jpg;197
2871;3297;102;MANDRILLS BKB_102_20221027_id102.jpg;426
7583;3303;102;MANDRILLS BKB_102_20221102_id102.jpg;4280
4365;3315;102;MANDRILLS BKB_102_20221114_id102.jpg;1050
3074;3317;102;MANDRILLS BKB_102_20221116_id102 (1).jpg;243
2964;3317;102;MANDRILLS BKB_102_20221116_id102 (2).jpg;353
3874;3324;102;MANDRILLS BKB_102_20221123_id102.jpg;550
3081;3326;102;MANDRILLS BKB_102_20221125_id102 (1).jpg;245
7366;3326;102;MANDRILLS BKB_102_20221125_id102 (2).jpg;4040
7024;3331;102;MANDRILLS BKB_102_20221130_id102.jpg;3693
6096;3341;102;MANDRILLS BKB_102_20221210_id102 (1).jpg;2755
6961;3341;102;MANDRILLS BKB_102_20221210_id102 (2).jpg;3620
7426;3345;102;MANDRILLS BKB_102_20221214_id102 (1).jpg;4081
186;153;121;MANDRILLS BKB_121_20140315_id121_malinf_(1)_ORIGINAL.jpg;33
160;153;121;MANDRILLS BKB_121_20140315_id121_malinf_(10)_ORIGINAL.jpg;7
157;153;121;MANDRILLS BKB_121_20140315_id121_malinf_(11)_ORIGINAL.jpg;4
196;153;121;MANDRILLS BKB_121_20140315_id121_malinf_(12)_ORIGINAL.jpg;43
167;153;121;MANDRILLS BKB_121_20140315_id121_malinf_(13)_ORIGINAL.jpg;14
194;153;121;MANDRILLS BKB_121_20140315_id121_malinf_(14)_ORIGINAL.jpg;41
218;153;121;MANDRILLS BKB_121_20140315_id121_malinf_(15)_ORIGINAL.jpg;65
200;153;121;MANDRILLS BKB_121_20140315_id121_malinf_(16)_ORIGINAL.jpg;47
230;153;121;MANDRILLS BKB_121_20140315_id121_malinf_(17)_ORIGINAL.jpg;77
230;153;121;MANDRILLS BKB_121_20140315_id121_malinf_(18)_ORIGINAL.jpg;77
254;153;121;MANDRILLS BKB_121_20140315_id121_malinf_(19)_ORIGINAL.jpg;101
337;153;121;MANDRILLS BKB_121_20140315_id121_malinf_(2)_ORIGINAL.jpg;184
183;153;121;MANDRILLS BKB_121_20140315_id121_malinf_(21)_ORIGINAL.jpg;30
204;153;121;MANDRILLS BKB_121_20140315_id121_malinf_(22)_ORIGINAL.jpg;51
177;153;121;MANDRILLS BKB_121_20140315_id121_malinf_(23)_ORIGINAL.jpg;24
213;153;121;MANDRILLS BKB_121_20140315_id121_malinf_(4)_ORIGINAL.jpg;60
178;153;121;MANDRILLS BKB_121_20140315_id121_malinf_(5)_ORIGINAL.jpg;25
100;153;121;MANDRILLS BKB_121_20140315_id121_malinf_(7)_ORIGINAL.jpg;53
168;153;121;MANDRILLS BKB_121_20140315_id121_malinf_(8)_ORIGINAL.jpg;15
165;153;121;MANDRILLS BKB_121_20140315_id121_malinf_(9)_ORIGINAL.jpg;12
193;154;121;MANDRILLS BKB_121_20140316_id121_malinf_(10)_ORIGINAL.jpg;39
256;154;121;MANDRILLS BKB_121_20140316_id121_malinf_(11)_ORIGINAL.jpg;102
213;154;121;MANDRILLS BKB_121_20140316_id121_malinf_(13)_ORIGINAL.jpg;59
162;154;121;MANDRILLS BKB_121_20140316_id121_malinf_(14)_ORIGINAL.jpg;8
203;154;121;MANDRILLS BKB_121_20140316_id121_malinf_(15)_ORIGINAL.jpg;49
253;154;121;MANDRILLS BKB_121_20140316_id121_malinf_(16)_ORIGINAL.jpg;99
300;154;121;MANDRILLS BKB_121_20140316_id121_malinf_(17)_ORIGINAL.jpg;146
260;154;121;MANDRILLS BKB_121_20140316_id121_malinf_(18)_ORIGINAL.jpg;106
227;154;121;MANDRILLS BKB_121_20140316_id121_malinf_(19)_ORIGINAL.jpg;73
200;154;121;MANDRILLS BKB_121_20140316_id121_malinf_(20)_ORIGINAL.jpg;46
199;154;121;MANDRILLS BKB_121_20140316_id121_malinf_(21)_ORIGINAL.jpg;45
209;154;121;MANDRILLS BKB_121_20140316_id121_malinf_(22)_ORIGINAL.jpg;55
234;154;121;MANDRILLS BKB_121_20140316_id121_malinf_(23)_ORIGINAL.jpg;80
188;154;121;MANDRILLS BKB_121_20140316_id121_malinf_(24)_ORIGINAL.jpg;34
204;154;121;MANDRILLS BKB_121_20140316_id121_malinf_(25)_ORIGINAL.jpg;50
169;154;121;MANDRILLS BKB_121_20140316_id121_malinf_(26)_ORIGINAL.jpg;15
204;154;121;MANDRILLS BKB_121_20140316_id121_malinf_(27)_ORIGINAL.jpg;50
177;154;121;MANDRILLS BKB_121_20140316_id121_malinf_(28)_ORIGINAL.jpg;23
239;154;121;MANDRILLS BKB_121_20140316_id121_malinf_(29)_ORIGINAL.jpg;85
268;154;121;MANDRILLS BKB_121_20140316_id121_malinf_(3)_ORIGINAL.jpg;114
213;154;121;MANDRILLS BKB_121_20140316_id121_malinf_(30)_ORIGINAL.jpg;59
239;154;121;MANDRILLS BKB_121_20140316_id121_malinf_(31)_ORIGINAL.jpg;85
227;154;121;MANDRILLS BKB_121_20140316_id121_malinf_(32)_ORIGINAL.jpg;73
244;154;121;MANDRILLS BKB_121_20140316_id121_malinf_(33)_ORIGINAL.jpg;90
244;154;121;MANDRILLS BKB_121_20140316_id121_malinf_(34)_ORIGINAL.jpg;90
213;154;121;MANDRILLS BKB_121_20140316_id121_malinf_(35)_ORIGINAL.jpg;59
223;154;121;MANDRILLS BKB_121_20140316_id121_malinf_(36)_ORIGINAL.jpg;69
186;154;121;MANDRILLS BKB_121_20140316_id121_malinf_(37)_ORIGINAL.jpg;32
227;154;121;MANDRILLS BKB_121_20140316_id121_malinf_(38)_ORIGINAL.jpg;73
245;154;121;MANDRILLS BKB_121_20140316_id121_malinf_(4)_ORIGINAL.jpg;91
251;154;121;MANDRILLS BKB_121_20140316_id121_malinf_(5)_ORIGINAL.jpg;97
196;154;121;MANDRILLS BKB_121_20140316_id121_malinf_(6)_ORIGINAL.jpg;42
201;154;121;MANDRILLS BKB_121_20140316_id121_malinf_(7)_ORIGINAL.jpg;47
282;154;121;MANDRILLS BKB_121_20140316_id121_malinf_(8)_ORIGINAL.jpg;128
249;154;121;MANDRILLS BKB_121_20140316_id121_malinf_(9)_ORIGINAL.jpg;95
686;780;121;MANDRILLS BKB_121_20151202_id121_maljuv_(1)_ORIGINAL.jpg;94
1048;780;121;MANDRILLS BKB_121_20151202_id121_maljuv_(2)_ORIGINAL.jpg;268
714;780;121;MANDRILLS BKB_121_20151202_id121_maljuv_(3)_ORIGINAL.jpg;66
706;780;121;MANDRILLS BKB_121_20151202_id121_maljuv_(4)_ORIGINAL.jpg;74
719;780;121;MANDRILLS BKB_121_20151202_id121_maljuv_(5)_ORIGINAL.jpg;61
1799;1705;121;MANDRILLS BKB_121_20180614_id121_malado_(1)_ORIGINAL.jpg;94
1787;1705;121;MANDRILLS BKB_121_20180614_id121_malado_(10)_ORIGINAL.jpg;82
1764;1705;121;MANDRILLS BKB_121_20180614_id121_malado_(11)_ORIGINAL.jpg;59
1775;1705;121;MANDRILLS BKB_121_20180614_id121_malado_(12)_ORIGINAL.jpg;70
1737;1705;121;MANDRILLS BKB_121_20180614_id121_malado_(13)_ORIGINAL.jpg;32
1754;1705;121;MANDRILLS BKB_121_20180614_id121_malado_(14)_ORIGINAL.jpg;49
1702;1705;121;MANDRILLS BKB_121_20180614_id121_malado_(15)_ORIGINAL.jpg;3
1822;1705;121;MANDRILLS BKB_121_20180614_id121_malado_(16)_ORIGINAL.jpg;117
1671;1705;121;MANDRILLS BKB_121_20180614_id121_malado_(17)_ORIGINAL.jpg;34
1790;1705;121;MANDRILLS BKB_121_20180614_id121_malado_(18)_ORIGINAL.jpg;85
1746;1705;121;MANDRILLS BKB_121_20180614_id121_malado_(19)_ORIGINAL.jpg;41
1751;1705;121;MANDRILLS BKB_121_20180614_id121_malado_(2)_ORIGINAL.jpg;46
1764;1705;121;MANDRILLS BKB_121_20180614_id121_malado_(20)_ORIGINAL.jpg;59
1769;1705;121;MANDRILLS BKB_121_20180614_id121_malado_(21)_ORIGINAL.jpg;64
1754;1705;121;MANDRILLS BKB_121_20180614_id121_malado_(4)_ORIGINAL.jpg;49
1755;1705;121;MANDRILLS BKB_121_20180614_id121_malado_(5)_ORIGINAL.jpg;50
1815;1705;121;MANDRILLS BKB_121_20180614_id121_malado_(6)_ORIGINAL.jpg;110
1712;1705;121;MANDRILLS BKB_121_20180614_id121_malado_(7)_ORIGINAL.jpg;7
1860;1705;121;MANDRILLS BKB_121_20180614_id121_malado_(8)_ORIGINAL.jpg;155
1726;1705;121;MANDRILLS BKB_121_20180614_id121_malado_(9)_ORIGINAL.jpg;21
1657;1710;121;MANDRILLS BKB_121_20180619_id121_malado_(1)_ORIGINAL.jpg;53
1880;1710;121;MANDRILLS BKB_121_20180619_id121_malado_(4)_ORIGINAL.jpg;170
1699;1710;121;MANDRILLS BKB_121_20180619_id121_malado_(5)_ORIGINAL.jpg;11
1750;1710;121;MANDRILLS BKB_121_20180619_id121_malado_(6)_ORIGINAL.jpg;40
1653;1710;121;MANDRILLS BKB_121_20180619_id121_malado_(7)_ORIGINAL.jpg;57
1860;1711;121;MANDRILLS BKB_121_20180620_id121_malado_(1)_ORIGINAL.jpg;149
2131;1711;121;MANDRILLS BKB_121_20180620_id121_malado_(10)_ORIGINAL.jpg;420
1793;1711;121;MANDRILLS BKB_121_20180620_id121_malado_(11)_ORIGINAL.jpg;82
1793;1711;121;MANDRILLS BKB_121_20180620_id121_malado_(12)_ORIGINAL.jpg;82
1752;1711;121;MANDRILLS BKB_121_20180620_id121_malado_(13)_ORIGINAL.jpg;41
1762;1711;121;MANDRILLS BKB_121_20180620_id121_malado_(14)_ORIGINAL.jpg;51
1911;1711;121;MANDRILLS BKB_121_20180620_id121_malado_(15)_ORIGINAL.jpg;200
1779;1711;121;MANDRILLS BKB_121_20180620_id121_malado_(16)_ORIGINAL.jpg;68
1725;1711;121;MANDRILLS BKB_121_20180620_id121_malado_(17)_ORIGINAL.jpg;14
1869;1711;121;MANDRILLS BKB_121_20180620_id121_malado_(18)_ORIGINAL.jpg;158
1980;1711;121;MANDRILLS BKB_121_20180620_id121_malado_(19)_ORIGINAL.jpg;269
1842;1711;121;MANDRILLS BKB_121_20180620_id121_malado_(2)_ORIGINAL.jpg;131
1952;1711;121;MANDRILLS BKB_121_20180620_id121_malado_(20)_ORIGINAL.jpg;241
2015;1711;121;MANDRILLS BKB_121_20180620_id121_malado_(21)_ORIGINAL.jpg;304
2030;1711;121;MANDRILLS BKB_121_20180620_id121_malado_(22)_ORIGINAL.jpg;319
1989;1711;121;MANDRILLS BKB_121_20180620_id121_malado_(23)_ORIGINAL.jpg;278
1839;1711;121;MANDRILLS BKB_121_20180620_id121_malado_(24)_ORIGINAL.jpg;128
1901;1711;121;MANDRILLS BKB_121_20180620_id121_malado_(25)_ORIGINAL.jpg;190
1943;1711;121;MANDRILLS BKB_121_20180620_id121_malado_(26)_ORIGINAL.jpg;232
1930;1711;121;MANDRILLS BKB_121_20180620_id121_malado_(28)_ORIGINAL.jpg;219
1865;1711;121;MANDRILLS BKB_121_20180620_id121_malado_(29)_ORIGINAL.jpg;154
1895;1711;121;MANDRILLS BKB_121_20180620_id121_malado_(3)_ORIGINAL.jpg;184
1920;1711;121;MANDRILLS BKB_121_20180620_id121_malado_(30)_ORIGINAL.jpg;209
1998;1711;121;MANDRILLS BKB_121_20180620_id121_malado_(33)_ORIGINAL.jpg;287
1889;1711;121;MANDRILLS BKB_121_20180620_id121_malado_(34)_ORIGINAL.jpg;178
1805;1711;121;MANDRILLS BKB_121_20180620_id121_malado_(35)_ORIGINAL.jpg;94
1840;1711;121;MANDRILLS BKB_121_20180620_id121_malado_(36)_ORIGINAL.jpg;129
1797;1711;121;MANDRILLS BKB_121_20180620_id121_malado_(38)_ORIGINAL.jpg;86
1858;1711;121;MANDRILLS BKB_121_20180620_id121_malado_(4)_ORIGINAL.jpg;147
1818;1711;121;MANDRILLS BKB_121_20180620_id121_malado_(40)_ORIGINAL.jpg;107
1770;1711;121;MANDRILLS BKB_121_20180620_id121_malado_(41)_ORIGINAL.jpg;59
1769;1711;121;MANDRILLS BKB_121_20180620_id121_malado_(42)_ORIGINAL.jpg;58
1876;1711;121;MANDRILLS BKB_121_20180620_id121_malado_(43)_ORIGINAL.jpg;165
1841;1711;121;MANDRILLS BKB_121_20180620_id121_malado_(44)_ORIGINAL.jpg;130
1935;1711;121;MANDRILLS BKB_121_20180620_id121_malado_(45)_ORIGINAL.jpg;224
1902;1711;121;MANDRILLS BKB_121_20180620_id121_malado_(46)_ORIGINAL.jpg;191
1872;1711;121;MANDRILLS BKB_121_20180620_id121_malado_(47)_ORIGINAL.jpg;161
1906;1711;121;MANDRILLS BKB_121_20180620_id121_malado_(48)_ORIGINAL.jpg;195
2130;1711;121;MANDRILLS BKB_121_20180620_id121_malado_(49)_ORIGINAL.jpg;419
1778;1711;121;MANDRILLS BKB_121_20180620_id121_malado_(50)_ORIGINAL.jpg;67
1863;1711;121;MANDRILLS BKB_121_20180620_id121_malado_(51)_ORIGINAL.jpg;152
1865;1711;121;MANDRILLS BKB_121_20180620_id121_malado_(52)_ORIGINAL.jpg;154
1835;1711;121;MANDRILLS BKB_121_20180620_id121_malado_(53)_ORIGINAL.jpg;124
1891;1711;121;MANDRILLS BKB_121_20180620_id121_malado_(54)_ORIGINAL.jpg;180
1757;1711;121;MANDRILLS BKB_121_20180620_id121_malado_(56)_ORIGINAL.jpg;46
1787;1711;121;MANDRILLS BKB_121_20180620_id121_malado_(57)_ORIGINAL.jpg;76
1800;1711;121;MANDRILLS BKB_121_20180620_id121_malado_(59)_ORIGINAL.jpg;89
2080;1711;121;MANDRILLS BKB_121_20180620_id121_malado_(6)_ORIGINAL.jpg;369
1739;1711;121;MANDRILLS BKB_121_20180620_id121_malado_(61)_ORIGINAL.jpg;28
1719;1711;121;MANDRILLS BKB_121_20180620_id121_malado_(62)_ORIGINAL.jpg;8
1752;1711;121;MANDRILLS BKB_121_20180620_id121_malado_(64)_ORIGINAL.jpg;41
1708;1711;121;MANDRILLS BKB_121_20180620_id121_malado_(66)_ORIGINAL.jpg;3
1797;1711;121;MANDRILLS BKB_121_20180620_id121_malado_(68)_ORIGINAL.jpg;86
1767;1711;121;MANDRILLS BKB_121_20180620_id121_malado_(69)_ORIGINAL.jpg;56
1798;1711;121;MANDRILLS BKB_121_20180620_id121_malado_(7)_ORIGINAL.jpg;87
1702;1711;121;MANDRILLS BKB_121_20180620_id121_malado_(71)_ORIGINAL.jpg;9
1845;1711;121;MANDRILLS BKB_121_20180620_id121_malado_(72)_ORIGINAL.jpg;134
1722;1711;121;MANDRILLS BKB_121_20180620_id121_malado_(73)_ORIGINAL.jpg;11
1771;1711;121;MANDRILLS BKB_121_20180620_id121_malado_(75)_ORIGINAL.jpg;60
1822;1711;121;MANDRILLS BKB_121_20180620_id121_malado_(76)_ORIGINAL.jpg;111
1837;1711;121;MANDRILLS BKB_121_20180620_id121_malado_(77)_ORIGINAL.jpg;126
1795;1711;121;MANDRILLS BKB_121_20180620_id121_malado_(8)_ORIGINAL.jpg;84
1767;1711;121;MANDRILLS BKB_121_20180620_id121_malado_(9)_ORIGINAL.jpg;56
1660;1724;121;MANDRILLS BKB_121_20180703_id121_malado_ORIGINAL.jpg;64
1831;1727;121;MANDRILLS BKB_121_20180706_id121_malado_(1)_ORIGINAL.jpg;104
1978;1727;121;MANDRILLS BKB_121_20180706_id121_malado_(2)_ORIGINAL.jpg;251
1871;1727;121;MANDRILLS BKB_121_20180706_id121_malado_(3)_ORIGINAL.jpg;144
1812;1727;121;MANDRILLS BKB_121_20180706_id121_malado_(4)_ORIGINAL.jpg;85
1848;1727;121;MANDRILLS BKB_121_20180706_id121_malado_(5)_ORIGINAL.jpg;121
1847;1727;121;MANDRILLS BKB_121_20180706_id121_malado_(6)_ORIGINAL.jpg;120
1854;1740;121;MANDRILLS BKB_121_20180719_id121_malado_(2)_ORIGINAL.jpg;114
1645;1740;121;MANDRILLS BKB_121_20180719_id121_malado_(3)_ORIGINAL.jpg;95
1982;1745;121;MANDRILLS BKB_121_20180724_id121_malado_(1)_ORIGINAL.jpg;237
2008;1745;121;MANDRILLS BKB_121_20180724_id121_malado_(2)_ORIGINAL.jpg;263
1988;1745;121;MANDRILLS BKB_121_20180724_id121_malado_(3)_ORIGINAL.jpg;243
1878;1748;121;MANDRILLS BKB_121_20180727_id121_malado_(1)_ORIGINAL.jpg;130
2057;1748;121;MANDRILLS BKB_121_20180727_id121_malado_(2)_ORIGINAL.jpg;309
1767;1748;121;MANDRILLS BKB_121_20180727_id121_malado_(3)_ORIGINAL.jpg;19
1790;1748;121;MANDRILLS BKB_121_20180727_id121_malado_(4)_ORIGINAL.jpg;42
1860;1748;121;MANDRILLS BKB_121_20180727_id121_malado_(5)_ORIGINAL.jpg;112
1959;1748;121;MANDRILLS BKB_121_20180727_id121_malado_(6)_ORIGINAL.jpg;211
1829;1748;121;MANDRILLS BKB_121_20180727_id121_malado_(7)_ORIGINAL.jpg;81
1870;1748;121;MANDRILLS BKB_121_20180727_id121_malado_(8)_ORIGINAL.jpg;122
1616;1752;121;MANDRILLS BKB_121_20180731_id121_malado_(1)_ORIGINAL.jpg;136
1782;1752;121;MANDRILLS BKB_121_20180731_id121_malado_(2)_ORIGINAL.jpg;30
1848;1752;121;MANDRILLS BKB_121_20180731_id121_malado_(3)_ORIGINAL.jpg;96
2138;1775;121;MANDRILLS BKB_121_20180823_id121_maladoDERRIERE_(2)_ORIGINAL.jpg;363
2031;1775;121;MANDRILLS BKB_121_20180823_id121_maladoDERRIERE_(3)_ORIGINAL.jpg;256
1959;1775;121;MANDRILLS BKB_121_20180823_id121_maladoDERRIERE_(4)_ORIGINAL.jpg;184
2032;1775;121;MANDRILLS BKB_121_20180823_id121_maladoDERRIERE_(5)_ORIGINAL.jpg;257
1795;1868;121;MANDRILLS BKB_121_20181124_id121_malado_(1)_ORIGINAL.jpg;73
1829;1868;121;MANDRILLS BKB_121_20181124_id121_malado_(10)_ORIGINAL.jpg;39
1908;1868;121;MANDRILLS BKB_121_20181124_id121_malado_(11)_ORIGINAL.jpg;40
1822;1868;121;MANDRILLS BKB_121_20181124_id121_malado_(12)_ORIGINAL.jpg;46
1869;1868;121;MANDRILLS BKB_121_20181124_id121_malado_(13)_ORIGINAL.jpg;1
1780;1868;121;MANDRILLS BKB_121_20181124_id121_malado_(2)_ORIGINAL.jpg;88
2041;1868;121;MANDRILLS BKB_121_20181124_id121_malado_(5)_ORIGINAL.jpg;173
1747;1868;121;MANDRILLS BKB_121_20181124_id121_malado_(6)_ORIGINAL.jpg;121
1789;1868;121;MANDRILLS BKB_121_20181124_id121_malado_(7)_ORIGINAL.jpg;79
1896;1868;121;MANDRILLS BKB_121_20181124_id121_malado_(8)_ORIGINAL.jpg;28
1858;1868;121;MANDRILLS BKB_121_20181124_id121_malado_(9)_ORIGINAL.jpg;10
1988;1933;121;MANDRILLS BKB_121_20190128_id121_malado_(1)_ORIGINAL.jpg;55
1827;1933;121;MANDRILLS BKB_121_20190128_id121_malado_(10)_ORIGINAL.jpg;106
1859;1933;121;MANDRILLS BKB_121_20190128_id121_malado_(11)_ORIGINAL.jpg;74
1929;1933;121;MANDRILLS BKB_121_20190128_id121_malado_(12)_ORIGINAL.jpg;4
1967;1933;121;MANDRILLS BKB_121_20190128_id121_malado_(13)_ORIGINAL.jpg;34
1905;1933;121;MANDRILLS BKB_121_20190128_id121_malado_(14)_ORIGINAL.jpg;28
1892;1933;121;MANDRILLS BKB_121_20190128_id121_malado_(15)_ORIGINAL.jpg;41
1941;1933;121;MANDRILLS BKB_121_20190128_id121_malado_(16)_ORIGINAL.jpg;8
1805;1933;121;MANDRILLS BKB_121_20190128_id121_malado_(17)_ORIGINAL.jpg;128
1933;1933;121;MANDRILLS BKB_121_20190128_id121_malado_(18)_ORIGINAL.jpg;0
1922;1933;121;MANDRILLS BKB_121_20190128_id121_malado_(19)_ORIGINAL.jpg;11
2088;1933;121;MANDRILLS BKB_121_20190128_id121_malado_(2)_ORIGINAL.jpg;155
1925;1933;121;MANDRILLS BKB_121_20190128_id121_malado_(20)_ORIGINAL.jpg;8
1873;1933;121;MANDRILLS BKB_121_20190128_id121_malado_(21)_ORIGINAL.jpg;60
1904;1933;121;MANDRILLS BKB_121_20190128_id121_malado_(22)_ORIGINAL.jpg;29
1973;1933;121;MANDRILLS BKB_121_20190128_id121_malado_(23)_ORIGINAL.jpg;40
1962;1933;121;MANDRILLS BKB_121_20190128_id121_malado_(24)_ORIGINAL.jpg;29
2066;1933;121;MANDRILLS BKB_121_20190128_id121_malado_(25)_ORIGINAL.jpg;133
2060;1933;121;MANDRILLS BKB_121_20190128_id121_malado_(26)_ORIGINAL.jpg;127
1950;1933;121;MANDRILLS BKB_121_20190128_id121_malado_(27)_ORIGINAL.jpg;17
1998;1933;121;MANDRILLS BKB_121_20190128_id121_malado_(28)_ORIGINAL.jpg;65
1915;1933;121;MANDRILLS BKB_121_20190128_id121_malado_(29)_ORIGINAL.jpg;18
1914;1933;121;MANDRILLS BKB_121_20190128_id121_malado_(3)_ORIGINAL.jpg;19
1999;1933;121;MANDRILLS BKB_121_20190128_id121_malado_(30)_ORIGINAL.jpg;66
2062;1933;121;MANDRILLS BKB_121_20190128_id121_malado_(31)_ORIGINAL.jpg;129
1975;1933;121;MANDRILLS BKB_121_20190128_id121_malado_(32)_ORIGINAL.jpg;42
1950;1933;121;MANDRILLS BKB_121_20190128_id121_malado_(33)_ORIGINAL.jpg;17
2038;1933;121;MANDRILLS BKB_121_20190128_id121_malado_(34)_ORIGINAL.jpg;105
2092;1933;121;MANDRILLS BKB_121_20190128_id121_malado_(35)_ORIGINAL.jpg;159
1988;1933;121;MANDRILLS BKB_121_20190128_id121_malado_(36)_ORIGINAL.jpg;55
1850;1933;121;MANDRILLS BKB_121_20190128_id121_malado_(37)_ORIGINAL.jpg;83
1803;1933;121;MANDRILLS BKB_121_20190128_id121_malado_(38)_ORIGINAL.jpg;130
1725;1933;121;MANDRILLS BKB_121_20190128_id121_malado_(39)_ORIGINAL.jpg;208
1867;1933;121;MANDRILLS BKB_121_20190128_id121_malado_(4)_ORIGINAL.jpg;66
1781;1933;121;MANDRILLS BKB_121_20190128_id121_malado_(40)_ORIGINAL.jpg;152
1637;1933;121;MANDRILLS BKB_121_20190128_id121_malado_(41)_ORIGINAL.jpg;296
1604;1933;121;MANDRILLS BKB_121_20190128_id121_malado_(42)_ORIGINAL.jpg;329
1668;1933;121;MANDRILLS BKB_121_20190128_id121_malado_(43)_ORIGINAL.jpg;265
2033;1933;121;MANDRILLS BKB_121_20190128_id121_malado_(44)_ORIGINAL.jpg;100
2017;1933;121;MANDRILLS BKB_121_20190128_id121_malado_(45)_ORIGINAL.jpg;84
2154;1933;121;MANDRILLS BKB_121_20190128_id121_malado_(46)_ORIGINAL.jpg;221
1940;1933;121;MANDRILLS BKB_121_20190128_id121_malado_(5)_ORIGINAL.jpg;7
1873;1933;121;MANDRILLS BKB_121_20190128_id121_malado_(6)_ORIGINAL.jpg;60
1759;1933;121;MANDRILLS BKB_121_20190128_id121_malado_(7)_ORIGINAL.jpg;174
1821;1933;121;MANDRILLS BKB_121_20190128_id121_malado_(8)_ORIGINAL.jpg;112
1943;1933;121;MANDRILLS BKB_121_20190128_id121_malado_(9)_ORIGINAL.jpg;10
1948;1940;121;MANDRILLS BKB_121_20190204_id121_malado_(1)_ORIGINAL.jpg;8
1974;1940;121;MANDRILLS BKB_121_20190204_id121_malado_(3)_ORIGINAL.jpg;34
2004;1940;121;MANDRILLS BKB_121_20190204_id121_malado_(5)_ORIGINAL.jpg;64
1995;1940;121;MANDRILLS BKB_121_20190204_id121_malado_(7)_ORIGINAL.jpg;55
2003;1940;121;MANDRILLS BKB_121_20190204_id121_malado_(9)_ORIGINAL.jpg;63
2003;1948;121;MANDRILLS BKB_121_20190212_id121_malado_(1)_ORIGINAL.jpg;55
2046;1948;121;MANDRILLS BKB_121_20190212_id121_malado_(10)_ORIGINAL.jpg;98
2007;1948;121;MANDRILLS BKB_121_20190212_id121_malado_(11)_ORIGINAL.jpg;59
2100;1948;121;MANDRILLS BKB_121_20190212_id121_malado_(12)_ORIGINAL.jpg;152
2087;1948;121;MANDRILLS BKB_121_20190212_id121_malado_(13)_ORIGINAL.jpg;139
2052;1948;121;MANDRILLS BKB_121_20190212_id121_malado_(14)_ORIGINAL.jpg;104
2116;1948;121;MANDRILLS BKB_121_20190212_id121_malado_(16)_ORIGINAL.jpg;168
2064;1948;121;MANDRILLS BKB_121_20190212_id121_malado_(17)_ORIGINAL.jpg;116
2018;1948;121;MANDRILLS BKB_121_20190212_id121_malado_(18)_ORIGINAL.jpg;70
1988;1948;121;MANDRILLS BKB_121_20190212_id121_malado_(19)_ORIGINAL.jpg;40
2033;1948;121;MANDRILLS BKB_121_20190212_id121_malado_(20)_ORIGINAL.jpg;85
2007;1948;121;MANDRILLS BKB_121_20190212_id121_malado_(21)_ORIGINAL.jpg;59
1924;1948;121;MANDRILLS BKB_121_20190212_id121_malado_(22)_ORIGINAL.jpg;24
2000;1948;121;MANDRILLS BKB_121_20190212_id121_malado_(3)_ORIGINAL.jpg;52
2031;1948;121;MANDRILLS BKB_121_20190212_id121_malado_(4)_ORIGINAL.jpg;83
2069;1948;121;MANDRILLS BKB_121_20190212_id121_malado_(5)_ORIGINAL.jpg;121
2079;1948;121;MANDRILLS BKB_121_20190212_id121_malado_(6)_ORIGINAL.jpg;131
2011;1948;121;MANDRILLS BKB_121_20190212_id121_malado_(8)_ORIGINAL.jpg;63
1988;1948;121;MANDRILLS BKB_121_20190212_id121_malado_(9)_ORIGINAL.jpg;40
2118;1976;121;MANDRILLS BKB_121_20190312_id121_malado_(1).jpg;142
2112;1976;121;MANDRILLS BKB_121_20190312_id121_malado_(10).jpg;136
1856;1976;121;MANDRILLS BKB_121_20190312_id121_malado_(11).jpg;120
1849;1976;121;MANDRILLS BKB_121_20190312_id121_malado_(2).jpg;127
1926;1976;121;MANDRILLS BKB_121_20190312_id121_malado_(3).jpg;50
2034;1976;121;MANDRILLS BKB_121_20190312_id121_malado_(4).jpg;58
2242;1976;121;MANDRILLS BKB_121_20190312_id121_malado_(5).jpg;266
2103;1976;121;MANDRILLS BKB_121_20190312_id121_malado_(6).jpg;127
2138;1976;121;MANDRILLS BKB_121_20190312_id121_malado_(7).jpg;162
2098;1976;121;MANDRILLS BKB_121_20190312_id121_malado_(8).jpg;122
2022;1976;121;MANDRILLS BKB_121_20190312_id121_malado_(9).jpg;46
2069;1977;121;MANDRILLS BKB_121_20190313_id121_malado_(2).jpg;92
1959;1977;121;MANDRILLS BKB_121_20190313_id121_malado_(3).jpg;18
1995;1977;121;MANDRILLS BKB_121_20190313_id121_malado_(4).jpg;18
2250;1979;121;MANDRILLS BKB_121_20190315_id121_malado_(1).jpg;271
2047;1979;121;MANDRILLS BKB_121_20190315_id121_malado_(2).jpg;68
2194;1979;121;MANDRILLS BKB_121_20190315_id121_malado_(3).jpg;215
2045;1981;121;MANDRILLS BKB_121_20190317_id121_malado_(1).jpg;64
2046;1981;121;MANDRILLS BKB_121_20190317_id121_malado_(2).jpg;65
2075;1981;121;MANDRILLS BKB_121_20190317_id121_malado_(3).jpg;94
1993;1981;121;MANDRILLS BKB_121_20190317_id121_malado_(4).jpg;12
2041;1981;121;MANDRILLS BKB_121_20190317_id121_malado_(5).jpg;60
2057;1981;121;MANDRILLS BKB_121_20190317_id121_malado_(6).jpg;76
2159;1983;121;MANDRILLS BKB_121_20190319_id121_malado_(2).jpg;176
2002;1983;121;MANDRILLS BKB_121_20190319_id121_malado_(3).jpg;19
2171;1983;121;MANDRILLS BKB_121_20190319_id121_malado_(4).jpg;188
2028;1983;121;MANDRILLS BKB_121_20190319_id121_malado_(5).jpg;45
1976;1983;121;MANDRILLS BKB_121_20190319_id121_malado_(6).jpg;7
2038;1987;121;MANDRILLS BKB_121_20190323_id121_malado_(1).jpg;51
2100;1987;121;MANDRILLS BKB_121_20190323_id121_malado_(2).jpg;113
2130;1987;121;MANDRILLS BKB_121_20190323_id121_malado_(3).jpg;143
1991;1988;121;MANDRILLS BKB_121_20190324_id121_malado_(1).jpg;3
1907;1988;121;MANDRILLS BKB_121_20190324_id121_malado_(2).jpg;81
2049;1988;121;MANDRILLS BKB_121_20190324_id121_malado_(3).jpg;61
2183;2092;121;MANDRILLS BKB_121_20190706_id121_malado_(2).jpg;91
2154;2094;121;MANDRILLS BKB_121_20190708_id121_malado_(1).jpg;60
2079;2094;121;MANDRILLS BKB_121_20190708_id121_malado_(10).jpg;15
2116;2094;121;MANDRILLS BKB_121_20190708_id121_malado_(13).jpg;22
2111;2094;121;MANDRILLS BKB_121_20190708_id121_malado_(14).jpg;17
2055;2094;121;MANDRILLS BKB_121_20190708_id121_malado_(15).jpg;39
2116;2094;121;MANDRILLS BKB_121_20190708_id121_malado_(16).jpg;22
2116;2094;121;MANDRILLS BKB_121_20190708_id121_malado_(18).jpg;22
2063;2094;121;MANDRILLS BKB_121_20190708_id121_malado_(19).jpg;31
2181;2094;121;MANDRILLS BKB_121_20190708_id121_malado_(2).jpg;87
2148;2094;121;MANDRILLS BKB_121_20190708_id121_malado_(20).jpg;54
2140;2094;121;MANDRILLS BKB_121_20190708_id121_malado_(21).jpg;46
2138;2094;121;MANDRILLS BKB_121_20190708_id121_malado_(22).jpg;44
2132;2094;121;MANDRILLS BKB_121_20190708_id121_malado_(24).jpg;38
2145;2094;121;MANDRILLS BKB_121_20190708_id121_malado_(26).jpg;51
2130;2094;121;MANDRILLS BKB_121_20190708_id121_malado_(27).jpg;36
2107;2094;121;MANDRILLS BKB_121_20190708_id121_malado_(28).jpg;13
2160;2094;121;MANDRILLS BKB_121_20190708_id121_malado_(29).jpg;66
2114;2094;121;MANDRILLS BKB_121_20190708_id121_malado_(3).jpg;20
2175;2094;121;MANDRILLS BKB_121_20190708_id121_malado_(30).jpg;81
2169;2094;121;MANDRILLS BKB_121_20190708_id121_malado_(31).jpg;75
2162;2094;121;MANDRILLS BKB_121_20190708_id121_malado_(32).jpg;68
2025;2094;121;MANDRILLS BKB_121_20190708_id121_malado_(33).jpg;69
2030;2094;121;MANDRILLS BKB_121_20190708_id121_malado_(34).jpg;64
2106;2094;121;MANDRILLS BKB_121_20190708_id121_malado_(36).jpg;12
2089;2094;121;MANDRILLS BKB_121_20190708_id121_malado_(37).jpg;5
2031;2094;121;MANDRILLS BKB_121_20190708_id121_malado_(38).jpg;63
2076;2094;121;MANDRILLS BKB_121_20190708_id121_malado_(39).jpg;18
2122;2094;121;MANDRILLS BKB_121_20190708_id121_malado_(4).jpg;28
2019;2094;121;MANDRILLS BKB_121_20190708_id121_malado_(40).jpg;75
2102;2094;121;MANDRILLS BKB_121_20190708_id121_malado_(41).jpg;8
2128;2094;121;MANDRILLS BKB_121_20190708_id121_malado_(42).jpg;34
2054;2094;121;MANDRILLS BKB_121_20190708_id121_malado_(43).jpg;40
2097;2094;121;MANDRILLS BKB_121_20190708_id121_malado_(46).jpg;3
2075;2094;121;MANDRILLS BKB_121_20190708_id121_malado_(47).jpg;19
2151;2094;121;MANDRILLS BKB_121_20190708_id121_malado_(48).jpg;57
2103;2094;121;MANDRILLS BKB_121_20190708_id121_malado_(49).jpg;9
2092;2094;121;MANDRILLS BKB_121_20190708_id121_malado_(5).jpg;2
2074;2094;121;MANDRILLS BKB_121_20190708_id121_malado_(50).jpg;20
2059;2094;121;MANDRILLS BKB_121_20190708_id121_malado_(51).jpg;35
2179;2094;121;MANDRILLS BKB_121_20190708_id121_malado_(52).jpg;85
2056;2094;121;MANDRILLS BKB_121_20190708_id121_malado_(54).jpg;38
2074;2094;121;MANDRILLS BKB_121_20190708_id121_malado_(55).jpg;20
2078;2094;121;MANDRILLS BKB_121_20190708_id121_malado_(57).jpg;16
2111;2094;121;MANDRILLS BKB_121_20190708_id121_malado_(58).jpg;17
2087;2094;121;MANDRILLS BKB_121_20190708_id121_malado_(60).jpg;7
2104;2094;121;MANDRILLS BKB_121_20190708_id121_malado_(62).jpg;10
2154;2094;121;MANDRILLS BKB_121_20190708_id121_malado_(7).jpg;60
2126;2094;121;MANDRILLS BKB_121_20190708_id121_malado_(8).jpg;32
2253;2127;121;MANDRILLS BKB_121_20190810_id121_malado.jpg;126
2302;2222;121;MANDRILLS BKB_121_20191113_id121_malado_(1).jpg;80
2268;2222;121;MANDRILLS BKB_121_20191113_id121_malado_(2).jpg;46
2251;2222;121;MANDRILLS BKB_121_20191113_id121_malado_(3).jpg;29
2625;2563;121;MANDRILLS BKB_121_20201019_id121_malsub.jpg;62
2560;2566;121;MANDRILLS BKB_121_20201022_id121_malsub_(1).jpg;6
2541;2566;121;MANDRILLS BKB_121_20201022_id121_malsub_(2).jpg;25
2581;2566;121;MANDRILLS BKB_121_20201022_id121_malsub_(3).jpg;15
2542;2566;121;MANDRILLS BKB_121_20201022_id121_malsub_(4).jpg;24
2502;2566;121;MANDRILLS BKB_121_20201022_id121_malsub_(5).jpg;64
2535;2566;121;MANDRILLS BKB_121_20201022_id121_malsub_(6).jpg;31
2503;2566;121;MANDRILLS BKB_121_20201022_id121_malsub_(7).jpg;63
2516;2566;121;MANDRILLS BKB_121_20201022_id121_malsub_(8).jpg;50
2534;2566;121;MANDRILLS BKB_121_20201022_id121_malsub_(9).jpg;32
2375;2578;121;MANDRILLS BKB_121_20201103_id121_malsub.jpg;203
2442;2582;121;MANDRILLS BKB_121_20201107_id121_malsub_(1).jpg;140
2582;2582;121;MANDRILLS BKB_121_20201107_id121_malsub_(2).jpg;0
2438;2585;121;MANDRILLS BKB_121_20201110_id121_malsub.jpg;147
2464;2644;121;MANDRILLS BKB_121_20210108_id121_malsub.jpg;180
2726;2654;121;MANDRILLS BKB_121_20210118_id121_malsub.jpg;72
2718;2672;121;MANDRILLS BKB_121_20210205_id121_malsub_(1).jpg;46
2754;2672;121;MANDRILLS BKB_121_20210205_id121_malsub_(2).jpg;82
2624;2703;121;MANDRILLS BKB_121_20210308_id121_malsub_(1).jpg;79
2509;2703;121;MANDRILLS BKB_121_20210308_id121_malsub_(2).jpg;194
2534;2703;121;MANDRILLS BKB_121_20210308_id121_malsub_(3).jpg;169
2650;2724;121;MANDRILLS BKB_121_20210329_id121_malsub.jpg;74
2595;2727;121;MANDRILLS BKB_121_20210401_id121_malsub_(1).jpg;132
2524;2727;121;MANDRILLS BKB_121_20210401_id121_malsub_(2).jpg;203
2681;2731;121;MANDRILLS BKB_121_20210405_id121_malsub.jpg;50
2718;2783;121;MANDRILLS BKB_121_20210527_id121_malsub.jpg;65
2653;2891;121;MANDRILLS BKB_121_20210912_id121_malsub (1).jpg;238
2823;2891;121;MANDRILLS BKB_121_20210912_id121_malsub (2).jpg;68
2916;2898;121;MANDRILLS BKB_121_20210919_id121_malsub (1).jpg;18
3125;2898;121;MANDRILLS BKB_121_20210919_id121_malsub (2).jpg;227
2845;2916;121;MANDRILLS BKB_121_20211007_id121_malsub.jpg;71
2975;2928;121;MANDRILLS BKB_121_20211019_id121_malsub.jpg;47
449;423;123;MANDRILLS BKB_123_20151204_id123_malinf_(1)_ORIGINAL.jpg;26
391;423;123;MANDRILLS BKB_123_20151204_id123_malinf_(2)_ORIGINAL.jpg;32
4593;4088;13;MANDRILLS BKB_13_20120301_id13_femaduDEVANT_(1)_ORIGINAL.jpg;505
3998;4088;13;MANDRILLS BKB_13_20120301_id13_femadu_(11)_ORIGINAL.jpg;90
4622;4088;13;MANDRILLS BKB_13_20120301_id13_femadu_(14)_ORIGINAL.jpg;534
4844;4088;13;MANDRILLS BKB_13_20120301_id13_femadu_(15)_ORIGINAL.jpg;756
4711;4088;13;MANDRILLS BKB_13_20120301_id13_femadu_(19)_ORIGINAL.jpg;623
4660;4088;13;MANDRILLS BKB_13_20120301_id13_femadu_(20)_ORIGINAL.jpg;572
4684;4088;13;MANDRILLS BKB_13_20120301_id13_femadu_(21)_ORIGINAL.jpg;596
4992;4088;13;MANDRILLS BKB_13_20120301_id13_femadu_(23)_ORIGINAL.jpg;904
4150;4088;13;MANDRILLS BKB_13_20120301_id13_femadu_(25)_ORIGINAL.jpg;62
4626;4088;13;MANDRILLS BKB_13_20120301_id13_femadu_(26)_ORIGINAL.jpg;538
4498;4088;13;MANDRILLS BKB_13_20120301_id13_femadu_(27)_ORIGINAL.jpg;410
4360;4088;13;MANDRILLS BKB_13_20120301_id13_femadu_(29)_ORIGINAL.jpg;272
4230;4088;13;MANDRILLS BKB_13_20120301_id13_femadu_(33)_ORIGINAL.jpg;142
4844;4088;13;MANDRILLS BKB_13_20120301_id13_femadu_(4)_ORIGINAL.jpg;756
4573;4088;13;MANDRILLS BKB_13_20120301_id13_femadu_(6)_ORIGINAL.jpg;485
4848;4088;13;MANDRILLS BKB_13_20120301_id13_femadu_(7)_ORIGINAL.jpg;760
4343;4088;13;MANDRILLS BKB_13_20120301_id13_femadu_(8)_ORIGINAL.jpg;255
6350;4137;13;MANDRILLS BKB_13_20120419_id13_femadu_(1)_ORIGINAL.jpg;2213
5107;4137;13;MANDRILLS BKB_13_20120419_id13_femadu_(2)_ORIGINAL.jpg;970
4707;4137;13;MANDRILLS BKB_13_20120419_id13_femadu_(3)_ORIGINAL.jpg;570
5853;4137;13;MANDRILLS BKB_13_20120419_id13_femadu_(4)_ORIGINAL.jpg;1716
6197;4137;13;MANDRILLS BKB_13_20120419_id13_femadu_(5)_ORIGINAL.jpg;2060
3682;4141;13;MANDRILLS BKB_13_20120423_id13_femadu_ORIGINAL.jpg;459
3831;4160;13;MANDRILLS BKB_13_20120512_id13_femaduDROITE_ORIGINAL.jpg;329
5339;4160;13;MANDRILLS BKB_13_20120512_id13_femadu_(1)_ORIGINAL.jpg;1179
5248;4160;13;MANDRILLS BKB_13_20120512_id13_femadu_(2)_ORIGINAL.jpg;1088
4194;4162;13;MANDRILLS BKB_13_20120514_id13_femadu_(1)_ORIGINAL.jpg;32
3794;4162;13;MANDRILLS BKB_13_20120514_id13_femadu_(10)_ORIGINAL.jpg;368
4381;4162;13;MANDRILLS BKB_13_20120514_id13_femadu_(11)_ORIGINAL.jpg;219
4106;4162;13;MANDRILLS BKB_13_20120514_id13_femadu_(12)_ORIGINAL.jpg;56
3820;4162;13;MANDRILLS BKB_13_20120514_id13_femadu_(14)_ORIGINAL.jpg;342
3958;4162;13;MANDRILLS BKB_13_20120514_id13_femadu_(15)_ORIGINAL.jpg;204
3717;4162;13;MANDRILLS BKB_13_20120514_id13_femadu_(2)_ORIGINAL.jpg;445
3598;4162;13;MANDRILLS BKB_13_20120514_id13_femadu_(3)_ORIGINAL.jpg;564
3832;4162;13;MANDRILLS BKB_13_20120514_id13_femadu_(4)_ORIGINAL.jpg;330
4299;4162;13;MANDRILLS BKB_13_20120514_id13_femadu_(5)_ORIGINAL.jpg;137
5307;4162;13;MANDRILLS BKB_13_20120514_id13_femadu_(6)_ORIGINAL.jpg;1145
6366;4162;13;MANDRILLS BKB_13_20120514_id13_femadu_(7)_ORIGINAL.jpg;2204
5579;4162;13;MANDRILLS BKB_13_20120514_id13_femadu_(8)_ORIGINAL.jpg;1417
3798;4162;13;MANDRILLS BKB_13_20120514_id13_femadu_(9)_ORIGINAL.jpg;364
7227;4227;13;MANDRILLS BKB_13_20120718_id13_femadu_ORIGINAL.jpg;3000
4979;4272;13;MANDRILLS BKB_13_20120901_id13_femadu_(2)_ORIGINAL.jpg;707
5073;4272;13;MANDRILLS BKB_13_20120901_id13_femadu_(3)_ORIGINAL.jpg;801
4617;4272;13;MANDRILLS BKB_13_20120901_id13_femadu_(4)_ORIGINAL.jpg;345
5590;4940;13;MANDRILLS BKB_13_20140701_id13_femadu_(5)_ORIGINAL.jpg;650
5032;4940;13;MANDRILLS BKB_13_20140701_id13_femadu_(6)_ORIGINAL.jpg;92
6972;5302;13;MANDRILLS BKB_13_20150628_id13_femadu_(1)_ORIGINAL.jpg;1670
7001;5302;13;MANDRILLS BKB_13_20150628_id13_femadu_(2)_ORIGINAL.jpg;1699
6700;5302;13;MANDRILLS BKB_13_20150628_id13_femadu_ORIGINAL.jpg;1398
6032;5320;13;MANDRILLS BKB_13_20150716_id13_femadu_(1)_ORIGINAL.jpg;712
6042;5320;13;MANDRILLS BKB_13_20150716_id13_femadu_(2)_ORIGINAL.jpg;722
6845;5320;13;MANDRILLS BKB_13_20150716_id13_femadu_(3)_ORIGINAL.jpg;1525
5449;5320;13;MANDRILLS BKB_13_20150716_id13_femadu_(4)_ORIGINAL.jpg;129
3680;5320;13;MANDRILLS BKB_13_20150716_id13_femadu_(5)_ORIGINAL.jpg;1640
6170;5320;13;MANDRILLS BKB_13_20150716_id13_femadu_(6)_ORIGINAL.jpg;850
5550;5460;13;MANDRILLS BKB_13_20151203_id13_femadu_(3)_ORIGINAL.jpg;90
6391;6417;13;MANDRILLS BKB_13_20180717_id13_femadu_(1)_ORIGINAL.jpg;26
6162;6417;13;MANDRILLS BKB_13_20180717_id13_femadu_(2)_ORIGINAL.jpg;255
6941;6433;13;MANDRILLS BKB_13_20180802_id13_femadu_(1)_ORIGINAL.jpg;508
7226;6433;13;MANDRILLS BKB_13_20180802_id13_femadu_(2)_ORIGINAL.jpg;793
6849;6433;13;MANDRILLS BKB_13_20180802_id13_femadu_(3)_ORIGINAL.jpg;416
6508;6433;13;MANDRILLS BKB_13_20180802_id13_femadu_(4)_ORIGINAL.jpg;75
7200;6433;13;MANDRILLS BKB_13_20180802_id13_femadu_(5)_ORIGINAL.jpg;767
7164;6433;13;MANDRILLS BKB_13_20180802_id13_femadu_(6)_ORIGINAL.jpg;731
6673;6433;13;MANDRILLS BKB_13_20180802_id13_femadu_(7)_ORIGINAL.jpg;240
6653;6433;13;MANDRILLS BKB_13_20180802_id13_femadu_(8)_ORIGINAL.jpg;220
6110;6500;13;MANDRILLS BKB_13_20181008_id13_femaduDEVANT_(2)_ORIGINAL.jpg;390
6217;6500;13;MANDRILLS BKB_13_20181008_id13_femaduDEVANT_(3)_ORIGINAL.jpg;283
7423;6656;13;MANDRILLS BKB_13_20190313_id13_femadu_(1).jpg;767
6838;6656;13;MANDRILLS BKB_13_20190313_id13_femadu_(10).jpg;182
6624;6656;13;MANDRILLS BKB_13_20190313_id13_femadu_(11).jpg;32
7419;6656;13;MANDRILLS BKB_13_20190313_id13_femadu_(13).jpg;763
6729;6656;13;MANDRILLS BKB_13_20190313_id13_femadu_(2).jpg;73
6683;6656;13;MANDRILLS BKB_13_20190313_id13_femadu_(3).jpg;27
6718;6656;13;MANDRILLS BKB_13_20190313_id13_femadu_(5).jpg;62
7324;6656;13;MANDRILLS BKB_13_20190313_id13_femadu_(7).jpg;668
6828;6656;13;MANDRILLS BKB_13_20190313_id13_femadu_(9).jpg;172
6566;6656;13;MANDRILLS BKB_13_20190313_id13_femadu_GAUCHE_(1).jpg;90
6148;6656;13;MANDRILLS BKB_13_20190313_id13_femadu_GAUCHE_(2).jpg;508
6779;6660;13;MANDRILLS BKB_13_20190317_id13_femadu.jpg;119
6672;6734;13;MANDRILLS BKB_13_20190530_id13_femadu_GAUCHE.jpg;62
7127;6802;13;MANDRILLS BKB_13_20190806_id13_femadu_(1).jpg;325
7121;6802;13;MANDRILLS BKB_13_20190806_id13_femadu_(2).jpg;319
1517;1386;143;MANDRILLS BKB_143_20180704_id143_femadu_(1)_ORIGINAL.jpg;131
1694;1386;143;MANDRILLS BKB_143_20180704_id143_femadu_(10)_ORIGINAL.jpg;308
1567;1386;143;MANDRILLS BKB_143_20180704_id143_femadu_(11)_ORIGINAL.jpg;181
1742;1386;143;MANDRILLS BKB_143_20180704_id143_femadu_(12)_ORIGINAL.jpg;356
1790;1386;143;MANDRILLS BKB_143_20180704_id143_femadu_(13)_ORIGINAL.jpg;404
1745;1386;143;MANDRILLS BKB_143_20180704_id143_femadu_(14)_ORIGINAL.jpg;359
1781;1386;143;MANDRILLS BKB_143_20180704_id143_femadu_(15)_ORIGINAL.jpg;395
1996;1386;143;MANDRILLS BKB_143_20180704_id143_femadu_(16)_ORIGINAL.jpg;610
1875;1386;143;MANDRILLS BKB_143_20180704_id143_femadu_(17)_ORIGINAL.jpg;489
1950;1386;143;MANDRILLS BKB_143_20180704_id143_femadu_(18)_ORIGINAL.jpg;564
1485;1386;143;MANDRILLS BKB_143_20180704_id143_femadu_(19)_ORIGINAL.jpg;99
1618;1386;143;MANDRILLS BKB_143_20180704_id143_femadu_(2)_ORIGINAL.jpg;232
1673;1386;143;MANDRILLS BKB_143_20180704_id143_femadu_(20)_ORIGINAL.jpg;287
1570;1386;143;MANDRILLS BKB_143_20180704_id143_femadu_(21)_ORIGINAL.jpg;184
1699;1386;143;MANDRILLS BKB_143_20180704_id143_femadu_(22)_ORIGINAL.jpg;313
1673;1386;143;MANDRILLS BKB_143_20180704_id143_femadu_(23)_ORIGINAL.jpg;287
1663;1386;143;MANDRILLS BKB_143_20180704_id143_femadu_(24)_ORIGINAL.jpg;277
1582;1386;143;MANDRILLS BKB_143_20180704_id143_femadu_(25)_ORIGINAL.jpg;196
1704;1386;143;MANDRILLS BKB_143_20180704_id143_femadu_(26)_ORIGINAL.jpg;318
1938;1386;143;MANDRILLS BKB_143_20180704_id143_femadu_(27)_ORIGINAL.jpg;552
1892;1386;143;MANDRILLS BKB_143_20180704_id143_femadu_(28)_ORIGINAL.jpg;506
1924;1386;143;MANDRILLS BKB_143_20180704_id143_femadu_(29)_ORIGINAL.jpg;538
1922;1386;143;MANDRILLS BKB_143_20180704_id143_femadu_(3)_ORIGINAL.jpg;536
1781;1386;143;MANDRILLS BKB_143_20180704_id143_femadu_(30)_ORIGINAL.jpg;395
1492;1386;143;MANDRILLS BKB_143_20180704_id143_femadu_(6)_ORIGINAL.jpg;106
1718;1386;143;MANDRILLS BKB_143_20180704_id143_femadu_(7)_ORIGINAL.jpg;332
1641;1386;143;MANDRILLS BKB_143_20180704_id143_femadu_(8)_ORIGINAL.jpg;255
1757;1386;143;MANDRILLS BKB_143_20180704_id143_femadu_(9)_ORIGINAL.jpg;371
1398;1387;143;MANDRILLS BKB_143_20180705_id143_femadu_(1)_ORIGINAL.jpg;11
1729;1387;143;MANDRILLS BKB_143_20180705_id143_femadu_(10)_ORIGINAL.jpg;342
1641;1387;143;MANDRILLS BKB_143_20180705_id143_femadu_(11)_ORIGINAL.jpg;254
1680;1387;143;MANDRILLS BKB_143_20180705_id143_femadu_(12)_ORIGINAL.jpg;293
1281;1387;143;MANDRILLS BKB_143_20180705_id143_femadu_(13)_ORIGINAL.jpg;106
1250;1387;143;MANDRILLS BKB_143_20180705_id143_femadu_(14)_ORIGINAL.jpg;137
1554;1387;143;MANDRILLS BKB_143_20180705_id143_femadu_(15)_ORIGINAL.jpg;167
1559;1387;143;MANDRILLS BKB_143_20180705_id143_femadu_(16)_ORIGINAL.jpg;172
1500;1387;143;MANDRILLS BKB_143_20180705_id143_femadu_(17)_ORIGINAL.jpg;113
1409;1387;143;MANDRILLS BKB_143_20180705_id143_femadu_(18)_ORIGINAL.jpg;22
1499;1387;143;MANDRILLS BKB_143_20180705_id143_femadu_(19)_ORIGINAL.jpg;112
1663;1387;143;MANDRILLS BKB_143_20180705_id143_femadu_(2)_ORIGINAL.jpg;276
1420;1387;143;MANDRILLS BKB_143_20180705_id143_femadu_(20)_ORIGINAL.jpg;33
1580;1387;143;MANDRILLS BKB_143_20180705_id143_femadu_(21)_ORIGINAL.jpg;193
1358;1387;143;MANDRILLS BKB_143_20180705_id143_femadu_(22)_ORIGINAL.jpg;29
1440;1387;143;MANDRILLS BKB_143_20180705_id143_femadu_(23)_ORIGINAL.jpg;53
1460;1387;143;MANDRILLS BKB_143_20180705_id143_femadu_(24)_ORIGINAL.jpg;73
1358;1387;143;MANDRILLS BKB_143_20180705_id143_femadu_(25)_ORIGINAL.jpg;29
1242;1387;143;MANDRILLS BKB_143_20180705_id143_femadu_(26)_ORIGINAL.jpg;145
1443;1387;143;MANDRILLS BKB_143_20180705_id143_femadu_(27)_ORIGINAL.jpg;56
1365;1387;143;MANDRILLS BKB_143_20180705_id143_femadu_(28)_ORIGINAL.jpg;22
1430;1387;143;MANDRILLS BKB_143_20180705_id143_femadu_(29)_ORIGINAL.jpg;43
1513;1387;143;MANDRILLS BKB_143_20180705_id143_femadu_(3)_ORIGINAL.jpg;126
1544;1387;143;MANDRILLS BKB_143_20180705_id143_femadu_(30)_ORIGINAL.jpg;157
1430;1387;143;MANDRILLS BKB_143_20180705_id143_femadu_(31)_ORIGINAL.jpg;43
1495;1387;143;MANDRILLS BKB_143_20180705_id143_femadu_(32)_ORIGINAL.jpg;108
1496;1387;143;MANDRILLS BKB_143_20180705_id143_femadu_(33)_ORIGINAL.jpg;109
1543;1387;143;MANDRILLS BKB_143_20180705_id143_femadu_(4)_ORIGINAL.jpg;156
1280;1387;143;MANDRILLS BKB_143_20180705_id143_femadu_(5)_ORIGINAL.jpg;107
1495;1387;143;MANDRILLS BKB_143_20180705_id143_femadu_(7)_ORIGINAL.jpg;108
1538;1387;143;MANDRILLS BKB_143_20180705_id143_femadu_(8)_ORIGINAL.jpg;151
1592;1387;143;MANDRILLS BKB_143_20180705_id143_femadu_(9)_ORIGINAL.jpg;205
1627;1389;143;MANDRILLS BKB_143_20180707_id143_femaduGAUCHE_(1)_ORIGINAL.jpg;238
1501;1389;143;MANDRILLS BKB_143_20180707_id143_femaduGAUCHE_(2)_ORIGINAL.jpg;112
1702;1389;143;MANDRILLS BKB_143_20180707_id143_femaduGAUCHE_(3)_ORIGINAL.jpg;313
1663;1389;143;MANDRILLS BKB_143_20180707_id143_femaduGAUCHE_(4)_ORIGINAL.jpg;274
1678;1389;143;MANDRILLS BKB_143_20180707_id143_femaduGAUCHE_(5)_ORIGINAL.jpg;289
1591;1389;143;MANDRILLS BKB_143_20180707_id143_femaduGAUCHE_(6)_ORIGINAL.jpg;202
1483;1389;143;MANDRILLS BKB_143_20180707_id143_femadu_(1)_ORIGINAL.jpg;94
1636;1389;143;MANDRILLS BKB_143_20180707_id143_femadu_(13)_ORIGINAL.jpg;247
1490;1389;143;MANDRILLS BKB_143_20180707_id143_femadu_(14)_ORIGINAL.jpg;101
1668;1389;143;MANDRILLS BKB_143_20180707_id143_femadu_(15)_ORIGINAL.jpg;279
1690;1389;143;MANDRILLS BKB_143_20180707_id143_femadu_(16)_ORIGINAL.jpg;301
1655;1389;143;MANDRILLS BKB_143_20180707_id143_femadu_(17)_ORIGINAL.jpg;266
1585;1389;143;MANDRILLS BKB_143_20180707_id143_femadu_(18)_ORIGINAL.jpg;196
1619;1389;143;MANDRILLS BKB_143_20180707_id143_femadu_(19)_ORIGINAL.jpg;230
1556;1389;143;MANDRILLS BKB_143_20180707_id143_femadu_(2)_ORIGINAL.jpg;167
1621;1389;143;MANDRILLS BKB_143_20180707_id143_femadu_(20)_ORIGINAL.jpg;232
1523;1389;143;MANDRILLS BKB_143_20180707_id143_femadu_(21)_ORIGINAL.jpg;134
1551;1389;143;MANDRILLS BKB_143_20180707_id143_femadu_(22)_ORIGINAL.jpg;162
1569;1389;143;MANDRILLS BKB_143_20180707_id143_femadu_(23)_ORIGINAL.jpg;180
1587;1389;143;MANDRILLS BKB_143_20180707_id143_femadu_(24)_ORIGINAL.jpg;198
1811;1389;143;MANDRILLS BKB_143_20180707_id143_femadu_(25)_ORIGINAL.jpg;422
1701;1389;143;MANDRILLS BKB_143_20180707_id143_femadu_(26)_ORIGINAL.jpg;312
1636;1389;143;MANDRILLS BKB_143_20180707_id143_femadu_(27)_ORIGINAL.jpg;247
1558;1389;143;MANDRILLS BKB_143_20180707_id143_femadu_(28)_ORIGINAL.jpg;169
1648;1389;143;MANDRILLS BKB_143_20180707_id143_femadu_(3)_ORIGINAL.jpg;259
1627;1389;143;MANDRILLS BKB_143_20180707_id143_femadu_(30)_ORIGINAL.jpg;238
1484;1389;143;MANDRILLS BKB_143_20180707_id143_femadu_(4)_ORIGINAL.jpg;95
1535;1389;143;MANDRILLS BKB_143_20180707_id143_femadu_(5)_ORIGINAL.jpg;146
1776;1389;143;MANDRILLS BKB_143_20180707_id143_femadu_(6)_ORIGINAL.jpg;387
1950;1400;143;MANDRILLS BKB_143_20180718_id143_femadu_(1)_ORIGINAL.jpg;550
1555;1400;143;MANDRILLS BKB_143_20180718_id143_femadu_(4)_ORIGINAL.jpg;155
1876;1400;143;MANDRILLS BKB_143_20180718_id143_femadu_(5)_ORIGINAL.jpg;476
1954;1400;143;MANDRILLS BKB_143_20180718_id143_femadu_(6)_ORIGINAL.jpg;554
1991;1400;143;MANDRILLS BKB_143_20180718_id143_femadu_(7)_ORIGINAL.jpg;591
1830;1400;143;MANDRILLS BKB_143_20180718_id143_femadu_(8)_ORIGINAL.jpg;430
1580;1405;143;MANDRILLS BKB_143_20180723_id143_femadu_(1)_ORIGINAL.jpg;175
1855;1409;143;MANDRILLS BKB_143_20180727_id143_femadu_(1)_ORIGINAL.jpg;446
1828;1409;143;MANDRILLS BKB_143_20180727_id143_femadu_(2)_ORIGINAL.jpg;419
1877;1409;143;MANDRILLS BKB_143_20180727_id143_femadu_(3)_ORIGINAL.jpg;468
1968;1531;143;MANDRILLS BKB_143_20181126_id143_femadu_(1)_ORIGINAL.jpg;437
1842;1531;143;MANDRILLS BKB_143_20181126_id143_femadu_(2)_ORIGINAL.jpg;311
1898;1531;143;MANDRILLS BKB_143_20181126_id143_femadu_(3)_ORIGINAL.jpg;367
1907;1531;143;MANDRILLS BKB_143_20181126_id143_femadu_(4)_ORIGINAL.jpg;376
1826;1531;143;MANDRILLS BKB_143_20181126_id143_femadu_(5)_ORIGINAL.jpg;295
1768;1531;143;MANDRILLS BKB_143_20181126_id143_femadu_(6)_ORIGINAL.jpg;237
1839;1531;143;MANDRILLS BKB_143_20181126_id143_femadu_(7)_ORIGINAL.jpg;308
1700;1531;143;MANDRILLS BKB_143_20181126_id143_femadu_(8)_ORIGINAL.jpg;169
1862;1531;143;MANDRILLS BKB_143_20181126_id143_femadu_(9)_ORIGINAL.jpg;331
2171;1638;143;MANDRILLS BKB_143_20190313_id143_femadu_(1).jpg;533
2037;1638;143;MANDRILLS BKB_143_20190313_id143_femadu_(2).jpg;399
1902;1686;143;MANDRILLS BKB_143_20190430_id143_femadu_CENTRE.jpg;216
2009;1721;143;MANDRILLS BKB_143_20190604_id143_femadu_(1).jpg;288
1967;1721;143;MANDRILLS BKB_143_20190604_id143_femadu_(2).jpg;246
2206;1721;143;MANDRILLS BKB_143_20190604_id143_femadu_(7).jpg;485
1907;1735;143;MANDRILLS BKB_143_20190618_id143_femadu_(2).jpg;172
2339;1763;143;MANDRILLS BKB_143_20190716_id143_femadu_(2).jpg;576
2559;1815;143;MANDRILLS BKB_143_20190906_id143_femadu_(1).jpg;744
2281;1815;143;MANDRILLS BKB_143_20190906_id143_femadu_(2).jpg;466
2181;1815;143;MANDRILLS BKB_143_20190906_id143_femadu_(3).jpg;366
2232;1815;143;MANDRILLS BKB_143_20190906_id143_femadu_(4).jpg;417
2171;1815;143;MANDRILLS BKB_143_20190906_id143_femadu_(5).jpg;356
2137;1815;143;MANDRILLS BKB_143_20190906_id143_femadu_(6).jpg;322
2301;1815;143;MANDRILLS BKB_143_20190906_id143_femadu_(7).jpg;486
2411;1815;143;MANDRILLS BKB_143_20190906_id143_femadu_(8).jpg;596
2271;1815;143;MANDRILLS BKB_143_20190906_id143_femadu_(9).jpg;456
2235;1868;143;MANDRILLS BKB_143_20191029_id143_femadu.jpg;367
2582;2058;143;MANDRILLS BKB_143_20200506_id143_femadu_(1).jpg;524
2495;2058;143;MANDRILLS BKB_143_20200506_id143_femadu_(2).jpg;437
2404;2058;143;MANDRILLS BKB_143_20200506_id143_femadu_(3).jpg;346
2414;2058;143;MANDRILLS BKB_143_20200506_id143_femadu_(4).jpg;356
2449;2058;143;MANDRILLS BKB_143_20200506_id143_femadu_(5).jpg;391
2921;2234;143;MANDRILLS BKB_143_20201029_id143_femadu.jpg;687
2976;2243;143;MANDRILLS BKB_143_20201107_id143_femadu_(1).jpg;733
3025;2243;143;MANDRILLS BKB_143_20201107_id143_femadu_(2).jpg;782
2995;2243;143;MANDRILLS BKB_143_20201107_id143_femadu_(3).jpg;752
2397;2243;143;MANDRILLS BKB_143_20201107_id143_femadu_(4).jpg;154
2567;2283;143;MANDRILLS BKB_143_20201217_id143_femadu_(3).jpg;284
2733;2303;143;MANDRILLS BKB_143_20210106_id143_femadu.jpg;430
2741;2322;143;MANDRILLS BKB_143_20210125_id143_femadu.jpg;419
2309;2326;143;MANDRILLS BKB_143_20210129_id143_femadu.jpg;17
2527;2327;143;MANDRILLS BKB_143_20210130_id143_femadu_(1).jpg;200
2535;2327;143;MANDRILLS BKB_143_20210130_id143_femadu_(2).jpg;208
2977;2331;143;MANDRILLS BKB_143_20210203_id143_femadu_(2).jpg;646
2740;2331;143;MANDRILLS BKB_143_20210203_id143_femadu_(3).jpg;409
2876;2342;143;MANDRILLS BKB_143_20210214_id143_femadu.jpg;534
2422;2397;143;MANDRILLS BKB_143_20210410_id143_femadu.jpg;25
2978;2552;143;MANDRILLS BKB_143_20210912_id143_femadu.jpg;426
2128;2556;143;MANDRILLS BKB_143_20210916_id143_femadu (1).jpg;428
2433;2559;143;MANDRILLS BKB_143_20210919_id143_femadu.jpg;126
3142;2562;143;MANDRILLS BKB_143_20210922_id143_femadu.jpg;580
3097;2603;143;MANDRILLS BKB_143_20211102_id143_femadu_(1).jpg;494
2864;2603;143;MANDRILLS BKB_143_20211102_id143_femadu_(3).jpg;261
3225;2620;143;MANDRILLS BKB_143_20211119_id143_femadu_(1).jpg;605
2583;2620;143;MANDRILLS BKB_143_20211119_id143_femadu_(2).jpg;37
2742;2627;143;MANDRILLS BKB_143_20211126_id143_femadu_(2).jpg;115
2683;2627;143;MANDRILLS BKB_143_20211126_id143_femadu_(3).jpg;56
2929;2694;143;MANDRILLS BKB_143_20220201_id143_femadu (1).jpg;235
2711;2694;143;MANDRILLS BKB_143_20220201_id143_femadu (2).jpg;17
3184;2704;143;MANDRILLS BKB_143_20220211_id143_femadu (1).jpg;480
2890;2704;143;MANDRILLS BKB_143_20220211_id143_femadu (2).jpg;186
3018;2742;143;MANDRILLS BKB_143_20220321_id143_femadu (1).jpg;276
3167;2742;143;MANDRILLS BKB_143_20220321_id143_femadu (2).jpg;425
2881;2750;143;MANDRILLS BKB_143_20220329_id143_femadu.jpg;131
2477;2751;143;MANDRILLS BKB_143_20220330_id143_femadu (2).jpg;274
3200;2753;143;MANDRILLS BKB_143_20220401_id143_femadu (1).jpg;447
2990;2753;143;MANDRILLS BKB_143_20220401_id143_femadu (2).jpg;237
2845;2798;143;MANDRILLS BKB_143_20220516_id143_femadu (1).jpg;47
2729;2798;143;MANDRILLS BKB_143_20220516_id143_femadu (2).jpg;69
3280;2799;143;MANDRILLS BKB_143_20220517_id143_femadu (1).jpg;481
3277;2799;143;MANDRILLS BKB_143_20220517_id143_femadu (3).jpg;478
3121;2799;143;MANDRILLS BKB_143_20220517_id143_femadu (4).jpg;322
3010;2817;143;MANDRILLS BKB_143_20220604_id143_femadu (1).jpg;193
2735;2842;143;MANDRILLS BKB_143_20220629_id143.jpg;107
3165;2844;143;MANDRILLS BKB_143_20220701_id143.jpg;321
3235;2856;143;MANDRILLS BKB_143_20220713_id143.jpg;379
3308;2857;143;MANDRILLS BKB_143_20220714_id143_femadu (1).jpg;451
3107;2857;143;MANDRILLS BKB_143_20220714_id143_femadu (2).jpg;250
3071;2857;143;MANDRILLS BKB_143_20220714_id143_femadu (3).jpg;214
3219;2860;143;MANDRILLS BKB_143_20220717_id143.jpg;359
2948;2868;143;MANDRILLS BKB_143_20220725_id143.jpg;80
3000;2886;143;MANDRILLS BKB_143_20220812_id143.jpg;114
3042;2889;143;MANDRILLS BKB_143_20220815_id143.jpg;153
3081;2897;143;MANDRILLS BKB_143_20220823_id143 (3).jpg;184
2902;2897;143;MANDRILLS BKB_143_20220823_id143.jpg;5
3444;2900;143;MANDRILLS BKB_143_20220826_id143 (2).jpg;544
3074;2910;143;MANDRILLS BKB_143_20220905_id143.jpg;164
3031;2912;143;MANDRILLS BKB_143_20220907_id143.jpg;119
2842;2914;143;MANDRILLS BKB_143_20220909_id143.jpg;72
3361;2916;143;MANDRILLS BKB_143_20220911_id143.jpg;445
2994;2917;143;MANDRILLS BKB_143_20220912_id143.jpg;77
3446;2962;143;MANDRILLS BKB_143_20221027_id143 (1).jpg;484
3274;2962;143;MANDRILLS BKB_143_20221027_id143 (2).jpg;312
3116;2964;143;MANDRILLS BKB_143_20221029_id143.jpg;152
3180;2980;143;MANDRILLS BKB_143_20221114_id143.jpg;200
2918;2982;143;MANDRILLS BKB_143_20221116_id143.jpg;64
3264;3006;143;MANDRILLS BKB_143_20221210_id143.jpg;258
2682;3007;143;MANDRILLS BKB_143_20221211_id143.jpg;325
2976;3010;143;MANDRILLS BKB_143_20221214_id143 (2).jpg;34
2987;3010;143;MANDRILLS BKB_143_20221214_id143.jpg;23
2644;3014;143;MANDRILLS BKB_143_20221218_id143.jpg;370
3226;3018;143;MANDRILLS BKB_143_20221222_id143.jpg;208
1388;1359;161;MANDRILLS BKB_161_20180711_161_femadu_(1)_ORIGINAL.jpg;29
1318;1359;161;MANDRILLS BKB_161_20180711_161_femadu_(2)_ORIGINAL.jpg;41
1290;1359;161;MANDRILLS BKB_161_20180711_161_femadu_(3)_ORIGINAL.jpg;69
1401;1359;161;MANDRILLS BKB_161_20180711_161_femadu_(4)_ORIGINAL.jpg;42
1438;1359;161;MANDRILLS BKB_161_20180711_161_femadu_(5)_ORIGINAL.jpg;79
1394;1359;161;MANDRILLS BKB_161_20180711_161_femadu_(6)_ORIGINAL.jpg;35
1394;1371;161;MANDRILLS BKB_161_20180723_id161_femadu_(2)_ORIGINAL.jpg;23
1508;1371;161;MANDRILLS BKB_161_20180723_id161_femadu_(3)_ORIGINAL.jpg;137
1195;1374;161;MANDRILLS BKB_161_20180726_id161_femadu_(1)_ORIGINAL.jpg;179
1388;1374;161;MANDRILLS BKB_161_20180726_id161_femadu_(2)_ORIGINAL.jpg;14
1334;1374;161;MANDRILLS BKB_161_20180726_id161_femadu_(3)_ORIGINAL.jpg;40
1262;1374;161;MANDRILLS BKB_161_20180726_id161_femadu_(4)_ORIGINAL.jpg;112
1311;1374;161;MANDRILLS BKB_161_20180726_id161_femadu_(5)_ORIGINAL.jpg;63
1280;1374;161;MANDRILLS BKB_161_20180726_id161_femadu_(6)_ORIGINAL.jpg;94
1260;1374;161;MANDRILLS BKB_161_20180726_id161_femadu_(7)_ORIGINAL.jpg;114
1297;1395;161;MANDRILLS BKB_161_20180816_id161_femadu_(1)_ORIGINAL.jpg;98
1266;1395;161;MANDRILLS BKB_161_20180816_id161_femadu_(2)_ORIGINAL.jpg;129
1724;1606;161;MANDRILLS BKB_161_20190315_id161_femadu_(1).jpg;118
1673;1606;161;MANDRILLS BKB_161_20190315_id161_femadu_(10).jpg;67
1750;1606;161;MANDRILLS BKB_161_20190315_id161_femadu_(11).jpg;144
1464;1606;161;MANDRILLS BKB_161_20190315_id161_femadu_(12).jpg;142
2187;1606;161;MANDRILLS BKB_161_20190315_id161_femadu_(4).jpg;581
2112;1606;161;MANDRILLS BKB_161_20190315_id161_femadu_(5).jpg;506
1752;1606;161;MANDRILLS BKB_161_20190315_id161_femadu_(6).jpg;146
1478;1606;161;MANDRILLS BKB_161_20190315_id161_femadu_(7).jpg;128
1745;1606;161;MANDRILLS BKB_161_20190315_id161_femadu_(9).jpg;139
1657;1610;161;MANDRILLS BKB_161_20190319_id161_femadu_HAUT_(1).jpg;47
1663;1610;161;MANDRILLS BKB_161_20190319_id161_femadu_HAUT_(2).jpg;53
1711;1779;161;MANDRILLS BKB_161_20190904_id161_femadu_DROITE_(1).jpg;68
1926;1779;161;MANDRILLS BKB_161_20190904_id161_femadu_DROITE_(2).jpg;147
1725;1856;161;MANDRILLS BKB_161_20191120_id161_femadu.jpg;131
1786;1881;161;MANDRILLS BKB_161_20191215_id161_femadu.jpg;95
1969;2193;161;MANDRILLS BKB_161_20201022_id161_femadu_(1).jpg;224
2036;2193;161;MANDRILLS BKB_161_20201022_id161_femadu_(2).jpg;157
1943;2193;161;MANDRILLS BKB_161_20201022_id161_femadu_(3).jpg;250
1927;2193;161;MANDRILLS BKB_161_20201022_id161_femadu_(5).jpg;266
2006;2208;161;MANDRILLS BKB_161_20201106_id161_femadu_(1).jpg;202
2519;2208;161;MANDRILLS BKB_161_20201106_id161_femadu_(2).jpg;311
1679;2209;161;MANDRILLS BKB_161_20201107_id161_femadu.jpg;530
2582;2226;161;MANDRILLS BKB_161_20201124_id161_femadu_(1).jpg;356
2008;2226;161;MANDRILLS BKB_161_20201124_id161_femadu_(2).jpg;218
2019;2245;161;MANDRILLS BKB_161_20201213_id161_femadu_(1).jpg;226
1910;2245;161;MANDRILLS BKB_161_20201213_id161_femadu_(2).jpg;335
1938;2245;161;MANDRILLS BKB_161_20201213_id161_femadu_(3).jpg;307
2594;2245;161;MANDRILLS BKB_161_20201213_id161_femadu_(4).jpg;349
2484;2245;161;MANDRILLS BKB_161_20201213_id161_femadu_(5).jpg;239
1932;2245;161;MANDRILLS BKB_161_20201213_id161_femadu_(6).jpg;313
2265;2245;161;MANDRILLS BKB_161_20201213_id161_femadu_(7).jpg;20
2197;2245;161;MANDRILLS BKB_161_20201213_id161_femadu_(8).jpg;48
2221;2247;161;MANDRILLS BKB_161_20201215_id161_femadu.jpg;26
2303;2248;161;MANDRILLS BKB_161_20201216_id161_femadu_(1).jpg;55
2085;2248;161;MANDRILLS BKB_161_20201216_id161_femadu_(2).jpg;163
2005;2259;161;MANDRILLS BKB_161_20201227_id161_femadu.jpg;254
2288;2262;161;MANDRILLS BKB_161_20201230_id161_femadu.jpg;26
2037;2276;161;MANDRILLS BKB_161_20210113_id161_femadu_(1).jpg;239
1992;2276;161;MANDRILLS BKB_161_20210113_id161_femadu_(2).jpg;284
2220;2312;161;MANDRILLS BKB_161_20210218_id161_femadu.jpg;92
1995;2320;161;MANDRILLS BKB_161_20210226_id161_femadu_(1).jpg;325
2142;2320;161;MANDRILLS BKB_161_20210226_id161_femadu_(2).jpg;178
2175;2330;161;MANDRILLS BKB_161_20210308_id161_femadu_(1).jpg;155
2155;2330;161;MANDRILLS BKB_161_20210308_id161_femadu_(2).jpg;175
2149;2355;161;MANDRILLS BKB_161_20210402_id161_femadu.jpg;206
1695;2363;161;MANDRILLS BKB_161_20210410_id161_femadu_(1).jpg;668
1845;2363;161;MANDRILLS BKB_161_20210410_id161_femadu_(2).jpg;518
2088;2363;161;MANDRILLS BKB_161_20210410_id161_femadu_(3).jpg;275
1948;2375;161;MANDRILLS BKB_161_20210422_id161_femadu.jpg;427
1938;2518;161;MANDRILLS BKB_161_20210912_id161_femadu (2).jpg;580
1413;2518;161;MANDRILLS BKB_161_20210912_id161_femadu_(1).jpg;1105
2058;2518;161;MANDRILLS BKB_161_20210912_id161_femadu_(2).jpg;460
2179;2525;161;MANDRILLS BKB_161_20210919_id161_femadu.jpg;346
1828;2528;161;MANDRILLS BKB_161_20210922_id161_femadu (1).jpg;700
2064;2528;161;MANDRILLS BKB_161_20210922_id161_femadu (2).jpg;464
1918;2528;161;MANDRILLS BKB_161_20210922_id161_femadu_(1).jpg;610
2293;2542;161;MANDRILLS BKB_161_20211006_id161_femadu.jpg;249
2213;2654;161;MANDRILLS BKB_161_20220126_id161.jpg;441
2253;2685;161;MANDRILLS BKB_161_20220226_id161_femadu (1).jpg;432
2073;2685;161;MANDRILLS BKB_161_20220226_id161_femadu (2).jpg;612
2350;2717;161;MANDRILLS BKB_161_20220330_id161_femadu.jpg;367
2452;2728;161;MANDRILLS BKB_161_20220410_id161_femadu(6).jpg;276
2126;2787;161;MANDRILLS BKB_161_20220608_id161_femadu (1).jpg;661
2188;2787;161;MANDRILLS BKB_161_20220608_id161_femadu (2).jpg;599
2146;2803;161;MANDRILLS BKB_161_20220624_id161_femadu (1).jpg;657
2196;2803;161;MANDRILLS BKB_161_20220624_id161_femadu (2).jpg;607
2207;2803;161;MANDRILLS BKB_161_20220624_id161_femadu (3).jpg;596
2624;2803;161;MANDRILLS BKB_161_20220624_id161_femadu (4).jpg;179
2292;2803;161;MANDRILLS BKB_161_20220624_id161_femadu (5).jpg;511
2204;2808;161;MANDRILLS BKB_161_20220629_id161 (1).jpg;604
2463;2808;161;MANDRILLS BKB_161_20220629_id161 (2).jpg;345
2595;2808;161;MANDRILLS BKB_161_20220629_id161.jpg;213
2319;2810;161;MANDRILLS BKB_161_20220701_id161 (2).jpg;491
2742;2823;161;MANDRILLS BKB_161_20220714_id161_femadu (1).jpg;81
2129;2823;161;MANDRILLS BKB_161_20220714_id161_femadu (2).jpg;694
2255;2827;161;MANDRILLS BKB_161_20220718_id161.jpg;572
2134;2838;161;MANDRILLS BKB_161_20220729_id161.jpg;704
2655;2842;161;MANDRILLS BKB_161_20220802_id161.jpg;187
2293;2863;161;MANDRILLS BKB_161_20220823_id161 (2).jpg;570
2249;2863;161;MANDRILLS BKB_161_20220823_id161 (3).jpg;614
2375;2863;161;MANDRILLS BKB_161_20220823_id161.jpg;488
2337;2866;161;MANDRILLS BKB_161_20220826_id161.jpg;529
2194;2875;161;MANDRILLS BKB_161_20220904_id161.jpg;681
2713;2876;161;MANDRILLS BKB_161_20220905_id161.jpg;163
2076;2889;161;MANDRILLS BKB_161_20220918_id161.jpg;813
2365;2892;161;MANDRILLS BKB_161_20220921_id161.jpg;527
2190;2906;161;MANDRILLS BKB_161_20221005_id161 (1).jpg;716
2272;2906;161;MANDRILLS BKB_161_20221005_id161 (2).jpg;634
2113;2920;161;MANDRILLS BKB_161_20221019_id161.jpg;807
2203;2922;161;MANDRILLS BKB_161_20221021_id161 (1).jpg;719
2225;2922;161;MANDRILLS BKB_161_20221021_id161 (2).jpg;697
2693;2962;161;MANDRILLS BKB_161_20221130_id161 (2).jpg;269
2587;2962;161;MANDRILLS BKB_161_20221130_id161 (3).jpg;375
2171;2962;161;MANDRILLS BKB_161_20221130_id161.jpg;791
2481;2976;161;MANDRILLS BKB_161_20221214_id161 (1).jpg;495
2542;2976;161;MANDRILLS BKB_161_20221214_id161 (2).jpg;434
2510;2976;161;MANDRILLS BKB_161_20221214_id161 (3).jpg;466
2719;2983;161;MANDRILLS BKB_161_20221221_id161.jpg;264
102;76;182;MANDRILLS BKB_182_20150419_id971_feminfDEVANT_(1)_ORIGINAL.jpg;26
1716;1662;182;MANDRILLS BKB_182_20190822_id182_maljuv_(1).jpg;54
1779;1662;182;MANDRILLS BKB_182_20190822_id182_maljuv_(10).jpg;117
1724;1662;182;MANDRILLS BKB_182_20190822_id182_maljuv_(2).jpg;62
1711;1662;182;MANDRILLS BKB_182_20190822_id182_maljuv_(3).jpg;49
1758;1662;182;MANDRILLS BKB_182_20190822_id182_maljuv_(4).jpg;96
1694;1662;182;MANDRILLS BKB_182_20190822_id182_maljuv_(5).jpg;32
1691;1662;182;MANDRILLS BKB_182_20190822_id182_maljuv_(6).jpg;29
1715;1662;182;MANDRILLS BKB_182_20190822_id182_maljuv_(7).jpg;53
1713;1662;182;MANDRILLS BKB_182_20190822_id182_maljuv_(8).jpg;51
1752;1662;182;MANDRILLS BKB_182_20190822_id182_maljuv_(9).jpg;90
1825;1689;182;MANDRILLS BKB_182_20190918_id182_maljuv_(1).jpg;136
1724;1689;182;MANDRILLS BKB_182_20190918_id182_maljuv_(2).jpg;35
1795;1750;182;MANDRILLS BKB_182_20191118_id182_maljuv.jpg;45
1959;1751;182;MANDRILLS BKB_182_20191119_id182_maljuv.jpg;208
1885;1801;182;MANDRILLS BKB_182_20200108_id182_maljuv_(1).jpg;84
1778;1801;182;MANDRILLS BKB_182_20200108_id182_maljuv_(2).jpg;23
1795;1847;182;MANDRILLS BKB_182_20200223_id182_malado_(1).jpg;52
1925;1847;182;MANDRILLS BKB_182_20200223_id182_malado_(7).jpg;78
1762;1847;182;MANDRILLS BKB_182_20200223_id182_malado_(8).jpg;85
2023;1920;182;MANDRILLS BKB_182_20200506_id182_malado.jpg;103
2001;2089;182;MANDRILLS BKB_182_20201022_id182_malado_(1).jpg;88
1959;2089;182;MANDRILLS BKB_182_20201022_id182_malado_(2).jpg;130
2152;2172;182;MANDRILLS BKB_182_20210113_id182_malado_(1).jpg;20
2179;2172;182;MANDRILLS BKB_182_20210113_id182_malado_(2).jpg;7
2183;2254;182;MANDRILLS BKB_182_20210405_id182_malado_(1).jpg;71
2111;2254;182;MANDRILLS BKB_182_20210405_id182_malado_(2).jpg;143
2321;2268;182;MANDRILLS BKB_182_20210419_id182_malado_(1).jpg;53
2281;2268;182;MANDRILLS BKB_182_20210419_id182_malado_(2).jpg;13
2150;2268;182;MANDRILLS BKB_182_20210419_id182_malado_(3).jpg;118
2536;2332;182;MANDRILLS BKB_182_20210622_id182_malado.jpg;204
2416;2419;182;MANDRILLS BKB_182_20210917_id182_malado.jpg;3
2515;2510;182;MANDRILLS BKB_182_20211217_id182_malado_(1).jpg;5
2420;2510;182;MANDRILLS BKB_182_20211217_id182_malado_(2).jpg;90
2493;2510;182;MANDRILLS BKB_182_20211217_id182_malado_(4).jpg;17
2737;2512;182;MANDRILLS BKB_182_20211219_id182_malado.jpg;225
2565;2515;182;MANDRILLS BKB_182_20211222_id182_malado_(1).jpg;50
2585;2515;182;MANDRILLS BKB_182_20211222_id182_malado_(2).jpg;70
2668;2519;182;MANDRILLS BKB_182_20211226_id182_malado.jpg;149
1112;1096;187;MANDRILLS BKB_187_20190319_id187_malado_(5).jpg;16
1210;1096;187;MANDRILLS BKB_187_20190319_id187_malado_(6).jpg;114
1307;1215;187;MANDRILLS BKB_187_20190716_id187_maljuv_(1).jpg;92
1500;1215;187;MANDRILLS BKB_187_20190716_id187_maljuv_(2).jpg;285
1475;1215;187;MANDRILLS BKB_187_20190716_id187_maljuv_(3).jpg;260
1222;1215;187;MANDRILLS BKB_187_20190716_id187_maljuv_(4).jpg;7
1324;1265;187;MANDRILLS BKB_187_20190904_id187_maljuv_(1).jpg;59
1254;1265;187;MANDRILLS BKB_187_20190904_id187_maljuv_(11).jpg;11
1362;1265;187;MANDRILLS BKB_187_20190904_id187_maljuv_(12).jpg;97
1390;1265;187;MANDRILLS BKB_187_20190904_id187_maljuv_(13).jpg;125
1416;1265;187;MANDRILLS BKB_187_20190904_id187_maljuv_(14).jpg;151
1492;1265;187;MANDRILLS BKB_187_20190904_id187_maljuv_(15).jpg;227
1355;1265;187;MANDRILLS BKB_187_20190904_id187_maljuv_(16).jpg;90
1438;1265;187;MANDRILLS BKB_187_20190904_id187_maljuv_(17).jpg;173
1396;1265;187;MANDRILLS BKB_187_20190904_id187_maljuv_(2).jpg;131
1473;1265;187;MANDRILLS BKB_187_20190904_id187_maljuv_(3).jpg;208
1434;1265;187;MANDRILLS BKB_187_20190904_id187_maljuv_(4).jpg;169
1293;1265;187;MANDRILLS BKB_187_20190904_id187_maljuv_(5).jpg;28
1358;1265;187;MANDRILLS BKB_187_20190904_id187_maljuv_(6).jpg;93
1477;1265;187;MANDRILLS BKB_187_20190904_id187_maljuv_(7).jpg;212
1465;1265;187;MANDRILLS BKB_187_20190904_id187_maljuv_(8).jpg;200
1423;1265;187;MANDRILLS BKB_187_20190904_id187_maljuv_(9).jpg;158
1517;1319;187;MANDRILLS BKB_187_20191028_id187_maljuv.jpg;198
1577;1320;187;MANDRILLS BKB_187_20191029_id187_maljuv_(1).jpg;257
1593;1320;187;MANDRILLS BKB_187_20191029_id187_maljuv_(2).jpg;273
1393;1320;187;MANDRILLS BKB_187_20191029_id187_maljuv_(3).jpg;73
1548;1359;187;MANDRILLS BKB_187_20191207_id187_maljuv_(1).jpg;189
1561;1359;187;MANDRILLS BKB_187_20191207_id187_maljuv_(2).jpg;202
1661;1438;187;MANDRILLS BKB_187_20200224_id187_maljuv_(1).jpg;223
1660;1438;187;MANDRILLS BKB_187_20200224_id187_maljuv_(2).jpg;222
1634;1438;187;MANDRILLS BKB_187_20200224_id187_maljuv_(3).jpg;196
1632;1455;187;MANDRILLS BKB_187_20200312_id187_maljuv.jpg;177
1677;1675;187;MANDRILLS BKB_187_20201018_id187_malado_(1).jpg;2
1700;1675;187;MANDRILLS BKB_187_20201018_id187_malado_(2).jpg;25
1872;1679;187;MANDRILLS BKB_187_20201022_id187_malado_(2).jpg;193
1705;1679;187;MANDRILLS BKB_187_20201022_id187_malado_(3).jpg;26
1720;1712;187;MANDRILLS BKB_187_20201124_id187_malado_(1).jpg;8
1834;1712;187;MANDRILLS BKB_187_20201124_id187_malado_(2).jpg;122
1757;1762;187;MANDRILLS BKB_187_20210113_id187_malado_(1).jpg;5
1665;1762;187;MANDRILLS BKB_187_20210113_id187_malado_(2).jpg;97
1747;1762;187;MANDRILLS BKB_187_20210113_id187_malado_(3).jpg;15
2074;1769;187;MANDRILLS BKB_187_20210120_id187_malado.jpg;305
1853;1778;187;MANDRILLS BKB_187_20210129_id187_malado_(1).jpg;75
1755;1778;187;MANDRILLS BKB_187_20210129_id187_malado_(2).jpg;23
1751;1778;187;MANDRILLS BKB_187_20210129_id187_malado_(3).jpg;27
1982;1783;187;MANDRILLS BKB_187_20210203_id187_malado_(1).jpg;199
1453;1783;187;MANDRILLS BKB_187_20210203_id187_malado_(2).jpg;330
1742;1783;187;MANDRILLS BKB_187_20210203_id187_malado_(3).jpg;41
2029;1806;187;MANDRILLS BKB_187_20210226_id187_malado.jpg;223
2079;1859;187;MANDRILLS BKB_187_20210420_id187_malado.jpg;220
2388;1953;187;MANDRILLS BKB_187_20210723_id187_malado_(1).jpg;435
2228;1953;187;MANDRILLS BKB_187_20210723_id187_malado_(2).jpg;275
2181;1953;187;MANDRILLS BKB_187_20210723_id187_malado_(3).jpg;228
2417;1953;187;MANDRILLS BKB_187_20210723_id187_malado_(4).jpg;464
2355;1953;187;MANDRILLS BKB_187_20210723_id187_malado_(5).jpg;402
2372;1953;187;MANDRILLS BKB_187_20210723_id187_malado_(6).jpg;419
2022;2001;187;MANDRILLS BKB_187_20210909_id187_malado.jpg;21
1981;2011;187;MANDRILLS BKB_187_20210919_id187_malsub.jpg;30
2140;2038;187;MANDRILLS BKB_187_20211016_id187_malado_(2).jpg;102
2218;2038;187;MANDRILLS BKB_187_20211016_id187_malado_(3).jpg;180
2226;2051;187;MANDRILLS BKB_187_20211029_id187_malado.jpg;175
2112;2087;187;MANDRILLS BKB_187_20211204_ID187_malado_(1).jpg;25
2243;2087;187;MANDRILLS BKB_187_20211204_ID187_malado_(2).jpg;156
2408;2093;187;MANDRILLS BKB_187_20211210_id187_malado.jpg;315
2461;2100;187;MANDRILLS BKB_187_20211217_id187_malado_(1).jpg;361
2367;2100;187;MANDRILLS BKB_187_20211217_id187_malado_(2).jpg;267
2331;2109;187;MANDRILLS BKB_187_20211226_id187_malado_(1).jpg;222
2518;2109;187;MANDRILLS BKB_187_20211226_id187_malado_(3).jpg;409
2533;2109;187;MANDRILLS BKB_187_20211226_id187_malado_(4).jpg;424
2413;2109;187;MANDRILLS BKB_187_20211226_id187_malado_(5).jpg;304
2334;2136;187;MANDRILLS BKB_187_20220122_id187.jpg;198
2485;2144;187;MANDRILLS BKB_187_20220130_id187 (2).jpg;341
2406;2144;187;MANDRILLS BKB_187_20220130_id187 (3).jpg;262
2307;2144;187;MANDRILLS BKB_187_20220130_id187.jpg;163
2500;2144;187;MANDRILLS BKB_187_20220130_id187_mal.jpg;356
2498;2144;187;MANDRILLS BKB_187_20220130_id187_malJPG.jpg;354
2456;2161;187;MANDRILLS BKB_187_20220216_id187_malado.jpg;295
2434;2171;187;MANDRILLS BKB_187_20220226_id187_malado.jpg;263
2273;2182;187;MANDRILLS BKB_187_20220309_id187_malado.jpg;91
2611;2196;187;MANDRILLS BKB_187_20220323_id187_malado (1).jpg;415
2760;2196;187;MANDRILLS BKB_187_20220323_id187_malado (2).jpg;564
2395;2203;187;MANDRILLS BKB_187_20220330_id187_malado.jpg;192
2721;2205;187;MANDRILLS BKB_187_20220401_id187_malado (1).jpg;516
2468;2205;187;MANDRILLS BKB_187_20220401_id187_malado (2).jpg;263
2182;2214;187;MANDRILLS BKB_187_20220410_id187_malado.jpg;32
2634;2230;187;MANDRILLS BKB_187_20220426_id187_malado (1).jpg;404
2741;2230;187;MANDRILLS BKB_187_20220426_id187_malado (2).jpg;511
2731;2237;187;MANDRILLS BKB_187_20220503_id187_malado.jpg;494
2298;2243;187;MANDRILLS BKB_187_20220509_id187_malado (1).jpg;55
2692;2243;187;MANDRILLS BKB_187_20220509_id187_malado (2).jpg;449
2553;2243;187;MANDRILLS BKB_187_20220509_id187_malado.jpg;310
2914;2249;187;MANDRILLS BKB_187_20220515_id187_malado (1).jpg;665
2439;2249;187;MANDRILLS BKB_187_20220515_id187_malado (2).jpg;190
2679;2252;187;MANDRILLS BKB_187_20220518_id187_malado.jpg;427
2660;2260;187;MANDRILLS BKB_187_20220526_id187_malado.jpg;400
2454;2264;187;MANDRILLS BKB_187_20220530_id187_malado.jpg;190
2749;2268;187;MANDRILLS BKB_187_20220603_id187_malado.jpg;481
2733;2272;187;MANDRILLS BKB_187_20220607_id187_malado (2).jpg;461
2226;2272;187;MANDRILLS BKB_187_20220607_id187_malado.jpg;46
1970;2279;187;MANDRILLS BKB_187_20220614_id187_malado (2).jpg;309
2243;2279;187;MANDRILLS BKB_187_20220614_id187_malado.jpg;36
2823;2288;187;MANDRILLS BKB_187_20220623_id187_malado.jpg;535
2334;2289;187;MANDRILLS BKB_187_20220624_id187_malado.jpg;45
2674;2294;187;MANDRILLS BKB_187_20220629_id187 (2).jpg;380
2763;2294;187;MANDRILLS BKB_187_20220629_id187.jpg;469
2444;2296;187;MANDRILLS BKB_187_20220701_id187.jpg;148
2740;2301;187;MANDRILLS BKB_187_20220706_id187 (2).jpg;439
2771;2301;187;MANDRILLS BKB_187_20220706_id187.jpg;470
2682;2304;187;MANDRILLS BKB_187_20220709_id187 (2).jpg;378
2769;2304;187;MANDRILLS BKB_187_20220709_id187.jpg;465
2538;2311;187;MANDRILLS BKB_187_20220716_id187.jpg;227
2636;2312;187;MANDRILLS BKB_187_20220717_id187.jpg;324
2573;2313;187;MANDRILLS BKB_187_20220718_id187.jpg;260
2368;2321;187;MANDRILLS BKB_187_20220726_id187.jpg;47
2520;2327;187;MANDRILLS BKB_187_20220801_id187.jpg;193
2843;2338;187;MANDRILLS BKB_187_20220812_id187.jpg;505
3091;2341;187;MANDRILLS BKB_187_20220815_id187.jpg;750
2719;2344;187;MANDRILLS BKB_187_20220818_id187.jpg;375
2724;2361;187;MANDRILLS BKB_187_20220904_id187.jpg;363
2578;2364;187;MANDRILLS BKB_187_20220907_id187.jpg;214
2340;2392;187;MANDRILLS BKB_187_20221005_id187 (1).jpg;52
2775;2392;187;MANDRILLS BKB_187_20221005_id187 (2).jpg;383
2458;2427;187;MANDRILLS BKB_187_20221109_id187.jpg;31
2720;2435;187;MANDRILLS BKB_187_20221117_id187.jpg;285
2751;2441;187;MANDRILLS BKB_187_20221123_id187 (2).jpg;310
2833;2441;187;MANDRILLS BKB_187_20221123_id187 (3).jpg;392
2681;2472;187;MANDRILLS BKB_187_20221224_id187.jpg;209
2505;2475;187;MANDRILLS BKB_187_20221227_id187 (2).jpg;30
2810;2475;187;MANDRILLS BKB_187_20221227_id187.jpg;335
1735;1614;188;MANDRILLS BKB_188_20190714_id188_malado_(1).jpg;121
1771;1614;188;MANDRILLS BKB_188_20190714_id188_malado_(2).jpg;157
1755;1614;188;MANDRILLS BKB_188_20190714_id188_malado_(3).jpg;141
1711;1614;188;MANDRILLS BKB_188_20190714_id188_malado_(4).jpg;97
1750;1614;188;MANDRILLS BKB_188_20190714_id188_malado_(5).jpg;136
1616;1614;188;MANDRILLS BKB_188_20190714_id188_malado_(6).jpg;2
1719;1614;188;MANDRILLS BKB_188_20190714_id188_malado_(7).jpg;105
1731;1614;188;MANDRILLS BKB_188_20190714_id188_malado_(8).jpg;117
1705;1653;188;MANDRILLS BKB_188_20190822_id188_malado_(1).jpg;52
1644;1653;188;MANDRILLS BKB_188_20190822_id188_malado_(6).jpg;9
1783;1666;188;MANDRILLS BKB_188_20190904_id188_malado_(10).jpg;117
1654;1666;188;MANDRILLS BKB_188_20190904_id188_malado_(11).jpg;12
1664;1666;188;MANDRILLS BKB_188_20190904_id188_malado_(12).jpg;2
1713;1666;188;MANDRILLS BKB_188_20190904_id188_malado_(13).jpg;47
1649;1666;188;MANDRILLS BKB_188_20190904_id188_malado_(14).jpg;17
1939;1666;188;MANDRILLS BKB_188_20190904_id188_malado_(15).jpg;273
1793;1666;188;MANDRILLS BKB_188_20190904_id188_malado_(16).jpg;127
2042;1666;188;MANDRILLS BKB_188_20190904_id188_malado_(17).jpg;376
1982;1666;188;MANDRILLS BKB_188_20190904_id188_malado_(18).jpg;316
1861;1666;188;MANDRILLS BKB_188_20190904_id188_malado_(20).jpg;195
1932;1666;188;MANDRILLS BKB_188_20190904_id188_malado_(23).jpg;266
1898;1666;188;MANDRILLS BKB_188_20190904_id188_malado_(24).jpg;232
2046;1666;188;MANDRILLS BKB_188_20190904_id188_malado_(25).jpg;380
1905;1666;188;MANDRILLS BKB_188_20190904_id188_malado_(27).jpg;239
1788;1666;188;MANDRILLS BKB_188_20190904_id188_malado_(28).jpg;122
1640;1666;188;MANDRILLS BKB_188_20190904_id188_malado_(3).jpg;26
1900;1666;188;MANDRILLS BKB_188_20190904_id188_malado_(6).jpg;234
1762;1666;188;MANDRILLS BKB_188_20190904_id188_malado_(7).jpg;96
1769;1666;188;MANDRILLS BKB_188_20190904_id188_malado_(8).jpg;103
1664;1666;188;MANDRILLS BKB_188_20190904_id188_malado_(9).jpg;2
1778;1673;188;MANDRILLS BKB_188_20190911_id188_malado.jpg;105
1779;1720;188;MANDRILLS BKB_188_20191028_id188_malado_(1).jpg;59
1734;1720;188;MANDRILLS BKB_188_20191028_id188_malado_(2).jpg;14
1805;1721;188;MANDRILLS BKB_188_20191029_id188_malado_(1).jpg;84
1853;1721;188;MANDRILLS BKB_188_20191029_id188_malado_(2).jpg;132
1819;1737;188;MANDRILLS BKB_188_20191114_id188_malado.jpg;82
1669;1760;188;MANDRILLS BKB_188_20191207_id188_malado.jpg;91
1963;1784;188;MANDRILLS BKB_188_20191231_id188_malado_(1).jpg;179
1844;1784;188;MANDRILLS BKB_188_20191231_id188_malado_(2).jpg;60
2121;1862;188;MANDRILLS BKB_188_20200318_id188_malado.jpg;259
2001;1911;188;MANDRILLS BKB_188_20200506_id188_malado.jpg;90
2366;2078;188;MANDRILLS BKB_188_20201020_id188_malado_(1).jpg;288
2231;2078;188;MANDRILLS BKB_188_20201020_id188_malado_(2).jpg;153
2175;2080;188;MANDRILLS BKB_188_20201022_id188_malado_(1).jpg;95
2030;2080;188;MANDRILLS BKB_188_20201022_id188_malado_(10).jpg;50
2203;2080;188;MANDRILLS BKB_188_20201022_id188_malado_(11).jpg;123
2188;2080;188;MANDRILLS BKB_188_20201022_id188_malado_(2).jpg;108
2123;2080;188;MANDRILLS BKB_188_20201022_id188_malado_(3).jpg;43
2232;2080;188;MANDRILLS BKB_188_20201022_id188_malado_(4).jpg;152
2154;2080;188;MANDRILLS BKB_188_20201022_id188_malado_(5).jpg;74
2087;2080;188;MANDRILLS BKB_188_20201022_id188_malado_(6).jpg;7
2161;2080;188;MANDRILLS BKB_188_20201022_id188_malado_(7).jpg;81
2073;2080;188;MANDRILLS BKB_188_20201022_id188_malado_(8).jpg;7
2159;2080;188;MANDRILLS BKB_188_20201022_id188_malado_(9).jpg;79
2316;2093;188;MANDRILLS BKB_188_20201104_id188_malado_(1).jpg;223
2245;2093;188;MANDRILLS BKB_188_20201104_id188_malado_(2).jpg;152
2340;2114;188;MANDRILLS BKB_188_20201125_id188_malado_(1).jpg;226
2241;2114;188;MANDRILLS BKB_188_20201125_id188_malado_(2).jpg;127
2327;2114;188;MANDRILLS BKB_188_20201125_id188_malado_(3).jpg;213
2244;2132;188;MANDRILLS BKB_188_20201213_id188_malado_(1).jpg;112
2221;2132;188;MANDRILLS BKB_188_20201213_id188_malado_(2).jpg;89
2252;2132;188;MANDRILLS BKB_188_20201213_id188_malado_(3).jpg;120
2179;2154;188;MANDRILLS BKB_188_20210104_id188_malado.jpg;25
2383;2161;188;MANDRILLS BKB_188_20210111_id188_malado_(1).jpg;222
2440;2161;188;MANDRILLS BKB_188_20210111_id188_malado_(2).jpg;279
2209;2165;188;MANDRILLS BKB_188_20210115_id188_malado.jpg;44
2202;2170;188;MANDRILLS BKB_188_20210120_id188_malado_(1).jpg;32
2145;2170;188;MANDRILLS BKB_188_20210120_id188_malado_(2).jpg;25
2181;2182;188;MANDRILLS BKB_188_20210201_id188_malado_(1).jpg;1
2455;2182;188;MANDRILLS BKB_188_20210201_id188_malado_(2).jpg;273
2306;2182;188;MANDRILLS BKB_188_20210201_id188_malado_(3).jpg;124
2316;2182;188;MANDRILLS BKB_188_20210201_id188_malado_(4).jpg;134
2172;2182;188;MANDRILLS BKB_188_20210201_id188_malado_(5).jpg;10
2156;2182;188;MANDRILLS BKB_188_20210201_id188_malado_(6).jpg;26
2267;2182;188;MANDRILLS BKB_188_20210201_id188_malado_(7).jpg;85
2186;2182;188;MANDRILLS BKB_188_20210201_id188_malado_(8).jpg;4
2334;2182;188;MANDRILLS BKB_188_20210201_id188_malado_(9).jpg;152
2247;2185;188;MANDRILLS BKB_188_20210204_id188_(1).jpg;62
2159;2185;188;MANDRILLS BKB_188_20210204_id188_(2).jpg;26
2282;2185;188;MANDRILLS BKB_188_20210204_id188_(3).jpg;97
2181;2207;188;MANDRILLS BKB_188_20210226_id188_malado_(1).jpg;26
2314;2207;188;MANDRILLS BKB_188_20210226_id188_malado_(2).jpg;107
2589;2207;188;MANDRILLS BKB_188_20210226_id188_malado_(3).jpg;382
2465;2207;188;MANDRILLS BKB_188_20210226_id188_malado_(4).jpg;258
2281;2207;188;MANDRILLS BKB_188_20210226_id188_malado_(5).jpg;74
2294;2241;188;MANDRILLS BKB_188_20210401_id188_malado.jpg;53
2419;2250;188;MANDRILLS BKB_188_20210410_id188_malado.jpg;169
2630;2260;188;MANDRILLS BKB_188_20210420_id188_malado_(1).jpg;370
2701;2260;188;MANDRILLS BKB_188_20210420_id188_malado_(2).jpg;441
2465;2297;188;MANDRILLS BKB_188_20210527_id188_malado_(2).jpg;168
2505;2297;188;MANDRILLS BKB_188_20210527_id188_malado_(4).jpg;208
2596;2297;188;MANDRILLS BKB_188_20210527_id188_malado_(5).jpg;299
2644;2297;188;MANDRILLS BKB_188_20210527_id188_malado_(6).jpg;347
2528;2297;188;MANDRILLS BKB_188_20210527_id188_malado_(7).jpg;231
2640;2297;188;MANDRILLS BKB_188_20210527_id188_malado_(8).jpg;343
2577;2297;188;MANDRILLS BKB_188_20210527_id188_malado_(9).jpg;280
2428;2310;188;MANDRILLS BKB_188_20210609_id188_malado.jpg;118
2585;2391;188;MANDRILLS BKB_188_20210829_id188_malado.jpg;194
2295;2402;188;MANDRILLS BKB_188_20210909_id188_malado.jpg;107
2495;2412;188;MANDRILLS BKB_188_20210919_id188_malado (1).jpg;83
2427;2412;188;MANDRILLS BKB_188_20210919_id188_malado (2).jpg;15
2533;2412;188;MANDRILLS BKB_188_20210919_id188_malado (3).jpg;121
2699;2442;188;MANDRILLS BKB_188_20211019_id188_malado.jpg;257
1291;1085;196;MANDRILLS BKB_196_20191029_id196_maljuv.jpg;206
1318;1095;196;MANDRILLS BKB_196_20191108_id196_maljuv_(1).jpg;223
1295;1095;196;MANDRILLS BKB_196_20191108_id196_maljuv_(2).jpg;200
1142;1100;196;MANDRILLS BKB_196_20191113_id196_maljuv.jpg;42
1314;1186;196;MANDRILLS BKB_196_20200207_id196_maljuv_(1).jpg;128
1334;1186;196;MANDRILLS BKB_196_20200207_id196_maljuv_(2).jpg;148
1329;1203;196;MANDRILLS BKB_196_20200224_id196_maljuv_(1).jpg;126
1352;1203;196;MANDRILLS BKB_196_20200224_id196_maljuv_(2).jpg;149
1390;1203;196;MANDRILLS BKB_196_20200224_id196_maljuv_(3).jpg;187
1416;1203;196;MANDRILLS BKB_196_20200224_id196_maljuv_(4).jpg;213
1227;1228;196;MANDRILLS BKB_196_20200320_id196_maljuv_(1).jpg;1
1324;1228;196;MANDRILLS BKB_196_20200320_id196_maljuv_(2).jpg;96
1468;1440;196;MANDRILLS BKB_196_20201018_id196_maljuv_(1).jpg;28
1408;1440;196;MANDRILLS BKB_196_20201018_id196_maljuv_(2).jpg;32
1580;1440;196;MANDRILLS BKB_196_20201018_id196_maljuv_(3).jpg;140
1458;1440;196;MANDRILLS BKB_196_20201018_id196_maljuv_(4).jpg;18
1542;1440;196;MANDRILLS BKB_196_20201018_id196_maljuv_(5).jpg;102
1618;1441;196;MANDRILLS BKB_196_20201019_id196_maljuv.jpg;177
1501;1444;196;MANDRILLS BKB_196_20201022_id196_maljuv_(1).jpg;57
1458;1444;196;MANDRILLS BKB_196_20201022_id196_maljuv_(2).jpg;14
1616;1444;196;MANDRILLS BKB_196_20201022_id196_maljuv_(3).jpg;172
1522;1477;196;MANDRILLS BKB_196_20201124_id196_malado.jpg;45
1523;1496;196;MANDRILLS BKB_196_20201213_id196_malado_(1).jpg;27
1640;1496;196;MANDRILLS BKB_196_20201213_id196_malado_(2).jpg;144
1613;1504;196;MANDRILLS BKB_196_20201221_id196_malado.jpg;109
1588;1513;196;MANDRILLS BKB_196_20201230_id196_malado_(1).jpg;75
1425;1513;196;MANDRILLS BKB_196_20201230_id196_malado_(2).jpg;88
1617;1514;196;MANDRILLS BKB_196_20201231_id196_malado.jpg;103
1748;1543;196;MANDRILLS BKB_196_20210129_id196_malado_(1).jpg;205
1279;1543;196;MANDRILLS BKB_196_20210129_id196_malado_(2).jpg;264
1666;1646;196;MANDRILLS BKB_196_20210512_id196_malado.jpg;20
1731;1654;196;MANDRILLS BKB_196_20210520_id196_malado_(1).jpg;77
1852;1654;196;MANDRILLS BKB_196_20210520_id196_malado_(2).jpg;198
1874;1654;196;MANDRILLS BKB_196_20210520_id196_malado_(3).jpg;220
1768;1654;196;MANDRILLS BKB_196_20210520_id196_malado_(4).jpg;114
1697;1654;196;MANDRILLS BKB_196_20210520_id196_malado_(5).jpg;43
1649;1654;196;MANDRILLS BKB_196_20210520_id196_malado_(6).jpg;5
1718;1664;196;MANDRILLS BKB_196_20210530_id196_malado_(1).jpg;54
1920;1664;196;MANDRILLS BKB_196_20210530_id196_malado_(2).jpg;256
1861;1708;196;MANDRILLS BKB_196_20210713_id196_malado.jpg;153
1748;1755;196;MANDRILLS BKB_196_20210829_id196_malado_(1).jpg;7
1755;1755;196;MANDRILLS BKB_196_20210829_id196_malado_(2).jpg;0
1774;1755;196;MANDRILLS BKB_196_20210829_id196_malado_(3).jpg;19
1901;1755;196;MANDRILLS BKB_196_20210829_id196_malado_(4).jpg;146
1725;1766;196;MANDRILLS BKB_196_20210909_id196_malado.jpg;41
1860;1803;196;MANDRILLS BKB_196_20211016_id196_malado.jpg;57
1880;1842;196;MANDRILLS BKB_196_20211124_id196_malado.jpg;38
1865;1861;196;MANDRILLS BKB_196_20211213_id196_malado.jpg;4
1910;1874;196;MANDRILLS BKB_196_20211226_id196_malado_(1).jpg;36
1981;1874;196;MANDRILLS BKB_196_20211226_id196_malado_(2).jpg;107
1794;1911;196;MANDRILLS BKB_196_20220201_id196_malado (1).jpg;117
2012;1911;196;MANDRILLS BKB_196_20220201_id196_malado (2).jpg;101
2036;1911;196;MANDRILLS BKB_196_20220201_id196_malado (3).jpg;125
2001;1911;196;MANDRILLS BKB_196_20220201_id196_malado (4).jpg;90
2051;1911;196;MANDRILLS BKB_196_20220201_id196_malado (5).jpg;140
1993;1927;196;MANDRILLS BKB_196_20220217_id196_ado.jpg;66
1782;1930;196;MANDRILLS BKB_196_20220220_id196_malado.jpg;148
2061;1933;196;MANDRILLS BKB_196_20220223_id196_malado (1).jpg;128
2053;1933;196;MANDRILLS BKB_196_20220223_id196_malado (2).jpg;120
1937;1947;196;MANDRILLS BKB_196_20220309_id196_malado.jpg;10
2114;1964;196;MANDRILLS BKB_196_20220326_id196_malado (1).jpg;150
2033;1964;196;MANDRILLS BKB_196_20220326_id196_malado (2).jpg;69
1897;1964;196;MANDRILLS BKB_196_20220326_id196_malado (3).jpg;67
1972;1964;196;MANDRILLS BKB_196_20220326_id196_malado.jpg;8
2105;1995;196;MANDRILLS BKB_196_20220426_id196_malado (1).jpg;110
2001;2014;196;MANDRILLS BKB_196_20220515_id196_malado (2).jpg;13
1986;2014;196;MANDRILLS BKB_196_20220515_id196_malado (3).jpg;28
2266;2023;196;MANDRILLS BKB_196_20220524_id196_malado (1).jpg;243
2057;2023;196;MANDRILLS BKB_196_20220524_id196_malado (2).jpg;34
2172;2025;196;MANDRILLS BKB_196_20220526_id196_malado.jpg;147
2119;2037;196;MANDRILLS BKB_196_20220607_id196_malado.jpg;82
2095;2053;196;MANDRILLS BKB_196_20220623_id196_malado (1).jpg;42
2064;2053;196;MANDRILLS BKB_196_20220623_id196_malado (2).jpg;11
2042;2054;196;MANDRILLS BKB_196_20220624_id196_malado (1).jpg;12
1958;2054;196;MANDRILLS BKB_196_20220624_id196_malado (2).jpg;96
1998;2054;196;MANDRILLS BKB_196_20220624_id196_malado (3).jpg;56
2114;2059;196;MANDRILLS BKB_196_20220629_id196.jpg;55
2103;2065;196;MANDRILLS BKB_196_20220705_id196.jpg;38
2001;2066;196;MANDRILLS BKB_196_20220706_id196 (1).jpg;65
2063;2066;196;MANDRILLS BKB_196_20220706_id196 (2).jpg;3
2169;2071;196;MANDRILLS BKB_196_20220711_id196.jpg;98
2113;2076;196;MANDRILLS BKB_196_20220716_id196.jpg;37
1972;2077;196;MANDRILLS BKB_196_20220717_id196 (2).jpg;105
1925;2077;196;MANDRILLS BKB_196_20220717_id196.jpg;152
2024;2092;196;MANDRILLS BKB_196_20220801_id196 (2).jpg;68
2321;2092;196;MANDRILLS BKB_196_20220801_id196 (3).jpg;229
2402;2092;196;MANDRILLS BKB_196_20220801_id196.jpg;310
2121;2094;196;MANDRILLS BKB_196_20220803_id196 (2).jpg;27
2054;2094;196;MANDRILLS BKB_196_20220803_id196 (3).jpg;40
1975;2099;196;MANDRILLS BKB_196_20220808_id196.jpg;124
2120;2106;196;MANDRILLS BKB_196_20220815_id196.jpg;14
2098;2114;196;MANDRILLS BKB_196_20220823_id196.jpg;16
2042;2118;196;MANDRILLS BKB_196_20220827_id196.jpg;76
1990;2119;196;MANDRILLS BKB_196_20220828_id196.jpg;129
2156;2126;196;MANDRILLS BKB_196_20220904_id196.jpg;30
2226;2157;196;MANDRILLS BKB_196_20221005_id196 (1).jpg;69
2205;2157;196;MANDRILLS BKB_196_20221005_id196 (2).jpg;48
2201;2162;196;MANDRILLS BKB_196_20221010_id196.jpg;39
2144;2173;196;MANDRILLS BKB_196_20221021_id196.jpg;29
2153;2222;196;MANDRILLS BKB_196_20221209_id196 (2).jpg;69
2153;2222;196;MANDRILLS BKB_196_20221209_id196 (3).jpg;69
2903;2227;196;MANDRILLS BKB_196_20221214_id196.jpg;676
2057;2231;196;MANDRILLS BKB_196_20221218_id196 (2).jpg;174
2228;2231;196;MANDRILLS BKB_196_20221218_id196.jpg;3
5561;3764;20;MANDRILLS BKB_20_20120921_id20_femadu_(2)_ORIGINAL.jpg;1797
7163;4466;20;MANDRILLS BKB_20_20140824_id20_femadu_(1)_ORIGINAL.jpg;2697
6689;5868;20;MANDRILLS BKB_20_20180626_id20_femadu_(1)_ORIGINAL.jpg;821
6828;5868;20;MANDRILLS BKB_20_20180626_id20_femadu_(2)_ORIGINAL.jpg;960
6667;5868;20;MANDRILLS BKB_20_20180626_id20_femadu_(3)_ORIGINAL.jpg;799
6604;5868;20;MANDRILLS BKB_20_20180626_id20_femadu_(4)_ORIGINAL.jpg;736
6399;5868;20;MANDRILLS BKB_20_20180626_id20_femadu_(5)_ORIGINAL.jpg;531
6842;5868;20;MANDRILLS BKB_20_20180626_id20_femadu_(7)_ORIGINAL.jpg;974
6155;5868;20;MANDRILLS BKB_20_20180626_id20_femadu_(8)_ORIGINAL.jpg;287
6474;5869;20;MANDRILLS BKB_20_20180627_id20_femadu_(1)_ORIGINAL.jpg;605
6804;5869;20;MANDRILLS BKB_20_20180627_id20_femadu_(10)_ORIGINAL.jpg;935
5626;5869;20;MANDRILLS BKB_20_20180627_id20_femadu_(2)_ORIGINAL.jpg;243
6567;5869;20;MANDRILLS BKB_20_20180627_id20_femadu_(5)_ORIGINAL.jpg;698
5843;5869;20;MANDRILLS BKB_20_20180627_id20_femadu_(6)_ORIGINAL.jpg;26
6826;5869;20;MANDRILLS BKB_20_20180627_id20_femadu_(7)_ORIGINAL.jpg;957
6626;5869;20;MANDRILLS BKB_20_20180627_id20_femadu_(8)_ORIGINAL.jpg;757
6643;5869;20;MANDRILLS BKB_20_20180627_id20_femadu_(9)_ORIGINAL.jpg;774
5189;5870;20;MANDRILLS BKB_20_20180628_id20_femadu_(1)_ORIGINAL.jpg;681
5646;5870;20;MANDRILLS BKB_20_20180628_id20_femadu_(2)_ORIGINAL.jpg;224
6240;5870;20;MANDRILLS BKB_20_20180628_id20_femadu_(3)_ORIGINAL.jpg;370
5600;5870;20;MANDRILLS BKB_20_20180628_id20_femadu_(4)_ORIGINAL.jpg;270
5516;5870;20;MANDRILLS BKB_20_20180628_id20_femadu_(5)_ORIGINAL.jpg;354
7070;5889;20;MANDRILLS BKB_20_20180717_id20_femadu_(1)_ORIGINAL.jpg;1181
6901;5889;20;MANDRILLS BKB_20_20180717_id20_femadu_(10)_ORIGINAL.jpg;1012
6892;5889;20;MANDRILLS BKB_20_20180717_id20_femadu_(3)_ORIGINAL.jpg;1003
6866;5889;20;MANDRILLS BKB_20_20180717_id20_femadu_(4)_ORIGINAL.jpg;977
6319;5889;20;MANDRILLS BKB_20_20180717_id20_femadu_(5)_ORIGINAL.jpg;430
6400;5889;20;MANDRILLS BKB_20_20180717_id20_femadu_(6)_ORIGINAL.jpg;511
7006;5889;20;MANDRILLS BKB_20_20180717_id20_femadu_(8)_ORIGINAL.jpg;1117
7049;5889;20;MANDRILLS BKB_20_20180717_id20_femadu_(9)_ORIGINAL.jpg;1160
7260;5897;20;MANDRILLS BKB_20_20180725_id20_femadu_(13)_ORIGINAL.jpg;1363
6633;5897;20;MANDRILLS BKB_20_20180725_id20_femadu_(14)_ORIGINAL.jpg;736
7022;5897;20;MANDRILLS BKB_20_20180725_id20_femadu_(7)_ORIGINAL.jpg;1125
6833;5897;20;MANDRILLS BKB_20_20180725_id20_femadu_(9)_ORIGINAL.jpg;936
6135;5902;20;MANDRILLS BKB_20_20180730_id20_femadu_(2)_ORIGINAL.jpg;233
6317;5902;20;MANDRILLS BKB_20_20180730_id20_femadu_(4)_ORIGINAL.jpg;415
6437;5902;20;MANDRILLS BKB_20_20180730_id20_femadu_(5)_ORIGINAL.jpg;535
6776;5902;20;MANDRILLS BKB_20_20180730_id20_femadu_(7)_ORIGINAL.jpg;874
6418;5902;20;MANDRILLS BKB_20_20180730_id20_femadu_(8)_ORIGINAL.jpg;516
6933;5919;20;MANDRILLS BKB_20_20180816_id20_femadu_(1)_ORIGINAL.jpg;1014
6529;5919;20;MANDRILLS BKB_20_20180816_id20_femadu_(2)_ORIGINAL.jpg;610
6944;5919;20;MANDRILLS BKB_20_20180816_id20_femadu_(4)_ORIGINAL.jpg;1025
7568;5972;20;MANDRILLS BKB_20_20181008_id20_femadu_(1)_ORIGINAL.jpg;1596
7175;5972;20;MANDRILLS BKB_20_20181008_id20_femadu_(10)_ORIGINAL.jpg;1203
6248;5972;20;MANDRILLS BKB_20_20181008_id20_femadu_(13)_ORIGINAL.jpg;276
6823;5972;20;MANDRILLS BKB_20_20181008_id20_femadu_(14)_ORIGINAL.jpg;851
6718;5972;20;MANDRILLS BKB_20_20181008_id20_femadu_(15)_ORIGINAL.jpg;746
7097;5972;20;MANDRILLS BKB_20_20181008_id20_femadu_(16)_ORIGINAL.jpg;1125
7723;5972;20;MANDRILLS BKB_20_20181008_id20_femadu_(2)_ORIGINAL.jpg;1751
7607;5972;20;MANDRILLS BKB_20_20181008_id20_femadu_(3)_ORIGINAL.jpg;1635
7269;5972;20;MANDRILLS BKB_20_20181008_id20_femadu_(6)_ORIGINAL.jpg;1297
7442;5972;20;MANDRILLS BKB_20_20181008_id20_femadu_(7)_ORIGINAL.jpg;1470
6731;5972;20;MANDRILLS BKB_20_20181008_id20_femadu_(8)_ORIGINAL.jpg;759
6717;5972;20;MANDRILLS BKB_20_20181008_id20_femadu_(9)_ORIGINAL.jpg;745
7757;6205;20;MANDRILLS BKB_20_20190529_id20_femadu_(1).jpg;1552
7849;6205;20;MANDRILLS BKB_20_20190529_id20_femadu_(4).jpg;1644
7686;6205;20;MANDRILLS BKB_20_20190529_id20_femadu_(7).jpg;1481
7598;6205;20;MANDRILLS BKB_20_20190529_id20_femadu_(8).jpg;1393
26;0;206;MANDRILLS BKB_206_20140325_id816_malinfDROITE_(1)_ORIGINAL.jpg;26
78;0;206;MANDRILLS BKB_206_20140325_id816_malinfDROITE_(11)_ORIGINAL.jpg;78
73;0;206;MANDRILLS BKB_206_20140325_id816_malinfDROITE_(20)_ORIGINAL.jpg;73
56;0;206;MANDRILLS BKB_206_20140325_id816_malinfDROITE_(21)_ORIGINAL.jpg;56
49;0;206;MANDRILLS BKB_206_20140325_id816_malinfDROITE_(30)_ORIGINAL.jpg;49
44;0;206;MANDRILLS BKB_206_20140325_id816_malinfDROITE_(9)_ORIGINAL.jpg;44
51;7;206;MANDRILLS BKB_206_20140401_id816_malinfDEVANT_(1)_ORIGINAL.jpg;44
56;7;206;MANDRILLS BKB_206_20140401_id816_malinfDEVANT_(4)_ORIGINAL.jpg;49
63;7;206;MANDRILLS BKB_206_20140401_id816_malinfDEVANT_(5)_ORIGINAL.jpg;56
22;7;206;MANDRILLS BKB_206_20140401_id816_malinfDROITE_(1)_ORIGINAL.jpg;15
47;7;206;MANDRILLS BKB_206_20140401_id816_malinfDROITE_(11)_ORIGINAL.jpg;40
67;7;206;MANDRILLS BKB_206_20140401_id816_malinfDROITE_(14)_ORIGINAL.jpg;60
72;7;206;MANDRILLS BKB_206_20140401_id816_malinfDROITE_(17)_ORIGINAL.jpg;65
44;7;206;MANDRILLS BKB_206_20140401_id816_malinfDROITE_(18)_ORIGINAL.jpg;37
52;7;206;MANDRILLS BKB_206_20140401_id816_malinfDROITE_(2)_ORIGINAL.jpg;45
55;7;206;MANDRILLS BKB_206_20140401_id816_malinfDROITE_(20)_ORIGINAL.jpg;48
51;7;206;MANDRILLS BKB_206_20140401_id816_malinfDROITE_(23)_ORIGINAL.jpg;44
62;7;206;MANDRILLS BKB_206_20140401_id816_malinfDROITE_(24)_ORIGINAL.jpg;55
43;7;206;MANDRILLS BKB_206_20140401_id816_malinfDROITE_(25)_ORIGINAL.jpg;36
52;7;206;MANDRILLS BKB_206_20140401_id816_malinfDROITE_(26)_ORIGINAL.jpg;45
46;7;206;MANDRILLS BKB_206_20140401_id816_malinfDROITE_(27)_ORIGINAL.jpg;39
74;7;206;MANDRILLS BKB_206_20140401_id816_malinfDROITE_(28)_ORIGINAL.jpg;67
43;7;206;MANDRILLS BKB_206_20140401_id816_malinfDROITE_(29)_ORIGINAL.jpg;36
69;7;206;MANDRILLS BKB_206_20140401_id816_malinfDROITE_(34)_ORIGINAL.jpg;62
43;7;206;MANDRILLS BKB_206_20140401_id816_malinfDROITE_(39)_ORIGINAL.jpg;36
87;7;206;MANDRILLS BKB_206_20140401_id816_malinfDROITE_(4)_ORIGINAL.jpg;80
61;7;206;MANDRILLS BKB_206_20140401_id816_malinfDROITE_(40)_ORIGINAL.jpg;54
65;7;206;MANDRILLS BKB_206_20140401_id816_malinfDROITE_(41)_ORIGINAL.jpg;58
75;7;206;MANDRILLS BKB_206_20140401_id816_malinfDROITE_(42)_ORIGINAL.jpg;68
75;7;206;MANDRILLS BKB_206_20140401_id816_malinfDROITE_(45)_ORIGINAL.jpg;68
74;7;206;MANDRILLS BKB_206_20140401_id816_malinfDROITE_(6)_ORIGINAL.jpg;67
68;7;206;MANDRILLS BKB_206_20140401_id816_malinfDROITE_(7)_ORIGINAL.jpg;61
96;7;206;MANDRILLS BKB_206_20140401_id816_malinfDROITE_(9)_ORIGINAL.jpg;89
16;17;206;MANDRILLS BKB_206_20140411_id816_malinfDEVANT_(1)_ORIGINAL.jpg;1
15;17;206;MANDRILLS BKB_206_20140411_id816_malinfDEVANT_(11)_ORIGINAL.jpg;2
23;17;206;MANDRILLS BKB_206_20140411_id816_malinfDEVANT_(17)_ORIGINAL.jpg;6
18;17;206;MANDRILLS BKB_206_20140411_id816_malinfDEVANT_(22)_ORIGINAL.jpg;1
5;17;206;MANDRILLS BKB_206_20140411_id816_malinfDEVANT_(26)_ORIGINAL.jpg;12
-1;17;206;MANDRILLS BKB_206_20140411_id816_malinfDEVANT_(3)_ORIGINAL.jpg;18
15;17;206;MANDRILLS BKB_206_20140411_id816_malinfDEVANT_(32)_ORIGINAL.jpg;2
9;17;206;MANDRILLS BKB_206_20140411_id816_malinfDEVANT_(37)_ORIGINAL.jpg;8
33;17;206;MANDRILLS BKB_206_20140411_id816_malinfDEVANT_(4)_ORIGINAL.jpg;16
-25;17;206;MANDRILLS BKB_206_20140411_id816_malinfDEVANT_(45)_ORIGINAL.jpg;42
40;17;206;MANDRILLS BKB_206_20140411_id816_malinfDEVANT_(46)_ORIGINAL.jpg;23
12;17;206;MANDRILLS BKB_206_20140411_id816_malinfDEVANT_(50)_ORIGINAL.jpg;5
990;838;206;MANDRILLS BKB_206_20160710_id816_maljuvMINI_ORIGINAL.jpg;152
1059;838;206;MANDRILLS BKB_206_20160710_id816_maljuv_(1)_ORIGINAL.jpg;221
996;871;206;MANDRILLS BKB_206_20160812_id816_maljuv_ORIGINAL.jpg;125
1128;927;206;MANDRILLS BKB_206_20161007_id816_maljuv_(1)_ORIGINAL.jpg;201
1032;927;206;MANDRILLS BKB_206_20161007_id816_maljuv_(2)_ORIGINAL.jpg;105
1130;927;206;MANDRILLS BKB_206_20161007_id816_maljuv_(3)_ORIGINAL.jpg;203
1310;965;206;MANDRILLS BKB_206_20161114_id816_maljuv_ORIGINAL.jpg;345
1613;1556;206;MANDRILLS BKB_206_20180628_id816_maljuvDROITE_(1)_ORIGINAL.jpg;57
1436;1556;206;MANDRILLS BKB_206_20180628_id816_maljuvDROITE_(10)_ORIGINAL.jpg;120
1355;1556;206;MANDRILLS BKB_206_20180628_id816_maljuvDROITE_(11)_ORIGINAL.jpg;201
1654;1556;206;MANDRILLS BKB_206_20180628_id816_maljuvDROITE_(12)_ORIGINAL.jpg;98
1433;1556;206;MANDRILLS BKB_206_20180628_id816_maljuvDROITE_(13)_ORIGINAL.jpg;123
1365;1556;206;MANDRILLS BKB_206_20180628_id816_maljuvDROITE_(14)_ORIGINAL.jpg;191
1471;1556;206;MANDRILLS BKB_206_20180628_id816_maljuvDROITE_(15)_ORIGINAL.jpg;85
1821;1556;206;MANDRILLS BKB_206_20180628_id816_maljuvDROITE_(16)_ORIGINAL.jpg;265
1442;1556;206;MANDRILLS BKB_206_20180628_id816_maljuvDROITE_(2)_ORIGINAL.jpg;114
1330;1556;206;MANDRILLS BKB_206_20180628_id816_maljuvDROITE_(3)_ORIGINAL.jpg;226
1706;1556;206;MANDRILLS BKB_206_20180628_id816_maljuvDROITE_(4)_ORIGINAL.jpg;150
1711;1556;206;MANDRILLS BKB_206_20180628_id816_maljuvDROITE_(5)_ORIGINAL.jpg;155
1671;1556;206;MANDRILLS BKB_206_20180628_id816_maljuvDROITE_(6)_ORIGINAL.jpg;115
1705;1556;206;MANDRILLS BKB_206_20180628_id816_maljuvDROITE_(7)_ORIGINAL.jpg;149
1426;1556;206;MANDRILLS BKB_206_20180628_id816_maljuvDROITE_(8)_ORIGINAL.jpg;130
1585;1556;206;MANDRILLS BKB_206_20180628_id816_maljuvDROITE_(9)_ORIGINAL.jpg;29
1831;1560;206;MANDRILLS BKB_206_20180702_id816_maljuv_(1)_ORIGINAL.jpg;271
1746;1560;206;MANDRILLS BKB_206_20180702_id816_maljuv_(2)_ORIGINAL.jpg;186
1748;1563;206;MANDRILLS BKB_206_20180705_id816_maljuv_(1)_ORIGINAL.jpg;185
1748;1563;206;MANDRILLS BKB_206_20180705_id816_maljuv_(10)_ORIGINAL.jpg;185
1850;1563;206;MANDRILLS BKB_206_20180705_id816_maljuv_(12)_ORIGINAL.jpg;287
1766;1563;206;MANDRILLS BKB_206_20180705_id816_maljuv_(13)_ORIGINAL.jpg;203
1752;1563;206;MANDRILLS BKB_206_20180705_id816_maljuv_(14)_ORIGINAL.jpg;189
1740;1563;206;MANDRILLS BKB_206_20180705_id816_maljuv_(15)_ORIGINAL.jpg;177
1650;1563;206;MANDRILLS BKB_206_20180705_id816_maljuv_(16)_ORIGINAL.jpg;87
1681;1563;206;MANDRILLS BKB_206_20180705_id816_maljuv_(3)_ORIGINAL.jpg;118
1641;1563;206;MANDRILLS BKB_206_20180705_id816_maljuv_(4)_ORIGINAL.jpg;78
1653;1563;206;MANDRILLS BKB_206_20180705_id816_maljuv_(5)_ORIGINAL.jpg;90
1753;1563;206;MANDRILLS BKB_206_20180705_id816_maljuv_(7)_ORIGINAL.jpg;190
1795;1563;206;MANDRILLS BKB_206_20180705_id816_maljuv_(8)_ORIGINAL.jpg;232
1628;1563;206;MANDRILLS BKB_206_20180705_id816_maljuv_(9)_ORIGINAL.jpg;65
1955;1723;206;MANDRILLS BKB_206_20181212_id816_maljuv_(1)_ORIGINAL.jpg;232
1867;1723;206;MANDRILLS BKB_206_20181212_id816_maljuv_(10)_ORIGINAL.jpg;144
1770;1723;206;MANDRILLS BKB_206_20181212_id816_maljuv_(11)_ORIGINAL.jpg;47
1820;1723;206;MANDRILLS BKB_206_20181212_id816_maljuv_(12)_ORIGINAL.jpg;97
1886;1723;206;MANDRILLS BKB_206_20181212_id816_maljuv_(13)_ORIGINAL.jpg;163
1676;1723;206;MANDRILLS BKB_206_20181212_id816_maljuv_(14)_ORIGINAL.jpg;47
1922;1723;206;MANDRILLS BKB_206_20181212_id816_maljuv_(15)_ORIGINAL.jpg;199
1711;1723;206;MANDRILLS BKB_206_20181212_id816_maljuv_(16)_ORIGINAL.jpg;12
1680;1723;206;MANDRILLS BKB_206_20181212_id816_maljuv_(17)_ORIGINAL.jpg;43
2060;1723;206;MANDRILLS BKB_206_20181212_id816_maljuv_(2)_ORIGINAL.jpg;337
1747;1723;206;MANDRILLS BKB_206_20181212_id816_maljuv_(3)_ORIGINAL.jpg;24
1908;1723;206;MANDRILLS BKB_206_20181212_id816_maljuv_(4)_ORIGINAL.jpg;185
1758;1723;206;MANDRILLS BKB_206_20181212_id816_maljuv_(5)_ORIGINAL.jpg;35
1836;1723;206;MANDRILLS BKB_206_20181212_id816_maljuv_(6)_ORIGINAL.jpg;113
1787;1723;206;MANDRILLS BKB_206_20181212_id816_maljuv_(7)_ORIGINAL.jpg;64
1620;1723;206;MANDRILLS BKB_206_20181212_id816_maljuv_(8)_ORIGINAL.jpg;103
1702;1723;206;MANDRILLS BKB_206_20181212_id816_maljuv_(9)_ORIGINAL.jpg;21
1962;1777;206;MANDRILLS BKB_206_20190204_id816_maljuv_(1)_ORIGINAL.jpg;185
1875;1777;206;MANDRILLS BKB_206_20190204_id816_maljuv_(11)_ORIGINAL.jpg;98
1928;1777;206;MANDRILLS BKB_206_20190204_id816_maljuv_(13)_ORIGINAL.jpg;151
1975;1777;206;MANDRILLS BKB_206_20190204_id816_maljuv_(18)_ORIGINAL.jpg;198
1935;1777;206;MANDRILLS BKB_206_20190204_id816_maljuv_(2)_ORIGINAL.jpg;158
2008;1777;206;MANDRILLS BKB_206_20190204_id816_maljuv_(3)_ORIGINAL.jpg;231
1901;1777;206;MANDRILLS BKB_206_20190204_id816_maljuv_(5)_ORIGINAL.jpg;124
1931;1777;206;MANDRILLS BKB_206_20190204_id816_maljuv_(7)_ORIGINAL.jpg;154
1865;1785;206;MANDRILLS BKB_206_20190212_id816_maljuv_(1)_ORIGINAL.jpg;80
2001;1785;206;MANDRILLS BKB_206_20190212_id816_maljuv_(19)_ORIGINAL.jpg;216
2089;1785;206;MANDRILLS BKB_206_20190212_id816_maljuv_(20)_ORIGINAL.jpg;304
1926;1785;206;MANDRILLS BKB_206_20190212_id816_maljuv_(21)_ORIGINAL.jpg;141
1934;1785;206;MANDRILLS BKB_206_20190212_id816_maljuv_(29)_ORIGINAL.jpg;149
1852;1785;206;MANDRILLS BKB_206_20190212_id816_maljuv_(3)_ORIGINAL.jpg;67
1891;1785;206;MANDRILLS BKB_206_20190212_id816_maljuv_(31)_ORIGINAL.jpg;106
1914;1785;206;MANDRILLS BKB_206_20190212_id816_maljuv_(33)_ORIGINAL.jpg;129
1876;1785;206;MANDRILLS BKB_206_20190212_id816_maljuv_(36)_ORIGINAL.jpg;91
1989;1813;206;MANDRILLS BKB_206_20190312_id816_malado_(1).jpg;176
1970;1813;206;MANDRILLS BKB_206_20190312_id816_malado_(2).jpg;157
2088;1813;206;MANDRILLS BKB_206_20190312_id816_malado_(3).jpg;275
2067;1813;206;MANDRILLS BKB_206_20190312_id816_malado_(4).jpg;254
1985;1813;206;MANDRILLS BKB_206_20190312_id816_malado_(5).jpg;172
1877;1813;206;MANDRILLS BKB_206_20190312_id816_malado_(6).jpg;64
1962;1813;206;MANDRILLS BKB_206_20190312_id816_malado_(7).jpg;149
2036;1814;206;MANDRILLS BKB_206_20190313_id816_malado_(1).jpg;222
1861;1814;206;MANDRILLS BKB_206_20190313_id816_malado_(2).jpg;47
2073;1814;206;MANDRILLS BKB_206_20190313_id816_malado_(3).jpg;259
2089;1814;206;MANDRILLS BKB_206_20190313_id816_malado_(4).jpg;275
2114;1814;206;MANDRILLS BKB_206_20190313_id816_malado_(5).jpg;300
1978;1814;206;MANDRILLS BKB_206_20190313_id816_malado_(6).jpg;164
2081;1814;206;MANDRILLS BKB_206_20190313_id816_malado_(7).jpg;267
2063;1820;206;MANDRILLS BKB_206_20190319_id816_malado_(1).jpg;243
1911;1820;206;MANDRILLS BKB_206_20190319_id816_malado_(11).jpg;91
1809;1820;206;MANDRILLS BKB_206_20190319_id816_malado_(12).jpg;11
2069;1820;206;MANDRILLS BKB_206_20190319_id816_malado_(13).jpg;249
1978;1820;206;MANDRILLS BKB_206_20190319_id816_malado_(14).jpg;158
2045;1820;206;MANDRILLS BKB_206_20190319_id816_malado_(16).jpg;225
1991;1820;206;MANDRILLS BKB_206_20190319_id816_malado_(19).jpg;171
1938;1820;206;MANDRILLS BKB_206_20190319_id816_malado_(2).jpg;118
1954;1820;206;MANDRILLS BKB_206_20190319_id816_malado_(20).jpg;134
1965;1820;206;MANDRILLS BKB_206_20190319_id816_malado_(21).jpg;145
1989;1820;206;MANDRILLS BKB_206_20190319_id816_malado_(22).jpg;169
1969;1820;206;MANDRILLS BKB_206_20190319_id816_malado_(23).jpg;149
1916;1820;206;MANDRILLS BKB_206_20190319_id816_malado_(26).jpg;96
1947;1820;206;MANDRILLS BKB_206_20190319_id816_malado_(27).jpg;127
1877;1820;206;MANDRILLS BKB_206_20190319_id816_malado_(28).jpg;57
1995;1820;206;MANDRILLS BKB_206_20190319_id816_malado_(29).jpg;175
1946;1820;206;MANDRILLS BKB_206_20190319_id816_malado_(3).jpg;126
2045;1820;206;MANDRILLS BKB_206_20190319_id816_malado_(30).jpg;225
1897;1820;206;MANDRILLS BKB_206_20190319_id816_malado_(31).jpg;77
2118;1820;206;MANDRILLS BKB_206_20190319_id816_malado_(4).jpg;298
1921;1820;206;MANDRILLS BKB_206_20190319_id816_malado_(5).jpg;101
2026;1820;206;MANDRILLS BKB_206_20190319_id816_malado_(6).jpg;206
2012;1820;206;MANDRILLS BKB_206_20190319_id816_malado_(7).jpg;192
2014;1820;206;MANDRILLS BKB_206_20190319_id816_malado_(8).jpg;194
1954;1820;206;MANDRILLS BKB_206_20190319_id816_malado_(9).jpg;134
2034;1824;206;MANDRILLS BKB_206_20190323_id816_malado_(1).jpg;210
2044;1824;206;MANDRILLS BKB_206_20190323_id816_malado_(2).jpg;220
2107;1824;206;MANDRILLS BKB_206_20190323_id816_malado_(3).jpg;283
1945;1824;206;MANDRILLS BKB_206_20190323_id816_malado_(4).jpg;121
2015;1824;206;MANDRILLS BKB_206_20190323_id816_malado_(5).jpg;191
2017;1931;206;MANDRILLS BKB_206_20190708_id816_malado_(1).jpg;86
2001;1931;206;MANDRILLS BKB_206_20190708_id816_malado_(10).jpg;70
1980;1931;206;MANDRILLS BKB_206_20190708_id816_malado_(11).jpg;49
2008;1931;206;MANDRILLS BKB_206_20190708_id816_malado_(12).jpg;77
2007;1931;206;MANDRILLS BKB_206_20190708_id816_malado_(13).jpg;76
2104;1931;206;MANDRILLS BKB_206_20190708_id816_malado_(14).jpg;173
1883;1931;206;MANDRILLS BKB_206_20190708_id816_malado_(2).jpg;48
2023;1931;206;MANDRILLS BKB_206_20190708_id816_malado_(6).jpg;92
1957;1931;206;MANDRILLS BKB_206_20190708_id816_malado_(7).jpg;26
2089;1937;206;MANDRILLS BKB_206_20190714_id816_malado_(1).jpg;152
1740;1937;206;MANDRILLS BKB_206_20190714_id816_malado_(10).jpg;197
1697;1937;206;MANDRILLS BKB_206_20190714_id816_malado_(11).jpg;240
1844;1937;206;MANDRILLS BKB_206_20190714_id816_malado_(12).jpg;93
1762;1937;206;MANDRILLS BKB_206_20190714_id816_malado_(13).jpg;175
1760;1937;206;MANDRILLS BKB_206_20190714_id816_malado_(14).jpg;177
1750;1937;206;MANDRILLS BKB_206_20190714_id816_malado_(15).jpg;187
1951;1937;206;MANDRILLS BKB_206_20190714_id816_malado_(16).jpg;14
1840;1937;206;MANDRILLS BKB_206_20190714_id816_malado_(2).jpg;97
1851;1937;206;MANDRILLS BKB_206_20190714_id816_malado_(3).jpg;86
1797;1937;206;MANDRILLS BKB_206_20190714_id816_malado_(4).jpg;140
1940;1937;206;MANDRILLS BKB_206_20190714_id816_malado_(5).jpg;3
2027;1937;206;MANDRILLS BKB_206_20190714_id816_malado_(6).jpg;90
1910;1937;206;MANDRILLS BKB_206_20190714_id816_malado_(7).jpg;27
1609;1937;206;MANDRILLS BKB_206_20190714_id816_malado_(8).jpg;328
1801;1937;206;MANDRILLS BKB_206_20190714_id816_malado_(9).jpg;136
2209;1964;206;MANDRILLS BKB_206_20190810_id816_malado_(1).jpg;245
2175;1964;206;MANDRILLS BKB_206_20190810_id816_malado_(2).jpg;211
2221;1964;206;MANDRILLS BKB_206_20190810_id816_malado_(3).jpg;257
2042;1964;206;MANDRILLS BKB_206_20190810_id816_malado_GAUCHE.jpg;78
2140;1989;206;MANDRILLS BKB_206_20190904_id816_malado_(1).jpg;151
2197;1989;206;MANDRILLS BKB_206_20190904_id816_malado_(2).jpg;208
2298;1990;206;MANDRILLS BKB_206_20190905_id816_malado_(1).jpg;308
2098;1990;206;MANDRILLS BKB_206_20190905_id816_malado_(2).jpg;108
2151;2054;206;MANDRILLS BKB_206_20191108_id816_malado_(1).jpg;97
2170;2054;206;MANDRILLS BKB_206_20191108_id816_malado_(2).jpg;116
2194;2057;206;MANDRILLS BKB_206_20191111_id816_malado_(1).jpg;137
2222;2057;206;MANDRILLS BKB_206_20191111_id816_malado_(2).jpg;165
2157;2084;206;MANDRILLS BKB_206_20191208_id816_malado_(1).jpg;73
2137;2084;206;MANDRILLS BKB_206_20191208_id816_malado_(2).jpg;53
2279;2094;206;MANDRILLS BKB_206_20191218_id816_malado.jpg;185
2254;2145;206;MANDRILLS BKB_206_20200207_id816_malado_(1).jpg;109
2108;2145;206;MANDRILLS BKB_206_20200207_id816_malado_(2).jpg;37
2255;2145;206;MANDRILLS BKB_206_20200207_id816_malado_(3).jpg;110
2245;2145;206;MANDRILLS BKB_206_20200207_id816_malado_(4).jpg;100
2254;2187;206;MANDRILLS BKB_206_20200320_id816_malado_(1).jpg;67
2231;2187;206;MANDRILLS BKB_206_20200320_id816_malado_(2).jpg;44
2415;2397;206;MANDRILLS BKB_206_20201016_id206_malado_(1).jpg;18
2409;2397;206;MANDRILLS BKB_206_20201016_id206_malado_(2).jpg;12
2381;2397;206;MANDRILLS BKB_206_20201016_id206_malado_(3).jpg;16
2344;2397;206;MANDRILLS BKB_206_20201016_id206_malado_(4).jpg;53
2427;2416;206;MANDRILLS BKB_206_20201104_id206_malado_(1).jpg;11
2807;2416;206;MANDRILLS BKB_206_20201104_id206_malado_(2).jpg;391
2214;2416;206;MANDRILLS BKB_206_20201104_id206_malado_(4).jpg;202
2342;2419;206;MANDRILLS BKB_206_20201107_id206_malado.jpg;77
2635;2419;206;MANDRILLS BKB_206_20201107_id206_malado_(1).jpg;216
2517;2419;206;MANDRILLS BKB_206_20201107_id206_malado_(2).jpg;98
2592;2422;206;MANDRILLS BKB_206_20201110_id206_malado.jpg;170
2481;2436;206;MANDRILLS BKB_206_20201124_id206_malado_(1).jpg;45
2491;2436;206;MANDRILLS BKB_206_20201124_id206_malado_(2).jpg;55
2570;2437;206;MANDRILLS BKB_206_20201125_id206_malado.jpg;133
2470;2455;206;MANDRILLS BKB_206_20201213_id206_malado_(1).jpg;15
2594;2455;206;MANDRILLS BKB_206_20201213_id206_malado_(2).jpg;139
2530;2455;206;MANDRILLS BKB_206_20201213_id206_malado_(3).jpg;75
2515;2455;206;MANDRILLS BKB_206_20201213_id206_malado_(4).jpg;60
2574;2455;206;MANDRILLS BKB_206_20201213_id206_malado_(5).jpg;119
2473;2458;206;MANDRILLS BKB_206_20201216_id206_malado_(1).jpg;15
2470;2458;206;MANDRILLS BKB_206_20201216_id206_malado_(2).jpg;12
2400;2473;206;MANDRILLS BKB_206_20201231_id206_malado_(1).jpg;73
2346;2473;206;MANDRILLS BKB_206_20201231_id206_malado_(2).jpg;127
2610;2473;206;MANDRILLS BKB_206_20201231_id206_malado_(3).jpg;137
2543;2477;206;MANDRILLS BKB_206_20210104_id206_malado_(1).jpg;66
2516;2477;206;MANDRILLS BKB_206_20210104_id206_malado_(2).jpg;39
2540;2478;206;MANDRILLS BKB_206_20210105_id206_malado.jpg;62
2496;2486;206;MANDRILLS BKB_206_20210113_id206_malado_(1).jpg;10
2426;2486;206;MANDRILLS BKB_206_20210113_id206_malado_(2).jpg;60
2412;2486;206;MANDRILLS BKB_206_20210113_id206_malado_(3).jpg;74
2581;2490;206;MANDRILLS BKB_206_20210117_id206_malado_(1).jpg;91
2603;2490;206;MANDRILLS BKB_206_20210117_id206_malado_(2).jpg;113
2548;2490;206;MANDRILLS BKB_206_20210117_id206_malado_(3).jpg;58
2445;2493;206;MANDRILLS BKB_206_20210120_id206_malado.jpg;48
2426;2499;206;MANDRILLS BKB_206_20210126_id206_malado_(1).jpg;73
2285;2499;206;MANDRILLS BKB_206_20210126_id206_malado_(2).jpg;214
2423;2501;206;MANDRILLS BKB_206_20210128_id206_malado.jpg;78
2151;2502;206;MANDRILLS BKB_206_20210129_id206_malado_(2).jpg;351
2156;2502;206;MANDRILLS BKB_206_20210129_id206_malado_(3).jpg;346
2473;2502;206;MANDRILLS BKB_206_20210129_id206_malado_(4).jpg;29
2048;2502;206;MANDRILLS BKB_206_20210129_id206_malado_(5).jpg;454
2175;2502;206;MANDRILLS BKB_206_20210129_id206_malado_(6).jpg;327
2681;2530;206;MANDRILLS BKB_206_20210226_id206_malado_(1).jpg;151
2435;2530;206;MANDRILLS BKB_206_20210226_id206_malado_(3).jpg;95
2705;2564;206;MANDRILLS BKB_206_20210401_id206_malsub.jpg;141
2550;2568;206;MANDRILLS BKB_206_20210405_id206_malsub.jpg;18
2592;2573;206;MANDRILLS BKB_206_20210410_id206_malsub_(1).jpg;19
2620;2573;206;MANDRILLS BKB_206_20210410_id206_malsub_(2).jpg;47
2622;2573;206;MANDRILLS BKB_206_20210410_id206_malsub_(3).jpg;49
2599;2573;206;MANDRILLS BKB_206_20210410_id206_malsub_(4).jpg;26
2504;2573;206;MANDRILLS BKB_206_20210410_id206_malsub_(5).jpg;69
2707;2677;206;MANDRILLS BKB_206_20210723_id206_malsub_(2).jpg;30
2734;2677;206;MANDRILLS BKB_206_20210723_id206_malsub_(3).jpg;57
2896;2677;206;MANDRILLS BKB_206_20210723_id206_malsub_(4).jpg;219
2896;2677;206;MANDRILLS BKB_206_20210723_id206_malsub_(5).jpg;219
2810;2677;206;MANDRILLS BKB_206_20210723_id206_malsub_(6).jpg;133
2674;2677;206;MANDRILLS BKB_206_20210723_id206_malsub_(7).jpg;3
2822;2677;206;MANDRILLS BKB_206_20210723_id206_malsub_(8).jpg;145
2787;2735;206;MANDRILLS BKB_206_20210919_id206_malsub (1).jpg;52
3116;2735;206;MANDRILLS BKB_206_20210919_id206_malsub (2).jpg;381
2791;2738;206;MANDRILLS BKB_206_20210922_id206_malsub.jpg;53
2647;2739;206;MANDRILLS BKB_206_20210923_id206_malsub.jpg;92
2750;2765;206;MANDRILLS BKB_206_20211019_id206_malsub.jpg;15
2888;2779;206;MANDRILLS BKB_206_20211102_id206_malsub_(1).jpg;109
2825;2779;206;MANDRILLS BKB_206_20211102_id206_malsub_(2).jpg;46
2587;2785;206;MANDRILLS BKB_206_20211108_id206_malsub_(1).jpg;198
2829;2785;206;MANDRILLS BKB_206_20211108_id206_malsub_(2).jpg;44
2788;2788;206;MANDRILLS BKB_206_20211111_id206_malsub.jpg;0
1555;1462;236;MANDRILLS BKB_236_20200108_id236_mal.jpg;93
1504;1746;236;MANDRILLS BKB_236_20201018_id236_mal_(1).jpg;242
1739;1746;236;MANDRILLS BKB_236_20201018_id236_mal_(2).jpg;7
1608;1746;236;MANDRILLS BKB_236_20201018_id236_mal_(3).jpg;138
1567;1746;236;MANDRILLS BKB_236_20201018_id236_mal_(4).jpg;179
1699;1802;236;MANDRILLS BKB_236_20201213_id236_mal_(1).jpg;103
1717;1802;236;MANDRILLS BKB_236_20201213_id236_mal_(2).jpg;85
1796;1805;236;MANDRILLS BKB_236_20201216_id236_mal_(1).jpg;9
1891;1805;236;MANDRILLS BKB_236_20201216_id236_mal_(2).jpg;86
1840;1805;236;MANDRILLS BKB_236_20201216_id236_mal_(3).jpg;35
1780;1805;236;MANDRILLS BKB_236_20201216_id236_mal_(4).jpg;25
1843;1805;236;MANDRILLS BKB_236_20201216_id236_mal_(5).jpg;38
1585;1805;236;MANDRILLS BKB_236_20201216_id236_mal_(6).jpg;220
1613;1805;236;MANDRILLS BKB_236_20201216_id236_mal_(7).jpg;192
1826;1824;236;MANDRILLS BKB_236_20210104_id236_mal.jpg;2
1817;1825;236;MANDRILLS BKB_236_20210105_id236_mal.jpg;8
1666;1840;236;MANDRILLS BKB_236_20210120_id236_mal_(1).jpg;174
1810;1840;236;MANDRILLS BKB_236_20210120_id236_mal_(2).jpg;30
1674;1840;236;MANDRILLS BKB_236_20210120_id236_mal_(3).jpg;166
1725;1840;236;MANDRILLS BKB_236_20210120_id236_mal_(4).jpg;115
1816;1840;236;MANDRILLS BKB_236_20210120_id236_mal_(5).jpg;24
1802;1840;236;MANDRILLS BKB_236_20210120_id236_mal_(6).jpg;38
1835;1840;236;MANDRILLS BKB_236_20210120_id236_mal_(7).jpg;5
1800;1840;236;MANDRILLS BKB_236_20210120_id236_mal_(8).jpg;40
1830;1845;236;MANDRILLS BKB_236_20210125_id236_mal.jpg;15
1881;1846;236;MANDRILLS BKB_236_20210126_id236_mal_(1).jpg;35
1918;1846;236;MANDRILLS BKB_236_20210126_id236_mal_(2).jpg;72
1857;1849;236;MANDRILLS BKB_236_20210129_id236_mal_(1).jpg;8
1877;1849;236;MANDRILLS BKB_236_20210129_id236_mal_(2).jpg;28
1829;1849;236;MANDRILLS BKB_236_20210129_id236_mal_(3).jpg;20
1833;1849;236;MANDRILLS BKB_236_20210129_id236_mal_(4).jpg;16
1843;1849;236;MANDRILLS BKB_236_20210129_id236_mal_(5).jpg;6
1868;1849;236;MANDRILLS BKB_236_20210129_id236_mal_(6).jpg;19
2025;1861;236;MANDRILLS BKB_236_20210210_id236_mal_(1).jpg;164
1832;1861;236;MANDRILLS BKB_236_20210210_id236_mal_(2).jpg;29
1830;1861;236;MANDRILLS BKB_236_20210210_id236_mal_(3).jpg;31
1928;1861;236;MANDRILLS BKB_236_20210210_id236_mal_(4).jpg;67
1941;1861;236;MANDRILLS BKB_236_20210210_id236_mal_(5).jpg;80
1969;1861;236;MANDRILLS BKB_236_20210210_id236_mal_(6).jpg;108
1859;1861;236;MANDRILLS BKB_236_20210210_id236_mal_(7).jpg;2
2056;1877;236;MANDRILLS BKB_236_20210226_id236_mal_(1).jpg;179
2027;1877;236;MANDRILLS BKB_236_20210226_id236_mal_(2).jpg;150
2005;1877;236;MANDRILLS BKB_236_20210226_id236_mal_(3).jpg;128
1930;1877;236;MANDRILLS BKB_236_20210226_id236_mal_(4).jpg;53
1953;1887;236;MANDRILLS BKB_236_20210308_id236_mal.jpg;66
1854;1908;236;MANDRILLS BKB_236_20210329_id236_mal.jpg;54
2113;2072;236;MANDRILLS BKB_236_20210909_id236_malado (1).jpg;41
2058;2072;236;MANDRILLS BKB_236_20210909_id236_malado (2).jpg;14
2013;2079;236;MANDRILLS BKB_236_20210916_id236_malado.jpg;66
1946;2082;236;MANDRILLS BKB_236_20210919_id236_malado (1).jpg;136
2080;2082;236;MANDRILLS BKB_236_20210919_id236_malado (2).jpg;2
2200;2109;236;MANDRILLS BKB_236_20211016_id236_malado.jpg;91
2064;2110;236;MANDRILLS BKB_236_20211017_id236_malado_(1).jpg;46
2032;2110;236;MANDRILLS BKB_236_20211017_id236_malado_(2).jpg;78
2262;2110;236;MANDRILLS BKB_236_20211017_id236_malado_(3).jpg;152
166;92;244;MANDRILLS BKB_244_20170509_id244_infDEVANT_(1)_ORIGINAL.jpg;74
152;92;244;MANDRILLS BKB_244_20170509_id244_infDEVANT_(2)_ORIGINAL.jpg;60
1132;940;244;MANDRILLS BKB_244_20190904_id244_mal_(1).jpg;192
1147;940;244;MANDRILLS BKB_244_20190904_id244_mal_(2).jpg;207
1014;940;244;MANDRILLS BKB_244_20190904_id244_mal_(3).jpg;74
1202;940;244;MANDRILLS BKB_244_20190904_id244_mal_(4).jpg;262
1161;940;244;MANDRILLS BKB_244_20190904_id244_mal_(5).jpg;221
1134;940;244;MANDRILLS BKB_244_20190904_id244_mal_(6).jpg;194
1357;1406;244;MANDRILLS BKB_244_20201213_id244_mal_(1).jpg;49
1501;1406;244;MANDRILLS BKB_244_20201213_id244_mal_(2).jpg;95
1406;1410;244;MANDRILLS BKB_244_20201217_id244_mal_(1).jpg;4
1315;1410;244;MANDRILLS BKB_244_20201217_id244_mal_(2).jpg;95
1361;1410;244;MANDRILLS BKB_244_20201217_id244_mal_(3).jpg;49
1397;1410;244;MANDRILLS BKB_244_20201217_id244_mal_(4).jpg;13
1215;1430;244;MANDRILLS BKB_244_20210106_id244_mal_(1).jpg;215
1370;1430;244;MANDRILLS BKB_244_20210106_id244_mal_(2).jpg;60
1528;1444;244;MANDRILLS BKB_244_20210120_id244_mal.jpg;84
1611;1450;244;MANDRILLS BKB_244_20210126_id244_mal_(1).jpg;161
1544;1450;244;MANDRILLS BKB_244_20210126_id244_mal_(2).jpg;94
1426;1450;244;MANDRILLS BKB_244_20210126_id244_mal_(3).jpg;24
1391;1453;244;MANDRILLS BKB_244_20210129_id244_mal_(1).jpg;62
1291;1453;244;MANDRILLS BKB_244_20210129_id244_mal_(2).jpg;162
1488;1453;244;MANDRILLS BKB_244_20210129_id244_mal_(3).jpg;35
1386;1458;244;MANDRILLS BKB_244_20210203_id244_mal.jpg;72
1319;1465;244;MANDRILLS BKB_244_20210210_id244_mal_(1).jpg;146
1086;1465;244;MANDRILLS BKB_244_20210210_id244_mal_(2).jpg;379
1460;1465;244;MANDRILLS BKB_244_20210210_id244_mal_(3).jpg;5
1508;1467;244;MANDRILLS BKB_244_20210212_id244_mal_(1).jpg;41
1411;1467;244;MANDRILLS BKB_244_20210212_id244_mal_(2).jpg;56
1479;1484;244;MANDRILLS BKB_244_20210301_id244_mal_(2).jpg;5
1447;1484;244;MANDRILLS BKB_244_20210301_id244_mal_(3).jpg;37
1483;1484;244;MANDRILLS BKB_244_20210301_id244_mal_(4).jpg;1
1484;1484;244;MANDRILLS BKB_244_20210301_id244_mal_(5).jpg;0
1525;1524;244;MANDRILLS BKB_244_20210410_id244_mal_(1).jpg;1
1617;1524;244;MANDRILLS BKB_244_20210410_id244_mal_(2).jpg;93
1586;1555;244;MANDRILLS BKB_244_20210511_id244_malado.jpg;31
1559;1582;244;MANDRILLS BKB_244_20210607_id244_malado_(1).jpg;23
1536;1582;244;MANDRILLS BKB_244_20210607_id244_malado_(2).jpg;46
1680;1582;244;MANDRILLS BKB_244_20210607_id244_malado_(3).jpg;98
1706;1582;244;MANDRILLS BKB_244_20210607_id244_malado_(4).jpg;124
1632;1582;244;MANDRILLS BKB_244_20210607_id244_malado_(5).jpg;50
1697;1597;244;MANDRILLS BKB_244_20210622_id244_malado.jpg;100
1697;1604;244;MANDRILLS BKB_244_20210629_id244_malado_(2).jpg;93
1638;1604;244;MANDRILLS BKB_244_20210629_id244_malado_(3).jpg;34
1559;1604;244;MANDRILLS BKB_244_20210629_id244_malado_(4).jpg;45
1584;1630;244;MANDRILLS BKB_244_20210725_id244_malado_(1).jpg;46
1510;1630;244;MANDRILLS BKB_244_20210725_id244_malado_(4).jpg;120
1669;1630;244;MANDRILLS BKB_244_20210725_id244_malado_(5).jpg;39
1492;1631;244;MANDRILLS BKB_244_20210726_id244_malado.jpg;139
1487;1631;244;MANDRILLS BKB_244_20210726_id244_malado_(1).jpg;144
1553;1631;244;MANDRILLS BKB_244_20210726_id244_malado_(3).jpg;78
1450;1631;244;MANDRILLS BKB_244_20210726_id244_malado_(4).jpg;181
1459;1631;244;MANDRILLS BKB_244_20210726_id244_malado_(5).jpg;172
1556;1631;244;MANDRILLS BKB_244_20210726_id244_malado_(6).jpg;75
1537;1631;244;MANDRILLS BKB_244_20210726_id244_malado_(7).jpg;94
1701;1631;244;MANDRILLS BKB_244_20210726_id244_malado_(8).jpg;70
1683;1637;244;MANDRILLS BKB_244_20210801_id244_femado_(1).jpg;46
1712;1637;244;MANDRILLS BKB_244_20210801_id244_femado_(2).jpg;75
1599;1665;244;MANDRILLS BKB_244_20210829_id244_femadu.jpg;66
1556;1683;244;MANDRILLS BKB_244_20210916_id244_malado.jpg;127
1724;1686;244;MANDRILLS BKB_244_20210919_id244_malado.jpg;38
1610;1703;244;MANDRILLS BKB_244_20211006_id244_malado.jpg;93
1700;1721;244;MANDRILLS BKB_244_20211024_id244_malado.jpg;21
1781;1747;244;MANDRILLS BKB_244_20211119_id244_malado_(2).jpg;34
1793;1747;244;MANDRILLS BKB_244_20211119_id244_malado_(3).jpg;46
1677;1775;244;MANDRILLS BKB_244_20211217_id244_malado_(2).jpg;98
1746;1777;244;MANDRILLS BKB_244_20211219_id244_malado_(1).jpg;31
1886;1777;244;MANDRILLS BKB_244_20211219_id244_malado_(2).jpg;109
1585;1784;244;MANDRILLS BKB_244_20211226_id244_malado_(1).jpg;199
1633;1784;244;MANDRILLS BKB_244_20211226_id244_malado_(2).jpg;151
1583;1784;244;MANDRILLS BKB_244_20211226_id244_malado_(3).jpg;201
1608;1815;244;MANDRILLS BKB_244_20220126_id244 (1).jpg;207
1797;1815;244;MANDRILLS BKB_244_20220126_id244 (2).jpg;18
1589;1815;244;MANDRILLS BKB_244_20220126_id244 (3).jpg;226
1676;1831;244;MANDRILLS BKB_244_20220211_id244_malado (1).jpg;155
1856;1831;244;MANDRILLS BKB_244_20220211_id244_malado (2).jpg;25
1753;1841;244;MANDRILLS BKB_244_20220221_id244_malado (1).jpg;88
1771;1841;244;MANDRILLS BKB_244_20220221_id244_malado (2).jpg;70
1669;1846;244;MANDRILLS BKB_244_20220226_id244_malado.jpg;177
1684;1857;244;MANDRILLS BKB_244_20220309_id244_malado (1).jpg;173
1914;1877;244;MANDRILLS BKB_244_20220329_id244_malado (1).jpg;37
1826;1877;244;MANDRILLS BKB_244_20220329_id244_malado (2).jpg;51
1658;1877;244;MANDRILLS BKB_244_20220329_id244_malado (3).jpg;219
1902;1880;244;MANDRILLS BKB_244_20220401_id244_malado.jpg;22
1827;1925;244;MANDRILLS BKB_244_20220516_id244_malado.jpg;98
1878;1926;244;MANDRILLS BKB_244_20220517_id244_malado.jpg;48
1865;1927;244;MANDRILLS BKB_244_20220518_id244_malado.jpg;62
1850;1941;244;MANDRILLS BKB_244_20220601_id244_malado.jpg;91
1813;1944;244;MANDRILLS BKB_244_20220604_id244_malado (1).jpg;131
1807;1947;244;MANDRILLS BKB_244_20220607_id244_malado.jpg;140
1908;1950;244;MANDRILLS BKB_244_20220610_id244_malado.jpg;42
1890;1958;244;MANDRILLS BKB_244_20220618_id244_malado.jpg;68
1975;1964;244;MANDRILLS BKB_244_20220624_id244_malado (2).jpg;11
1932;1964;244;MANDRILLS BKB_244_20220624_id244_malado.jpg;32
1883;1969;244;MANDRILLS BKB_244_20220629_id244 (2).jpg;86
1914;1969;244;MANDRILLS BKB_244_20220629_id244 (3).jpg;55
1681;1969;244;MANDRILLS BKB_244_20220629_id244.jpg;288
1941;1971;244;MANDRILLS BKB_244_20220701_id244.jpg;30
2267;1976;244;MANDRILLS BKB_244_20220706_id244.jpg;291
1795;1979;244;MANDRILLS BKB_244_20220709_id244.jpg;184
1917;1981;244;MANDRILLS BKB_244_20220711_id244.jpg;64
1803;1994;244;MANDRILLS BKB_244_20220724_id244.jpg;191
1843;1998;244;MANDRILLS BKB_244_20220728_id244.jpg;155
2014;1999;244;MANDRILLS BKB_244_20220729_id244.jpg;15
2031;2024;244;MANDRILLS BKB_244_20220823_id244 (2).jpg;7
1978;2024;244;MANDRILLS BKB_244_20220823_id244.jpg;46
2031;2036;244;MANDRILLS BKB_244_20220904_id244.jpg;5
1789;2037;244;MANDRILLS BKB_244_20220905_id244.jpg;248
1896;2044;244;MANDRILLS BKB_244_20220912_id244.jpg;148
1817;2067;244;MANDRILLS BKB_244_20221005_id244.jpg;250
1916;2123;244;MANDRILLS BKB_244_20221130_id244.jpg;207
2104;2132;244;MANDRILLS BKB_244_20221209_id244 (2).jpg;28
2055;2132;244;MANDRILLS BKB_244_20221209_id244 (3).jpg;77
2033;2141;244;MANDRILLS BKB_244_20221218_id244.jpg;108
2094;2144;244;MANDRILLS BKB_244_20221221_id244 (2).jpg;50
2014;2144;244;MANDRILLS BKB_244_20221221_id244.jpg;130
1175;1273;245;MANDRILLS BKB_245_20190904_id245_mal_(1).jpg;98
1315;1273;245;MANDRILLS BKB_245_20190904_id245_mal_(2).jpg;42
1192;1273;245;MANDRILLS BKB_245_20190904_id245_mal_(3).jpg;81
1241;1273;245;MANDRILLS BKB_245_20190904_id245_mal_(4).jpg;32
1264;1273;245;MANDRILLS BKB_245_20190904_id245_mal_(5).jpg;9
1372;1367;245;MANDRILLS BKB_245_20191207_id245_mal_(1).jpg;5
1359;1367;245;MANDRILLS BKB_245_20191207_id245_mal_(2).jpg;8
1368;1367;245;MANDRILLS BKB_245_20191207_id245_mal_(3).jpg;1
1252;1398;245;MANDRILLS BKB_245_20200107_id245_mal.jpg;146
1162;1469;245;MANDRILLS BKB_245_20200318_id245_mal_(1).jpg;307
1281;1469;245;MANDRILLS BKB_245_20200318_id245_mal_(2).jpg;188
1598;1683;245;MANDRILLS BKB_245_20201018_id245_mal_(1).jpg;85
1494;1684;245;MANDRILLS BKB_245_20201019_id245_mal.jpg;190
1612;1761;245;MANDRILLS BKB_245_20210104_id245_mal.jpg;149
1513;1765;245;MANDRILLS BKB_245_20210108_id245_malado_(1).jpg;252
1606;1765;245;MANDRILLS BKB_245_20210108_id245_malado_(2).jpg;159
1687;1765;245;MANDRILLS BKB_245_20210108_id245_mal_(1).jpg;78
1666;1765;245;MANDRILLS BKB_245_20210108_id245_mal_(2).jpg;99
1705;1773;245;MANDRILLS BKB_245_20210116_id245_mal_(1).jpg;68
1589;1773;245;MANDRILLS BKB_245_20210116_id245_mal_(2).jpg;184
1721;1773;245;MANDRILLS BKB_245_20210116_id245_mal_(3).jpg;52
1619;1773;245;MANDRILLS BKB_245_20210116_id245_mal_(4).jpg;154
1449;1773;245;MANDRILLS BKB_245_20210116_id245_mal_(5).jpg;324
1581;1773;245;MANDRILLS BKB_245_20210116_id245_mal_(6).jpg;192
1412;1773;245;MANDRILLS BKB_245_20210116_id245_mal_(7).jpg;361
1638;1817;245;MANDRILLS BKB_245_20210301_id245_mal_(1).jpg;179
1743;1817;245;MANDRILLS BKB_245_20210301_id245_mal_(2).jpg;74
1661;1817;245;MANDRILLS BKB_245_20210301_id245_mal_(3).jpg;156
1606;1817;245;MANDRILLS BKB_245_20210301_id245_mal_(4).jpg;211
1635;1817;245;MANDRILLS BKB_245_20210301_id245_mal_(5).jpg;182
1646;1817;245;MANDRILLS BKB_245_20210301_id245_mal_(6).jpg;171
1641;1817;245;MANDRILLS BKB_245_20210301_id245_mal_(7).jpg;176
1490;1849;245;MANDRILLS BKB_245_20210402_id245_mal_(1).jpg;359
1849;1849;245;MANDRILLS BKB_245_20210402_id245_mal_(2).jpg;0
1634;1849;245;MANDRILLS BKB_245_20210402_id245_mal_(3).jpg;215
1597;1849;245;MANDRILLS BKB_245_20210402_id245_mal_(4).jpg;252
1722;1857;245;MANDRILLS BKB_245_20210410_id245_mal_(1).jpg;135
1751;1857;245;MANDRILLS BKB_245_20210410_id245_mal_(2).jpg;106
1730;1909;245;MANDRILLS BKB_245_20210601_id245_malado.jpg;179
1792;2009;245;MANDRILLS BKB_245_20210909_id245_malado.jpg;217
1754;2012;245;MANDRILLS BKB_245_20210912_id245_malado.jpg;258
1884;2019;245;MANDRILLS BKB_245_20210919_id245_malado (1).jpg;135
1808;2019;245;MANDRILLS BKB_245_20210919_id245_malado (2).jpg;211
1965;2067;245;MANDRILLS BKB_245_20211106_id245_malado_(1).jpg;102
1973;2067;245;MANDRILLS BKB_245_20211106_id245_malado_(2).jpg;94
1992;2067;245;MANDRILLS BKB_245_20211106_id245_malado_(3).jpg;75
1892;2083;245;MANDRILLS BKB_245_20211122_id245_malado.jpg;191
2042;2087;245;MANDRILLS BKB_245_20211126_id245_malado.jpg;45
2008;2099;245;MANDRILLS BKB_245_20211208_ID245_malado_(2).jpg;91
1893;2101;245;MANDRILLS BKB_245_20211210_id245_malado.jpg;208
1745;2104;245;MANDRILLS BKB_245_20211213_id245_malado_(1).jpg;359
1823;2104;245;MANDRILLS BKB_245_20211213_id245_malado_(2).jpg;281
2085;2108;245;MANDRILLS BKB_245_20211217_id245_malado_(1).jpg;23
1973;2108;245;MANDRILLS BKB_245_20211217_id245_malado_(2).jpg;135
1956;2108;245;MANDRILLS BKB_245_20211217_id245_malado_(3).jpg;152
1934;2112;245;MANDRILLS BKB_245_20211221_id245_malado.jpg;178
1871;2154;245;MANDRILLS BKB_245_20220201_id245_malado (1).jpg;283
1706;2154;245;MANDRILLS BKB_245_20220201_id245_malado (12).jpg;448
1926;2154;245;MANDRILLS BKB_245_20220201_id245_malado (13).jpg;228
2028;2154;245;MANDRILLS BKB_245_20220201_id245_malado (2).jpg;126
1922;2154;245;MANDRILLS BKB_245_20220201_id245_malado (3).jpg;232
1982;2154;245;MANDRILLS BKB_245_20220201_id245_malado (4).jpg;172
1968;2154;245;MANDRILLS BKB_245_20220201_id245_malado (5).jpg;186
1994;2154;245;MANDRILLS BKB_245_20220201_id245_malado (6).jpg;160
1907;2154;245;MANDRILLS BKB_245_20220201_id245_malado (7).jpg;247
2010;2154;245;MANDRILLS BKB_245_20220201_id245_malado (8).jpg;144
2154;2154;245;MANDRILLS BKB_245_20220201_id245_malado (9).jpg;0
1984;2168;245;MANDRILLS BKB_245_20220215_id245_malado (1).jpg;184
2083;2168;245;MANDRILLS BKB_245_20220215_id245_malado (3).jpg;85
2144;2188;245;MANDRILLS BKB_245_20220307_id245_malado.jpg;44
1933;2190;245;MANDRILLS BKB_245_20220309_id245_malado (1).jpg;257
2028;2190;245;MANDRILLS BKB_245_20220309_id245_malado (3).jpg;162
1980;2190;245;MANDRILLS BKB_245_20220309_id245_malado (4).jpg;210
2082;2194;245;MANDRILLS BKB_245_20220313_id245_femado (1).jpg;112
1966;2194;245;MANDRILLS BKB_245_20220313_id245_femado (2).jpg;228
1931;2194;245;MANDRILLS BKB_245_20220313_id245_femado (3).jpg;263
1797;2195;245;MANDRILLS BKB_245_20220314_id245_malado (1).jpg;398
1871;2195;245;MANDRILLS BKB_245_20220314_id245_malado (2).jpg;324
2131;2195;245;MANDRILLS BKB_245_20220314_id245_malado.jpg;64
2132;2202;245;MANDRILLS BKB_245_20220321_id245_malado (1).jpg;70
2058;2202;245;MANDRILLS BKB_245_20220321_id245_malado (2).jpg;144
2117;2210;245;MANDRILLS BKB_245_20220329_id245_malado.jpg;93
2163;2222;245;MANDRILLS BKB_245_20220410_id245_malado (2).jpg;59
1870;2222;245;MANDRILLS BKB_245_20220410_id245_malado (3).jpg;352
2083;2222;245;MANDRILLS BKB_245_20220410_id245_malado (4).jpg;139
2198;2222;245;MANDRILLS BKB_245_20220410_id245_malado.jpg;24
2076;2245;245;MANDRILLS BKB_245_20220503_id245_malado (1).jpg;169
2145;2246;245;MANDRILLS BKB_245_20220504_id245_malado (1).jpg;101
2579;2246;245;MANDRILLS BKB_245_20220504_id245_malado (2).jpg;333
1982;2251;245;MANDRILLS BKB_245_20220509_id245_malado.jpg;269
2074;2259;245;MANDRILLS BKB_245_20220517_id245_malado.jpg;185
2292;2266;245;MANDRILLS BKB_245_20220524_id245_malado (1).jpg;26
2123;2266;245;MANDRILLS BKB_245_20220524_id245_malado (2).jpg;143
2198;2294;245;MANDRILLS BKB_245_20220621_id245_malado (1).jpg;96
2230;2294;245;MANDRILLS BKB_245_20220621_id245_malado (2).jpg;64
1949;2294;245;MANDRILLS BKB_245_20220621_id245_malado.jpg;345
2338;2302;245;MANDRILLS BKB_245_20220629_id245.jpg;36
2135;2309;245;MANDRILLS BKB_245_20220706_id245 (3).jpg;174
2207;2309;245;MANDRILLS BKB_245_20220706_id245.jpg;102
2055;2312;245;MANDRILLS BKB_245_20220709_id245.jpg;257
2366;2316;245;MANDRILLS BKB_245_20220713_id245 (2).jpg;50
2460;2319;245;MANDRILLS BKB_245_20220716_id245_malado.jpg;141
2476;2329;245;MANDRILLS BKB_245_20220726_id245.jpg;147
2377;2337;245;MANDRILLS BKB_245_20220803_id245.jpg;40
2235;2342;245;MANDRILLS BKB_245_20220808_id245 (1).jpg;107
2212;2342;245;MANDRILLS BKB_245_20220808_id245 (2).jpg;130
2250;2342;245;MANDRILLS BKB_245_20220808_id245 (3).jpg;92
2152;2346;245;MANDRILLS BKB_245_20220812_id245 (1).jpg;194
2247;2346;245;MANDRILLS BKB_245_20220812_id245 (2).jpg;99
2422;2346;245;MANDRILLS BKB_245_20220812_id245.jpg;76
2261;2357;245;MANDRILLS BKB_245_20220823_id245 (2).jpg;96
2103;2357;245;MANDRILLS BKB_245_20220823_id245.jpg;254
2214;2360;245;MANDRILLS BKB_245_20220826_id245.jpg;146
2150;2361;245;MANDRILLS BKB_245_20220827_id245 (2).jpg;211
2097;2362;245;MANDRILLS BKB_245_20220828_id245.jpg;265
2096;2380;245;MANDRILLS BKB_245_20220915_id245.jpg;284
2078;2391;245;MANDRILLS BKB_245_20220926_id245.jpg;313
2188;2396;245;MANDRILLS BKB_245_20221001_id245.jpg;208
2190;2400;245;MANDRILLS BKB_245_20221005_id245.jpg;210
2291;2416;245;MANDRILLS BKB_245_20221021_id245.jpg;125
2540;2422;245;MANDRILLS BKB_245_20221027_id245.jpg;118
2386;2456;245;MANDRILLS BKB_245_20221130_id245 (1).jpg;70
2052;2456;245;MANDRILLS BKB_245_20221130_id245 (4).jpg;404
2209;2480;245;MANDRILLS BKB_245_20221224_id245.jpg;271
504;286;255;MANDRILLS BKB_255_20180801_id3038_malinf_ORIGINAL.jpg;218
399;287;255;MANDRILLS BKB_255_20180802_id3038_malinf_(10)_ORIGINAL.jpg;112
390;287;255;MANDRILLS BKB_255_20180802_id3038_malinf_(11)_ORIGINAL.jpg;103
552;287;255;MANDRILLS BKB_255_20180802_id3038_malinf_(12)_ORIGINAL.jpg;265
496;287;255;MANDRILLS BKB_255_20180802_id3038_malinf_(13)_ORIGINAL.jpg;209
358;287;255;MANDRILLS BKB_255_20180802_id3038_malinf_(14)_ORIGINAL.jpg;71
355;287;255;MANDRILLS BKB_255_20180802_id3038_malinf_(15)_ORIGINAL.jpg;68
389;287;255;MANDRILLS BKB_255_20180802_id3038_malinf_(16)_ORIGINAL.jpg;102
391;287;255;MANDRILLS BKB_255_20180802_id3038_malinf_(17)_ORIGINAL.jpg;104
362;287;255;MANDRILLS BKB_255_20180802_id3038_malinf_(18)_ORIGINAL.jpg;75
425;287;255;MANDRILLS BKB_255_20180802_id3038_malinf_(19)_ORIGINAL.jpg;138
438;287;255;MANDRILLS BKB_255_20180802_id3038_malinf_(20)_ORIGINAL.jpg;151
373;287;255;MANDRILLS BKB_255_20180802_id3038_malinf_(22)_ORIGINAL.jpg;86
394;287;255;MANDRILLS BKB_255_20180802_id3038_malinf_(23)_ORIGINAL.jpg;107
418;287;255;MANDRILLS BKB_255_20180802_id3038_malinf_(24)_ORIGINAL.jpg;131
425;287;255;MANDRILLS BKB_255_20180802_id3038_malinf_(25)_ORIGINAL.jpg;138
418;287;255;MANDRILLS BKB_255_20180802_id3038_malinf_(4)_ORIGINAL.jpg;131
418;287;255;MANDRILLS BKB_255_20180802_id3038_malinf_(5)_ORIGINAL.jpg;131
436;287;255;MANDRILLS BKB_255_20180802_id3038_malinf_(6)_ORIGINAL.jpg;149
422;287;255;MANDRILLS BKB_255_20180802_id3038_malinf_(7)_ORIGINAL.jpg;135
347;287;255;MANDRILLS BKB_255_20180802_id3038_malinf_(8)_ORIGINAL.jpg;60
301;287;255;MANDRILLS BKB_255_20180802_id3038_malinf_(9)_ORIGINAL.jpg;14
368;288;255;MANDRILLS BKB_255_20180803_id3038_malinf_(1)_ORIGINAL.jpg;80
360;288;255;MANDRILLS BKB_255_20180803_id3038_malinf_(10)_ORIGINAL.jpg;72
475;288;255;MANDRILLS BKB_255_20180803_id3038_malinf_(11)_ORIGINAL.jpg;187
341;288;255;MANDRILLS BKB_255_20180803_id3038_malinf_(14)_ORIGINAL.jpg;53
428;288;255;MANDRILLS BKB_255_20180803_id3038_malinf_(15)_ORIGINAL.jpg;140
362;288;255;MANDRILLS BKB_255_20180803_id3038_malinf_(16)_ORIGINAL.jpg;74
418;288;255;MANDRILLS BKB_255_20180803_id3038_malinf_(17)_ORIGINAL.jpg;130
423;288;255;MANDRILLS BKB_255_20180803_id3038_malinf_(18)_ORIGINAL.jpg;135
344;288;255;MANDRILLS BKB_255_20180803_id3038_malinf_(3)_ORIGINAL.jpg;56
366;288;255;MANDRILLS BKB_255_20180803_id3038_malinf_(4)_ORIGINAL.jpg;78
299;288;255;MANDRILLS BKB_255_20180803_id3038_malinf_(5)_ORIGINAL.jpg;11
388;288;255;MANDRILLS BKB_255_20180803_id3038_malinf_(6)_ORIGINAL.jpg;100
311;288;255;MANDRILLS BKB_255_20180803_id3038_malinf_(7)_ORIGINAL.jpg;23
329;288;255;MANDRILLS BKB_255_20180803_id3038_malinf_(8)_ORIGINAL.jpg;41
379;288;255;MANDRILLS BKB_255_20180803_id3038_malinf_(9)_ORIGINAL.jpg;91
664;660;255;MANDRILLS BKB_255_20190810_id3038_maljuv_(2).jpg;4
892;660;255;MANDRILLS BKB_255_20190810_id3038_maljuv_(3).jpg;232
1078;750;255;MANDRILLS BKB_255_20191108_id3038_maljuv.jpg;328
1034;762;255;MANDRILLS BKB_255_20191120_id3038_maljuv.jpg;272
1049;803;255;MANDRILLS BKB_255_20191231_id3038_maljuv_(1).jpg;246
949;803;255;MANDRILLS BKB_255_20191231_id3038_maljuv_(2).jpg;146
1438;1095;255;MANDRILLS BKB_255_20201018_id3038_maljuv_(1).jpg;343
1470;1095;255;MANDRILLS BKB_255_20201018_id3038_maljuv_(2).jpg;375
1416;1096;255;MANDRILLS BKB_255_20201019_id3038_maljuv.jpg;320
1247;1132;255;MANDRILLS BKB_255_20201124_id3038_maljuv.jpg;115
1559;1169;255;MANDRILLS BKB_255_20201231_id3038_maljuv.jpg;390
1176;1203;255;MANDRILLS BKB_255_20210203_id3038_maljuv_(1).jpg;27
1431;1203;255;MANDRILLS BKB_255_20210203_id3038_maljuv_(2).jpg;228
1352;1203;255;MANDRILLS BKB_255_20210203_id3038_maljuv_(3).jpg;149
1450;1214;255;MANDRILLS BKB_255_20210214_id3038_maljuv_(1).jpg;236
1441;1214;255;MANDRILLS BKB_255_20210214_id3038_maljuv_(2).jpg;227
1504;1269;255;MANDRILLS BKB_255_20210410_id3038_maljuv.jpg;235
1533;1297;255;MANDRILLS BKB_255_20210508_id3038_maljuv_(1).jpg;236
1368;1297;255;MANDRILLS BKB_255_20210508_id3038_maljuv_(2).jpg;71
1581;1297;255;MANDRILLS BKB_255_20210508_id3038_maljuv_(3).jpg;284
1553;1297;255;MANDRILLS BKB_255_20210508_id3038_maljuv_(4).jpg;256
1484;1302;255;MANDRILLS BKB_255_20210513_id3038_maljuv_(1).jpg;182
1378;1302;255;MANDRILLS BKB_255_20210513_id3038_maljuv_(2).jpg;76
1278;1421;255;MANDRILLS BKB_255_20210909_id255_maljuv.jpg;143
1543;1428;255;MANDRILLS BKB_255_20210916_id255_maljuv.jpg;115
1593;1434;255;MANDRILLS BKB_255_20210922_id255_maljuv.jpg;159
1694;1461;255;MANDRILLS BKB_255_20211019_id255_maljuv_(2).jpg;233
1623;1513;255;MANDRILLS BKB_255_20211210_id255_malado_(1).jpg;110
1740;1513;255;MANDRILLS BKB_255_20211210_id255_malado_(2).jpg;227
1812;1516;255;MANDRILLS BKB_255_20211213_id255_malado_(1).jpg;296
1707;1516;255;MANDRILLS BKB_255_20211213_id255_malado_(2).jpg;191
1654;1516;255;MANDRILLS BKB_255_20211213_id255_malado_(3).jpg;138
1653;1520;255;MANDRILLS BKB_255_20211217_id255_malado_(2).jpg;133
1600;1556;255;MANDRILLS BKB_255_20220122_id255.jpg;44
1724;1561;255;MANDRILLS BKB_255_20220127_id255.jpg;163
1822;1581;255;MANDRILLS BKB_255_20220216_id255_malado (1).jpg;241
2097;1581;255;MANDRILLS BKB_255_20220216_id255_malado (2).jpg;516
1790;1586;255;MANDRILLS BKB_255_20220221_id255_malado (1).jpg;204
1733;1586;255;MANDRILLS BKB_255_20220221_id255_malado (2).jpg;147
1613;1591;255;MANDRILLS BKB_255_20220226_id255_malado (1).jpg;22
1575;1591;255;MANDRILLS BKB_255_20220226_id255_malado (2).jpg;16
1732;1591;255;MANDRILLS BKB_255_20220226_id255_malado.jpg;141
1725;1602;255;MANDRILLS BKB_255_20220309_id255_malado (1).jpg;123
1641;1602;255;MANDRILLS BKB_255_20220309_id255_malado (2).jpg;39
1695;1602;255;MANDRILLS BKB_255_20220309_id255_malado (3).jpg;93
1638;1614;255;MANDRILLS BKB_255_20220321_id255_malado (1).jpg;24
1638;1620;255;MANDRILLS BKB_255_20220327_id255_malado.jpg;18
1565;1628;255;MANDRILLS BKB_255_20220404_id255_malado (1).jpg;63
1580;1628;255;MANDRILLS BKB_255_20220404_id255_malado (2).jpg;48
1578;1628;255;MANDRILLS BKB_255_20220404_id255_malado (3).jpg;50
1810;1634;255;MANDRILLS BKB_255_20220410_id255_malado (1).jpg;176
1918;1634;255;MANDRILLS BKB_255_20220410_id255_malado (2).jpg;284
1695;1651;255;MANDRILLS BKB_255_20220427_id255_malado.jpg;44
1739;1663;255;MANDRILLS BKB_255_20220509_id255_malado.jpg;76
1786;1670;255;MANDRILLS BKB_255_20220516_id255_malado.jpg;116
1762;1692;255;MANDRILLS BKB_255_20220607_id255_malado.jpg;70
1674;1699;255;MANDRILLS BKB_255_20220614_id255_malado (2).jpg;25
1637;1699;255;MANDRILLS BKB_255_20220614_id255_malado.jpg;62
1965;1707;255;MANDRILLS BKB_255_20220622_id255_malado.jpg;258
1843;1714;255;MANDRILLS BKB_255_20220629_id255 (1).jpg;129
1652;1714;255;MANDRILLS BKB_255_20220629_id255 (2).jpg;62
1711;1714;255;MANDRILLS BKB_255_20220629_id255 (3).jpg;3
1790;1714;255;MANDRILLS BKB_255_20220629_id255 (4).jpg;76
1814;1721;255;MANDRILLS BKB_255_20220706_id255 (2).jpg;93
1791;1721;255;MANDRILLS BKB_255_20220706_id255.jpg;70
1985;1726;255;MANDRILLS BKB_255_20220711_id255.jpg;259
1870;1728;255;MANDRILLS BKB_255_20220713_id255.jpg;142
1876;1741;255;MANDRILLS BKB_255_20220726_id255.jpg;135
1900;1753;255;MANDRILLS BKB_255_20220807_id255.jpg;147
1866;1754;255;MANDRILLS BKB_255_20220808_id255 (2).jpg;112
1809;1758;255;MANDRILLS BKB_255_20220812_id255.jpg;51
1966;1764;255;MANDRILLS BKB_255_20220818_id255 (1).jpg;202
2084;1764;255;MANDRILLS BKB_255_20220818_id255 (2).jpg;320
1712;1765;255;MANDRILLS BKB_255_20220819_id255 (2).jpg;53
1760;1765;255;MANDRILLS BKB_255_20220819_id255.jpg;5
1855;1769;255;MANDRILLS BKB_255_20220823_id255 (2).jpg;86
1708;1772;255;MANDRILLS BKB_255_20220826_id255 (1).jpg;64
1726;1772;255;MANDRILLS BKB_255_20220826_id255 (2).jpg;46
1698;1781;255;MANDRILLS BKB_255_20220904_id255.jpg;83
1894;1782;255;MANDRILLS BKB_255_20220905_id255.jpg;112
1893;1812;255;MANDRILLS BKB_255_20221005_id255 (1).jpg;81
2053;1812;255;MANDRILLS BKB_255_20221005_id255 (2).jpg;241
1813;1812;255;MANDRILLS BKB_255_20221005_id255 (3).jpg;1
1801;1886;255;MANDRILLS BKB_255_20221218_id255.jpg;85
52;14;261;MANDRILLS BKB_261_20180718_id3014_feminfDEVANT_(2)_ORIGINAL.jpg;38
3;14;261;MANDRILLS BKB_261_20180718_id3014_feminfDEVANT_(3)_ORIGINAL.jpg;11
80;14;261;MANDRILLS BKB_261_20180718_id3014_feminfDEVANT_(4)_ORIGINAL.jpg;66
56;14;261;MANDRILLS BKB_261_20180718_id3014_feminfDEVANT_(5)_ORIGINAL.jpg;42
62;14;261;MANDRILLS BKB_261_20180718_id3014_feminfDEVANT_(6)_ORIGINAL.jpg;48
64;14;261;MANDRILLS BKB_261_20180718_id3014_feminfDEVANT_(7)_ORIGINAL.jpg;50
57;14;261;MANDRILLS BKB_261_20180718_id3014_feminfDEVANT_(8)_ORIGINAL.jpg;43
127;145;261;MANDRILLS BKB_261_20181126_id3014_feminf_(1)_ORIGINAL.jpg;18
125;145;261;MANDRILLS BKB_261_20181126_id3014_feminf_(2)_ORIGINAL.jpg;20
134;145;261;MANDRILLS BKB_261_20181126_id3014_feminf_(3)_ORIGINAL.jpg;11
142;145;261;MANDRILLS BKB_261_20181126_id3014_feminf_(4)_ORIGINAL.jpg;3
207;145;261;MANDRILLS BKB_261_20181126_id3014_feminf_(6)_ORIGINAL.jpg;62
135;145;261;MANDRILLS BKB_261_20181126_id3014_feminf_(7)_ORIGINAL.jpg;10
433;367;261;MANDRILLS BKB_261_20190706_id3014_femjuv_(1).jpg;66
424;367;261;MANDRILLS BKB_261_20190706_id3014_femjuv_(3).jpg;57
359;379;261;MANDRILLS BKB_261_20190718_id3014_femjuv_(1).jpg;20
366;379;261;MANDRILLS BKB_261_20190718_id3014_femjuv_(2).jpg;13
468;379;261;MANDRILLS BKB_261_20190718_id3014_femjuv_(3).jpg;89
364;379;261;MANDRILLS BKB_261_20190718_id3014_femjuv_(4).jpg;15
328;379;261;MANDRILLS BKB_261_20190718_id3014_femjuv_(5).jpg;51
422;432;261;MANDRILLS BKB_261_20190909_id3014_femjuv_(1).jpg;10
455;432;261;MANDRILLS BKB_261_20190909_id3014_femjuv_(2).jpg;23
444;432;261;MANDRILLS BKB_261_20190909_id3014_femjuv_(3).jpg;12
431;432;261;MANDRILLS BKB_261_20190909_id3014_femjuv_(4).jpg;1
705;496;261;MANDRILLS BKB_261_20191112_id3014_femjuv.jpg;209
511;497;261;MANDRILLS BKB_261_20191113_id3014_femjuv_(1).jpg;14
538;497;261;MANDRILLS BKB_261_20191113_id3014_femjuv_(2).jpg;41
610;525;261;MANDRILLS BKB_261_20191211_id3014_femjuv.jpg;85
717;530;261;MANDRILLS BKB_261_20191216_id3014_femjuv_(1).jpg;187
708;530;261;MANDRILLS BKB_261_20191216_id3014_femjuv_(2).jpg;178
679;566;261;MANDRILLS BKB_261_20200121_id3014_femjuv.jpg;113
983;893;261;MANDRILLS BKB_261_20201213_id3014_femjuv.jpg;90
1060;918;261;MANDRILLS BKB_261_20210107_id3014_femjuv.jpg;142
1087;940;261;MANDRILLS BKB_261_20210129_id3014_femjuv_(1).jpg;147
1143;940;261;MANDRILLS BKB_261_20210129_id3014_femjuv_(2).jpg;203
862;947;261;MANDRILLS BKB_261_20210205_id3014_femjuv.jpg;85
1119;1020;261;MANDRILLS BKB_261_20210419_id3014_femjuv_(1).jpg;99
1157;1020;261;MANDRILLS BKB_261_20210419_id3014_femjuv_(2).jpg;137
885;1021;261;MANDRILLS BKB_261_20210420_id3014_femjuv_(1).jpg;136
1125;1021;261;MANDRILLS BKB_261_20210420_id3014_femjuv_(2).jpg;104
1453;1249;261;MANDRILLS BKB_261_20211204_ID261_femjuv.jpg;204
1232;1262;261;MANDRILLS BKB_261_20211217_id261_femjuv.jpg;30
1337;1271;261;MANDRILLS BKB_261_20211226_id261_femjuv.jpg;66
1260;1298;261;MANDRILLS BKB_261_20220122_id261 (1).jpg;38
1414;1298;261;MANDRILLS BKB_261_20220122_id261 (2).jpg;116
1510;1298;261;MANDRILLS BKB_261_20220122_id261 (3).jpg;212
1385;1298;261;MANDRILLS BKB_261_20220122_id261 (4).jpg;87
1465;1298;261;MANDRILLS BKB_261_20220122_id261 (5).jpg;167
1399;1298;261;MANDRILLS BKB_261_20220122_id261 (6).jpg;101
1659;1298;261;MANDRILLS BKB_261_20220122_id261 (7).jpg;361
1641;1298;261;MANDRILLS BKB_261_20220122_id261 (8).jpg;343
1098;1308;261;MANDRILLS BKB_261_20220201_id261_femjuv (4).jpg;210
1068;1308;261;MANDRILLS BKB_261_20220201_id261_femjuv (5).jpg;240
1311;1308;261;MANDRILLS BKB_261_20220201_id261_femjuv (8).jpg;3
1369;1324;261;MANDRILLS BKB_261_20220217_id261_femjuv (1).jpg;45
1657;1324;261;MANDRILLS BKB_261_20220217_id261_femjuv (2).jpg;333
1337;1324;261;MANDRILLS BKB_261_20220217_id261_femjuv (3).jpg;13
569;1324;261;MANDRILLS BKB_261_20220217_id261_femjuv (4).jpg;755
1216;1328;261;MANDRILLS BKB_261_20220221_id261_maljuv.jpg;112
1446;1333;261;MANDRILLS BKB_261_20220226_id261_femjuv.jpg;113
1461;1339;261;MANDRILLS BKB_261_20220304_id261.jpg;122
1494;1362;261;MANDRILLS BKB_261_20220327_id261_femjuv (1).jpg;132
1767;1362;261;MANDRILLS BKB_261_20220327_id261_femjuv (2).jpg;405
1504;1362;261;MANDRILLS BKB_261_20220327_id261_femjuv (3).jpg;142
1448;1362;261;MANDRILLS BKB_261_20220327_id261_femjuv (4).jpg;86
1372;1364;261;MANDRILLS BKB_261_20220329_id261_femjuv.jpg;8
1503;1431;261;MANDRILLS BKB_261_20220604_id261_femjuv (1).jpg;72
1689;1431;261;MANDRILLS BKB_261_20220604_id261_femjuv (2).jpg;258
1584;1448;261;MANDRILLS BKB_261_20220621_id261_femjuv.jpg;136
1373;1458;261;MANDRILLS BKB_261_20220701_id261.jpg;85
1678;1460;261;MANDRILLS BKB_261_20220703_id261 (1).jpg;218
1696;1460;261;MANDRILLS BKB_261_20220703_id261 (2).jpg;236
1634;1462;261;MANDRILLS BKB_261_20220705_id261 (1).jpg;172
477;1462;261;MANDRILLS BKB_261_20220705_id261 (3).jpg;985
748;1462;261;MANDRILLS BKB_261_20220705_id261 (4).jpg;714
1507;1471;261;MANDRILLS BKB_261_20220714_id261_femadu (1).jpg;36
1709;1471;261;MANDRILLS BKB_261_20220714_id261_femadu (2).jpg;238
1793;1473;261;MANDRILLS BKB_261_20220716_id261_femadu.jpg;320
2259;1474;261;MANDRILLS BKB_261_20220717_id261.jpg;785
1665;1483;261;MANDRILLS BKB_261_20220726_id261 (2).jpg;182
1835;1483;261;MANDRILLS BKB_261_20220726_id261.jpg;352
1233;1503;261;MANDRILLS BKB_261_20220815_id261.jpg;270
1775;1526;261;MANDRILLS BKB_261_20220907_id261.jpg;249
1727;1530;261;MANDRILLS BKB_261_20220911_id261.jpg;197
1907;1534;261;MANDRILLS BKB_261_20220915_id261.jpg;373
1561;1539;261;MANDRILLS BKB_261_20220920_id261 (2).jpg;22
1643;1543;261;MANDRILLS BKB_261_20220924_id261 (1).jpg;100
1700;1543;261;MANDRILLS BKB_261_20220924_id261 (2).jpg;157
1443;1554;261;MANDRILLS BKB_261_20221005_id261.jpg;111
1652;1568;261;MANDRILLS BKB_261_20221019_id261.jpg;84
2000;1589;261;MANDRILLS BKB_261_20221109_id261.jpg;411
1348;1603;261;MANDRILLS BKB_261_20221123_id261.jpg;255
2071;1605;261;MANDRILLS BKB_261_20221125_id261.jpg;466
1781;1610;261;MANDRILLS BKB_261_20221130_id261.jpg;171
1636;1619;261;MANDRILLS BKB_261_20221209_id261.jpg;17
304;268;263;MANDRILLS BKB_263_20180802_id3029_feminf_(1)_ORIGINAL.jpg;36
235;268;263;MANDRILLS BKB_263_20180802_id3029_feminf_(2)_ORIGINAL.jpg;33
267;268;263;MANDRILLS BKB_263_20180802_id3029_feminf_(3)_ORIGINAL.jpg;1
288;289;263;MANDRILLS BKB_263_20180823_id3029_feminf_(1)_ORIGINAL.jpg;1
290;289;263;MANDRILLS BKB_263_20180823_id3029_feminf_(14)_ORIGINAL.jpg;1
313;289;263;MANDRILLS BKB_263_20180823_id3029_feminf_(15)_ORIGINAL.jpg;24
311;289;263;MANDRILLS BKB_263_20180823_id3029_feminf_(16)_ORIGINAL.jpg;22
287;289;263;MANDRILLS BKB_263_20180823_id3029_feminf_(17)_ORIGINAL.jpg;2
320;289;263;MANDRILLS BKB_263_20180823_id3029_feminf_(18)_ORIGINAL.jpg;31
250;289;263;MANDRILLS BKB_263_20180823_id3029_feminf_(19)_ORIGINAL.jpg;39
263;289;263;MANDRILLS BKB_263_20180823_id3029_feminf_(2)_ORIGINAL.jpg;26
249;289;263;MANDRILLS BKB_263_20180823_id3029_feminf_(20)_ORIGINAL.jpg;40
296;289;263;MANDRILLS BKB_263_20180823_id3029_feminf_(21)_ORIGINAL.jpg;7
241;289;263;MANDRILLS BKB_263_20180823_id3029_feminf_(22)_ORIGINAL.jpg;48
285;289;263;MANDRILLS BKB_263_20180823_id3029_feminf_(23)_ORIGINAL.jpg;4
247;289;263;MANDRILLS BKB_263_20180823_id3029_feminf_(24)_ORIGINAL.jpg;42
286;289;263;MANDRILLS BKB_263_20180823_id3029_feminf_(25)_ORIGINAL.jpg;3
314;289;263;MANDRILLS BKB_263_20180823_id3029_feminf_(26)_ORIGINAL.jpg;25
330;289;263;MANDRILLS BKB_263_20180823_id3029_feminf_(27)_ORIGINAL.jpg;41
347;289;263;MANDRILLS BKB_263_20180823_id3029_feminf_(28)_ORIGINAL.jpg;58
364;289;263;MANDRILLS BKB_263_20180823_id3029_feminf_(29)_ORIGINAL.jpg;75
237;289;263;MANDRILLS BKB_263_20180823_id3029_feminf_(5)_ORIGINAL.jpg;52
291;289;263;MANDRILLS BKB_263_20180823_id3029_feminf_(6)_ORIGINAL.jpg;2
288;289;263;MANDRILLS BKB_263_20180823_id3029_feminf_(7)_ORIGINAL.jpg;1
307;289;263;MANDRILLS BKB_263_20180823_id3029_feminf_(8)_ORIGINAL.jpg;18
289;289;263;MANDRILLS BKB_263_20180823_id3029_feminf_(9)_ORIGINAL.jpg;0
609;673;263;MANDRILLS BKB_263_20190911_id3029_femjuv_(1).jpg;64
735;673;263;MANDRILLS BKB_263_20190911_id3029_femjuv_(10).jpg;62
658;673;263;MANDRILLS BKB_263_20190911_id3029_femjuv_(2).jpg;15
640;673;263;MANDRILLS BKB_263_20190911_id3029_femjuv_(3).jpg;33
666;673;263;MANDRILLS BKB_263_20190911_id3029_femjuv_(6).jpg;7
565;673;263;MANDRILLS BKB_263_20190911_id3029_femjuv_(8).jpg;108
584;673;263;MANDRILLS BKB_263_20190911_id3029_femjuv_(9).jpg;89
729;829;263;MANDRILLS BKB_263_20200214_id3029_femjuv.jpg;100
1010;1076;263;MANDRILLS BKB_263_20201018_id3029_femjuv_(1).jpg;66
1166;1076;263;MANDRILLS BKB_263_20201018_id3029_femjuv_(10).jpg;90
1117;1076;263;MANDRILLS BKB_263_20201018_id3029_femjuv_(11).jpg;41
966;1076;263;MANDRILLS BKB_263_20201018_id3029_femjuv_(12).jpg;110
1178;1076;263;MANDRILLS BKB_263_20201018_id3029_femjuv_(13).jpg;102
782;1076;263;MANDRILLS BKB_263_20201018_id3029_femjuv_(2).jpg;294
968;1076;263;MANDRILLS BKB_263_20201018_id3029_femjuv_(3).jpg;108
693;1076;263;MANDRILLS BKB_263_20201018_id3029_femjuv_(4).jpg;383
1000;1076;263;MANDRILLS BKB_263_20201018_id3029_femjuv_(5).jpg;76
831;1076;263;MANDRILLS BKB_263_20201018_id3029_femjuv_(6).jpg;245
757;1076;263;MANDRILLS BKB_263_20201018_id3029_femjuv_(7).jpg;319
1091;1076;263;MANDRILLS BKB_263_20201018_id3029_femjuv_(8).jpg;15
952;1076;263;MANDRILLS BKB_263_20201018_id3029_femjuv_(9).jpg;124
848;1077;263;MANDRILLS BKB_263_20201019_id3029_femjuv_(1).jpg;229
901;1077;263;MANDRILLS BKB_263_20201019_id3029_femjuv_(2).jpg;176
827;1080;263;MANDRILLS BKB_263_20201022_id3029_femjuv.jpg;253
1208;1110;263;MANDRILLS BKB_263_20201121_id3029_femjuv.jpg;98
1024;1141;263;MANDRILLS BKB_263_20201222_id3029_femjuv.jpg;117
1138;1161;263;MANDRILLS BKB_263_20210111_id3029_femjuv.jpg;23
1038;1179;263;MANDRILLS BKB_263_20210129_id3029_femjuv_(1).jpg;141
1128;1179;263;MANDRILLS BKB_263_20210129_id3029_femjuv_(2).jpg;51
1138;1179;263;MANDRILLS BKB_263_20210129_id3029_femjuv_(3).jpg;41
1129;1179;263;MANDRILLS BKB_263_20210129_id3029_femjuv_(4).jpg;50
1087;1179;263;MANDRILLS BKB_263_20210129_id3029_femjuv_(5).jpg;92
1061;1179;263;MANDRILLS BKB_263_20210129_id3029_femjuv_(6).jpg;118
1186;1179;263;MANDRILLS BKB_263_20210129_id3029_femjuv_(8).jpg;7
1144;1186;263;MANDRILLS BKB_263_20210205_id3029_femjuv_(1).jpg;42
1029;1186;263;MANDRILLS BKB_263_20210205_id3029_femjuv_(2).jpg;157
951;1186;263;MANDRILLS BKB_263_20210205_id3029_femjuv_(3).jpg;235
1251;1217;263;MANDRILLS BKB_263_20210308_id3029_femjuv_(1).jpg;34
1045;1217;263;MANDRILLS BKB_263_20210308_id3029_femjuv_(2).jpg;172
1242;1217;263;MANDRILLS BKB_263_20210308_id3029_femjuv_(3).jpg;25
1205;1217;263;MANDRILLS BKB_263_20210308_id3029_femjuv_(4).jpg;12
1402;1242;263;MANDRILLS BKB_263_20210402_id3029_femjuv_(1).jpg;160
1271;1242;263;MANDRILLS BKB_263_20210402_id3029_femjuv_(2).jpg;29
1093;1242;263;MANDRILLS BKB_263_20210402_id3029_femjuv_(3).jpg;149
1132;1250;263;MANDRILLS BKB_263_20210410_id3029_femjuv.jpg;118
1225;1262;263;MANDRILLS BKB_263_20210422_id3029_femjuv_(1).jpg;37
1047;1262;263;MANDRILLS BKB_263_20210422_id3029_femjuv_(2).jpg;215
1240;1283;263;MANDRILLS BKB_263_20210513_id3029_femjuv.jpg;43
1474;1308;263;MANDRILLS BKB_263_20210607_id3029_femjuv.jpg;166
1359;1428;263;MANDRILLS BKB_263_20211005_id263_femjuv.jpg;69
1345;1447;263;MANDRILLS BKB_263_20211024_id263_femjuv.jpg;102
1483;1459;263;MANDRILLS BKB_263_20211105_id263_femjuv.jpg;24
1391;1460;263;MANDRILLS BKB_263_20211106_id263_femjuv_(1).jpg;69
1526;1460;263;MANDRILLS BKB_263_20211106_id263_femjuv_(2).jpg;66
1388;1462;263;MANDRILLS BKB_263_20211108_id263_femadu_(2).jpg;74
1431;1462;263;MANDRILLS BKB_263_20211108_id263_femadu_(4).jpg;31
1457;1462;263;MANDRILLS BKB_263_20211108_id263_femadu_(5).jpg;5
1320;1510;263;MANDRILLS BKB_263_20211226_id263_femadu_(2).jpg;190
1147;1510;263;MANDRILLS BKB_263_20211226_id263_femadu_(3).jpg;363
1535;1510;263;MANDRILLS BKB_263_20211226_id263_femadu_(4).jpg;25
1404;1510;263;MANDRILLS BKB_263_20211226_id263_femadu_(5).jpg;106
1477;1537;263;MANDRILLS BKB_263_20220122_id263 (1).jpg;60
1447;1537;263;MANDRILLS BKB_263_20220122_id263 (2).jpg;90
1933;1588;263;MANDRILLS BKB_263_20220314_id263_femadu (2).jpg;345
1725;1588;263;MANDRILLS BKB_263_20220314_id263_femadu (3).jpg;137
1957;1596;263;MANDRILLS BKB_263_20220322_id263_femadu (1).jpg;361
1713;1601;263;MANDRILLS BKB_263_20220327_id263_femadu.jpg;112
1368;1603;263;MANDRILLS BKB_263_20220329_id263_femadu (1).jpg;235
1663;1603;263;MANDRILLS BKB_263_20220329_id263_femadu (2).jpg;60
1660;1644;263;MANDRILLS BKB_263_20220509_id263_femadu (2).jpg;16
1606;1644;263;MANDRILLS BKB_263_20220509_id263_femadu.jpg;38
1842;1651;263;MANDRILLS BKB_263_20220516_id263_femadu (1).jpg;191
1660;1651;263;MANDRILLS BKB_263_20220516_id263_femadu (2).jpg;9
1718;1659;263;MANDRILLS BKB_263_20220524_id263_femadu(1).jpg;59
1642;1659;263;MANDRILLS BKB_263_20220524_id263_femadu(2).jpg;17
1251;1670;263;MANDRILLS BKB_263_20220604_id263_femadu (1).jpg;419
1448;1670;263;MANDRILLS BKB_263_20220604_id263_femadu (2).jpg;222
1708;1673;263;MANDRILLS BKB_263_20220607_id263_femadu (1).jpg;35
1666;1673;263;MANDRILLS BKB_263_20220607_id263_femadu (2).jpg;7
1999;1687;263;MANDRILLS BKB_263_20220621_id263_femadu.jpg;312
1639;1689;263;MANDRILLS BKB_263_20220623_id263_femadu.jpg;50
1834;1690;263;MANDRILLS BKB_263_20220624_id263_femadu.jpg;144
1796;1699;263;MANDRILLS BKB_263_20220703_id263 (1).jpg;97
1856;1699;263;MANDRILLS BKB_263_20220703_id263 (2).jpg;157
1621;1699;263;MANDRILLS BKB_263_20220703_id263.jpg;78
1589;1707;263;MANDRILLS BKB_263_20220711_id263 (2).jpg;118
1726;1707;263;MANDRILLS BKB_263_20220711_id263.jpg;19
1913;1712;263;MANDRILLS BKB_263_20220716_id263_femadu.jpg;201
1727;1713;263;MANDRILLS BKB_263_20220717_id263.jpg;14
1858;1721;263;MANDRILLS BKB_263_20220725_id263.jpg;137
1700;1730;263;MANDRILLS BKB_263_20220803_id263 (3).jpg;30
1643;1730;263;MANDRILLS BKB_263_20220803_id263 (4).jpg;87
1819;1730;263;MANDRILLS BKB_263_20220803_id263.jpg;89
1609;1745;263;MANDRILLS BKB_263_20220818_263.jpg;136
1711;1753;263;MANDRILLS BKB_263_20220826_id263.jpg;42
1634;1754;263;MANDRILLS BKB_263_20220827_id263.jpg;120
1838;1762;263;MANDRILLS BKB_263_20220904_id263 (2).jpg;76
1828;1762;263;MANDRILLS BKB_263_20220904_id263 (3).jpg;66
2043;1763;263;MANDRILLS BKB_263_20220905_id263.jpg;280
1746;1793;263;MANDRILLS BKB_263_20221005_id263 (1).jpg;47
1666;1793;263;MANDRILLS BKB_263_20221005_id263 (2).jpg;127
1915;1807;263;MANDRILLS BKB_263_20221019_id263.jpg;108
1653;1815;263;MANDRILLS BKB_263_20221027_id263.jpg;162
2059;1818;263;MANDRILLS BKB_263_20221030_id263.jpg;241
1905;1849;263;MANDRILLS BKB_263_20221130_id263 (2).jpg;56
1683;1849;263;MANDRILLS BKB_263_20221130_id263.jpg;166
1834;1858;263;MANDRILLS BKB_263_20221209_id263.jpg;24
2218;1867;263;MANDRILLS BKB_263_20221218_id263.jpg;351
1968;1870;263;MANDRILLS BKB_263_20221221_id263 (2).jpg;98
1932;1870;263;MANDRILLS BKB_263_20221221_id263.jpg;62
1798;1873;263;MANDRILLS BKB_263_20221224_id263.jpg;75
395;324;283;MANDRILLS BKB_283_20190822_id4047_malinf_(1).jpg;71
339;324;283;MANDRILLS BKB_283_20190822_id4047_malinf_(2).jpg;15
409;392;283;MANDRILLS BKB_283_20191029_id4047_maljuv.jpg;17
406;406;283;MANDRILLS BKB_283_20191112_id4047_maljuv.jpg;0
458;414;283;MANDRILLS BKB_283_20191120_id4047_maljuv.jpg;44
430;451;283;MANDRILLS BKB_283_20191227_id4047_maljuv.jpg;21
473;509;283;MANDRILLS BKB_283_20200223_id4047_maljuv.jpg;36
475;527;283;MANDRILLS BKB_283_20200312_id4047_maljuv_(1).jpg;52
453;527;283;MANDRILLS BKB_283_20200312_id4047_maljuv_(2).jpg;74
522;582;283;MANDRILLS BKB_283_20200506_id4047_maljuv.jpg;60
610;760;283;MANDRILLS BKB_283_20201031_id4047_maljuv_(1).jpg;150
738;760;283;MANDRILLS BKB_283_20201031_id4047_maljuv_(2).jpg;22
677;760;283;MANDRILLS BKB_283_20201031_id4047_maljuv_(3).jpg;83
578;763;283;MANDRILLS BKB_283_20201103_id4047_maljuv.jpg;185
709;766;283;MANDRILLS BKB_283_20201106_id4047_maljuv.jpg;57
753;784;283;MANDRILLS BKB_283_20201124_id4047_maljuv_(1).jpg;31
768;784;283;MANDRILLS BKB_283_20201124_id4047_maljuv_(2).jpg;16
576;784;283;MANDRILLS BKB_283_20201124_id4047_maljuv_(3).jpg;208
609;784;283;MANDRILLS BKB_283_20201124_id4047_maljuv_(4).jpg;175
462;784;283;MANDRILLS BKB_283_20201124_id4047_maljuv_(5).jpg;322
708;785;283;MANDRILLS BKB_283_20201125_id4047_maljuv_(1).jpg;77
788;785;283;MANDRILLS BKB_283_20201125_id4047_maljuv_(2).jpg;3
799;803;283;MANDRILLS BKB_283_20201213_id4047_maljuv_(1).jpg;4
820;803;283;MANDRILLS BKB_283_20201213_id4047_maljuv_(2).jpg;17
1001;803;283;MANDRILLS BKB_283_20201213_id4047_maljuv_(3).jpg;198
708;817;283;MANDRILLS BKB_283_20201227_id4047_maljuv.jpg;109
845;824;283;MANDRILLS BKB_283_20210103_id4047_maljuv.jpg;21
799;825;283;MANDRILLS BKB_283_20210104_id4047_maljuv_(1).jpg;26
735;827;283;MANDRILLS BKB_283_20210106_id4047_maljuv_(1).jpg;92
920;827;283;MANDRILLS BKB_283_20210106_id4047_maljuv_(2).jpg;93
717;834;283;MANDRILLS BKB_283_20210113_id4047_maljuv_(1).jpg;117
720;834;283;MANDRILLS BKB_283_20210113_id4047_maljuv_(2).jpg;114
647;837;283;MANDRILLS BKB_283_20210116_id4047_maljuv.jpg;190
778;849;283;MANDRILLS BKB_283_20210128_id4047_maljuv.jpg;71
702;850;283;MANDRILLS BKB_283_20210129_id4047_maljuv_(1).jpg;148
689;850;283;MANDRILLS BKB_283_20210129_id4047_maljuv_(10).jpg;161
814;850;283;MANDRILLS BKB_283_20210129_id4047_maljuv_(11).jpg;36
773;850;283;MANDRILLS BKB_283_20210129_id4047_maljuv_(12).jpg;77
788;850;283;MANDRILLS BKB_283_20210129_id4047_maljuv_(2).jpg;62
749;850;283;MANDRILLS BKB_283_20210129_id4047_maljuv_(3).jpg;101
795;850;283;MANDRILLS BKB_283_20210129_id4047_maljuv_(4).jpg;55
705;850;283;MANDRILLS BKB_283_20210129_id4047_maljuv_(5).jpg;145
818;850;283;MANDRILLS BKB_283_20210129_id4047_maljuv_(6).jpg;32
903;850;283;MANDRILLS BKB_283_20210129_id4047_maljuv_(7).jpg;53
685;850;283;MANDRILLS BKB_283_20210129_id4047_maljuv_(8).jpg;165
731;850;283;MANDRILLS BKB_283_20210129_id4047_maljuv_(9).jpg;119
553;862;283;MANDRILLS BKB_283_20210210_id4047_maljuv.jpg;309
937;878;283;MANDRILLS BKB_283_20210226_id4047_maljuv.jpg;59
841;909;283;MANDRILLS BKB_283_20210329_id4047_maljuv_(1).jpg;68
845;909;283;MANDRILLS BKB_283_20210329_id4047_maljuv_(2).jpg;64
820;909;283;MANDRILLS BKB_283_20210329_id4047_maljuv_(3).jpg;89
1101;993;283;MANDRILLS BKB_283_20210621_id4047_maljuv_(1).jpg;108
1004;993;283;MANDRILLS BKB_283_20210621_id4047_maljuv_(3).jpg;11
925;993;283;MANDRILLS BKB_283_20210621_id4047_maljuv_(4).jpg;68
950;993;283;MANDRILLS BKB_283_20210621_id4047_maljuv_(5).jpg;43
968;993;283;MANDRILLS BKB_283_20210621_id4047_maljuv_(6).jpg;25
923;993;283;MANDRILLS BKB_283_20210621_id4047_maljuv_(7).jpg;70
959;993;283;MANDRILLS BKB_283_20210621_id4047_maljuv_(8).jpg;34
919;993;283;MANDRILLS BKB_283_20210621_id4047_maljuv_(9).jpg;74
1096;1015;283;MANDRILLS BKB_283_20210713_id4047_maljuv_(1).jpg;81
1019;1015;283;MANDRILLS BKB_283_20210713_id4047_maljuv_(2).jpg;4
1050;1015;283;MANDRILLS BKB_283_20210713_id4047_maljuv_(3).jpg;35
1218;1206;283;MANDRILLS BKB_283_20220120_id4047 (1).jpg;12
1047;1206;283;MANDRILLS BKB_283_20220120_id4047 (2).jpg;159
1216;1206;283;MANDRILLS BKB_283_20220120_id4047 (5).jpg;10
1035;1206;283;MANDRILLS BKB_283_20220120_id4047.jpg;171
1354;1218;283;MANDRILLS BKB_283_20220201_id4047_maljuv.jpg;136
1356;1243;283;MANDRILLS BKB_283_20220226_id4047_maljuv (1).jpg;113
1146;1243;283;MANDRILLS BKB_283_20220226_id4047_maljuv (2).jpg;97
1113;1243;283;MANDRILLS BKB_283_20220226_id4047_maljuv (3).jpg;130
983;1243;283;MANDRILLS BKB_283_20220226_id4047_maljuv (4).jpg;260
1252;1254;283;MANDRILLS BKB_283_20220309_id4047_maljuv (1).jpg;2
1250;1254;283;MANDRILLS BKB_283_20220309_id4047_maljuv (2).jpg;4
1137;1254;283;MANDRILLS BKB_283_20220309_id4047_maljuv (3).jpg;117
1196;1259;283;MANDRILLS BKB_283_20220314_id4047_maljuv (1).jpg;63
1019;1259;283;MANDRILLS BKB_283_20220314_id4047_maljuv (2).jpg;240
1132;1259;283;MANDRILLS BKB_283_20220314_id4047_maljuv (3).jpg;127
1441;1259;283;MANDRILLS BKB_283_20220314_id4047_maljuv (4).jpg;182
1090;1259;283;MANDRILLS BKB_283_20220314_id4047_maljuv (5).jpg;169
1136;1259;283;MANDRILLS BKB_283_20220314_id4047_maljuv (6).jpg;123
870;1259;283;MANDRILLS BKB_283_20220314_id4047_maljuv (7).jpg;389
1394;1259;283;MANDRILLS BKB_283_20220314_id4047_maljuv (8).jpg;135
1059;1274;283;MANDRILLS BKB_283_20220329_id4047_maljuv (1).jpg;215
1060;1274;283;MANDRILLS BKB_283_20220329_id4047_maljuv (2).jpg;214
1273;1275;283;MANDRILLS BKB_283_20220330_id4047_maljuv.jpg;2
1105;1283;283;MANDRILLS BKB_283_20220407_id4047_maljuv.jpg;178
1241;1286;283;MANDRILLS BKB_283_20220410_id4047_maljuv.jpg;45
1146;1302;283;MANDRILLS BKB_283_20220426_id4047_maljuv (1).jpg;156
1394;1302;283;MANDRILLS BKB_283_20220426_id4047_maljuv (2).jpg;92
1337;1302;283;MANDRILLS BKB_283_20220426_id4047_maljuv (3).jpg;35
1411;1321;283;MANDRILLS BKB_283_20220515_id4047_maljuv (1).jpg;90
1137;1321;283;MANDRILLS BKB_283_20220515_id4047_maljuv (2).jpg;184
1065;1321;283;MANDRILLS BKB_283_20220515_id4047_maljuv (3).jpg;256
1150;1321;283;MANDRILLS BKB_283_20220515_id4047_maljuv (4).jpg;171
1412;1322;283;MANDRILLS BKB_283_20220516_id4047_maljuv.jpg;90
1311;1340;283;MANDRILLS BKB_283_20220603_id4047_maljuv.jpg;29
1212;1341;283;MANDRILLS BKB_283_20220604_id4047_maljuv (1).jpg;129
1118;1341;283;MANDRILLS BKB_283_20220604_id4047_maljuv (2).jpg;223
1255;1341;283;MANDRILLS BKB_283_20220604_id4047_maljuv (3).jpg;86
1301;1343;283;MANDRILLS BKB_283_20220606_id4047_maljuv (1).jpg;42
1323;1343;283;MANDRILLS BKB_283_20220606_id4047_maljuv (2).jpg;20
1317;1344;283;MANDRILLS BKB_283_20220607_id4047_maljuv (1).jpg;27
1389;1344;283;MANDRILLS BKB_283_20220607_id4047_maljuv (2).jpg;45
1224;1344;283;MANDRILLS BKB_283_20220607_id4047_maljuv (3).jpg;120
1597;1358;283;MANDRILLS BKB_283_20220621_id4047_maljuv (1).jpg;239
1265;1358;283;MANDRILLS BKB_283_20220621_id4047_maljuv (2).jpg;93
1302;1358;283;MANDRILLS BKB_283_20220621_id4047_maljuv (3).jpg;56
1222;1358;283;MANDRILLS BKB_283_20220621_id4047_maljuv (4).jpg;136
1346;1366;283;MANDRILLS BKB_283_20220629_id4047 (1).jpg;20
1350;1366;283;MANDRILLS BKB_283_20220629_id4047 (2).jpg;16
1454;1368;283;MANDRILLS BKB_283_20220701_id4047 (2).jpg;86
1603;1368;283;MANDRILLS BKB_283_20220701_id4047.jpg;235
1115;1378;283;MANDRILLS BKB_283_20220711_id4047.jpg;263
1298;1383;283;MANDRILLS BKB_283_20220716_id4047_maljuv (1).jpg;85
1372;1383;283;MANDRILLS BKB_283_20220716_id4047_maljuv (2).jpg;11
1176;1383;283;MANDRILLS BKB_283_20220716_id4047_maljuv.jpg;207
1248;1402;283;MANDRILLS BKB_283_20220804_id4047.jpg;154
1390;1403;283;MANDRILLS BKB_283_20220805_id4047.jpg;13
1173;1406;283;MANDRILLS BKB_283_20220808_id4047.jpg;233
1373;1424;283;MANDRILLS BKB_283_20220826_id4047.jpg;51
1356;1433;283;MANDRILLS BKB_283_20220904_id4047 (1).jpg;77
1327;1433;283;MANDRILLS BKB_283_20220904_id4047 (2).jpg;106
1311;1433;283;MANDRILLS BKB_283_20220904_id4047 (3).jpg;122
1333;1433;283;MANDRILLS BKB_283_20220904_id4047 (4).jpg;100
1427;1481;283;MANDRILLS BKB_283_20221022_id4047.jpg;54
1416;1482;283;MANDRILLS BKB_283_20221023_id4047 (1).jpg;66
1388;1482;283;MANDRILLS BKB_283_20221023_id4047 (2).jpg;94
1469;1504;283;MANDRILLS BKB_283_20221114_id4047.jpg;35
1614;1513;283;MANDRILLS BKB_283_20221123_id4047.jpg;101
1525;1529;283;MANDRILLS BKB_283_20221209_id283 (3).jpg;4
1495;1530;283;MANDRILLS BKB_283_20221210_id283.jpg;35
1430;1544;283;MANDRILLS BKB_283_20221224_id283.jpg;114
243;281;289;MANDRILLS BKB_289_20190926_id4105_malinf.jpg;38
255;309;289;MANDRILLS BKB_289_20191024_id4105_malinf.jpg;54
357;313;289;MANDRILLS BKB_289_20191028_id4105_malinf_(1).jpg;44
340;313;289;MANDRILLS BKB_289_20191028_id4105_malinf_(2).jpg;27
352;313;289;MANDRILLS BKB_289_20191028_id4105_malinf_(3).jpg;39
356;324;289;MANDRILLS BKB_289_20191108_id4105_malinf_(1).jpg;32
350;324;289;MANDRILLS BKB_289_20191108_id4105_malinf_(2).jpg;26
368;336;289;MANDRILLS BKB_289_20191120_id4105_malinf.jpg;32
412;426;289;MANDRILLS BKB_289_20200218_id4105_maljuv.jpg;14
604;666;289;MANDRILLS BKB_289_20201015_id4105_maljuv_(1).jpg;62
659;666;289;MANDRILLS BKB_289_20201015_id4105_maljuv_(2).jpg;7
667;668;289;MANDRILLS BKB_289_20201017_id4105_maljuv_(1).jpg;1
717;668;289;MANDRILLS BKB_289_20201017_id4105_maljuv_(2).jpg;49
646;668;289;MANDRILLS BKB_289_20201017_id4105_maljuv_(3).jpg;22
539;673;289;MANDRILLS BKB_289_20201022_id4105_maljuv.jpg;134
588;680;289;MANDRILLS BKB_289_20201029_id4105_maljuv_(1).jpg;92
607;680;289;MANDRILLS BKB_289_20201029_id4105_maljuv_(2).jpg;73
646;747;289;MANDRILLS BKB_289_20210104_id4105_maljuv.jpg;101
647;750;289;MANDRILLS BKB_289_20210107_id4105_maljuv_(1).jpg;103
653;750;289;MANDRILLS BKB_289_20210107_id4105_maljuv_(2).jpg;97
817;752;289;MANDRILLS BKB_289_20210109_id4105_maljuv_(1).jpg;65
675;752;289;MANDRILLS BKB_289_20210109_id4105_maljuv_(2).jpg;77
601;759;289;MANDRILLS BKB_289_20210116_id4105_maljuv_(1).jpg;158
581;759;289;MANDRILLS BKB_289_20210116_id4105_maljuv_(2).jpg;178
676;834;289;MANDRILLS BKB_289_20210401_id4105_maljuv_(1).jpg;158
853;834;289;MANDRILLS BKB_289_20210401_id4105_maljuv_(2).jpg;19
836;834;289;MANDRILLS BKB_289_20210401_id4105_maljuv_(3).jpg;2
933;834;289;MANDRILLS BKB_289_20210401_id4105_maljuv_(4).jpg;99
864;834;289;MANDRILLS BKB_289_20210401_id4105_maljuv_(5).jpg;30
961;834;289;MANDRILLS BKB_289_20210401_id4105_maljuv_(6).jpg;127
916;834;289;MANDRILLS BKB_289_20210401_id4105_maljuv_(7).jpg;82
917;834;289;MANDRILLS BKB_289_20210401_id4105_maljuv_(8).jpg;83
1175;1066;289;MANDRILLS BKB_289_20211119_id4105_maljuv_(2).jpg;109
1140;1073;289;MANDRILLS BKB_289_20211126_id4105_maljuv.jpg;67
1238;1103;289;MANDRILLS BKB_289_20211226_id4105_maljuv_(1).jpg;135
1099;1103;289;MANDRILLS BKB_289_20211226_id4105_maljuv_(2).jpg;4
1090;1103;289;MANDRILLS BKB_289_20211226_id4105_maljuv_(3).jpg;13
1125;1130;289;MANDRILLS BKB_289_20220122_id4105.jpg;5
1297;1140;289;MANDRILLS BKB_289_20220201_id4105_maljuv (2).jpg;157
1231;1140;289;MANDRILLS BKB_289_20220201_id4105_maljuv (3).jpg;91
951;1140;289;MANDRILLS BKB_289_20220201_id4105_maljuv (4).jpg;189
1031;1140;289;MANDRILLS BKB_289_20220201_id4105_maljuv (5).jpg;109
1022;1140;289;MANDRILLS BKB_289_20220201_id4105_maljuv (6).jpg;118
1335;1140;289;MANDRILLS BKB_289_20220201_id4105_maljuv (7).jpg;195
1375;1154;289;MANDRILLS BKB_289_20220215_id4105_maljuv (1).jpg;221
1260;1154;289;MANDRILLS BKB_289_20220215_id4105_maljuv (2).jpg;106
1142;1155;289;MANDRILLS BKB_289_20220216_id4105_maljuv (1).jpg;13
1188;1155;289;MANDRILLS BKB_289_20220216_id4105_maljuv (2).jpg;33
983;1177;289;MANDRILLS BKB_289_20220310_id4105_maljuv.jpg;194
1227;1181;289;MANDRILLS BKB_289_20220314_id4105_maljuv (1).jpg;46
1129;1181;289;MANDRILLS BKB_289_20220314_id4105_maljuv (2).jpg;52
1098;1181;289;MANDRILLS BKB_289_20220314_id4105_maljuv (3).jpg;83
1199;1181;289;MANDRILLS BKB_289_20220314_id4105_maljuv (4).jpg;18
1141;1197;289;MANDRILLS BKB_289_20220330_id4105_maljuv.jpg;56
1247;1239;289;MANDRILLS BKB_289_20220511_id4105_maljuv (1).jpg;8
1247;1239;289;MANDRILLS BKB_289_20220511_id4105_maljuv (2).jpg;8
1539;1244;289;MANDRILLS BKB_289_20220516_id4105_maljuv.jpg;295
1262;1305;289;MANDRILLS BKB_289_20220716_id4105.jpg;43
1344;1305;289;MANDRILLS BKB_289_20220716_id4105_maljuv.jpg;39
1358;1310;289;MANDRILLS BKB_289_20220721_id4105.jpg;48
1534;1313;289;MANDRILLS BKB_289_20220724_id4105.jpg;221
1347;1332;289;MANDRILLS BKB_289_20220812_id4105 (1).jpg;15
1418;1332;289;MANDRILLS BKB_289_20220812_id4105 (2).jpg;86
1501;1332;289;MANDRILLS BKB_289_20220812_id4105 (3).jpg;169
1306;1355;289;MANDRILLS BKB_289_20220904_id4105.jpg;49
1493;1362;289;MANDRILLS BKB_289_20220911_id4105.jpg;131
1409;1369;289;MANDRILLS BKB_289_20220918_id4105 (1).jpg;40
1408;1369;289;MANDRILLS BKB_289_20220918_id4105 (2).jpg;39
1515;1379;289;MANDRILLS BKB_289_20220928_id4105 (2).jpg;136
1271;1386;289;MANDRILLS BKB_289_20221005_id4105.jpg;115
1292;1428;289;MANDRILLS BKB_289_20221116_id4105.jpg;136
1472;1444;289;MANDRILLS BKB_289_20221202_id289 (2).jpg;28
396;289;297;MANDRILLS BKB_297_20190718_id4006_feminf_(1).jpg;107
410;289;297;MANDRILLS BKB_297_20190718_id4006_feminf_(2).jpg;121
399;289;297;MANDRILLS BKB_297_20190718_id4006_feminf_(3).jpg;110
452;289;297;MANDRILLS BKB_297_20190718_id4006_feminf_(4).jpg;163
511;289;297;MANDRILLS BKB_297_20190718_id4006_feminf_(5).jpg;222
586;312;297;MANDRILLS BKB_297_20190810_id4006_feminf_(1).jpg;274
442;312;297;MANDRILLS BKB_297_20190810_id4006_feminf_(2).jpg;130
496;312;297;MANDRILLS BKB_297_20190810_id4006_feminf_(3).jpg;184
470;387;297;MANDRILLS BKB_297_20191024_id4006_femjuv_(1).jpg;83
360;387;297;MANDRILLS BKB_297_20191024_id4006_femjuv_(2).jpg;27
378;387;297;MANDRILLS BKB_297_20191024_id4006_femjuv_(3).jpg;9
415;387;297;MANDRILLS BKB_297_20191024_id4006_femjuv_(4).jpg;28
472;387;297;MANDRILLS BKB_297_20191024_id4006_femjuv_(5).jpg;85
457;387;297;MANDRILLS BKB_297_20191024_id4006_femjuv_(6).jpg;70
435;387;297;MANDRILLS BKB_297_20191024_id4006_femjuv_(7).jpg;48
650;402;297;MANDRILLS BKB_297_20191108_id4006_femjuv_(1).jpg;248
670;402;297;MANDRILLS BKB_297_20191108_id4006_femjuv_(2).jpg;268
727;463;297;MANDRILLS BKB_297_20200108_id4006_femjuv.jpg;264
576;493;297;MANDRILLS BKB_297_20200207_id4006_femjuv.jpg;83
697;527;297;MANDRILLS BKB_297_20200312_id4006_femjuv_(1).jpg;170
821;527;297;MANDRILLS BKB_297_20200312_id4006_femjuv_(2).jpg;294
811;748;297;MANDRILLS BKB_297_20201019_id4006_femjuv_(1).jpg;63
907;748;297;MANDRILLS BKB_297_20201019_id4006_femjuv_(2).jpg;159
920;748;297;MANDRILLS BKB_297_20201019_id4006_femjuv_(3).jpg;172
964;748;297;MANDRILLS BKB_297_20201019_id4006_femjuv_(4).jpg;216
881;748;297;MANDRILLS BKB_297_20201019_id4006_femjuv_(5).jpg;133
894;751;297;MANDRILLS BKB_297_20201022_id4006_femjuv_(1).jpg;143
918;751;297;MANDRILLS BKB_297_20201022_id4006_femjuv_(2).jpg;167
852;751;297;MANDRILLS BKB_297_20201022_id4006_femjuv_(3).jpg;101
928;751;297;MANDRILLS BKB_297_20201022_id4006_femjuv_(4).jpg;177
887;751;297;MANDRILLS BKB_297_20201022_id4006_femjuv_(5).jpg;136
853;753;297;MANDRILLS BKB_297_20201024_id4006_femjuv.jpg;100
1033;766;297;MANDRILLS BKB_297_20201106_id4006_femjuv_(2).jpg;267
896;784;297;MANDRILLS BKB_297_20201124_id4006_femjuv.jpg;112
1031;784;297;MANDRILLS BKB_297_20201124_id4006_femjuv_(1).jpg;247
1037;784;297;MANDRILLS BKB_297_20201124_id4006_femjuv_(2).jpg;253
1150;784;297;MANDRILLS BKB_297_20201124_id4006_femjuv_(3).jpg;366
1022;784;297;MANDRILLS BKB_297_20201124_id4006_femjuv_(4).jpg;238
1020;803;297;MANDRILLS BKB_297_20201213_id4006_femjuv_(1).jpg;217
1109;803;297;MANDRILLS BKB_297_20201213_id4006_femjuv_(2).jpg;306
1123;803;297;MANDRILLS BKB_297_20201213_id4006_femjuv_(3).jpg;320
1079;807;297;MANDRILLS BKB_297_20201217_id4006_femjuv_(1).jpg;272
1044;807;297;MANDRILLS BKB_297_20201217_id4006_femjuv_(2).jpg;237
1091;807;297;MANDRILLS BKB_297_20201217_id4006_femjuv_(3).jpg;284
1004;820;297;MANDRILLS BKB_297_20201230_id4006_femjuv_(1).jpg;184
1043;820;297;MANDRILLS BKB_297_20201230_id4006_femjuv_(2).jpg;223
1055;820;297;MANDRILLS BKB_297_20201230_id4006_femjuv_(3).jpg;235
1066;821;297;MANDRILLS BKB_297_20201231_id4006_femjuv_(4).jpg;245
1171;821;297;MANDRILLS BKB_297_20201231_id4006_femjuv_(5).jpg;350
1201;821;297;MANDRILLS BKB_297_20201231_id4006_femjuv_(6).jpg;380
1073;821;297;MANDRILLS BKB_297_20201231_id4006_femjuv_(7).jpg;252
977;827;297;MANDRILLS BKB_297_20210106_id4006_femjuv.jpg;150
1150;834;297;MANDRILLS BKB_297_20210113_id4006_femjuv_(1).jpg;316
1032;834;297;MANDRILLS BKB_297_20210113_id4006_femjuv_(10).jpg;198
1089;834;297;MANDRILLS BKB_297_20210113_id4006_femjuv_(11).jpg;255
1086;834;297;MANDRILLS BKB_297_20210113_id4006_femjuv_(12).jpg;252
1124;834;297;MANDRILLS BKB_297_20210113_id4006_femjuv_(2).jpg;290
1156;834;297;MANDRILLS BKB_297_20210113_id4006_femjuv_(3).jpg;322
1027;834;297;MANDRILLS BKB_297_20210113_id4006_femjuv_(4).jpg;193
1068;834;297;MANDRILLS BKB_297_20210113_id4006_femjuv_(6).jpg;234
1128;834;297;MANDRILLS BKB_297_20210113_id4006_femjuv_(7).jpg;294
1154;834;297;MANDRILLS BKB_297_20210113_id4006_femjuv_(8).jpg;320
1070;834;297;MANDRILLS BKB_297_20210113_id4006_femjuv_(9).jpg;236
1030;849;297;MANDRILLS BKB_297_20210128_id4006_femjuv.jpg;181
1182;876;297;MANDRILLS BKB_297_20210224_id4006_femjuv_(1).jpg;306
1138;876;297;MANDRILLS BKB_297_20210224_id4006_femjuv_(2).jpg;262
1230;881;297;MANDRILLS BKB_297_20210301_id4006_femjuv_(1).jpg;349
1026;881;297;MANDRILLS BKB_297_20210301_id4006_femjuv_(2).jpg;145
1109;912;297;MANDRILLS BKB_297_20210401_id4006_femjuv.jpg;197
1201;921;297;MANDRILLS BKB_297_20210410_id4006_femjuv_(1).jpg;280
1206;921;297;MANDRILLS BKB_297_20210410_id4006_femjuv_(2).jpg;285
1227;921;297;MANDRILLS BKB_297_20210410_id4006_femjuv_(3).jpg;306
1156;921;297;MANDRILLS BKB_297_20210410_id4006_femjuv_(4).jpg;235
1162;921;297;MANDRILLS BKB_297_20210410_id4006_femjuv_(5).jpg;241
1105;1032;297;MANDRILLS BKB_297_20210730_id4006_femjuv_(3).jpg;73
1352;1071;297;MANDRILLS BKB_297_20210907_id4006_femjuv (1).jpg;281
1406;1071;297;MANDRILLS BKB_297_20210907_id4006_femjuv (2).jpg;335
1199;1131;297;MANDRILLS BKB_297_20211106_id4006_femjuv_(1).jpg;68
1228;1131;297;MANDRILLS BKB_297_20211106_id4006_femjuv_(2).jpg;97
1358;1131;297;MANDRILLS BKB_297_20211106_id4006_femjuv_(3).jpg;227
1423;1131;297;MANDRILLS BKB_297_20211106_id4006_femjuv_(4).jpg;292
1421;1218;297;MANDRILLS BKB_297_20220201_id4006_femado.jpg;203
1419;1218;297;MANDRILLS BKB_297_20220201_id4006_femjuv (1).jpg;201
1328;1218;297;MANDRILLS BKB_297_20220201_id4006_femjuv (2).jpg;110
1441;1218;297;MANDRILLS BKB_297_20220201_id4006_femjuv (3).jpg;223
1315;1233;297;MANDRILLS BKB_297_20220216_id4006_femjuv (1).jpg;82
1394;1233;297;MANDRILLS BKB_297_20220216_id4006_femjuv (2).jpg;161
1401;1256;297;MANDRILLS BKB_297_20220311_id4006_femjuv (1).jpg;145
1389;1256;297;MANDRILLS BKB_297_20220311_id4006_femjuv (3).jpg;133
1418;1259;297;MANDRILLS BKB_297_20220314_id4006 (1).jpg;159
1313;1259;297;MANDRILLS BKB_297_20220314_id4006 (2).jpg;54
1410;1259;297;MANDRILLS BKB_297_20220314_id4006 (3).jpg;151
1538;1266;297;MANDRILLS BKB_297_20220321_id4006_maljuv.jpg;272
1386;1296;297;MANDRILLS BKB_297_20220420_id4006_femjuv.jpg;90
1377;1301;297;MANDRILLS BKB_297_20220425_id4006_femadu (1).jpg;76
1459;1301;297;MANDRILLS BKB_297_20220425_id4006_femadu (3).jpg;158
1466;1301;297;MANDRILLS BKB_297_20220425_id4006_femadu (4).jpg;165
1496;1301;297;MANDRILLS BKB_297_20220425_id4006_femadu (5).jpg;195
1461;1301;297;MANDRILLS BKB_297_20220425_id4006_femadu (6).jpg;160
1345;1301;297;MANDRILLS BKB_297_20220425_id4006_femjuv (1).jpg;44
1411;1332;297;MANDRILLS BKB_297_20220526_id4006_femjuv (4).jpg;79
1481;1332;297;MANDRILLS BKB_297_20220526_id4006_femjuv (5).jpg;149
1625;1332;297;MANDRILLS BKB_297_20220526_id4006_femjuv (6).jpg;293
1672;1332;297;MANDRILLS BKB_297_20220526_id4006_femjuv (7).jpg;340
1444;1343;297;MANDRILLS BKB_297_20220606_id4006_femjuv (1).jpg;101
1641;1343;297;MANDRILLS BKB_297_20220606_id4006_femjuv (2).jpg;298
1668;1366;297;MANDRILLS BKB_297_20220629_id4006.jpg;302
1559;1379;297;MANDRILLS BKB_297_20220712_id4006.jpg;180
1531;1381;297;MANDRILLS BKB_297_20220714_id4006_femjuv.jpg;150
1601;1383;297;MANDRILLS BKB_297_20220716_id4006.jpg;218
1952;1384;297;MANDRILLS BKB_297_20220717_id4006 (1).jpg;568
1721;1384;297;MANDRILLS BKB_297_20220717_id4006 (2).jpg;337
1759;1384;297;MANDRILLS BKB_297_20220717_id4006 (3).jpg;375
1635;1400;297;MANDRILLS BKB_297_20220802_id4006 (1).jpg;235
1604;1400;297;MANDRILLS BKB_297_20220802_id4006 (2).jpg;204
1615;1402;297;MANDRILLS BKB_297_20220804_id4006 (1).jpg;213
1493;1402;297;MANDRILLS BKB_297_20220804_id4006 (2).jpg;91
1537;1405;297;MANDRILLS BKB_297_20220807_id4006 (1).jpg;132
1422;1405;297;MANDRILLS BKB_297_20220807_id4006 (2).jpg;17
1638;1405;297;MANDRILLS BKB_297_20220807_id4006 (3).jpg;233
1744;1424;297;MANDRILLS BKB_297_20220826_id4006.jpg;320
1613;1433;297;MANDRILLS BKB_297_20220904_id4006 (1).jpg;180
1515;1433;297;MANDRILLS BKB_297_20220904_id4006 (2).jpg;82
1605;1433;297;MANDRILLS BKB_297_20220904_id4006 (3).jpg;172
1607;1433;297;MANDRILLS BKB_297_20220904_id4006 (4).jpg;174
1661;1434;297;MANDRILLS BKB_297_20220905_id4006 (1).jpg;227
1779;1434;297;MANDRILLS BKB_297_20220905_id4006 (2).jpg;345
1604;1441;297;MANDRILLS BKB_297_20220912_id4006 (1).jpg;163
1440;1441;297;MANDRILLS BKB_297_20220912_id4006 (2).jpg;1
1539;1441;297;MANDRILLS BKB_297_20220912_id4006 (3).jpg;98
1713;1447;297;MANDRILLS BKB_297_20220918_id4006 (1).jpg;266
1600;1447;297;MANDRILLS BKB_297_20220918_id4006 (2).jpg;153
1650;1464;297;MANDRILLS BKB_297_20221005_id4006.jpg;186
1434;1520;297;MANDRILLS BKB_297_20221130_id4006.jpg;86
1621;1522;297;MANDRILLS BKB_297_20221202_id297 (1).jpg;99
1510;1522;297;MANDRILLS BKB_297_20221202_id297 (2).jpg;12
2982;3874;30;MANDRILLS BKB_30_20120930_id30_femadu_(1)_ORIGINAL.jpg;892
5905;5999;30;MANDRILLS BKB_30_20180726_id30_femadu_(8)_ORIGINAL.jpg;94
85;65;301;MANDRILLS BKB_301_20190319_id4043_feminf_BAS_(1).jpg;20
92;65;301;MANDRILLS BKB_301_20190319_id4043_feminf_BAS_(2).jpg;27
77;65;301;MANDRILLS BKB_301_20190319_id4043_feminf_BAS_(3).jpg;12
430;360;301;MANDRILLS BKB_301_20200108_id4043_feminf_(1).jpg;70
458;360;301;MANDRILLS BKB_301_20200108_id4043_feminf_(2).jpg;98
447;368;301;MANDRILLS BKB_301_20200116_id4043_femjuv_(1).jpg;79
375;368;301;MANDRILLS BKB_301_20200116_id4043_femjuv_(2).jpg;7
421;407;301;MANDRILLS BKB_301_20200224_id4043_femjuv.jpg;14
543;474;301;MANDRILLS BKB_301_20200501_id4043_femjuv_(1).jpg;69
509;474;301;MANDRILLS BKB_301_20200501_id4043_femjuv_(2).jpg;35
643;479;301;MANDRILLS BKB_301_20200506_id4043_femjuv_(1).jpg;164
646;479;301;MANDRILLS BKB_301_20200506_id4043_femjuv_(2).jpg;167
737;644;301;MANDRILLS BKB_301_20201018_id4043_femjuv_(1).jpg;93
729;644;301;MANDRILLS BKB_301_20201018_id4043_femjuv_(2).jpg;85
489;645;301;MANDRILLS BKB_301_20201019_id4043_femjuv.jpg;156
611;648;301;MANDRILLS BKB_301_20201022_id4043_femjuv_(1).jpg;37
650;648;301;MANDRILLS BKB_301_20201022_id4043_femjuv_(2).jpg;2
622;648;301;MANDRILLS BKB_301_20201022_id4043_femjuv_(3).jpg;26
780;700;301;MANDRILLS BKB_301_20201213_id4043_femjuv.jpg;80
858;739;301;MANDRILLS BKB_301_20210121_id4043_femjuv_(1).jpg;119
864;739;301;MANDRILLS BKB_301_20210121_id4043_femjuv_(2).jpg;125
758;744;301;MANDRILLS BKB_301_20210126_id4043_femjuv.jpg;14
892;747;301;MANDRILLS BKB_301_20210129_id4043_femjuv.jpg;145
1092;810;301;MANDRILLS BKB_301_20210402_id4043_femjuv_(1).jpg;282
805;810;301;MANDRILLS BKB_301_20210402_id4043_femjuv_(2).jpg;5
847;810;301;MANDRILLS BKB_301_20210402_id4043_femjuv_(3).jpg;37
927;818;301;MANDRILLS BKB_301_20210410_id4043_femjuv_(1).jpg;109
928;818;301;MANDRILLS BKB_301_20210410_id4043_femjuv_(2).jpg;110
1114;961;301;MANDRILLS BKB_301_20210831_id4043_femjuv_(1).jpg;153
942;974;301;MANDRILLS BKB_301_20210913_id4043_femjuv (1).jpg;32
1084;974;301;MANDRILLS BKB_301_20210913_id4043_femjuv (2).jpg;110
972;1008;301;MANDRILLS BKB_301_20211017_id4043_femjuv.jpg;36
1384;1069;301;MANDRILLS BKB_301_20211217_id4043_femjuv_(1).jpg;315
1440;1069;301;MANDRILLS BKB_301_20211217_id4043_femjuv_(2).jpg;371
1291;1069;301;MANDRILLS BKB_301_20211217_id4043_femjuv_(3).jpg;222
1207;1069;301;MANDRILLS BKB_301_20211217_id4043_femjuv_(4).jpg;138
1309;1078;301;MANDRILLS BKB_301_20211226_id4043_femjuv_(1).jpg;231
1238;1078;301;MANDRILLS BKB_301_20211226_id4043_femjuv_(2).jpg;160
1130;1109;301;MANDRILLS BKB_301_20220126_id4043.jpg;21
1379;1115;301;MANDRILLS BKB_301_20220201_id4043_femjuv (1).jpg;264
1233;1115;301;MANDRILLS BKB_301_20220201_id4043_femjuv (2).jpg;118
1344;1115;301;MANDRILLS BKB_301_20220201_id4043_femjuv (3).jpg;229
1150;1130;301;MANDRILLS BKB_301_20220216_id4043_femjuv (1).jpg;20
1386;1130;301;MANDRILLS BKB_301_20220216_id4043_femjuv (2).jpg;256
1161;1140;301;MANDRILLS BKB_301_20220226_id4043_femjuv (1).jpg;21
1224;1140;301;MANDRILLS BKB_301_20220226_id4043_femjuv (2).jpg;84
1141;1140;301;MANDRILLS BKB_301_20220226_id4043_femjuv (3).jpg;1
1091;1140;301;MANDRILLS BKB_301_20220226_id4043_femjuv (4).jpg;49
1110;1140;301;MANDRILLS BKB_301_20220226_id4043_femjuv (5).jpg;30
1183;1149;301;MANDRILLS BKB_301_20220307_id4043.jpg;34
1269;1198;301;MANDRILLS BKB_301_20220425_id4043_femjuv (1).jpg;71
1430;1198;301;MANDRILLS BKB_301_20220425_id4043_femjuv (2).jpg;232
1424;1198;301;MANDRILLS BKB_301_20220425_id4043_femjuv (3).jpg;226
1387;1198;301;MANDRILLS BKB_301_20220425_id4043_femjuv (4).jpg;189
1286;1198;301;MANDRILLS BKB_301_20220425_id4043_femjuv (5).jpg;88
1243;1198;301;MANDRILLS BKB_301_20220425_id4043_femjuv (6).jpg;45
1421;1212;301;MANDRILLS BKB_301_20220509_id4043_femjuv (1).jpg;209
1273;1212;301;MANDRILLS BKB_301_20220509_id4043_femjuv (2).jpg;61
1263;1219;301;MANDRILLS BKB_301_20220516_id4043_femjuv.jpg;44
1306;1278;301;MANDRILLS BKB_301_20220714_id4043.jpg;28
1503;1281;301;MANDRILLS BKB_301_20220717_id4043 (1).jpg;222
1772;1281;301;MANDRILLS BKB_301_20220717_id4043 (2).jpg;491
1477;1281;301;MANDRILLS BKB_301_20220717_id4043.jpg;196
1299;1293;301;MANDRILLS BKB_301_20220729_id4043.jpg;6
1394;1331;301;MANDRILLS BKB_301_20220905_id4043 (1).jpg;63
1369;1331;301;MANDRILLS BKB_301_20220905_id4043 (2).jpg;38
1299;1408;301;MANDRILLS BKB_301_20221121_id4043.jpg;109
1547;1410;301;MANDRILLS BKB_301_20221123_id4043 (1).jpg;137
1559;1410;301;MANDRILLS BKB_301_20221123_id4043 (2).jpg;149
1442;1419;301;MANDRILLS BKB_301_20221202_id301 (2).jpg;23
1347;1419;301;MANDRILLS BKB_301_20221202_id301 (3).jpg;72
54;72;3031;MANDRILLS BKB_3031_20180619_id3031_malinfCENTRE_(1)_ORIGINAL.jpg;18
86;72;3031;MANDRILLS BKB_3031_20180619_id3031_malinfCENTRE_(3)_ORIGINAL.jpg;14
66;72;3031;MANDRILLS BKB_3031_20180619_id3031_malinfCENTRE_(4)_ORIGINAL.jpg;6
104;72;3031;MANDRILLS BKB_3031_20180619_id3031_malinfDEVANT_ORIGINAL.jpg;32
116;86;3031;MANDRILLS BKB_3031_20180703_id3031malinfDEVANT_(1)_ORIGINAL.jpg;30
76;86;3031;MANDRILLS BKB_3031_20180703_id3031malinfDEVANT_(2)_ORIGINAL.jpg;10
104;86;3031;MANDRILLS BKB_3031_20180703_id3031malinfDEVANT_(3)_ORIGINAL.jpg;18
96;86;3031;MANDRILLS BKB_3031_20180703_id3031malinfDEVANT_(4)_ORIGINAL.jpg;10
76;86;3031;MANDRILLS BKB_3031_20180703_id3031malinfDEVANT_(5)_ORIGINAL.jpg;10
121;87;3031;MANDRILLS BKB_3031_20180704_id3031_malinf_(1)_ORIGINAL.jpg;34
96;87;3031;MANDRILLS BKB_3031_20180704_id3031_malinf_(10)_ORIGINAL.jpg;9
116;87;3031;MANDRILLS BKB_3031_20180704_id3031_malinf_(11)_ORIGINAL.jpg;29
126;87;3031;MANDRILLS BKB_3031_20180704_id3031_malinf_(12)_ORIGINAL.jpg;39
93;87;3031;MANDRILLS BKB_3031_20180704_id3031_malinf_(13)_ORIGINAL.jpg;6
97;87;3031;MANDRILLS BKB_3031_20180704_id3031_malinf_(5)_ORIGINAL.jpg;10
108;87;3031;MANDRILLS BKB_3031_20180704_id3031_malinf_(6)_ORIGINAL.jpg;21
123;87;3031;MANDRILLS BKB_3031_20180704_id3031_malinf_(7)_ORIGINAL.jpg;36
156;87;3031;MANDRILLS BKB_3031_20180704_id3031_malinf_(8)_ORIGINAL.jpg;69
168;87;3031;MANDRILLS BKB_3031_20180704_id3031_malinf_(9)_ORIGINAL.jpg;81
95;99;3031;MANDRILLS BKB_3031_20180716_id3031_malinfDEVANT_(1)_ORIGINAL.jpg;4
46;99;3031;MANDRILLS BKB_3031_20180716_id3031_malinfDEVANT_(2)_ORIGINAL.jpg;53
61;99;3031;MANDRILLS BKB_3031_20180716_id3031_malinfDEVANT_(3)_ORIGINAL.jpg;38
58;99;3031;MANDRILLS BKB_3031_20180716_id3031_malinfDEVANT_(4)_ORIGINAL.jpg;41
45;99;3031;MANDRILLS BKB_3031_20180716_id3031_malinfDEVANT_(5)_ORIGINAL.jpg;54
101;101;3031;MANDRILLS BKB_3031_20180718_id3031_malinf_(1)_ORIGINAL.jpg;0
73;101;3031;MANDRILLS BKB_3031_20180718_id3031_malinf_(2)_ORIGINAL.jpg;28
139;101;3031;MANDRILLS BKB_3031_20180718_id3031_malinf_(3)_ORIGINAL.jpg;38
134;102;3031;MANDRILLS BKB_3031_20180719_id3031_malinf_(1)_ORIGINAL.jpg;32
130;102;3031;MANDRILLS BKB_3031_20180719_id3031_malinf_(2)_ORIGINAL.jpg;28
129;102;3031;MANDRILLS BKB_3031_20180719_id3031_malinf_(3)_ORIGINAL.jpg;27
209;152;3031;MANDRILLS BKB_3031_20180907_id3031_malinfDROITE_(1)_ORIGINAL.jpg;57
242;152;3031;MANDRILLS BKB_3031_20180907_id3031_malinfDROITE_(2)_ORIGINAL.jpg;90
183;152;3031;MANDRILLS BKB_3031_20180907_id3031_malinf_(1)_ORIGINAL.jpg;31
219;152;3031;MANDRILLS BKB_3031_20180907_id3031_malinf_(10)_ORIGINAL.jpg;67
190;152;3031;MANDRILLS BKB_3031_20180907_id3031_malinf_(11)_ORIGINAL.jpg;38
194;152;3031;MANDRILLS BKB_3031_20180907_id3031_malinf_(12)_ORIGINAL.jpg;42
166;152;3031;MANDRILLS BKB_3031_20180907_id3031_malinf_(13)_ORIGINAL.jpg;14
168;152;3031;MANDRILLS BKB_3031_20180907_id3031_malinf_(14)_ORIGINAL.jpg;16
197;152;3031;MANDRILLS BKB_3031_20180907_id3031_malinf_(15)_ORIGINAL.jpg;45
212;152;3031;MANDRILLS BKB_3031_20180907_id3031_malinf_(16)_ORIGINAL.jpg;60
190;152;3031;MANDRILLS BKB_3031_20180907_id3031_malinf_(2)_ORIGINAL.jpg;38
156;152;3031;MANDRILLS BKB_3031_20180907_id3031_malinf_(3)_ORIGINAL.jpg;4
178;152;3031;MANDRILLS BKB_3031_20180907_id3031_malinf_(4)_ORIGINAL.jpg;26
170;152;3031;MANDRILLS BKB_3031_20180907_id3031_malinf_(5)_ORIGINAL.jpg;18
168;152;3031;MANDRILLS BKB_3031_20180907_id3031_malinf_(6)_ORIGINAL.jpg;16
149;152;3031;MANDRILLS BKB_3031_20180907_id3031_malinf_(7)_ORIGINAL.jpg;3
182;152;3031;MANDRILLS BKB_3031_20180907_id3031_malinf_(8)_ORIGINAL.jpg;30
229;152;3031;MANDRILLS BKB_3031_20180907_id3031_malinf_(9)_ORIGINAL.jpg;77
401;341;3031;MANDRILLS BKB_3031_20190315_id3031_malinf_(1).jpg;60
663;341;3031;MANDRILLS BKB_3031_20190315_id3031_malinf_(10).jpg;322
429;341;3031;MANDRILLS BKB_3031_20190315_id3031_malinf_(11).jpg;88
436;341;3031;MANDRILLS BKB_3031_20190315_id3031_malinf_(13).jpg;95
441;341;3031;MANDRILLS BKB_3031_20190315_id3031_malinf_(14).jpg;100
419;341;3031;MANDRILLS BKB_3031_20190315_id3031_malinf_(15).jpg;78
487;341;3031;MANDRILLS BKB_3031_20190315_id3031_malinf_(16).jpg;146
335;341;3031;MANDRILLS BKB_3031_20190315_id3031_malinf_(17).jpg;6
444;341;3031;MANDRILLS BKB_3031_20190315_id3031_malinf_(18).jpg;103
442;341;3031;MANDRILLS BKB_3031_20190315_id3031_malinf_(2).jpg;101
410;341;3031;MANDRILLS BKB_3031_20190315_id3031_malinf_(3).jpg;69
465;341;3031;MANDRILLS BKB_3031_20190315_id3031_malinf_(4).jpg;124
446;341;3031;MANDRILLS BKB_3031_20190315_id3031_malinf_(5).jpg;105
424;341;3031;MANDRILLS BKB_3031_20190315_id3031_malinf_(6).jpg;83
469;341;3031;MANDRILLS BKB_3031_20190315_id3031_malinf_(7).jpg;128
544;516;3031;MANDRILLS BKB_3031_20190906_id3031_maljuv_(1).jpg;28
487;516;3031;MANDRILLS BKB_3031_20190906_id3031_maljuv_(11).jpg;29
449;516;3031;MANDRILLS BKB_3031_20190906_id3031_maljuv_(12).jpg;67
507;516;3031;MANDRILLS BKB_3031_20190906_id3031_maljuv_(2).jpg;9
535;516;3031;MANDRILLS BKB_3031_20190906_id3031_maljuv_(8).jpg;19
467;516;3031;MANDRILLS BKB_3031_20190906_id3031_maljuv_(9).jpg;49
454;535;3031;MANDRILLS BKB_3031_20190925_id3031_maljuv_DROITE_(4).jpg;81
463;536;3031;MANDRILLS BKB_3031_20190926_id3031_maljuv.jpg;73
723;687;3031;MANDRILLS BKB_3031_20200224_id3031_maljuv_(1).jpg;36
677;687;3031;MANDRILLS BKB_3031_20200224_id3031_maljuv_(2).jpg;10
691;687;3031;MANDRILLS BKB_3031_20200224_id3031_maljuv_(3).jpg;4
734;687;3031;MANDRILLS BKB_3031_20200224_id3031_maljuv_(4).jpg;47
881;759;3031;MANDRILLS BKB_3031_20200506_id3031_maljuv.jpg;122
695;759;3031;MANDRILLS BKB_3031_20200506_id3031_maljuv_(1).jpg;64
889;759;3031;MANDRILLS BKB_3031_20200506_id3031_maljuv_(2).jpg;130
863;923;3031;MANDRILLS BKB_3031_20201017_id3031_maljuv_(1).jpg;60
793;923;3031;MANDRILLS BKB_3031_20201017_id3031_maljuv_(2).jpg;130
800;925;3031;MANDRILLS BKB_3031_20201019_id3031_maljuv_(1).jpg;125
872;925;3031;MANDRILLS BKB_3031_20201019_id3031_maljuv_(2).jpg;53
1044;928;3031;MANDRILLS BKB_3031_20201022_id3031_maljuv.jpg;116
1034;937;3031;MANDRILLS BKB_3031_20201031_id3031_maljuv.jpg;97
1007;944;3031;MANDRILLS BKB_3031_20201107_id3031_maljuv.jpg;63
1221;986;3031;MANDRILLS BKB_3031_20201219_id3031_maljuv.jpg;235
203;144;304;MANDRILLS BKB_304_20190618_id4063_feminf.jpg;59
247;209;304;MANDRILLS BKB_304_20190822_id4063_feminf_BAS.jpg;38
325;224;304;MANDRILLS BKB_304_20190906_id4063_feminf_(1).jpg;101
339;224;304;MANDRILLS BKB_304_20190906_id4063_feminf_(10).jpg;115
317;224;304;MANDRILLS BKB_304_20190906_id4063_feminf_(11).jpg;93
324;224;304;MANDRILLS BKB_304_20190906_id4063_feminf_(2).jpg;100
321;224;304;MANDRILLS BKB_304_20190906_id4063_feminf_(3).jpg;97
320;224;304;MANDRILLS BKB_304_20190906_id4063_feminf_(5).jpg;96
304;224;304;MANDRILLS BKB_304_20190906_id4063_feminf_(7).jpg;80
314;224;304;MANDRILLS BKB_304_20190906_id4063_feminf_(8).jpg;90
251;224;304;MANDRILLS BKB_304_20190906_id4063_feminf_(9).jpg;27
310;292;304;MANDRILLS BKB_304_20191113_id4063_feminf_(1).jpg;18
407;292;304;MANDRILLS BKB_304_20191113_id4063_feminf_(2).jpg;115
426;297;304;MANDRILLS BKB_304_20191118_id4063_feminf_(1).jpg;129
360;297;304;MANDRILLS BKB_304_20191118_id4063_feminf_(2).jpg;63
341;324;304;MANDRILLS BKB_304_20191215_id4063_feminf.jpg;17
514;340;304;MANDRILLS BKB_304_20191231_id4063_feminf_(1).jpg;174
548;340;304;MANDRILLS BKB_304_20191231_id4063_feminf_(2).jpg;208
437;340;304;MANDRILLS BKB_304_20191231_id4063_feminf_(3).jpg;97
447;340;304;MANDRILLS BKB_304_20191231_id4063_feminf_(4).jpg;107
468;395;304;MANDRILLS BKB_304_20200224_id4063_femjuv_(1).jpg;73
485;395;304;MANDRILLS BKB_304_20200224_id4063_femjuv_(3).jpg;90
539;395;304;MANDRILLS BKB_304_20200224_id4063_femjuv_(4).jpg;144
564;395;304;MANDRILLS BKB_304_20200224_id4063_femjuv_(6).jpg;169
507;395;304;MANDRILLS BKB_304_20200224_id4063_femjuv_(7).jpg;112
751;395;304;MANDRILLS BKB_304_20200224_id4063_femjuv_(8).jpg;356
719;395;304;MANDRILLS BKB_304_20200224_id4063_femjuv_(9).jpg;324
1163;634;304;MANDRILLS BKB_304_20201020_id4063_femjuv.jpg;529
704;636;304;MANDRILLS BKB_304_20201022_id4063_femjuv_(2).jpg;68
832;645;304;MANDRILLS BKB_304_20201031_id4063_femjuv_(1).jpg;187
756;645;304;MANDRILLS BKB_304_20201031_id4063_femjuv_(2).jpg;111
846;646;304;MANDRILLS BKB_304_20201101_id4063_femjuv_(2).jpg;200
750;652;304;MANDRILLS BKB_304_20201107_id4063_femjuv.jpg;98
705;666;304;MANDRILLS BKB_304_20201121_id4063_femjuv_(1).jpg;39
690;666;304;MANDRILLS BKB_304_20201121_id4063_femjuv_(2).jpg;24
749;666;304;MANDRILLS BKB_304_20201121_id4063_femjuv_(3).jpg;83
890;706;304;MANDRILLS BKB_304_20201231_id4063_femjuv.jpg;184
811;710;304;MANDRILLS BKB_304_20210104_id4063_femjuv_(1).jpg;101
855;710;304;MANDRILLS BKB_304_20210104_id4063_femjuv_(2).jpg;145
853;710;304;MANDRILLS BKB_304_20210104_id4063_femjuv_(3).jpg;143
932;719;304;MANDRILLS BKB_304_20210113_id4063_femjuv_(1).jpg;213
938;719;304;MANDRILLS BKB_304_20210113_id4063_femjuv_(2).jpg;219
899;734;304;MANDRILLS BKB_304_20210128_id4063_femjuv.jpg;165
943;740;304;MANDRILLS BKB_304_20210203_id4063_femjuv_(1).jpg;203
887;740;304;MANDRILLS BKB_304_20210203_id4063_femjuv_(2).jpg;147
827;740;304;MANDRILLS BKB_304_20210203_id4063_femjuv_(3).jpg;87
1066;740;304;MANDRILLS BKB_304_20210203_id4063_femjuv_(4).jpg;326
817;740;304;MANDRILLS BKB_304_20210203_id4063_femjuv_(5).jpg;77
921;740;304;MANDRILLS BKB_304_20210203_id4063_femjuv_(6).jpg;181
822;740;304;MANDRILLS BKB_304_20210203_id4063_femjuv_(7).jpg;82
705;749;304;MANDRILLS BKB_304_20210212_id4063_femjuv_(1).jpg;44
804;749;304;MANDRILLS BKB_304_20210212_id4063_femjuv_(2).jpg;55
1032;864;304;MANDRILLS BKB_304_20210607_id4063_femjuv_(1).jpg;168
1184;864;304;MANDRILLS BKB_304_20210607_id4063_femjuv_(2).jpg;320
1037;864;304;MANDRILLS BKB_304_20210607_id4063_femjuv_(3).jpg;173
1104;958;304;MANDRILLS BKB_304_20210909_id4063_femjuv.jpg;146
1051;970;304;MANDRILLS BKB_304_20210921_id4063_femjuv.jpg;81
1090;982;304;MANDRILLS BKB_304_20211003_id4063_femjuv.jpg;108
1233;998;304;MANDRILLS BKB_304_20211019_id4063_femjuv.jpg;235
1158;1003;304;MANDRILLS BKB_304_20211024_id4063_femjuv_(1).jpg;155
1186;1003;304;MANDRILLS BKB_304_20211024_id4063_femjuv_(2).jpg;183
1171;1045;304;MANDRILLS BKB_304_20211205_id4063_femjuv.jpg;126
1514;1103;304;MANDRILLS BKB_304_20220201_id4063_femjuv.jpg;411
1372;1110;304;MANDRILLS BKB_304_20220208_id4063_femjuv.jpg;262
1287;1141;304;MANDRILLS BKB_304_20220311_id4063_femjuv (1).jpg;146
1628;1141;304;MANDRILLS BKB_304_20220311_id4063_femjuv (2).jpg;487
1256;1141;304;MANDRILLS BKB_304_20220311_id4063_femjuv (3).jpg;115
1321;1141;304;MANDRILLS BKB_304_20220311_id4063_femjuv (4).jpg;180
1295;1141;304;MANDRILLS BKB_304_20220311_id4063_femjuv (6).jpg;154
1519;1141;304;MANDRILLS BKB_304_20220311_id4063_femjuv (7).jpg;378
1314;1144;304;MANDRILLS BKB_304_20220314_id4063_femjuv (1).jpg;170
1445;1144;304;MANDRILLS BKB_304_20220314_id4063_femjuv (2).jpg;301
1393;1157;304;MANDRILLS BKB_304_20220327_id4063_femjuv (1).jpg;236
1177;1157;304;MANDRILLS BKB_304_20220327_id4063_femjuv (2).jpg;20
1296;1157;304;MANDRILLS BKB_304_20220327_id4063_femjuv (3).jpg;139
1523;1187;304;MANDRILLS BKB_304_20220426_id4063_femjuv (2).jpg;336
1562;1187;304;MANDRILLS BKB_304_20220426_id4063_femjuv.jpg;375
1527;1201;304;MANDRILLS BKB_304_20220510_id4063.jpg;326
1411;1207;304;MANDRILLS BKB_304_20220516_id4063_femjuv (1).jpg;204
1568;1207;304;MANDRILLS BKB_304_20220516_id4063_femjuv (2).jpg;361
1449;1217;304;MANDRILLS BKB_304_20220526_id4063_femjuv.jpg;232
1304;1229;304;MANDRILLS BKB_304_20220607_id4063_femjuv (1).jpg;75
1273;1229;304;MANDRILLS BKB_304_20220607_id4063_femjuv (2).jpg;44
1689;1229;304;MANDRILLS BKB_304_20220607_id4063_femjuv (3).jpg;460
1398;1241;304;MANDRILLS BKB_304_20220619_id4063_femjuv (1).jpg;157
1370;1241;304;MANDRILLS BKB_304_20220619_id4063_femjuv (3).jpg;129
1617;1241;304;MANDRILLS BKB_304_20220619_id4063_femjuv (4).jpg;376
1473;1246;304;MANDRILLS BKB_304_20220624_id4063_femjuv (1).jpg;227
1428;1246;304;MANDRILLS BKB_304_20220624_id4063_femjuv (2).jpg;182
1395;1251;304;MANDRILLS BKB_304_20220629_id4063 (1).jpg;144
1425;1251;304;MANDRILLS BKB_304_20220629_id4063 (2).jpg;174
1492;1253;304;MANDRILLS BKB_304_20220701_id4063 (2).jpg;239
1379;1253;304;MANDRILLS BKB_304_20220701_id4063.jpg;126
1368;1257;304;MANDRILLS BKB_304_20220705_id4063 (1).jpg;111
1343;1257;304;MANDRILLS BKB_304_20220705_id4063 (2).jpg;86
1578;1263;304;MANDRILLS BKB_304_20220711_id4063.jpg;315
1591;1266;304;MANDRILLS BKB_304_20220714_id4063_femjuv (1).jpg;325
1391;1266;304;MANDRILLS BKB_304_20220714_id4063_femjuv (2).jpg;125
1311;1271;304;MANDRILLS BKB_304_20220719_id4063.jpg;40
1410;1291;304;MANDRILLS BKB_304_20220808_id4063 (2).jpg;119
1451;1291;304;MANDRILLS BKB_304_20220808_id4063.jpg;160
1346;1306;304;MANDRILLS BKB_304_20220823_id4063.jpg;40
1406;1326;304;MANDRILLS BKB_304_20220912_id4063 (1).jpg;80
1720;1326;304;MANDRILLS BKB_304_20220912_id4063 (2).jpg;394
1502;1349;304;MANDRILLS BKB_304_20221005_id4063 (1).jpg;153
1585;1349;304;MANDRILLS BKB_304_20221005_id4063 (2).jpg;236
1498;1349;304;MANDRILLS BKB_304_20221005_id4063 (3).jpg;149
1714;1349;304;MANDRILLS BKB_304_20221005_id4063 (4).jpg;365
1547;1349;304;MANDRILLS BKB_304_20221005_id4063 (5).jpg;198
1603;1371;304;MANDRILLS BKB_304_20221027_id4063.jpg;232
1834;1391;304;MANDRILLS BKB_304_20221116_id4063.jpg;443
2018;1398;304;MANDRILLS BKB_304_20221123_id4063.jpg;620
1623;1415;304;MANDRILLS BKB_304_20221210_id304.jpg;208
1891;1432;304;MANDRILLS BKB_304_20221227_id304.jpg;459
149;122;305;MANDRILLS BKB_305_20190618_id4073_feminf_BAS_(1).jpg;27
177;122;305;MANDRILLS BKB_305_20190618_id4073_feminf_BAS_(10).jpg;55
193;122;305;MANDRILLS BKB_305_20190618_id4073_feminf_BAS_(2).jpg;71
227;122;305;MANDRILLS BKB_305_20190618_id4073_feminf_BAS_(3).jpg;105
249;122;305;MANDRILLS BKB_305_20190618_id4073_feminf_BAS_(4).jpg;127
159;122;305;MANDRILLS BKB_305_20190618_id4073_feminf_BAS_(9).jpg;37
157;169;305;MANDRILLS BKB_305_20190804_id4073_feminf_BAS_(1).jpg;12
284;169;305;MANDRILLS BKB_305_20190804_id4073_feminf_BAS_(2).jpg;115
241;222;305;MANDRILLS BKB_305_20190926_id4073_feminf_(1).jpg;19
277;222;305;MANDRILLS BKB_305_20190926_id4073_feminf_(10).jpg;55
257;222;305;MANDRILLS BKB_305_20190926_id4073_feminf_(11).jpg;35
348;222;305;MANDRILLS BKB_305_20190926_id4073_feminf_(12).jpg;126
305;222;305;MANDRILLS BKB_305_20190926_id4073_feminf_(2).jpg;83
242;222;305;MANDRILLS BKB_305_20190926_id4073_feminf_(3).jpg;20
284;222;305;MANDRILLS BKB_305_20190926_id4073_feminf_(4).jpg;62
327;222;305;MANDRILLS BKB_305_20190926_id4073_feminf_(7).jpg;105
277;222;305;MANDRILLS BKB_305_20190926_id4073_feminf_(8).jpg;55
398;277;305;MANDRILLS BKB_305_20191120_id4073_feminf_(1).jpg;121
357;277;305;MANDRILLS BKB_305_20191120_id4073_feminf_(3).jpg;80
329;277;305;MANDRILLS BKB_305_20191120_id4073_feminf_(4).jpg;52
358;277;305;MANDRILLS BKB_305_20191120_id4073_feminf_(5).jpg;81
312;318;305;MANDRILLS BKB_305_20191231_id4073_feminf.jpg;6
283;333;305;MANDRILLS BKB_305_20200115_id4073_feminf.jpg;50
395;367;305;MANDRILLS BKB_305_20200218_id4073_femjuv_(1).jpg;28
477;367;305;MANDRILLS BKB_305_20200218_id4073_femjuv_(2).jpg;110
436;367;305;MANDRILLS BKB_305_20200218_id4073_femjuv_(3).jpg;69
488;409;305;MANDRILLS BKB_305_20200331_id4073_femjuv_(1).jpg;79
468;409;305;MANDRILLS BKB_305_20200331_id4073_femjuv_(2).jpg;59
714;614;305;MANDRILLS BKB_305_20201022_id4073_femjuv_(1).jpg;100
684;614;305;MANDRILLS BKB_305_20201022_id4073_femjuv_(2).jpg;70
669;614;305;MANDRILLS BKB_305_20201022_id4073_femjuv_(3).jpg;55
672;614;305;MANDRILLS BKB_305_20201022_id4073_femjuv_(4).jpg;58
623;614;305;MANDRILLS BKB_305_20201022_id4073_femjuv_(5).jpg;9
647;671;305;MANDRILLS BKB_305_20201218_id4073_femjuv_(1).jpg;24
641;671;305;MANDRILLS BKB_305_20201218_id4073_femjuv_(2).jpg;30
663;671;305;MANDRILLS BKB_305_20201218_id4073_femjuv_(3).jpg;8
689;671;305;MANDRILLS BKB_305_20201218_id4073_femjuv_(4).jpg;18
688;680;305;MANDRILLS BKB_305_20201227_id4073_femjuv.jpg;8
719;681;305;MANDRILLS BKB_305_20201228_id4073_femjuv.jpg;38
712;700;305;MANDRILLS BKB_305_20210116_id4073_femjuv.jpg;12
1149;732;305;MANDRILLS BKB_305_20210217_id4073_femjuv_(1).jpg;417
747;732;305;MANDRILLS BKB_305_20210217_id4073_femjuv_(2).jpg;15
1023;732;305;MANDRILLS BKB_305_20210217_id4073_femjuv_(3).jpg;291
996;948;305;MANDRILLS BKB_305_20210921_id4073_femjuv (1).jpg;48
945;948;305;MANDRILLS BKB_305_20210921_id4073_femjuv (2).jpg;3
1050;1007;305;MANDRILLS BKB_305_20211119_id4073_femjuv.jpg;43
1307;1044;305;MANDRILLS BKB_305_20211226_id4073_femjuv.jpg;263
1194;1081;305;MANDRILLS BKB_305_20220201_id4073_femjuv.jpg;113
1177;1106;305;MANDRILLS BKB_305_20220226_id4073_femjuv (1).jpg;71
1334;1106;305;MANDRILLS BKB_305_20220226_id4073_femjuv (2).jpg;228
1170;1138;305;MANDRILLS BKB_305_20220330_id4073_femjuv (3).jpg;32
1069;1140;305;MANDRILLS BKB_305_20220401_id4073_femjuv (1).jpg;71
1118;1140;305;MANDRILLS BKB_305_20220401_id4073_femjuv (3).jpg;22
1099;1140;305;MANDRILLS BKB_305_20220401_id4073_femjuv (4).jpg;41
1192;1140;305;MANDRILLS BKB_305_20220401_id4073_femjuv (5).jpg;52
1286;1159;305;MANDRILLS BKB_305_20220420_id4073_fem_juv (2).jpg;127
1004;1159;305;MANDRILLS BKB_305_20220420_id4073_fem_juv (3).jpg;155
981;1159;305;MANDRILLS BKB_305_20220420_id4073_fem_juv (4).jpg;178
1246;1207;305;MANDRILLS BKB_305_20220607_id4073_femjuv.jpg;39
1151;1229;305;MANDRILLS BKB_305_20220629_id4073 (1).jpg;78
1175;1229;305;MANDRILLS BKB_305_20220629_id4073 (2).jpg;54
1234;1229;305;MANDRILLS BKB_305_20220629_id4073 (3).jpg;5
1304;1244;305;MANDRILLS BKB_305_20220714_id4073_femjuv (1).jpg;60
1366;1244;305;MANDRILLS BKB_305_20220714_id4073_femjuv (2).jpg;122
1214;1244;305;MANDRILLS BKB_305_20220714_id4073_femjuv (3).jpg;30
1317;1244;305;MANDRILLS BKB_305_20220714_id4073_femjuv (4).jpg;73
1358;1247;305;MANDRILLS BKB_305_20220717_id4073 (1).jpg;111
1278;1247;305;MANDRILLS BKB_305_20220717_id4073 (2).jpg;31
1385;1247;305;MANDRILLS BKB_305_20220717_id4073.jpg;138
1233;1273;305;MANDRILLS BKB_305_20220812_id4073.jpg;40
1245;1291;305;MANDRILLS BKB_305_20220830_id4073 (1).jpg;46
1526;1291;305;MANDRILLS BKB_305_20220830_id4073 (2).jpg;235
1305;1291;305;MANDRILLS BKB_305_20220830_id4073 (3).jpg;14
1240;1296;305;MANDRILLS BKB_305_20220904_id4073 (1).jpg;56
1282;1296;305;MANDRILLS BKB_305_20220904_id4073 (2).jpg;14
1480;1297;305;MANDRILLS BKB_305_20220905_id4073.jpg;183
1203;1299;305;MANDRILLS BKB_305_20220907_id4073.jpg;96
1177;1304;305;MANDRILLS BKB_305_20220912_id4073 (1).jpg;127
1284;1304;305;MANDRILLS BKB_305_20220912_id4073 (2).jpg;20
1291;1304;305;MANDRILLS BKB_305_20220912_id4073 (3).jpg;13
1320;1304;305;MANDRILLS BKB_305_20220912_id4073 (4).jpg;16
1211;1341;305;MANDRILLS BKB_305_20221019_id4073 (1).jpg;130
1266;1341;305;MANDRILLS BKB_305_20221019_id4073 (2).jpg;75
1427;1343;305;MANDRILLS BKB_305_20221021_id4073.jpg;84
1344;1344;305;MANDRILLS BKB_305_20221022_id4073 (2).jpg;0
1225;1344;305;MANDRILLS BKB_305_20221022_id4073.jpg;119
1353;1383;305;MANDRILLS BKB_305_20221130_id4073 (1).jpg;30
1365;1383;305;MANDRILLS BKB_305_20221130_id4073 (2).jpg;18
1495;1407;305;MANDRILLS BKB_305_20221224_id305.jpg;88
59;34;306;MANDRILLS BKB_306_20190315_id4076_feminf_BAS_(1).jpg;25
54;34;306;MANDRILLS BKB_306_20190315_id4076_feminf_BAS_(12).jpg;20
85;34;306;MANDRILLS BKB_306_20190315_id4076_feminf_BAS_(13).jpg;51
51;34;306;MANDRILLS BKB_306_20190315_id4076_feminf_BAS_(14).jpg;17
67;34;306;MANDRILLS BKB_306_20190315_id4076_feminf_BAS_(15).jpg;33
53;34;306;MANDRILLS BKB_306_20190315_id4076_feminf_BAS_(2).jpg;19
347;159;306;MANDRILLS BKB_306_20190718_id4076_feminf_(2).jpg;188
289;159;306;MANDRILLS BKB_306_20190718_id4076_feminf_(3).jpg;130
254;159;306;MANDRILLS BKB_306_20190718_id4076_feminf_(4).jpg;95
169;159;306;MANDRILLS BKB_306_20190718_id4076_feminf_(5).jpg;10
319;159;306;MANDRILLS BKB_306_20190718_id4076_feminf_(6).jpg;160
213;159;306;MANDRILLS BKB_306_20190718_id4076_feminf_(7).jpg;54
276;159;306;MANDRILLS BKB_306_20190718_id4076_feminf_(8).jpg;117
305;159;306;MANDRILLS BKB_306_20190718_id4076_feminf_(9).jpg;146
309;170;306;MANDRILLS BKB_306_20190729_id4076_feminf_(2).jpg;139
226;178;306;MANDRILLS BKB_306_20190806_id4076_feminf_DROITE.jpg;48
245;190;306;MANDRILLS BKB_306_20190818_id4076_feminf_(1).jpg;55
313;190;306;MANDRILLS BKB_306_20190818_id4076_feminf_(2).jpg;123
231;190;306;MANDRILLS BKB_306_20190818_id4076_feminf_(4).jpg;41
336;193;306;MANDRILLS BKB_306_20190821_id4076_feminf_(2).jpg;143
341;193;306;MANDRILLS BKB_306_20190821_id4076_feminf_(3).jpg;148
328;193;306;MANDRILLS BKB_306_20190821_id4076_feminf_(4).jpg;135
475;193;306;MANDRILLS BKB_306_20190821_id4076_feminf_(5).jpg;282
221;193;306;MANDRILLS BKB_306_20190821_id4076_feminf_(7).jpg;28
273;207;306;MANDRILLS BKB_306_20190904_id4076_feminf_(1).jpg;66
318;207;306;MANDRILLS BKB_306_20190904_id4076_feminf_(2).jpg;111
312;207;306;MANDRILLS BKB_306_20190904_id4076_feminf_(3).jpg;105
1188;207;306;MANDRILLS BKB_306_20190904_id4076_feminf_(4).jpg;981
265;207;306;MANDRILLS BKB_306_20190904_id4076_feminf_(5).jpg;58
320;209;306;MANDRILLS BKB_306_20190906_id4076_feminf_(1).jpg;111
257;209;306;MANDRILLS BKB_306_20190906_id4076_feminf_(2).jpg;48
289;209;306;MANDRILLS BKB_306_20190906_id4076_feminf_(3).jpg;80
206;212;306;MANDRILLS BKB_306_20190909_id4076_feminf_(1).jpg;6
190;212;306;MANDRILLS BKB_306_20190909_id4076_feminf_(2).jpg;22
302;212;306;MANDRILLS BKB_306_20190909_id4076_feminf_DROITE.jpg;90
369;212;306;MANDRILLS BKB_306_20190909_id4076_feminf_DROITE_(2).jpg;157
320;262;306;MANDRILLS BKB_306_20191029_id4076_feminf.jpg;58
477;325;306;MANDRILLS BKB_306_20191231_id4076_feminf_(1).jpg;152
367;325;306;MANDRILLS BKB_306_20191231_id4076_feminf_(2).jpg;42
386;389;306;MANDRILLS BKB_306_20200304_id4076_femjuv.jpg;3
492;405;306;MANDRILLS BKB_306_20200320_id4076_femjuv_(1).jpg;87
644;405;306;MANDRILLS BKB_306_20200320_id4076_femjuv_(2).jpg;239
500;405;306;MANDRILLS BKB_306_20200320_id4076_femjuv_(3).jpg;95
492;405;306;MANDRILLS BKB_306_20200320_id4076_femjuv_(4).jpg;87
530;452;306;MANDRILLS BKB_306_20200506_id4076_femjuv.jpg;78
738;637;306;MANDRILLS BKB_306_20201107_id4076_femjuv_(1).jpg;101
707;637;306;MANDRILLS BKB_306_20201107_id4076_femjuv_(2).jpg;70
725;651;306;MANDRILLS BKB_306_20201121_id4076_femjuv_(1).jpg;74
809;651;306;MANDRILLS BKB_306_20201121_id4076_femjuv_(2).jpg;158
790;651;306;MANDRILLS BKB_306_20201121_id4076_femjuv_(5).jpg;139
764;676;306;MANDRILLS BKB_306_20201216_id4076_femjuv_(1).jpg;88
702;676;306;MANDRILLS BKB_306_20201216_id4076_femjuv_(2).jpg;26
1012;676;306;MANDRILLS BKB_306_20201216_id4076_femjuv_(3).jpg;336
828;676;306;MANDRILLS BKB_306_20201216_id4076_femjuv_(4).jpg;152
812;676;306;MANDRILLS BKB_306_20201216_id4076_femjuv_(5).jpg;136
778;676;306;MANDRILLS BKB_306_20201216_id4076_femjuv_(6).jpg;102
825;676;306;MANDRILLS BKB_306_20201216_id4076_femjuv_(7).jpg;149
971;676;306;MANDRILLS BKB_306_20201216_id4076_femjuv_(8).jpg;295
756;676;306;MANDRILLS BKB_306_20201216_id4076_femjuv_(9).jpg;80
810;711;306;MANDRILLS BKB_306_20210120_id4076_femjuv.jpg;99
799;716;306;MANDRILLS BKB_306_20210125_id4076_femjuv.jpg;83
750;720;306;MANDRILLS BKB_306_20210129_id4076_femjuv_(1).jpg;30
1099;720;306;MANDRILLS BKB_306_20210129_id4076_femjuv_(2).jpg;379
772;720;306;MANDRILLS BKB_306_20210129_id4076_femjuv_(3).jpg;52
943;726;306;MANDRILLS BKB_306_20210204_id4076_femjuv_(1).jpg;217
907;734;306;MANDRILLS BKB_306_20210212_id4076_femjuv.jpg;173
949;779;306;MANDRILLS BKB_306_20210329_id4076_femjuv_(1).jpg;170
1041;779;306;MANDRILLS BKB_306_20210329_id4076_femjuv_(2).jpg;262
882;779;306;MANDRILLS BKB_306_20210329_id4076_femjuv_(3).jpg;103
136;871;306;MANDRILLS BKB_306_20210629_id4076_femjuv.jpg;735
1228;932;306;MANDRILLS BKB_306_20210829_id4076_femjuv.jpg;296
1158;980;306;MANDRILLS BKB_306_20211016_id4076_femjuv.jpg;178
1334;993;306;MANDRILLS BKB_306_20211029_id4076_femjuv.jpg;341
1326;1017;306;MANDRILLS BKB_306_20211122_id4076_femjuv.jpg;309
1442;1042;306;MANDRILLS BKB_306_20211217_id4076_femjuv_(1).jpg;400
1487;1042;306;MANDRILLS BKB_306_20211217_id4076_femjuv_(2).jpg;445
1384;1044;306;MANDRILLS BKB_306_20211219_id4076_femjuv.jpg;340
1109;1076;306;MANDRILLS BKB_306_20220120_id4076 (5).jpg;33
1200;1076;306;MANDRILLS BKB_306_20220120_id4076 (6).jpg;124
1300;1076;306;MANDRILLS BKB_306_20220120_id4076.jpg;224
1139;1078;306;MANDRILLS BKB_306_20220122_id4076 (2).jpg;61
1339;1078;306;MANDRILLS BKB_306_20220122_id4076 (3).jpg;261
1540;1078;306;MANDRILLS BKB_306_20220122_id4076 (4).jpg;462
1437;1078;306;MANDRILLS BKB_306_20220122_id4076 (5).jpg;359
1143;1078;306;MANDRILLS BKB_306_20220122_id4076 (6).jpg;65
1450;1088;306;MANDRILLS BKB_306_20220201_id4076_femjuv.jpg;362
1451;1108;306;MANDRILLS BKB_306_20220221_id4076_femjuv (1).jpg;343
1292;1108;306;MANDRILLS BKB_306_20220221_id4076_femjuv (2).jpg;184
1674;1156;306;MANDRILLS BKB_306_20220410_id4076_femjuv.jpg;518
1404;1180;306;MANDRILLS BKB_306_20220504_id4076_femjuv.jpg;224
1539;1185;306;MANDRILLS BKB_306_20220509_id4076_femjuv.jpg;354
1671;1191;306;MANDRILLS BKB_306_20220515_id4076_femjuv.jpg;480
1386;1192;306;MANDRILLS BKB_306_20220516_id4076_femjuv (2).jpg;194
1757;1192;306;MANDRILLS BKB_306_20220516_id4076_femjuv.jpg;565
1690;1202;306;MANDRILLS BKB_306_20220526_id4076_femjuv.jpg;488
1755;1208;306;MANDRILLS BKB_306_20220601_id4076_femjuv.jpg;547
1820;1214;306;MANDRILLS BKB_306_20220607_id4076_femjuv (1).jpg;606
1584;1214;306;MANDRILLS BKB_306_20220607_id4076_femjuv (3).jpg;370
1480;1228;306;MANDRILLS BKB_306_20220621_id4076_femjuv (1).jpg;252
1540;1228;306;MANDRILLS BKB_306_20220621_id4076_femjuv (2).jpg;312
1525;1230;306;MANDRILLS BKB_306_20220623_id4076_femjuv.jpg;295
1552;1231;306;MANDRILLS BKB_306_20220624_id4076_femjuv.jpg;321
1390;1236;306;MANDRILLS BKB_306_20220629_id4076 (2).jpg;154
1278;1236;306;MANDRILLS BKB_306_20220629_id4076.jpg;42
1731;1240;306;MANDRILLS BKB_306_20220703_id4076.jpg;491
1319;1251;306;MANDRILLS BKB_306_20220714_id4076_femjuv (2).jpg;68
1484;1251;306;MANDRILLS BKB_306_20220714_id4076_femjuv.jpg;233
1562;1253;306;MANDRILLS BKB_306_20220716_id4076 (2).jpg;309
1616;1253;306;MANDRILLS BKB_306_20220716_id4076_femjuv.jpg;363
1659;1266;306;MANDRILLS BKB_306_20220729_id4076.jpg;393
1705;1276;306;MANDRILLS BKB_306_20220808_id4076.jpg;429
1438;1280;306;MANDRILLS BKB_306_20220812_id4076.jpg;158
1323;1291;306;MANDRILLS BKB_306_20220823_id4076 (2).jpg;32
1594;1291;306;MANDRILLS BKB_306_20220823_id4076.jpg;303
1584;1304;306;MANDRILLS BKB_306_20220905_id4076 (1).jpg;280
1551;1304;306;MANDRILLS BKB_306_20220905_id4076 (2).jpg;247
1572;1310;306;MANDRILLS BKB_306_20220911_id4076.jpg;262
1731;1317;306;MANDRILLS BKB_306_20220918_id4076 (1).jpg;414
1479;1317;306;MANDRILLS BKB_306_20220918_id4076 (2).jpg;162
1593;1334;306;MANDRILLS BKB_306_20221005_id4076 (1).jpg;259
1665;1334;306;MANDRILLS BKB_306_20221005_id4076 (2).jpg;331
1643;1351;306;MANDRILLS BKB_306_20221022_id4076.jpg;292
1542;1359;306;MANDRILLS BKB_306_20221030_id4076.jpg;183
1814;1377;306;MANDRILLS BKB_306_20221117_id4076 (2).jpg;437
1821;1377;306;MANDRILLS BKB_306_20221117_id4076.jpg;444
1534;1399;306;MANDRILLS BKB_306_20221209_id306 (1).jpg;135
1569;1404;306;MANDRILLS BKB_306_20221214_id306.jpg;165
325;295;307;MANDRILLS BKB_307_20190718_id4080_feminf.jpg;30
454;392;307;MANDRILLS BKB_307_20191023_id4080_femjuv_(1).jpg;62
475;392;307;MANDRILLS BKB_307_20191023_id4080_femjuv_(2).jpg;83
471;392;307;MANDRILLS BKB_307_20191023_id4080_femjuv_(3).jpg;79
531;408;307;MANDRILLS BKB_307_20191108_id4080_femjuv_(1).jpg;123
398;408;307;MANDRILLS BKB_307_20191108_id4080_femjuv_(2).jpg;10
455;413;307;MANDRILLS BKB_307_20191113_id4080_femjuv_(1).jpg;42
525;413;307;MANDRILLS BKB_307_20191113_id4080_femjuv_(2).jpg;112
450;413;307;MANDRILLS BKB_307_20191113_id4080_femjuv_(3).jpg;37
404;420;307;MANDRILLS BKB_307_20191120_id4080_femjuv.jpg;16
570;478;307;MANDRILLS BKB_307_20200117_id4080_femjuv_(1).jpg;92
531;478;307;MANDRILLS BKB_307_20200117_id4080_femjuv_(2).jpg;53
512;478;307;MANDRILLS BKB_307_20200117_id4080_femjuv_(3).jpg;34
453;478;307;MANDRILLS BKB_307_20200117_id4080_femjuv_(4).jpg;25
575;478;307;MANDRILLS BKB_307_20200117_id4080_femjuv_(5).jpg;97
428;516;307;MANDRILLS BKB_307_20200224_id4080_femjuv.jpg;88
527;588;307;MANDRILLS BKB_307_20200506_id4080_femjuv_(1)-2.jpg;61
574;588;307;MANDRILLS BKB_307_20200506_id4080_femjuv_(1).jpg;14
552;588;307;MANDRILLS BKB_307_20200506_id4080_femjuv_(2)-2.jpg;36
623;588;307;MANDRILLS BKB_307_20200506_id4080_femjuv_(2).jpg;35
567;588;307;MANDRILLS BKB_307_20200506_id4080_femjuv_(3).jpg;21
701;753;307;MANDRILLS BKB_307_20201018_id4080_femjuv_(1).jpg;52
894;753;307;MANDRILLS BKB_307_20201018_id4080_femjuv_(10).jpg;141
825;753;307;MANDRILLS BKB_307_20201018_id4080_femjuv_(2).jpg;72
622;753;307;MANDRILLS BKB_307_20201018_id4080_femjuv_(3).jpg;131
663;753;307;MANDRILLS BKB_307_20201018_id4080_femjuv_(4).jpg;90
1100;753;307;MANDRILLS BKB_307_20201018_id4080_femjuv_(5).jpg;347
648;753;307;MANDRILLS BKB_307_20201018_id4080_femjuv_(6).jpg;105
698;753;307;MANDRILLS BKB_307_20201018_id4080_femjuv_(7).jpg;55
680;753;307;MANDRILLS BKB_307_20201018_id4080_femjuv_(8).jpg;73
783;753;307;MANDRILLS BKB_307_20201018_id4080_femjuv_(9).jpg;30
834;757;307;MANDRILLS BKB_307_20201022_id4080_femjuv_(1).jpg;77
629;757;307;MANDRILLS BKB_307_20201022_id4080_femjuv_(2).jpg;128
710;757;307;MANDRILLS BKB_307_20201022_id4080_femjuv_(3).jpg;47
1092;783;307;MANDRILLS BKB_307_20201117_id4080_femjuv_(1).jpg;309
805;783;307;MANDRILLS BKB_307_20201117_id4080_femjuv_(2).jpg;22
1007;783;307;MANDRILLS BKB_307_20201117_id4080_femjuv_(3).jpg;224
917;783;307;MANDRILLS BKB_307_20201117_id4080_femjuv_(4).jpg;134
923;783;307;MANDRILLS BKB_307_20201117_id4080_femjuv_(5).jpg;140
893;783;307;MANDRILLS BKB_307_20201117_id4080_femjuv_(6).jpg;110
726;790;307;MANDRILLS BKB_307_20201124_id4080_femjuv_(1).jpg;64
853;790;307;MANDRILLS BKB_307_20201124_id4080_femjuv_(2).jpg;63
848;809;307;MANDRILLS BKB_307_20201213_id4080_femjuv.jpg;39
765;809;307;MANDRILLS BKB_307_20201213_id4080_femjuv_(1).jpg;44
955;809;307;MANDRILLS BKB_307_20201213_id4080_femjuv_(2).jpg;146
903;817;307;MANDRILLS BKB_307_20201221_id4080_femjuv.jpg;86
961;824;307;MANDRILLS BKB_307_20201228_id4080_femjuv_(1).jpg;137
812;824;307;MANDRILLS BKB_307_20201228_id4080_femjuv_(2).jpg;12
878;834;307;MANDRILLS BKB_307_20210107_id4080_femjuv_(1).jpg;44
762;834;307;MANDRILLS BKB_307_20210107_id4080_femjuv_(2).jpg;72
929;840;307;MANDRILLS BKB_307_20210113_id4080_femjuv_(1).jpg;89
959;840;307;MANDRILLS BKB_307_20210113_id4080_femjuv_(2).jpg;119
947;876;307;MANDRILLS BKB_307_20210218_id4080_femjuv.jpg;71
1078;894;307;MANDRILLS BKB_307_20210308_id4080_femjuv.jpg;184
961;939;307;MANDRILLS BKB_307_20210422_id4080_femjuv.jpg;22
1179;974;307;MANDRILLS BKB_307_20210527_id4080_femjuv.jpg;205
1174;1033;307;MANDRILLS BKB_307_20210725_id4080_femjuv_(1).jpg;141
1099;1077;307;MANDRILLS BKB_307_20210907_id4080_femjuv.jpg;22
1149;1139;307;MANDRILLS BKB_307_20211108_id4080_femjuv_(1).jpg;10
1301;1139;307;MANDRILLS BKB_307_20211108_id4080_femjuv_(2).jpg;162
1145;1150;307;MANDRILLS BKB_307_20211119_id4080_femjuv.jpg;5
1170;1153;307;MANDRILLS BKB_307_20211122_id4080_femjuv.jpg;17
1236;1174;307;MANDRILLS BKB_307_20211213_id4080_femjuv_(1).jpg;62
1076;1174;307;MANDRILLS BKB_307_20211213_id4080_femjuv_(2).jpg;98
1188;1221;307;MANDRILLS BKB_307_20220129_id4080 (1).jpg;33
1186;1221;307;MANDRILLS BKB_307_20220129_id4080.jpg;35
1096;1224;307;MANDRILLS BKB_307_20220201_id4080_femjuv (1).jpg;128
1239;1224;307;MANDRILLS BKB_307_20220201_id4080_femjuv (2).jpg;15
1167;1224;307;MANDRILLS BKB_307_20220201_id4080_femjuv (3).jpg;57
1330;1224;307;MANDRILLS BKB_307_20220201_id4080_femjuv (4).jpg;106
1271;1224;307;MANDRILLS BKB_307_20220201_id4080_femjuv (5).jpg;47
1185;1224;307;MANDRILLS BKB_307_20220201_id4080_femjuv (6).jpg;39
1320;1258;307;MANDRILLS BKB_307_20220307_id4080 (1).jpg;62
1253;1258;307;MANDRILLS BKB_307_20220307_id4080 (2).jpg;5
1271;1278;307;MANDRILLS BKB_307_20220327_id4080_femjuv (1).jpg;7
1349;1278;307;MANDRILLS BKB_307_20220327_id4080_femjuv (2).jpg;71
1300;1278;307;MANDRILLS BKB_307_20220327_id4080_femjuv (3).jpg;22
1375;1302;307;MANDRILLS BKB_307_20220420_id4080_fem_juv (1).jpg;73
1264;1302;307;MANDRILLS BKB_307_20220420_id4080_fem_juv (2).jpg;38
1539;1302;307;MANDRILLS BKB_307_20220420_id4080_fem_juv (3).jpg;237
1525;1308;307;MANDRILLS BKB_307_20220426_id4080_femjuv (1).jpg;217
1459;1308;307;MANDRILLS BKB_307_20220426_id4080_femjuv (2).jpg;151
1239;1341;307;MANDRILLS BKB_307_20220529_id4080_femjuv.jpg;102
1462;1358;307;MANDRILLS BKB_307_20220615_id4080_femjuv (1).jpg;104
1451;1358;307;MANDRILLS BKB_307_20220615_id4080_femjuv (2).jpg;93
1558;1374;307;MANDRILLS BKB_307_20220701_id4080 (2).jpg;184
1568;1374;307;MANDRILLS BKB_307_20220701_id4080.jpg;194
1470;1384;307;MANDRILLS BKB_307_20220711_id4080 (2).jpg;86
1266;1384;307;MANDRILLS BKB_307_20220711_id4080 (3).jpg;118
1426;1384;307;MANDRILLS BKB_307_20220711_id4080.jpg;42
1473;1416;307;MANDRILLS BKB_307_20220812_id4080 (1).jpg;57
1647;1416;307;MANDRILLS BKB_307_20220812_id4080 (2).jpg;231
1374;1416;307;MANDRILLS BKB_307_20220812_id4080 (3).jpg;42
1372;1422;307;MANDRILLS BKB_307_20220818_id4080.jpg;50
1481;1430;307;MANDRILLS BKB_307_20220826_id4080 (2).jpg;51
1509;1453;307;MANDRILLS BKB_307_20220918_id4080.jpg;56
1545;1486;307;MANDRILLS BKB_307_20221021_id4080.jpg;59
1390;1487;307;MANDRILLS BKB_307_20221022_id4080 (1).jpg;97
1778;1487;307;MANDRILLS BKB_307_20221022_id4080 (2).jpg;291
1438;1487;307;MANDRILLS BKB_307_20221022_id4080.jpg;49
1495;1492;307;MANDRILLS BKB_307_20221027_id4080 (1).jpg;3
1496;1492;307;MANDRILLS BKB_307_20221027_id4080 (2).jpg;4
1425;1492;307;MANDRILLS BKB_307_20221027_id4080 (3).jpg;67
1483;1495;307;MANDRILLS BKB_307_20221030_id4080 (1).jpg;12
1506;1495;307;MANDRILLS BKB_307_20221030_id4080 (2).jpg;11
1397;1521;307;MANDRILLS BKB_307_20221125_id4080.jpg;124
1533;1526;307;MANDRILLS BKB_307_20221130_id4080.jpg;7
1458;1528;307;MANDRILLS BKB_307_20221202_id307 (2).jpg;70
1563;1528;307;MANDRILLS BKB_307_20221202_id307 (3).jpg;35
1533;1536;307;MANDRILLS BKB_307_20221210_id307.jpg;3
148;109;4029;MANDRILLS BKB_4029_20190313_id4029_feminf_GAUCHE.jpg;39
200;232;4029;MANDRILLS BKB_4029_20190714_id4029_feminf_(1).jpg;32
313;232;4029;MANDRILLS BKB_4029_20190714_id4029_feminf_(3).jpg;81
296;232;4029;MANDRILLS BKB_4029_20190714_id4029_feminf_(4).jpg;64
231;232;4029;MANDRILLS BKB_4029_20190714_id4029_feminf_(5).jpg;1
235;232;4029;MANDRILLS BKB_4029_20190714_id4029_feminf_(6).jpg;3
265;232;4029;MANDRILLS BKB_4029_20190714_id4029_feminf_(7).jpg;33
264;232;4029;MANDRILLS BKB_4029_20190714_id4029_feminf_(8).jpg;32
203;236;4029;MANDRILLS BKB_4029_20190718_id4029_feminf_(1).jpg;33
242;236;4029;MANDRILLS BKB_4029_20190718_id4029_feminf_(2).jpg;6
279;354;4029;MANDRILLS BKB_4029_20191113_id4029_feminf_(1).jpg;75
395;354;4029;MANDRILLS BKB_4029_20191113_id4029_feminf_(2).jpg;41
351;354;4029;MANDRILLS BKB_4029_20191113_id4029_feminf_(3).jpg;3
324;355;4029;MANDRILLS BKB_4029_20191114_id4029_feminf_(1).jpg;31
288;355;4029;MANDRILLS BKB_4029_20191114_id4029_feminf_(2).jpg;67
337;410;4029;MANDRILLS BKB_4029_20200108_id4029_femjuv.jpg;73
137;88;4039;MANDRILLS BKB_4039_20190309_id4039_feminf_(1).jpg;49
179;88;4039;MANDRILLS BKB_4039_20190309_id4039_feminf_(2).jpg;91
217;88;4039;MANDRILLS BKB_4039_20190309_id4039_feminf_(3).jpg;129
135;88;4039;MANDRILLS BKB_4039_20190309_id4039_feminf_(4).jpg;47
92;88;4039;MANDRILLS BKB_4039_20190309_id4039_feminf_(8).jpg;4
5280;6939;44;MANDRILLS BKB_44_20120301_id44_femadu_(1)_ORIGINAL.jpg;1659
5617;6939;44;MANDRILLS BKB_44_20120301_id44_femadu_(4)_ORIGINAL.jpg;1322
6302;7006;44;MANDRILLS BKB_44_20120507_id44_femadu_(1)_ORIGINAL.jpg;704
6652;7006;44;MANDRILLS BKB_44_20120507_id44_femadu_(2)_ORIGINAL.jpg;354
6880;7006;44;MANDRILLS BKB_44_20120507_id44_femadu_(3)_ORIGINAL.jpg;126
6568;7011;44;MANDRILLS BKB_44_20120512_id44_femaduCENTRE_(10)_ORIGINAL.jpg;443
5758;7011;44;MANDRILLS BKB_44_20120512_id44_femaduCENTRE_(11)_ORIGINAL.jpg;1253
5838;7011;44;MANDRILLS BKB_44_20120512_id44_femaduCENTRE_(12)_ORIGINAL.jpg;1173
5598;7011;44;MANDRILLS BKB_44_20120512_id44_femaduCENTRE_(13)_ORIGINAL.jpg;1413
5923;7011;44;MANDRILLS BKB_44_20120512_id44_femaduCENTRE_(14)_ORIGINAL.jpg;1088
7064;7011;44;MANDRILLS BKB_44_20120512_id44_femaduCENTRE_(15)_ORIGINAL.jpg;53
7012;7011;44;MANDRILLS BKB_44_20120512_id44_femaduCENTRE_(16)_ORIGINAL.jpg;1
6091;7011;44;MANDRILLS BKB_44_20120512_id44_femaduCENTRE_(17)_ORIGINAL.jpg;920
6623;7011;44;MANDRILLS BKB_44_20120512_id44_femaduCENTRE_(9)_ORIGINAL.jpg;388
6424;7011;44;MANDRILLS BKB_44_20120512_id44_femaduGAUCHE_(5)_ORIGINAL.jpg;587
6595;7011;44;MANDRILLS BKB_44_20120512_id44_femaduGAUCHE_(6)_ORIGINAL.jpg;416
6259;7011;44;MANDRILLS BKB_44_20120512_id44_femaduGAUCHE_(7)_ORIGINAL.jpg;752
6008;7011;44;MANDRILLS BKB_44_20120512_id44_femaduGAUCHE_(8)_ORIGINAL.jpg;1003
6058;7011;44;MANDRILLS BKB_44_20120512_id44_femaduGAUCHE_(9)_ORIGINAL.jpg;953
5760;7011;44;MANDRILLS BKB_44_20120512_id44_femadu_(10)_ORIGINAL.jpg;1251
5068;7011;44;MANDRILLS BKB_44_20120512_id44_femadu_(11)_ORIGINAL.jpg;1943
7022;7011;44;MANDRILLS BKB_44_20120512_id44_femadu_(12)_ORIGINAL.jpg;11
6425;7011;44;MANDRILLS BKB_44_20120512_id44_femadu_(13)_ORIGINAL.jpg;586
6641;7011;44;MANDRILLS BKB_44_20120512_id44_femadu_(14)_ORIGINAL.jpg;370
6556;7011;44;MANDRILLS BKB_44_20120512_id44_femadu_(15)_ORIGINAL.jpg;455
6212;7011;44;MANDRILLS BKB_44_20120512_id44_femadu_(16)_ORIGINAL.jpg;799
6405;7011;44;MANDRILLS BKB_44_20120512_id44_femadu_(17)_ORIGINAL.jpg;606
6808;7011;44;MANDRILLS BKB_44_20120512_id44_femadu_(9)_ORIGINAL.jpg;203
6000;7013;44;MANDRILLS BKB_44_20120514_id44_femaduCENTRE_ORIGINAL.jpg;1013
4957;7013;44;MANDRILLS BKB_44_20120514_id44_femadu_(2)_ORIGINAL.jpg;2056
5372;7792;44;MANDRILLS BKB_44_20140702_id44_femadu_(1)_ORIGINAL.jpg;2420
5446;7792;44;MANDRILLS BKB_44_20140702_id44_femadu_(3)_ORIGINAL.jpg;2346
4796;7792;44;MANDRILLS BKB_44_20140702_id44_femadu_(4)_ORIGINAL.jpg;2996
8;2;5006;MANDRILLS BKB_5006_20200214_id5006_feminf.jpg;6
0;12;5006;MANDRILLS BKB_5006_20200224_id5006_feminf.jpg;12
9;12;5006;MANDRILLS BKB_5006_20200224_id5006_feminf_(1).jpg;3
29;12;5006;MANDRILLS BKB_5006_20200224_id5006_feminf_(2).jpg;17
43;37;5006;MANDRILLS BKB_5006_20200320_id5006_feminf_(1).jpg;6
44;37;5006;MANDRILLS BKB_5006_20200320_id5006_feminf_(2).jpg;7
64;48;5006;MANDRILLS BKB_5006_20200331_id5006_feminf_(1).jpg;16
40;48;5006;MANDRILLS BKB_5006_20200331_id5006_feminf_(2).jpg;8
36;48;5006;MANDRILLS BKB_5006_20200331_id5006_feminf_(3).jpg;12
49;48;5006;MANDRILLS BKB_5006_20200331_id5006_feminf_(4).jpg;1
243;253;5006;MANDRILLS BKB_5006_20201022_id5006_feminf_(1).jpg;10
303;253;5006;MANDRILLS BKB_5006_20201022_id5006_feminf_(2).jpg;50
525;259;5006;MANDRILLS BKB_5006_20201028_id5006_feminf.jpg;266
246;262;5006;MANDRILLS BKB_5006_20201031_id5006_feminf_(1).jpg;16
430;262;5006;MANDRILLS BKB_5006_20201031_id5006_feminf_(2).jpg;168
301;262;5006;MANDRILLS BKB_5006_20201031_id5006_feminf_(3).jpg;39
274;268;5006;MANDRILLS BKB_5006_20201106_id5006_feminf_(1).jpg;6
252;268;5006;MANDRILLS BKB_5006_20201106_id5006_feminf_(2).jpg;16
318;268;5006;MANDRILLS BKB_5006_20201106_id5006_feminf_(3).jpg;50
372;283;5006;MANDRILLS BKB_5006_20201121_id5006_feminf_(1).jpg;89
275;283;5006;MANDRILLS BKB_5006_20201121_id5006_feminf_(1b).jpg;8
236;283;5006;MANDRILLS BKB_5006_20201121_id5006_feminf_(2).jpg;47
292;283;5006;MANDRILLS BKB_5006_20201121_id5006_feminf_(2b).jpg;9
343;283;5006;MANDRILLS BKB_5006_20201121_id5006_feminf_(3).jpg;60
254;283;5006;MANDRILLS BKB_5006_20201121_id5006_feminf_(3b).jpg;29
300;286;5006;MANDRILLS BKB_5006_20201124_id5006_feminf.jpg;14
339;319;5006;MANDRILLS BKB_5006_20201227_id5006_feminf_(1).jpg;20
349;319;5006;MANDRILLS BKB_5006_20201227_id5006_feminf_(2).jpg;30
404;329;5006;MANDRILLS BKB_5006_20210106_id5006_feminf_(1).jpg;75
405;329;5006;MANDRILLS BKB_5006_20210106_id5006_feminf_(2).jpg;76
441;329;5006;MANDRILLS BKB_5006_20210106_id5006_feminf_(3).jpg;112
409;329;5006;MANDRILLS BKB_5006_20210106_id5006_feminf_(4).jpg;80
568;329;5006;MANDRILLS BKB_5006_20210106_id5006_feminf_(5).jpg;239
555;339;5006;MANDRILLS BKB_5006_20210116_id5006_femjuv.jpg;216
524;340;5006;MANDRILLS BKB_5006_20210117_id5006_femjuv.jpg;184
466;366;5006;MANDRILLS BKB_5006_20210212_id5006_femjuv_(1).jpg;100
399;366;5006;MANDRILLS BKB_5006_20210212_id5006_femjuv_(2).jpg;33
395;366;5006;MANDRILLS BKB_5006_20210212_id5006_femjuv_(3).jpg;29
389;370;5006;MANDRILLS BKB_5006_20210216_id5006_femjuv_(1).jpg;19
441;370;5006;MANDRILLS BKB_5006_20210216_id5006_femjuv_(2).jpg;71
416;370;5006;MANDRILLS BKB_5006_20210216_id5006_femjuv_(3).jpg;46
502;415;5006;MANDRILLS BKB_5006_20210402_id5006_femjuv_(1).jpg;87
533;415;5006;MANDRILLS BKB_5006_20210402_id5006_femjuv_(2).jpg;118
584;415;5006;MANDRILLS BKB_5006_20210402_id5006_femjuv_(3).jpg;169
548;415;5006;MANDRILLS BKB_5006_20210402_id5006_femjuv_(4).jpg;133
754;590;5006;MANDRILLS BKB_5006_20210924_id5006_femjuv (2).jpg;164
645;635;5006;MANDRILLS BKB_5006_20211108_id5006_maljuv_(1).jpg;10
627;635;5006;MANDRILLS BKB_5006_20211108_id5006_maljuv_(2).jpg;8
667;635;5006;MANDRILLS BKB_5006_20211108_id5006_maljuv_(4).jpg;32
986;717;5006;MANDRILLS BKB_5006_20220129_id5006_1.jpg;269
1038;717;5006;MANDRILLS BKB_5006_20220129_id5006_2.jpg;321
727;761;5006;MANDRILLS BKB_5006_20220314_id5006_femjuv (2).jpg;34
862;766;5006;MANDRILLS BKB_5006_20220319_id5006_femjuv (1).jpg;96
908;766;5006;MANDRILLS BKB_5006_20220319_id5006_femjuv (2).jpg;142
898;766;5006;MANDRILLS BKB_5006_20220319_id5006_femjuv (3).jpg;132
1097;860;5006;MANDRILLS BKB_5006_20220621_id5006_femjuv (1).jpg;237
940;860;5006;MANDRILLS BKB_5006_20220621_id5006_femjuv (2).jpg;80
903;870;5006;MANDRILLS BKB_5006_20220701_id5006.jpg;33
979;885;5006;MANDRILLS BKB_5006_20220716_id5006_femjuv.jpg;94
1105;894;5006;MANDRILLS BKB_5006_20220725_id5006 (2).jpg;211
1000;894;5006;MANDRILLS BKB_5006_20220725_id5006.jpg;106
842;912;5006;MANDRILLS BKB_5006_20220812_id5006 (1).jpg;70
819;912;5006;MANDRILLS BKB_5006_20220812_id5006 (2).jpg;93
990;912;5006;MANDRILLS BKB_5006_20220812_id5006 (3).jpg;78
745;912;5006;MANDRILLS BKB_5006_20220812_id5006 (4).jpg;167
800;912;5006;MANDRILLS BKB_5006_20220812_id5006 (5).jpg;112
1258;926;5006;MANDRILLS BKB_5006_20220826_id5006.jpg;332
844;927;5006;MANDRILLS BKB_5006_20220827_id5006 (2).jpg;83
913;927;5006;MANDRILLS BKB_5006_20220827_id5006.jpg;14
978;928;5006;MANDRILLS BKB_5006_20220828_id5006.jpg;50
908;935;5006;MANDRILLS BKB_5006_20220904_id5006.jpg;27
892;943;5006;MANDRILLS BKB_5006_20220912_id5006 (1).jpg;51
987;943;5006;MANDRILLS BKB_5006_20220912_id5006 (2).jpg;44
1111;949;5006;MANDRILLS BKB_5006_20220918_id5006 (1).jpg;162
762;949;5006;MANDRILLS BKB_5006_20220918_id5006 (2).jpg;187
1009;951;5006;MANDRILLS BKB_5006_20220920_id5006.jpg;58
998;966;5006;MANDRILLS BKB_5006_20221005_id5006.jpg;32
1148;972;5006;MANDRILLS BKB_5006_20221011_id5006 (1).jpg;176
1023;972;5006;MANDRILLS BKB_5006_20221011_id5006 (2).jpg;51
1046;982;5006;MANDRILLS BKB_5006_20221021_id5006.jpg;64
1101;988;5006;MANDRILLS BKB_5006_20221027_id5006 (1).jpg;113
1117;988;5006;MANDRILLS BKB_5006_20221027_id5006 (2).jpg;129
1061;1031;5006;MANDRILLS BKB_5006_20221209_id5006 (1).jpg;30
1097;1031;5006;MANDRILLS BKB_5006_20221209_id5006 (2).jpg;66
1177;1031;5006;MANDRILLS BKB_5006_20221209_id5006 (3).jpg;146
1216;1032;5006;MANDRILLS BKB_5006_20221210_id5006 (1).jpg;184
1074;1032;5006;MANDRILLS BKB_5006_20221210_id5006 (2).jpg;42
1034;1032;5006;MANDRILLS BKB_5006_20221210_id5006 (3).jpg;2
961;1034;5006;MANDRILLS BKB_5006_20221212_id5006.jpg;73
1170;1043;5006;MANDRILLS BKB_5006_20221221_id5006 (3).jpg;127
1203;1043;5006;MANDRILLS BKB_5006_20221221_id5006.jpg;160
1323;1046;5006;MANDRILLS BKB_5006_20221224_id5006.jpg;277
17;4;5029;MANDRILLS BKB_5029_20200107_id5029_malinf.jpg;13
99;67;5029;MANDRILLS BKB_5029_20200310_id5029_malinf.jpg;32
91;77;5029;MANDRILLS BKB_5029_20200320_id5029_malinf.jpg;14
261;119;5029;MANDRILLS BKB_5029_20200501_id5029_malinf.jpg;142
193;123;5029;MANDRILLS BKB_5029_20200505_id5029_malinf.jpg;70
169;123;5029;MANDRILLS BKB_5029_20200505_id5029_malinf_(1).jpg;46
221;123;5029;MANDRILLS BKB_5029_20200505_id5029_malinf_(2).jpg;98
238;123;5029;MANDRILLS BKB_5029_20200505_id5029_malinf_(3).jpg;115
179;123;5029;MANDRILLS BKB_5029_20200505_id5029_malinf_(4).jpg;56
177;123;5029;MANDRILLS BKB_5029_20200505_id5029_malinf_(5).jpg;54
202;123;5029;MANDRILLS BKB_5029_20200505_id5029_malinf_(6).jpg;79
214;123;5029;MANDRILLS BKB_5029_20200505_id5029_malinf_(7).jpg;91
191;123;5029;MANDRILLS BKB_5029_20200505_id5029_malinf_(8).jpg;68
341;289;5029;MANDRILLS BKB_5029_20201018_id5029_malinf_(1).jpg;52
338;289;5029;MANDRILLS BKB_5029_20201018_id5029_malinf_(10).jpg;49
312;289;5029;MANDRILLS BKB_5029_20201018_id5029_malinf_(11).jpg;23
336;289;5029;MANDRILLS BKB_5029_20201018_id5029_malinf_(12).jpg;47
330;289;5029;MANDRILLS BKB_5029_20201018_id5029_malinf_(13).jpg;41
355;289;5029;MANDRILLS BKB_5029_20201018_id5029_malinf_(14).jpg;66
371;289;5029;MANDRILLS BKB_5029_20201018_id5029_malinf_(15).jpg;82
357;289;5029;MANDRILLS BKB_5029_20201018_id5029_malinf_(16).jpg;68
309;289;5029;MANDRILLS BKB_5029_20201018_id5029_malinf_(2).jpg;20
295;289;5029;MANDRILLS BKB_5029_20201018_id5029_malinf_(3).jpg;6
315;289;5029;MANDRILLS BKB_5029_20201018_id5029_malinf_(4).jpg;26
345;289;5029;MANDRILLS BKB_5029_20201018_id5029_malinf_(5).jpg;56
273;289;5029;MANDRILLS BKB_5029_20201018_id5029_malinf_(6).jpg;16
304;289;5029;MANDRILLS BKB_5029_20201018_id5029_malinf_(7).jpg;15
396;289;5029;MANDRILLS BKB_5029_20201018_id5029_malinf_(8).jpg;107
315;289;5029;MANDRILLS BKB_5029_20201018_id5029_malinf_(9).jpg;26
339;290;5029;MANDRILLS BKB_5029_20201019_id5029_malinf_(1).jpg;49
304;290;5029;MANDRILLS BKB_5029_20201019_id5029_malinf_(4).jpg;14
336;292;5029;MANDRILLS BKB_5029_20201021_id5029_malinf_(1).jpg;44
505;292;5029;MANDRILLS BKB_5029_20201021_id5029_malinf_(2).jpg;213
429;323;5029;MANDRILLS BKB_5029_20201121_id5029_malinf_(1).jpg;106
325;323;5029;MANDRILLS BKB_5029_20201121_id5029_malinf_(2).jpg;2
379;323;5029;MANDRILLS BKB_5029_20201121_id5029_malinf_(3).jpg;56
415;323;5029;MANDRILLS BKB_5029_20201121_id5029_malinf_(4).jpg;92
364;326;5029;MANDRILLS BKB_5029_20201124_id5029_malinf_(1).jpg;38
383;326;5029;MANDRILLS BKB_5029_20201124_id5029_malinf_(2).jpg;57
314;345;5029;MANDRILLS BKB_5029_20201213_id5029_malinf_(1).jpg;31
324;345;5029;MANDRILLS BKB_5029_20201213_id5029_malinf_(2).jpg;21
392;345;5029;MANDRILLS BKB_5029_20201213_id5029_malinf_(3).jpg;47
351;349;5029;MANDRILLS BKB_5029_20201217_id5029_malinf_(1).jpg;2
412;349;5029;MANDRILLS BKB_5029_20201217_id5029_malinf_(2).jpg;63
411;354;5029;MANDRILLS BKB_5029_20201222_id5029_malinf_(1).jpg;57
336;354;5029;MANDRILLS BKB_5029_20201222_id5029_malinf_(2).jpg;18
384;354;5029;MANDRILLS BKB_5029_20201222_id5029_malinf_(3).jpg;30
383;371;5029;MANDRILLS BKB_5029_20210108_id5029_maljuv.jpg;12
500;374;5029;MANDRILLS BKB_5029_20210111_id5029_maljuv.jpg;126
413;376;5029;MANDRILLS BKB_5029_20210113_id5029_maljuv.jpg;37
362;392;5029;MANDRILLS BKB_5029_20210129_id5029_maljuv_(1).jpg;30
325;392;5029;MANDRILLS BKB_5029_20210129_id5029_maljuv_(2).jpg;67
393;392;5029;MANDRILLS BKB_5029_20210129_id5029_maljuv_(3).jpg;1
413;392;5029;MANDRILLS BKB_5029_20210129_id5029_maljuv_(4).jpg;21
357;395;5029;MANDRILLS BKB_5029_20210201_id5029_maljuv_(3).jpg;38
446;406;5029;MANDRILLS BKB_5029_20210212_id5029_maljuv.jpg;40
410;412;5029;MANDRILLS BKB_5029_20210218_id5029_maljuv.jpg;2
477;430;5029;MANDRILLS BKB_5029_20210308_id5029_maljuv_(1).jpg;47
405;430;5029;MANDRILLS BKB_5029_20210308_id5029_maljuv_(2).jpg;25
522;641;5029;MANDRILLS BKB_5029_20211005_id5029_maljuv_(1).jpg;119
492;641;5029;MANDRILLS BKB_5029_20211005_id5029_maljuv_(2).jpg;149
544;641;5029;MANDRILLS BKB_5029_20211005_id5029_maljuv_(3).jpg;97
9;18;5070;MANDRILLS BKB_5070_20200224_id5070_malinf_(1).jpg;9
26;18;5070;MANDRILLS BKB_5070_20200224_id5070_malinf_(2).jpg;8
34;18;5070;MANDRILLS BKB_5070_20200224_id5070_malinf_(3).jpg;16
8;18;5070;MANDRILLS BKB_5070_20200224_id5070_malinf_(4).jpg;10
17;18;5070;MANDRILLS BKB_5070_20200224_id5070_malinf_(5).jpg;1
13;27;5070;MANDRILLS BKB_5070_20200304_id5070_malinf_(1).jpg;14
-3;27;5070;MANDRILLS BKB_5070_20200304_id5070_malinf_(2).jpg;30
43;41;5070;MANDRILLS BKB_5070_20200318_id5070_malinf.jpg;2
34;43;5070;MANDRILLS BKB_5070_20200320_id5070_malinf_(1).jpg;9
29;43;5070;MANDRILLS BKB_5070_20200320_id5070_malinf_(2).jpg;14
30;43;5070;MANDRILLS BKB_5070_20200320_id5070_malinf_(3).jpg;13
56;43;5070;MANDRILLS BKB_5070_20200320_id5070_malinf_(4).jpg;13
39;43;5070;MANDRILLS BKB_5070_20200320_id5070_malinf_(5).jpg;4
26;43;5070;MANDRILLS BKB_5070_20200320_id5070_malinf_(6).jpg;17
40;43;5070;MANDRILLS BKB_5070_20200320_id5070_malinf_(7).jpg;3
58;54;5070;MANDRILLS BKB_5070_20200331_id5070_malinf.jpg;4
103;89;5070;MANDRILLS BKB_5070_20200505_id5070_malinf_(1).jpg;14
130;89;5070;MANDRILLS BKB_5070_20200505_id5070_malinf_(2).jpg;41
112;89;5070;MANDRILLS BKB_5070_20200505_id5070_malinf_(3).jpg;23
76;89;5070;MANDRILLS BKB_5070_20200505_id5070_malinf_(4).jpg;13
83;89;5070;MANDRILLS BKB_5070_20200505_id5070_malinf_(5).jpg;6
132;90;5070;MANDRILLS BKB_5070_20200506_id5070_malinf_(2).jpg;42
116;90;5070;MANDRILLS BKB_5070_20200506_id5070_malinf_(3).jpg;26
108;90;5070;MANDRILLS BKB_5070_20200506_id5070_malinf_(4).jpg;18
98;90;5070;MANDRILLS BKB_5070_20200506_id5070_malinf_(6).jpg;8
80;95;5090;MANDRILLS BKB_5090_20200505_id5090_feminf_(1).jpg;15
77;95;5090;MANDRILLS BKB_5090_20200505_id5090_feminf_(2).jpg;18
71;95;5090;MANDRILLS BKB_5090_20200505_id5090_feminf_(3).jpg;24
76;95;5090;MANDRILLS BKB_5090_20200505_id5090_feminf_(4).jpg;19
95;96;5090;MANDRILLS BKB_5090_20200506_id5090_feminf_(1).jpg;1
89;96;5090;MANDRILLS BKB_5090_20200506_id5090_feminf_(2).jpg;7
237;261;5090;MANDRILLS BKB_5090_20201018_id5090_feminf_(1).jpg;24
252;261;5090;MANDRILLS BKB_5090_20201018_id5090_feminf_(2).jpg;9
266;261;5090;MANDRILLS BKB_5090_20201018_id5090_feminf_(3).jpg;5
222;264;5090;MANDRILLS BKB_5090_20201021_id5090_feminf_(1).jpg;42
286;264;5090;MANDRILLS BKB_5090_20201021_id5090_feminf_(2).jpg;22
255;264;5090;MANDRILLS BKB_5090_20201021_id5090_feminf_(3).jpg;9
290;264;5090;MANDRILLS BKB_5090_20201021_id5090_feminf_(4).jpg;26
327;265;5090;MANDRILLS BKB_5090_20201022_id5090_feminf_(1).jpg;62
306;265;5090;MANDRILLS BKB_5090_20201022_id5090_feminf_(10).jpg;41
350;265;5090;MANDRILLS BKB_5090_20201022_id5090_feminf_(11).jpg;85
306;265;5090;MANDRILLS BKB_5090_20201022_id5090_feminf_(12).jpg;41
320;265;5090;MANDRILLS BKB_5090_20201022_id5090_feminf_(2).jpg;55
341;265;5090;MANDRILLS BKB_5090_20201022_id5090_feminf_(3).jpg;76
313;265;5090;MANDRILLS BKB_5090_20201022_id5090_feminf_(4).jpg;48
319;265;5090;MANDRILLS BKB_5090_20201022_id5090_feminf_(5).jpg;54
310;265;5090;MANDRILLS BKB_5090_20201022_id5090_feminf_(6).jpg;45
267;265;5090;MANDRILLS BKB_5090_20201022_id5090_feminf_(7).jpg;2
273;265;5090;MANDRILLS BKB_5090_20201022_id5090_feminf_(8).jpg;8
308;265;5090;MANDRILLS BKB_5090_20201022_id5090_feminf_(9).jpg;43
292;267;5090;MANDRILLS BKB_5090_20201024_id5090_feminf_(1).jpg;25
263;267;5090;MANDRILLS BKB_5090_20201024_id5090_feminf_(2).jpg;4
245;272;5090;MANDRILLS BKB_5090_20201029_id5090_feminf_(1).jpg;27
275;272;5090;MANDRILLS BKB_5090_20201029_id5090_feminf_(2).jpg;3
251;272;5090;MANDRILLS BKB_5090_20201029_id5090_feminf_(3).jpg;21
282;272;5090;MANDRILLS BKB_5090_20201029_id5090_feminf_(4).jpg;10
288;280;5090;MANDRILLS BKB_5090_20201106_id5090_feminf_(1).jpg;8
293;280;5090;MANDRILLS BKB_5090_20201106_id5090_feminf_(2).jpg;13
317;280;5090;MANDRILLS BKB_5090_20201106_id5090_feminf_(3).jpg;37
260;280;5090;MANDRILLS BKB_5090_20201106_id5090_feminf_(4).jpg;20
287;280;5090;MANDRILLS BKB_5090_20201106_id5090_feminf_(5).jpg;7
250;280;5090;MANDRILLS BKB_5090_20201106_id5090_feminf_(6).jpg;30
377;339;5090;MANDRILLS BKB_5090_20210104_id5090_feminf_(1).jpg;38
400;339;5090;MANDRILLS BKB_5090_20210104_id5090_feminf_(2).jpg;61
401;339;5090;MANDRILLS BKB_5090_20210104_id5090_feminf_(3).jpg;62
420;339;5090;MANDRILLS BKB_5090_20210104_id5090_feminf_(4).jpg;81
299;365;5090;MANDRILLS BKB_5090_20210130_id5090_feminf_(1).jpg;66
337;365;5090;MANDRILLS BKB_5090_20210130_id5090_feminf_(2).jpg;28
353;365;5090;MANDRILLS BKB_5090_20210130_id5090_feminf_(3).jpg;12
432;372;5090;MANDRILLS BKB_5090_20210206_id5090_femjuv_(1).jpg;60
488;380;5090;MANDRILLS BKB_5090_20210214_id5090_femjuv.jpg;108
409;392;5090;MANDRILLS BKB_5090_20210226_id5090_femjuv.jpg;17
537;507;5090;MANDRILLS BKB_5090_20210621_id5090_femjuv_(1).jpg;30
644;507;5090;MANDRILLS BKB_5090_20210621_id5090_femjuv_(12).jpg;137
644;507;5090;MANDRILLS BKB_5090_20210621_id5090_femjuv_(2).jpg;137
654;507;5090;MANDRILLS BKB_5090_20210621_id5090_femjuv_(3).jpg;147
608;507;5090;MANDRILLS BKB_5090_20210621_id5090_femjuv_(4).jpg;101
579;507;5090;MANDRILLS BKB_5090_20210621_id5090_femjuv_(6).jpg;72
493;507;5090;MANDRILLS BKB_5090_20210621_id5090_femjuv_(7).jpg;14
686;658;5090;MANDRILLS BKB_5090_20211119_id5090_femjuv_(1).jpg;28
823;770;5090;MANDRILLS BKB_5090_20220311_id5090_femjuv (1).jpg;53
974;770;5090;MANDRILLS BKB_5090_20220311_id5090_femjuv (3).jpg;204
821;788;5090;MANDRILLS BKB_5090_20220329_id5090_femjuv (1).jpg;33
1026;815;5090;MANDRILLS BKB_5090_20220425_id5090_femjuv.jpg;211
961;836;5090;MANDRILLS BKB_5090_20220516_id5090_femjuv.jpg;125
700;845;5090;MANDRILLS BKB_5090_20220525_id5090_femjuv (1).jpg;145
985;845;5090;MANDRILLS BKB_5090_20220525_id5090_femjuv (2).jpg;140
894;846;5090;MANDRILLS BKB_5090_20220526_id5090_femjuv (5).jpg;48
895;846;5090;MANDRILLS BKB_5090_20220526_id5090_femjuv (6).jpg;49
1030;854;5090;MANDRILLS BKB_5090_20220603_id5090_femjuv.jpg;176
831;872;5090;MANDRILLS BKB_5090_20220621_id5090_femjuv.jpg;41
1043;875;5090;MANDRILLS BKB_5090_20220624_id5090_femjuv (1).jpg;168
1188;875;5090;MANDRILLS BKB_5090_20220624_id5090_femjuv (2).jpg;313
1037;880;5090;MANDRILLS BKB_5090_20220629_id5090.jpg;157
1122;887;5090;MANDRILLS BKB_5090_20220706_id5090.jpg;235
962;889;5090;MANDRILLS BKB_5090_20220708_id5090.jpg;73
1177;895;5090;MANDRILLS BKB_5090_20220714_id5090_femjuv (1).jpg;282
1043;895;5090;MANDRILLS BKB_5090_20220714_id5090_femjuv (2).jpg;148
1017;897;5090;MANDRILLS BKB_5090_20220716_id5090_femjuv.jpg;120
1258;900;5090;MANDRILLS BKB_5090_20220719_id5090.jpg;358
1075;909;5090;MANDRILLS BKB_5090_20220728_id5090 (2).jpg;166
1240;909;5090;MANDRILLS BKB_5090_20220728_id5090 (3).jpg;331
870;917;5090;MANDRILLS BKB_5090_20220805_id5090 (1).jpg;47
1047;917;5090;MANDRILLS BKB_5090_20220805_id5090 (2).jpg;130
1187;921;5090;MANDRILLS BKB_5090_20220809_id5090.jpg;266
1091;924;5090;MANDRILLS BKB_5090_20220812_id5090.jpg;167
1006;948;5090;MANDRILLS BKB_5090_20220905_id5090 (1).jpg;58
979;948;5090;MANDRILLS BKB_5090_20220905_id5090 (2).jpg;31
1076;948;5090;MANDRILLS BKB_5090_20220905_id5090 (4).jpg;128
1181;948;5090;MANDRILLS BKB_5090_20220905_id5090 (5).jpg;233
879;954;5090;MANDRILLS BKB_5090_20220911_id5090 (1).jpg;75
933;954;5090;MANDRILLS BKB_5090_20220911_id5090 (2).jpg;21
1127;1003;5090;MANDRILLS BKB_5090_20221030_id5090 (1).jpg;124
1328;1003;5090;MANDRILLS BKB_5090_20221030_id5090 (3).jpg;325
1173;1003;5090;MANDRILLS BKB_5090_20221030_id5090 (4).jpg;170
1200;1044;5090;MANDRILLS BKB_5090_20221210_id5090.jpg;156
6;8;5094;MANDRILLS BKB_5094_20191227_id5094_malinf.jpg;2
0;20;5094;MANDRILLS BKB_5094_20200108_id5094_malinf_(1).jpg;20
57;20;5094;MANDRILLS BKB_5094_20200108_id5094_malinf_(2).jpg;37
19;33;5094;MANDRILLS BKB_5094_20200121_id5094_malinf.jpg;14
67;61;5094;MANDRILLS BKB_5094_20200218_id5094_malinf.jpg;6
57;67;5094;MANDRILLS BKB_5094_20200224_id5094_malinf_(1).jpg;10
57;67;5094;MANDRILLS BKB_5094_20200224_id5094_malinf_(2).jpg;10
71;92;5094;MANDRILLS BKB_5094_20200320_id5094_malinf_(1).jpg;21
72;92;5094;MANDRILLS BKB_5094_20200320_id5094_malinf_(2).jpg;20
91;92;5094;MANDRILLS BKB_5094_20200320_id5094_malinf_(3).jpg;1
83;92;5094;MANDRILLS BKB_5094_20200320_id5094_malinf_(4).jpg;9
97;92;5094;MANDRILLS BKB_5094_20200320_id5094_malinf_(5).jpg;5
84;92;5094;MANDRILLS BKB_5094_20200320_id5094_malinf_(6).jpg;8
240;139;5094;MANDRILLS BKB_5094_20200506_id5094_malinf_(1).jpg;101
291;139;5094;MANDRILLS BKB_5094_20200506_id5094_malinf_(2).jpg;152
276;139;5094;MANDRILLS BKB_5094_20200506_id5094_malinf_(3).jpg;137
170;139;5094;MANDRILLS BKB_5094_20200506_id5094_malinf_(4).jpg;31
3783;3863;53;MANDRILLS BKB_53_20120628_id53_maladu_(1)_ORIGINAL.jpg;80
5435;3863;53;MANDRILLS BKB_53_20120628_id53_maladu_(2)_ORIGINAL.jpg;1572
3524;3882;53;MANDRILLS BKB_53_20120717_id53_maladu_ORIGINAL.jpg;358
3773;3889;53;MANDRILLS BKB_53_20120724_id53_maladuCENTRE_(1)_ORIGINAL.jpg;116
3665;3889;53;MANDRILLS BKB_53_20120724_id53_maladuCENTRE_(2)_ORIGINAL.jpg;224
3983;3889;53;MANDRILLS BKB_53_20120724_id53_maladuCENTRE_(3)_ORIGINAL.jpg;94
3940;3889;53;MANDRILLS BKB_53_20120724_id53_maladuCENTRE_(4)_ORIGINAL.jpg;51
3998;3889;53;MANDRILLS BKB_53_20120724_id53_maladuCENTRE_(5)_ORIGINAL.jpg;109
3933;3889;53;MANDRILLS BKB_53_20120724_id53_maladuCENTRE_(6)_ORIGINAL.jpg;44
3963;3889;53;MANDRILLS BKB_53_20120724_id53_maladuCENTRE_(7)_ORIGINAL.jpg;74
3939;3889;53;MANDRILLS BKB_53_20120724_id53_maladuCENTRE_(8)_ORIGINAL.jpg;50
3734;3889;53;MANDRILLS BKB_53_20120724_id53_maladuDERRIERE_ORIGINAL.jpg;155
3708;3889;53;MANDRILLS BKB_53_20120724_id53_maladu_(2)_ORIGINAL.jpg;181
3654;3889;53;MANDRILLS BKB_53_20120724_id53_maladu_(3)_ORIGINAL.jpg;235
3838;3889;53;MANDRILLS BKB_53_20120724_id53_maladu_(4)_ORIGINAL.jpg;51
4030;3889;53;MANDRILLS BKB_53_20120724_id53_maladu_(6)_ORIGINAL.jpg;141
3686;3889;53;MANDRILLS BKB_53_20120724_id53_maladu_(7)_ORIGINAL.jpg;203
3981;3945;53;MANDRILLS BKB_53_20120918_id53_maladu_(1)_ORIGINAL.jpg;36
3933;3945;53;MANDRILLS BKB_53_20120918_id53_maladu_(3)_ORIGINAL.jpg;12
4178;3953;53;MANDRILLS BKB_53_20120926_id53_maladu_ORIGINAL.jpg;225
3928;3959;53;MANDRILLS BKB_53_20121002_id53_maladu_ORIGINAL.jpg;31
3819;3977;53;MANDRILLS BKB_53_20121020_id53_maladu_(1)_ORIGINAL.jpg;158
3840;3977;53;MANDRILLS BKB_53_20121020_id53_maladu_(2)_ORIGINAL.jpg;137
3716;3977;53;MANDRILLS BKB_53_20121020_id53_maladu_(3)_ORIGINAL.jpg;261
3921;3977;53;MANDRILLS BKB_53_20121020_id53_maladu_(4)_ORIGINAL.jpg;56
3947;3989;53;MANDRILLS BKB_53_20121101_id53_maladu_(2)_ORIGINAL.jpg;42
4159;4595;53;MANDRILLS BKB_53_20140630_id53_maladu_(2)_ORIGINAL.jpg;436
4129;4595;53;MANDRILLS BKB_53_20140630_id53_maladu_(3)_ORIGINAL.jpg;466
3739;4652;53;MANDRILLS BKB_53_20140826_id53_maladu_ORIGINAL.jpg;913
-6;1;6016;MANDRILLS BKB_6016_20201028_id6016_feminf_(1).jpg;7
-13;1;6016;MANDRILLS BKB_6016_20201028_id6016_feminf_(2).jpg;14
15;1;6016;MANDRILLS BKB_6016_20201028_id6016_feminf_(3).jpg;14
31;1;6016;MANDRILLS BKB_6016_20201028_id6016_feminf_(5).jpg;30
1;1;6016;MANDRILLS BKB_6016_20201028_id6016_feminf_(6).jpg;0
90;2;6016;MANDRILLS BKB_6016_20201029_id6016_feminf.jpg;88
-13;5;6016;MANDRILLS BKB_6016_20201101_id6016_feminf_(1).jpg;18
4;5;6016;MANDRILLS BKB_6016_20201101_id6016_feminf_(10).jpg;1
29;5;6016;MANDRILLS BKB_6016_20201101_id6016_feminf_(11).jpg;24
5;5;6016;MANDRILLS BKB_6016_20201101_id6016_feminf_(12).jpg;0
2;5;6016;MANDRILLS BKB_6016_20201101_id6016_feminf_(13).jpg;3
19;5;6016;MANDRILLS BKB_6016_20201101_id6016_feminf_(14).jpg;14
-1;5;6016;MANDRILLS BKB_6016_20201101_id6016_feminf_(15).jpg;6
32;5;6016;MANDRILLS BKB_6016_20201101_id6016_feminf_(16).jpg;27
16;5;6016;MANDRILLS BKB_6016_20201101_id6016_feminf_(17).jpg;11
-9;5;6016;MANDRILLS BKB_6016_20201101_id6016_feminf_(2).jpg;14
26;5;6016;MANDRILLS BKB_6016_20201101_id6016_feminf_(3).jpg;21
11;5;6016;MANDRILLS BKB_6016_20201101_id6016_feminf_(4).jpg;6
3;5;6016;MANDRILLS BKB_6016_20201101_id6016_feminf_(5).jpg;2
16;5;6016;MANDRILLS BKB_6016_20201101_id6016_feminf_(6).jpg;11
4;5;6016;MANDRILLS BKB_6016_20201101_id6016_feminf_(7).jpg;1
23;5;6016;MANDRILLS BKB_6016_20201101_id6016_feminf_(8).jpg;18
-10;5;6016;MANDRILLS BKB_6016_20201101_id6016_feminf_(9).jpg;15
7;7;6016;MANDRILLS BKB_6016_20201103_id6016_feminf_(1).jpg;0
46;7;6016;MANDRILLS BKB_6016_20201103_id6016_feminf_(10).jpg;39
29;7;6016;MANDRILLS BKB_6016_20201103_id6016_feminf_(11).jpg;22
31;7;6016;MANDRILLS BKB_6016_20201103_id6016_feminf_(12).jpg;24
24;7;6016;MANDRILLS BKB_6016_20201103_id6016_feminf_(13).jpg;17
19;7;6016;MANDRILLS BKB_6016_20201103_id6016_feminf_(14).jpg;12
10;7;6016;MANDRILLS BKB_6016_20201103_id6016_feminf_(15).jpg;3
33;7;6016;MANDRILLS BKB_6016_20201103_id6016_feminf_(2).jpg;26
-9;7;6016;MANDRILLS BKB_6016_20201103_id6016_feminf_(3).jpg;16
28;7;6016;MANDRILLS BKB_6016_20201103_id6016_feminf_(4).jpg;21
20;7;6016;MANDRILLS BKB_6016_20201103_id6016_feminf_(5).jpg;13
33;7;6016;MANDRILLS BKB_6016_20201103_id6016_feminf_(6).jpg;26
46;7;6016;MANDRILLS BKB_6016_20201103_id6016_feminf_(7).jpg;39
26;7;6016;MANDRILLS BKB_6016_20201103_id6016_feminf_(8).jpg;19
40;7;6016;MANDRILLS BKB_6016_20201103_id6016_feminf_(9).jpg;33
24;8;6016;MANDRILLS BKB_6016_20201104_id6016_feminf.jpg;16
36;28;6016;MANDRILLS BKB_6016_20201124_id6016_feminf.jpg;8
43;49;6016;MANDRILLS BKB_6016_20201215_id6016_feminf.jpg;6
49;50;6016;MANDRILLS BKB_6016_20201216_id6016_feminf_(1).jpg;1
70;50;6016;MANDRILLS BKB_6016_20201216_id6016_feminf_(10).jpg;20
86;50;6016;MANDRILLS BKB_6016_20201216_id6016_feminf_(11).jpg;36
41;50;6016;MANDRILLS BKB_6016_20201216_id6016_feminf_(12).jpg;9
33;50;6016;MANDRILLS BKB_6016_20201216_id6016_feminf_(13).jpg;17
36;50;6016;MANDRILLS BKB_6016_20201216_id6016_feminf_(14).jpg;14
54;50;6016;MANDRILLS BKB_6016_20201216_id6016_feminf_(15).jpg;4
73;50;6016;MANDRILLS BKB_6016_20201216_id6016_feminf_(16).jpg;23
71;50;6016;MANDRILLS BKB_6016_20201216_id6016_feminf_(17).jpg;21
38;50;6016;MANDRILLS BKB_6016_20201216_id6016_feminf_(18).jpg;12
78;50;6016;MANDRILLS BKB_6016_20201216_id6016_feminf_(19).jpg;28
62;50;6016;MANDRILLS BKB_6016_20201216_id6016_feminf_(2).jpg;12
75;50;6016;MANDRILLS BKB_6016_20201216_id6016_feminf_(20).jpg;25
52;50;6016;MANDRILLS BKB_6016_20201216_id6016_feminf_(21).jpg;2
43;50;6016;MANDRILLS BKB_6016_20201216_id6016_feminf_(22).jpg;7
68;50;6016;MANDRILLS BKB_6016_20201216_id6016_feminf_(23).jpg;18
109;50;6016;MANDRILLS BKB_6016_20201216_id6016_feminf_(24).jpg;59
79;50;6016;MANDRILLS BKB_6016_20201216_id6016_feminf_(25).jpg;29
75;50;6016;MANDRILLS BKB_6016_20201216_id6016_feminf_(3).jpg;25
60;50;6016;MANDRILLS BKB_6016_20201216_id6016_feminf_(4).jpg;10
61;50;6016;MANDRILLS BKB_6016_20201216_id6016_feminf_(5).jpg;11
55;50;6016;MANDRILLS BKB_6016_20201216_id6016_feminf_(6).jpg;5
52;50;6016;MANDRILLS BKB_6016_20201216_id6016_feminf_(7).jpg;2
60;50;6016;MANDRILLS BKB_6016_20201216_id6016_feminf_(8).jpg;10
81;50;6016;MANDRILLS BKB_6016_20201216_id6016_feminf_(9).jpg;31
60;53;6016;MANDRILLS BKB_6016_20201219_id6016_feminf_(1).jpg;7
60;53;6016;MANDRILLS BKB_6016_20201219_id6016_feminf_(2).jpg;7
81;55;6016;MANDRILLS BKB_6016_20201221_id6016_feminf_(1).jpg;26
43;55;6016;MANDRILLS BKB_6016_20201221_id6016_feminf_(2).jpg;12
42;62;6016;MANDRILLS BKB_6016_20201228_id6016_feminf_(1).jpg;20
45;62;6016;MANDRILLS BKB_6016_20201228_id6016_feminf_(2).jpg;17
79;62;6016;MANDRILLS BKB_6016_20201228_id6016_feminf_(3).jpg;17
30;62;6016;MANDRILLS BKB_6016_20201228_id6016_feminf_(4).jpg;32
203;63;6016;MANDRILLS BKB_6016_20201229_id6016_feminf_(1).jpg;140
87;63;6016;MANDRILLS BKB_6016_20201229_id6016_feminf_(2).jpg;24
89;63;6016;MANDRILLS BKB_6016_20201229_id6016_feminf_(3).jpg;26
96;64;6016;MANDRILLS BKB_6016_20201230_id6016_feminf_(1).jpg;32
71;64;6016;MANDRILLS BKB_6016_20201230_id6016_feminf_(2).jpg;7
58;78;6016;MANDRILLS BKB_6016_20210113_id6016_feminf_(1).jpg;20
56;78;6016;MANDRILLS BKB_6016_20210113_id6016_feminf_(2).jpg;22
206;81;6016;MANDRILLS BKB_6016_20210116_id6016_feminf.jpg;125
115;91;6016;MANDRILLS BKB_6016_20210126_id6016_feminf.jpg;24
107;101;6016;MANDRILLS BKB_6016_20210205_id6016_feminf.jpg;6
215;102;6016;MANDRILLS BKB_6016_20210206_id6016_feminf_(1).jpg;113
228;102;6016;MANDRILLS BKB_6016_20210206_id6016_feminf_(2).jpg;126
132;102;6016;MANDRILLS BKB_6016_20210206_id6016_feminf_(3).jpg;30
70;102;6016;MANDRILLS BKB_6016_20210206_id6016_feminf_(4).jpg;32
94;102;6016;MANDRILLS BKB_6016_20210206_id6016_feminf_(5).jpg;8
115;102;6016;MANDRILLS BKB_6016_20210206_id6016_feminf_(6).jpg;13
111;102;6016;MANDRILLS BKB_6016_20210206_id6016_feminf_(7).jpg;9
105;102;6016;MANDRILLS BKB_6016_20210206_id6016_feminf_(8).jpg;3
95;102;6016;MANDRILLS BKB_6016_20210206_id6016_feminf_(9).jpg;7
115;108;6016;MANDRILLS BKB_6016_20210212_id6016_feminf.jpg;7
139;112;6016;MANDRILLS BKB_6016_20210216_id6016_feminf_(1).jpg;27
86;112;6016;MANDRILLS BKB_6016_20210216_id6016_feminf_(2).jpg;26
136;112;6016;MANDRILLS BKB_6016_20210216_id6016_feminf_(3).jpg;24
143;112;6016;MANDRILLS BKB_6016_20210216_id6016_feminf_(4).jpg;31
169;113;6016;MANDRILLS BKB_6016_20210217_id6016_feminf_(1).jpg;56
138;113;6016;MANDRILLS BKB_6016_20210217_id6016_feminf_(2).jpg;25
140;115;6016;MANDRILLS BKB_6016_20210219_id6016_feminf.jpg;25
156;122;6016;MANDRILLS BKB_6016_20210226_id6016_feminf.jpg;34
130;132;6016;MANDRILLS BKB_6016_20210308_id6016_feminf.jpg;2
134;153;6016;MANDRILLS BKB_6016_20210329_id6016_feminf_(1).jpg;19
144;153;6016;MANDRILLS BKB_6016_20210329_id6016_feminf_(2).jpg;9
205;153;6016;MANDRILLS BKB_6016_20210329_id6016_feminf_(3).jpg;52
187;156;6016;MANDRILLS BKB_6016_20210401_id6016_feminf_(1).jpg;31
204;156;6016;MANDRILLS BKB_6016_20210401_id6016_feminf_(10).jpg;48
200;156;6016;MANDRILLS BKB_6016_20210401_id6016_feminf_(11).jpg;44
180;156;6016;MANDRILLS BKB_6016_20210401_id6016_feminf_(2).jpg;24
214;156;6016;MANDRILLS BKB_6016_20210401_id6016_feminf_(3).jpg;58
240;156;6016;MANDRILLS BKB_6016_20210401_id6016_feminf_(4).jpg;84
178;156;6016;MANDRILLS BKB_6016_20210401_id6016_feminf_(5).jpg;22
166;156;6016;MANDRILLS BKB_6016_20210401_id6016_feminf_(6).jpg;10
140;156;6016;MANDRILLS BKB_6016_20210401_id6016_feminf_(8).jpg;16
235;156;6016;MANDRILLS BKB_6016_20210401_id6016_feminf_(9).jpg;79
196;165;6016;MANDRILLS BKB_6016_20210410_id6016_feminf.jpg;31
245;178;6016;MANDRILLS BKB_6016_20210423_id6016_feminf_(2).jpg;67
228;196;6016;MANDRILLS BKB_6016_20210511_id6016_feminf_(2).jpg;32
287;196;6016;MANDRILLS BKB_6016_20210511_id6016_feminf_(3).jpg;91
325;196;6016;MANDRILLS BKB_6016_20210511_id6016_feminf_(4).jpg;129
385;212;6016;MANDRILLS BKB_6016_20210527_id6016_feminf_(3).jpg;173
296;212;6016;MANDRILLS BKB_6016_20210527_id6016_feminf_(4).jpg;84
346;223;6016;MANDRILLS BKB_6016_20210607_id6016_feminf_(1).jpg;123
302;223;6016;MANDRILLS BKB_6016_20210607_id6016_feminf_(2).jpg;79
325;223;6016;MANDRILLS BKB_6016_20210607_id6016_feminf_(3).jpg;102
296;237;6016;MANDRILLS BKB_6016_20210621_id6016_feminf_(1).jpg;59
336;237;6016;MANDRILLS BKB_6016_20210621_id6016_feminf_(2).jpg;99
292;238;6016;MANDRILLS BKB_6016_20210622_id6016_feminf_(1).jpg;54
304;238;6016;MANDRILLS BKB_6016_20210622_id6016_feminf_(2).jpg;66
540;321;6016;MANDRILLS BKB_6016_20210913_id6016_feminf (1).jpg;219
346;321;6016;MANDRILLS BKB_6016_20210913_id6016_feminf (2).jpg;25
347;321;6016;MANDRILLS BKB_6016_20210913_id6016_feminf (3).jpg;26
367;321;6016;MANDRILLS BKB_6016_20210913_id6016_feminf (4).jpg;46
391;327;6016;MANDRILLS BKB_6016_20210919_id6016_feminf.jpg;64
419;332;6016;MANDRILLS BKB_6016_20210924_id6016_feminf (1).jpg;87
402;332;6016;MANDRILLS BKB_6016_20210924_id6016_feminf (2).jpg;70
314;357;6016;MANDRILLS BKB_6016_20211019_id6016_feminf_(3).jpg;43
323;357;6016;MANDRILLS BKB_6016_20211019_id6016_feminf_(4).jpg;34
422;362;6016;MANDRILLS BKB_6016_20211024_id6016_feminf_(1).jpg;60
558;362;6016;MANDRILLS BKB_6016_20211024_id6016_feminf_(2).jpg;196
415;362;6016;MANDRILLS BKB_6016_20211024_id6016_feminf_(4).jpg;53
351;362;6016;MANDRILLS BKB_6016_20211024_id6016_feminf_(5).jpg;11
451;395;6016;MANDRILLS BKB_6016_20211126_id6016_femjuv.jpg;56
454;409;6016;MANDRILLS BKB_6016_20211210_id6016_femjuv.jpg;45
457;416;6016;MANDRILLS BKB_6016_20211217_id6016_femjuv.jpg;41
581;462;6016;MANDRILLS BKB_6016_20220201_id6016_femjuv (2).jpg;119
529;493;6016;MANDRILLS BKB_6016_20220304_id6016_femjuv.jpg;36
536;496;6016;MANDRILLS BKB_6016_20220307_id6016_femjuv.jpg;40
461;500;6016;MANDRILLS BKB_6016_20220311_id6016_femjuv (1).jpg;39
462;500;6016;MANDRILLS BKB_6016_20220311_id6016_femjuv (2).jpg;38
482;500;6016;MANDRILLS BKB_6016_20220311_id6016_femjuv (3).jpg;18
686;518;6016;MANDRILLS BKB_6016_20220329_id6016_femjuv (2).jpg;168
494;518;6016;MANDRILLS BKB_6016_20220329_id6016_femjuv.jpg;24
579;545;6016;MANDRILLS BKB_6016_20220425_id6016_femjuv (1).jpg;34
640;545;6016;MANDRILLS BKB_6016_20220425_id6016_femjuv (2).jpg;95
473;545;6016;MANDRILLS BKB_6016_20220425_id6016_femjuv (3).jpg;72
700;571;6016;MANDRILLS BKB_6016_20220521_id6016_femjuv (1).jpg;129
633;571;6016;MANDRILLS BKB_6016_20220521_id6016_femjuv (2).jpg;62
622;571;6016;MANDRILLS BKB_6016_20220521_id6016_femjuv (3).jpg;51
621;571;6016;MANDRILLS BKB_6016_20220521_id6016_femjuv (4).jpg;50
599;600;6016;MANDRILLS BKB_6016_20220619_id6016_femjuv (1).jpg;1
701;600;6016;MANDRILLS BKB_6016_20220619_id6016_femjuv (2).jpg;101
823;605;6016;MANDRILLS BKB_6016_20220624_id6016_femjuv (1).jpg;218
607;605;6016;MANDRILLS BKB_6016_20220624_id6016_femjuv (2).jpg;2
723;612;6016;MANDRILLS BKB_6016_20220701_id6016 (1).jpg;111
568;612;6016;MANDRILLS BKB_6016_20220701_id6016 (2).jpg;44
580;625;6016;MANDRILLS BKB_6016_20220714_id6016_femjuv (1).jpg;45
472;625;6016;MANDRILLS BKB_6016_20220714_id6016_femjuv (2).jpg;153
899;625;6016;MANDRILLS BKB_6016_20220714_id6016_femjuv (3).jpg;274
603;625;6016;MANDRILLS BKB_6016_20220714_id6016_femjuv (5).jpg;22
666;625;6016;MANDRILLS BKB_6016_20220714_id6016_femjuv.jpg;41
658;643;6016;MANDRILLS BKB_6016_20220801_id6016 (1).jpg;15
666;643;6016;MANDRILLS BKB_6016_20220801_id6016 (2).jpg;23
534;654;6016;MANDRILLS BKB_6016_20220812_id6016 (1).jpg;120
635;654;6016;MANDRILLS BKB_6016_20220812_id6016 (2).jpg;19
736;660;6016;MANDRILLS BKB_6016_20220818_id6016 (1).jpg;76
573;660;6016;MANDRILLS BKB_6016_20220818_id6016 (2).jpg;87
519;677;6016;MANDRILLS BKB_6016_20220904_id6016.jpg;158
570;678;6016;MANDRILLS BKB_6016_20220905_id6016 (1).jpg;108
647;678;6016;MANDRILLS BKB_6016_20220905_id6016 (2).jpg;31
554;678;6016;MANDRILLS BKB_6016_20220905_id6016 (3).jpg;124
721;678;6016;MANDRILLS BKB_6016_20220905_id6016.jpg;43
630;682;6016;MANDRILLS BKB_6016_20220909_id6016.jpg;52
820;722;6016;MANDRILLS BKB_6016_20221019_id6016 (1).jpg;98
669;722;6016;MANDRILLS BKB_6016_20221019_id6016 (2).jpg;53
672;724;6016;MANDRILLS BKB_6016_20221021_id6016 (1).jpg;52
646;724;6016;MANDRILLS BKB_6016_20221021_id6016 (2).jpg;78
627;724;6016;MANDRILLS BKB_6016_20221021_id6016 (3).jpg;97
676;724;6016;MANDRILLS BKB_6016_20221021_id6016 (4).jpg;48
669;751;6016;MANDRILLS BKB_6016_20221117_id6016 (1).jpg;82
734;764;6016;MANDRILLS BKB_6016_20221130_id6016 (1).jpg;30
712;764;6016;MANDRILLS BKB_6016_20221130_id6016 (2).jpg;52
555;764;6016;MANDRILLS BKB_6016_20221130_id6016 (3).jpg;209
715;764;6016;MANDRILLS BKB_6016_20221130_id6016 (4).jpg;49
638;774;6016;MANDRILLS BKB_6016_20221210_id6016 (1).jpg;136
639;774;6016;MANDRILLS BKB_6016_20221210_id6016 (2).jpg;135
798;774;6016;MANDRILLS BKB_6016_20221210_id6016 (3).jpg;24
816;778;6016;MANDRILLS BKB_6016_20221214_id6016.jpg;38
18;0;6071;MANDRILLS BKB_6071_20201028_id6071_feminf_(1).jpg;18
39;0;6071;MANDRILLS BKB_6071_20201028_id6071_feminf_(2).jpg;39
-8;1;6071;MANDRILLS BKB_6071_20201029_id6071_feminf_(1).jpg;9
-1;1;6071;MANDRILLS BKB_6071_20201029_id6071_feminf_(2).jpg;2
6;1;6071;MANDRILLS BKB_6071_20201029_id6071_feminf_(3).jpg;5
-3;1;6071;MANDRILLS BKB_6071_20201029_id6071_feminf_(4).jpg;4
50;27;6071;MANDRILLS BKB_6071_20201124_id6071_feminf_(1).jpg;23
35;27;6071;MANDRILLS BKB_6071_20201124_id6071_feminf_(2).jpg;8
96;27;6071;MANDRILLS BKB_6071_20201124_id6071_feminf_(3).jpg;69
46;27;6071;MANDRILLS BKB_6071_20201124_id6071_feminf_(4).jpg;19
66;46;6071;MANDRILLS BKB_6071_20201213_id6071_feminf_(1).jpg;20
48;46;6071;MANDRILLS BKB_6071_20201213_id6071_feminf_(10).jpg;2
76;46;6071;MANDRILLS BKB_6071_20201213_id6071_feminf_(11).jpg;30
72;46;6071;MANDRILLS BKB_6071_20201213_id6071_feminf_(12).jpg;26
89;46;6071;MANDRILLS BKB_6071_20201213_id6071_feminf_(13).jpg;43
58;46;6071;MANDRILLS BKB_6071_20201213_id6071_feminf_(14).jpg;12
79;46;6071;MANDRILLS BKB_6071_20201213_id6071_feminf_(15).jpg;33
76;46;6071;MANDRILLS BKB_6071_20201213_id6071_feminf_(16).jpg;30
40;46;6071;MANDRILLS BKB_6071_20201213_id6071_feminf_(17).jpg;6
49;46;6071;MANDRILLS BKB_6071_20201213_id6071_feminf_(18).jpg;3
56;46;6071;MANDRILLS BKB_6071_20201213_id6071_feminf_(19).jpg;10
80;46;6071;MANDRILLS BKB_6071_20201213_id6071_feminf_(2).jpg;34
63;46;6071;MANDRILLS BKB_6071_20201213_id6071_feminf_(20).jpg;17
41;46;6071;MANDRILLS BKB_6071_20201213_id6071_feminf_(21).jpg;5
55;46;6071;MANDRILLS BKB_6071_20201213_id6071_feminf_(22).jpg;9
48;46;6071;MANDRILLS BKB_6071_20201213_id6071_feminf_(23).jpg;2
57;46;6071;MANDRILLS BKB_6071_20201213_id6071_feminf_(24).jpg;11
50;46;6071;MANDRILLS BKB_6071_20201213_id6071_feminf_(25).jpg;4
56;46;6071;MANDRILLS BKB_6071_20201213_id6071_feminf_(26).jpg;10
20;46;6071;MANDRILLS BKB_6071_20201213_id6071_feminf_(27).jpg;26
65;46;6071;MANDRILLS BKB_6071_20201213_id6071_feminf_(28).jpg;19
58;46;6071;MANDRILLS BKB_6071_20201213_id6071_feminf_(29).jpg;12
67;46;6071;MANDRILLS BKB_6071_20201213_id6071_feminf_(3).jpg;21
41;46;6071;MANDRILLS BKB_6071_20201213_id6071_feminf_(30).jpg;5
56;46;6071;MANDRILLS BKB_6071_20201213_id6071_feminf_(31).jpg;10
58;46;6071;MANDRILLS BKB_6071_20201213_id6071_feminf_(32).jpg;12
42;46;6071;MANDRILLS BKB_6071_20201213_id6071_feminf_(33).jpg;4
130;46;6071;MANDRILLS BKB_6071_20201213_id6071_feminf_(35).jpg;84
105;46;6071;MANDRILLS BKB_6071_20201213_id6071_feminf_(36).jpg;59
117;46;6071;MANDRILLS BKB_6071_20201213_id6071_feminf_(37).jpg;71
116;46;6071;MANDRILLS BKB_6071_20201213_id6071_feminf_(38).jpg;70
75;46;6071;MANDRILLS BKB_6071_20201213_id6071_feminf_(39).jpg;29
91;46;6071;MANDRILLS BKB_6071_20201213_id6071_feminf_(4).jpg;45
128;46;6071;MANDRILLS BKB_6071_20201213_id6071_feminf_(5).jpg;82
125;46;6071;MANDRILLS BKB_6071_20201213_id6071_feminf_(6).jpg;79
61;46;6071;MANDRILLS BKB_6071_20201213_id6071_feminf_(7).jpg;15
67;46;6071;MANDRILLS BKB_6071_20201213_id6071_feminf_(8).jpg;21
67;46;6071;MANDRILLS BKB_6071_20201213_id6071_feminf_(9).jpg;21
111;55;6071;MANDRILLS BKB_6071_20201222_id6071_feminf_(1).jpg;56
132;55;6071;MANDRILLS BKB_6071_20201222_id6071_feminf_(2).jpg;77
87;63;6071;MANDRILLS BKB_6071_20201230_id6071_feminf_(1).jpg;24
85;63;6071;MANDRILLS BKB_6071_20201230_id6071_feminf_(2).jpg;22
41;63;6071;MANDRILLS BKB_6071_20201230_id6071_feminf_(3).jpg;22
54;63;6071;MANDRILLS BKB_6071_20201230_id6071_feminf_(4).jpg;9
116;77;6071;MANDRILLS BKB_6071_20210113_id6071_feminf_(1).jpg;39
131;89;6071;MANDRILLS BKB_6071_20210125_id6071_feminf_(1).jpg;42
138;89;6071;MANDRILLS BKB_6071_20210125_id6071_feminf_(2).jpg;49
107;89;6071;MANDRILLS BKB_6071_20210125_id6071_feminf_(3).jpg;18
169;98;6071;MANDRILLS BKB_6071_20210203_id6071_feminf.jpg;71
115;101;6071;MANDRILLS BKB_6071_20210206_id6071_feminf.jpg;14
225;107;6071;MANDRILLS BKB_6071_20210212_id6071_feminf_(1).jpg;118
298;107;6071;MANDRILLS BKB_6071_20210212_id6071_feminf_(2).jpg;191
395;107;6071;MANDRILLS BKB_6071_20210212_id6071_feminf_(3).jpg;288
223;112;6071;MANDRILLS BKB_6071_20210217_id6071_feminf_(1).jpg;111
210;112;6071;MANDRILLS BKB_6071_20210217_id6071_feminf_(2).jpg;98
228;177;6071;MANDRILLS BKB_6071_20210423_id6071_feminf_(1).jpg;51
292;177;6071;MANDRILLS BKB_6071_20210423_id6071_feminf_(2).jpg;115
446;324;6071;MANDRILLS BKB_6071_20210917_id6071_feminf.jpg;122
423;334;6071;MANDRILLS BKB_6071_20210927_id6071_feminf.jpg;89
386;342;6071;MANDRILLS BKB_6071_20211005_id6071_feminf.jpg;44
478;416;6071;MANDRILLS BKB_6071_20211218_id6071_femjuv_(1).jpg;62
475;416;6071;MANDRILLS BKB_6071_20211218_id6071_femjuv_(2).jpg;59
492;416;6071;MANDRILLS BKB_6071_20211218_id6071_femjuv_(3).jpg;76
438;424;6071;MANDRILLS BKB_6071_20211226_id6071_femjuv_(1).jpg;14
497;424;6071;MANDRILLS BKB_6071_20211226_id6071_femjuv_(2).jpg;73
464;424;6071;MANDRILLS BKB_6071_20211226_id6071_femjuv_(3).jpg;40
621;507;6071;MANDRILLS BKB_6071_20220319_id6071_femjuv (1).jpg;114
607;507;6071;MANDRILLS BKB_6071_20220319_id6071_femjuv (2).jpg;100
592;507;6071;MANDRILLS BKB_6071_20220319_id6071_femjuv (4).jpg;85
537;510;6071;MANDRILLS BKB_6071_20220322_id6071_femjuv.jpg;27
620;515;6071;MANDRILLS BKB_6071_20220327_id6071_femjuv (1).jpg;105
593;515;6071;MANDRILLS BKB_6071_20220327_id6071_femjuv (2).jpg;78
570;544;6071;MANDRILLS BKB_6071_20220425_id6071_femjuv (1).jpg;26
560;544;6071;MANDRILLS BKB_6071_20220425_id6071_femjuv (2).jpg;16
580;544;6071;MANDRILLS BKB_6071_20220425_id6071_femjuv (4).jpg;36
819;558;6071;MANDRILLS BKB_6071_20220509_id6071_femjuv.jpg;261
603;582;6071;MANDRILLS BKB_6071_20220602_id6071.jpg;21
728;601;6071;MANDRILLS BKB_6071_20220621_id6071_femjuv.jpg;127
589;604;6071;MANDRILLS BKB_6071_20220624_id6071_femjuv (1).jpg;15
631;604;6071;MANDRILLS BKB_6071_20220624_id6071_femjuv (2).jpg;27
619;604;6071;MANDRILLS BKB_6071_20220624_id6071_femjuv (3).jpg;15
701;604;6071;MANDRILLS BKB_6071_20220624_id6071_femjuv (4).jpg;97
500;604;6071;MANDRILLS BKB_6071_20220624_id6071_femjuv (6).jpg;104
671;616;6071;MANDRILLS BKB_6071_20220706_id6071.jpg;55
682;653;6071;MANDRILLS BKB_6071_20220812_id6071.jpg;29
751;671;6071;MANDRILLS BKB_6071_20220830_id6071.jpg;80
684;684;6071;MANDRILLS BKB_6071_20220912_id6071 (1).jpg;0
763;684;6071;MANDRILLS BKB_6071_20220912_id6071 (2).jpg;79
736;684;6071;MANDRILLS BKB_6071_20220912_id6071 (3).jpg;52
618;684;6071;MANDRILLS BKB_6071_20220912_id6071 (4).jpg;66
796;732;6071;MANDRILLS BKB_6071_20221030_id6071.jpg;64
852;773;6071;MANDRILLS BKB_6071_20221210_id6071 (1).jpg;79
654;773;6071;MANDRILLS BKB_6071_20221210_id6071 (2).jpg;119
745;773;6071;MANDRILLS BKB_6071_20221210_id6071 (3).jpg;28
928;773;6071;MANDRILLS BKB_6071_20221210_id6071 (4).jpg;155
871;773;6071;MANDRILLS BKB_6071_20221210_id6071 (5).jpg;98
-1;0;6081;MANDRILLS BKB_6081_20201224_id6081_feminf_(1).jpg;1
12;0;6081;MANDRILLS BKB_6081_20201224_id6081_feminf_(2).jpg;12
14;0;6081;MANDRILLS BKB_6081_20201224_id6081_feminf_(3).jpg;14
8;0;6081;MANDRILLS BKB_6081_20201224_id6081_feminf_(4).jpg;8
-13;0;6081;MANDRILLS BKB_6081_20201224_id6081_feminf_(5).jpg;13
-5;0;6081;MANDRILLS BKB_6081_20201224_id6081_feminf_(6).jpg;5
37;13;6081;MANDRILLS BKB_6081_20210106_id6081_feminf.jpg;24
54;20;6081;MANDRILLS BKB_6081_20210113_id6081_feminf_(1).jpg;34
51;20;6081;MANDRILLS BKB_6081_20210113_id6081_feminf_(2).jpg;31
47;20;6081;MANDRILLS BKB_6081_20210113_id6081_feminf_(3).jpg;27
59;20;6081;MANDRILLS BKB_6081_20210113_id6081_feminf_(4).jpg;39
49;20;6081;MANDRILLS BKB_6081_20210113_id6081_feminf_(5).jpg;29
39;20;6081;MANDRILLS BKB_6081_20210113_id6081_feminf_(6).jpg;19
50;20;6081;MANDRILLS BKB_6081_20210113_id6081_feminf_(7).jpg;30
5;23;6081;MANDRILLS BKB_6081_20210116_id6081_feminf.jpg;18
75;35;6081;MANDRILLS BKB_6081_20210128_id6081_feminf_(1).jpg;40
269;35;6081;MANDRILLS BKB_6081_20210128_id6081_feminf_(2).jpg;234
96;36;6081;MANDRILLS BKB_6081_20210129_id6081_feminf.jpg;60
62;50;6081;MANDRILLS BKB_6081_20210212_id6081_feminf.jpg;12
233;138;6081;MANDRILLS BKB_6081_20210511_id6081_feminf_(1).jpg;95
228;138;6081;MANDRILLS BKB_6081_20210511_id6081_feminf_(2).jpg;90
237;138;6081;MANDRILLS BKB_6081_20210511_id6081_feminf_(3).jpg;99
265;138;6081;MANDRILLS BKB_6081_20210511_id6081_feminf_(4).jpg;127
210;138;6081;MANDRILLS BKB_6081_20210511_id6081_feminf_(5).jpg;72
198;138;6081;MANDRILLS BKB_6081_20210511_id6081_feminf_(6).jpg;60
185;138;6081;MANDRILLS BKB_6081_20210511_id6081_feminf_(7).jpg;47
352;154;6081;MANDRILLS BKB_6081_20210527_id6081_feminf.jpg;198
261;171;6081;MANDRILLS BKB_6081_20210613_id6081_feminf.jpg;90
300;178;6081;MANDRILLS BKB_6081_20210620_id6081_feminf_(1).jpg;122
295;178;6081;MANDRILLS BKB_6081_20210620_id6081_feminf_(2).jpg;117
252;209;6081;MANDRILLS BKB_6081_20210721_id6081_feminf_(1).jpg;43
299;209;6081;MANDRILLS BKB_6081_20210721_id6081_feminf_(2).jpg;90
279;254;6081;MANDRILLS BKB_6081_20210904_id6081_feminf (1).jpg;25
278;254;6081;MANDRILLS BKB_6081_20210904_id6081_feminf (2).jpg;24
425;269;6081;MANDRILLS BKB_6081_20210919_id6081_feminf.jpg;156
263;271;6081;MANDRILLS BKB_6081_20210921_id6081_feminf (1).jpg;8
297;271;6081;MANDRILLS BKB_6081_20210921_id6081_feminf (2).jpg;26
300;285;6081;MANDRILLS BKB_6081_20211005_id6081_feminf_(1).jpg;15
280;285;6081;MANDRILLS BKB_6081_20211005_id6081_feminf_(2).jpg;5
279;288;6081;MANDRILLS BKB_6081_20211008_id6081_feminf_(1).jpg;9
277;288;6081;MANDRILLS BKB_6081_20211008_id6081_feminf_(2).jpg;11
372;317;6081;MANDRILLS BKB_6081_20211106_id6081_feminf_(1).jpg;55
353;317;6081;MANDRILLS BKB_6081_20211106_id6081_feminf_(2).jpg;36
593;317;6081;MANDRILLS BKB_6081_20211106_id6081_feminf_(3).jpg;276
466;319;6081;MANDRILLS BKB_6081_20211108_id6081_feminf_(2).jpg;147
342;330;6081;MANDRILLS BKB_6081_20211119_id6081_feminf.jpg;12
397;354;6081;MANDRILLS BKB_6081_20211213_id6081_(2).jpg;43
352;354;6081;MANDRILLS BKB_6081_20211213_id6081_(3).jpg;2
527;401;6081;MANDRILLS BKB_6081_20220129_id6081 (1).jpg;126
353;401;6081;MANDRILLS BKB_6081_20220129_id6081.jpg;48
458;404;6081;MANDRILLS BKB_6081_20220201_id6081_femjuv (1).jpg;54
428;404;6081;MANDRILLS BKB_6081_20220201_id6081_femjuv (2).jpg;24
395;404;6081;MANDRILLS BKB_6081_20220201_id6081_femjuv (3).jpg;9
522;404;6081;MANDRILLS BKB_6081_20220201_id6081_femjuv (4).jpg;118
369;404;6081;MANDRILLS BKB_6081_20220201_id6081_femjuv (5).jpg;35
467;404;6081;MANDRILLS BKB_6081_20220201_id6081_femjuv (6).jpg;63
505;404;6081;MANDRILLS BKB_6081_20220201_id6081_femjuv (7).jpg;101
408;404;6081;MANDRILLS BKB_6081_20220201_id6081_femjuv (8).jpg;4
436;411;6081;MANDRILLS BKB_6081_20220208_id6081_femjuv (1).jpg;25
438;411;6081;MANDRILLS BKB_6081_20220208_id6081_femjuv (2).jpg;27
440;424;6081;MANDRILLS BKB_6081_20220221_id6081_femjuv (1).jpg;16
475;424;6081;MANDRILLS BKB_6081_20220221_id6081_femjuv (2).jpg;51
373;438;6081;MANDRILLS BKB_6081_20220307_id6081_femjuv.jpg;65
426;442;6081;MANDRILLS BKB_6081_20220311_id6081_femjuv (1).jpg;16
410;442;6081;MANDRILLS BKB_6081_20220311_id6081_femjuv (2).jpg;32
388;442;6081;MANDRILLS BKB_6081_20220311_id6081_femjuv (3).jpg;54
398;442;6081;MANDRILLS BKB_6081_20220311_id6081_femjuv (4).jpg;44
402;442;6081;MANDRILLS BKB_6081_20220311_id6081_femjuv (5).jpg;40
408;442;6081;MANDRILLS BKB_6081_20220311_id6081_femjuv (6).jpg;34
478;445;6081;MANDRILLS BKB_6081_20220314_id6081_femjuv (1).jpg;33
623;445;6081;MANDRILLS BKB_6081_20220314_id6081_femjuv (2).jpg;178
450;452;6081;MANDRILLS BKB_6081_20220321_id6081_femjuv.jpg;2
500;507;6081;MANDRILLS BKB_6081_20220515_id6081_femjuv.jpg;7
543;510;6081;MANDRILLS BKB_6081_20220518_id6081_femjuv.jpg;33
524;526;6081;MANDRILLS BKB_6081_20220603_id6081_femjuv (3).jpg;2
458;526;6081;MANDRILLS BKB_6081_20220603_id6081_femjuv (4).jpg;68
514;526;6081;MANDRILLS BKB_6081_20220603_id6081_femjuv (5).jpg;12
476;552;6081;MANDRILLS BKB_6081_20220629_id6081 (1).jpg;76
586;552;6081;MANDRILLS BKB_6081_20220629_id6081 (2).jpg;34
526;552;6081;MANDRILLS BKB_6081_20220629_id6081 (3).jpg;26
569;552;6081;MANDRILLS BKB_6081_20220629_id6081.jpg;17
524;554;6081;MANDRILLS BKB_6081_20220701_id6081 (1).jpg;30
441;554;6081;MANDRILLS BKB_6081_20220701_id6081 (2).jpg;113
509;554;6081;MANDRILLS BKB_6081_20220701_id6081.jpg;45
585;562;6081;MANDRILLS BKB_6081_20220709_id6081.jpg;23
472;567;6081;MANDRILLS BKB_6081_20220714_id6081_femjuv (1).jpg;95
469;567;6081;MANDRILLS BKB_6081_20220714_id6081_femjuv (2).jpg;98
593;567;6081;MANDRILLS BKB_6081_20220714_id6081_femjuv.jpg;26
548;569;6081;MANDRILLS BKB_6081_20220716_id6081_femjuv (1).jpg;21
620;572;6081;MANDRILLS BKB_6081_20220719_id6081.jpg;48
523;578;6081;MANDRILLS BKB_6081_20220725_id6081.jpg;55
558;596;6081;MANDRILLS BKB_6081_20220812_id6081 (1).jpg;38
703;596;6081;MANDRILLS BKB_6081_20220812_id6081 (2).jpg;107
552;610;6081;MANDRILLS BKB_6081_20220826_id6081 (1).jpg;58
524;610;6081;MANDRILLS BKB_6081_20220826_id6081 (2).jpg;86
546;610;6081;MANDRILLS BKB_6081_20220826_id6081 (3).jpg;64
649;610;6081;MANDRILLS BKB_6081_20220826_id6081 (4).jpg;39
522;610;6081;MANDRILLS BKB_6081_20220826_id6081 (5).jpg;88
633;624;6081;MANDRILLS BKB_6081_20220909_id6081 (2).jpg;9
650;624;6081;MANDRILLS BKB_6081_20220909_id6081.jpg;26
475;626;6081;MANDRILLS BKB_6081_20220911_id6081.jpg;151
517;627;6081;MANDRILLS BKB_6081_20220912_id6081.jpg;110
517;630;6081;MANDRILLS BKB_6081_20220915_id6081.jpg;113
682;667;6081;MANDRILLS BKB_6081_20221022_id6081 (1).jpg;15
827;672;6081;MANDRILLS BKB_6081_20221027_id6081.jpg;155
696;676;6081;MANDRILLS BKB_6081_20221031_id6081 (1).jpg;20
609;676;6081;MANDRILLS BKB_6081_20221031_id6081 (2).jpg;67
619;676;6081;MANDRILLS BKB_6081_20221031_id6081 (3).jpg;57
681;676;6081;MANDRILLS BKB_6081_20221031_id6081 (5).jpg;5
639;676;6081;MANDRILLS BKB_6081_20221031_id6081 (6).jpg;37
791;676;6081;MANDRILLS BKB_6081_20221031_id6081 (7).jpg;115
722;720;6081;MANDRILLS BKB_6081_20221214_id6081.jpg;2
41;18;6105;MANDRILLS BKB_6105_20201213_id6105_feminf.jpg;23
52;27;6105;MANDRILLS BKB_6105_20201222_id6105_feminf.jpg;25
12;33;6105;MANDRILLS BKB_6105_20201228_id6105_feminf_(1).jpg;21
29;33;6105;MANDRILLS BKB_6105_20201228_id6105_feminf_(2).jpg;4
172;79;6105;MANDRILLS BKB_6105_20210212_id6105_feminf_(1).jpg;93
137;79;6105;MANDRILLS BKB_6105_20210212_id6105_feminf_(2).jpg;58
197;84;6105;MANDRILLS BKB_6105_20210217_id6105_feminf_(5).jpg;113
233;128;6105;MANDRILLS BKB_6105_20210402_id6105_feminf_(1).jpg;105
333;128;6105;MANDRILLS BKB_6105_20210402_id6105_feminf_(2).jpg;205
237;128;6105;MANDRILLS BKB_6105_20210402_id6105_feminf_(3).jpg;109
179;128;6105;MANDRILLS BKB_6105_20210402_id6105_feminf_(4).jpg;51
182;128;6105;MANDRILLS BKB_6105_20210402_id6105_feminf_(5).jpg;54
266;136;6105;MANDRILLS BKB_6105_20210410_id6105_feminf_(1).jpg;130
274;136;6105;MANDRILLS BKB_6105_20210410_id6105_feminf_(2).jpg;138
228;145;6105;MANDRILLS BKB_6105_20210419_id6105_feminf.jpg;83
376;333;6105;MANDRILLS BKB_6105_20211024_id6105_feminf_(2).jpg;43
419;333;6105;MANDRILLS BKB_6105_20211024_id6105_feminf_(4).jpg;86
490;348;6105;MANDRILLS BKB_6105_20211108_id6105_feminf.jpg;142
677;474;6105;MANDRILLS BKB_6105_20220314_id6105_femjuv (1).jpg;203
586;474;6105;MANDRILLS BKB_6105_20220314_id6105_femjuv (2).jpg;112
583;489;6105;MANDRILLS BKB_6105_20220329_id6105_femjuv (1).jpg;94
652;489;6105;MANDRILLS BKB_6105_20220329_id6105_femjuv (2).jpg;163
842;581;6105;MANDRILLS BKB_6105_20220629_id6105 (1).jpg;261
601;581;6105;MANDRILLS BKB_6105_20220629_id6105 (2).jpg;20
656;581;6105;MANDRILLS BKB_6105_20220629_id6105 (3).jpg;75
680;581;6105;MANDRILLS BKB_6105_20220629_id6105 (4).jpg;99
796;581;6105;MANDRILLS BKB_6105_20220629_id6105 (5).jpg;215
640;581;6105;MANDRILLS BKB_6105_20220629_id6105 (6).jpg;59
744;593;6105;MANDRILLS BKB_6105_20220711_id6105.jpg;151
639;596;6105;MANDRILLS BKB_6105_20220714_id6105_femjuv (1).jpg;43
674;622;6105;MANDRILLS BKB_6105_20220809_id6105 (1).jpg;52
634;622;6105;MANDRILLS BKB_6105_20220809_id6105 (2).jpg;12
649;625;6105;MANDRILLS BKB_6105_20220812_id6105 (1).jpg;24
706;625;6105;MANDRILLS BKB_6105_20220812_id6105 (2).jpg;81
679;625;6105;MANDRILLS BKB_6105_20220812_id6105.jpg;54
646;631;6105;MANDRILLS BKB_6105_20220818_id6105 (1).jpg;15
744;631;6105;MANDRILLS BKB_6105_20220818_id6105 (2).jpg;113
691;643;6105;MANDRILLS BKB_6105_20220830_id6105 (1).jpg;48
757;643;6105;MANDRILLS BKB_6105_20220830_id6105 (2).jpg;114
665;649;6105;MANDRILLS BKB_6105_20220905_id6105.jpg;16
902;653;6105;MANDRILLS BKB_6105_20220909_id6105.jpg;249
594;656;6105;MANDRILLS BKB_6105_20220912_id6105.jpg;62
799;679;6105;MANDRILLS BKB_6105_20221005_id6105 (1).jpg;120
858;679;6105;MANDRILLS BKB_6105_20221005_id6105 (2).jpg;179
824;728;6105;MANDRILLS BKB_6105_20221123_id6105 (1).jpg;96
769;728;6105;MANDRILLS BKB_6105_20221123_id6105 (2).jpg;41
1163;728;6105;MANDRILLS BKB_6105_20221123_id6105 (3).jpg;435
863;728;6105;MANDRILLS BKB_6105_20221123_id6105 (4).jpg;135
913;728;6105;MANDRILLS BKB_6105_20221123_id6105 (5).jpg;185
11;9;6126;MANDRILLS BKB_6126_20210329_id6126_feminf.jpg;2
-11;13;6126;MANDRILLS BKB_6126_20210402_id6126_feminf_(1).jpg;24
42;13;6126;MANDRILLS BKB_6126_20210402_id6126_feminf_(2).jpg;29
15;13;6126;MANDRILLS BKB_6126_20210402_id6126_feminf_(3).jpg;2
-12;13;6126;MANDRILLS BKB_6126_20210402_id6126_feminf_(4).jpg;25
-2;13;6126;MANDRILLS BKB_6126_20210402_id6126_feminf_(5).jpg;15
-12;13;6126;MANDRILLS BKB_6126_20210402_id6126_feminf_(6).jpg;25
17;13;6126;MANDRILLS BKB_6126_20210402_id6126_feminf_(7).jpg;4
3;13;6126;MANDRILLS BKB_6126_20210402_id6126_feminf_(8).jpg;10
163;117;6126;MANDRILLS BKB_6126_20210715_id6126_feminf_(1).jpg;46
145;117;6126;MANDRILLS BKB_6126_20210715_id6126_feminf_(2).jpg;28
103;117;6126;MANDRILLS BKB_6126_20210715_id6126_feminf_(3).jpg;14
123;117;6126;MANDRILLS BKB_6126_20210715_id6126_feminf_(4).jpg;6
143;117;6126;MANDRILLS BKB_6126_20210715_id6126_feminf_(5).jpg;26
88;117;6126;MANDRILLS BKB_6126_20210715_id6126_feminf_(6).jpg;29
149;119;6126;MANDRILLS BKB_6126_20210717_id6126_feminf_(1).jpg;30
167;119;6126;MANDRILLS BKB_6126_20210717_id6126_feminf_(2).jpg;48
241;119;6126;MANDRILLS BKB_6126_20210717_id6126_feminf_(3).jpg;122
247;128;6126;MANDRILLS BKB_6126_20210726_id6126_feminf_(1).jpg;119
278;128;6126;MANDRILLS BKB_6126_20210726_id6126_feminf_(2).jpg;150
256;216;6126;MANDRILLS BKB_6126_20211022_id6126_feminf_(1).jpg;40
273;216;6126;MANDRILLS BKB_6126_20211022_id6126_feminf_(2).jpg;57
209;218;6126;MANDRILLS BKB_6126_20211024_id6126_feminf.jpg;9
490;231;6126;MANDRILLS BKB_6126_20211106_id6126_feminf_(1).jpg;259
228;231;6126;MANDRILLS BKB_6126_20211106_id6126_feminf_(2).jpg;3
245;231;6126;MANDRILLS BKB_6126_20211106_id6126_feminf_(3).jpg;14
328;317;6126;MANDRILLS BKB_6126_20220131_id6126.jpg;11
368;318;6126;MANDRILLS BKB_6126_20220201_id6126_feminf (1).jpg;50
325;318;6126;MANDRILLS BKB_6126_20220201_id6126_feminf (2).jpg;7
427;318;6126;MANDRILLS BKB_6126_20220201_id6126_feminf (3).jpg;109
393;318;6126;MANDRILLS BKB_6126_20220201_id6126_feminf (4).jpg;75
381;318;6126;MANDRILLS BKB_6126_20220201_id6126_feminf (5).jpg;63
406;318;6126;MANDRILLS BKB_6126_20220201_id6126_feminf (6).jpg;88
381;318;6126;MANDRILLS BKB_6126_20220201_id6126_feminf (7).jpg;63
446;318;6126;MANDRILLS BKB_6126_20220201_id6126_feminf (8).jpg;128
373;333;6126;MANDRILLS BKB_6126_20220216_id6126_feminf.jpg;40
416;338;6126;MANDRILLS BKB_6126_20220221_id6126_feminf.jpg;78
563;340;6126;MANDRILLS BKB_6126_20220223_id6126_feminf (2).jpg;223
423;340;6126;MANDRILLS BKB_6126_20220223_id6126_feminf.jpg;83
429;349;6126;MANDRILLS BKB_6126_20220304_id6126_feminf.jpg;80
420;358;6126;MANDRILLS BKB_6126_20220313_id6126_fem_inf (1).jpg;62
393;358;6126;MANDRILLS BKB_6126_20220313_id6126_fem_inf (2).jpg;35
604;358;6126;MANDRILLS BKB_6126_20220313_id6126_fem_inf (3).jpg;246
476;358;6126;MANDRILLS BKB_6126_20220313_id6126_fem_inf (4).jpg;118
435;402;6126;MANDRILLS BKB_6126_20220426_id6126_femjuv (1).jpg;33
379;402;6126;MANDRILLS BKB_6126_20220426_id6126_femjuv (2).jpg;23
465;402;6126;MANDRILLS BKB_6126_20220426_id6126_femjuv.jpg;63
486;403;6126;MANDRILLS BKB_6126_20220427_id6126_femjuv.jpg;83
378;422;6126;MANDRILLS BKB_6126_20220516_id6126_femjuv (1).jpg;44
518;422;6126;MANDRILLS BKB_6126_20220516_id6126_femjuv (2).jpg;96
495;422;6126;MANDRILLS BKB_6126_20220516_id6126_femjuv (3).jpg;73
437;422;6126;MANDRILLS BKB_6126_20220516_id6126_femjuv.jpg;15
481;430;6126;MANDRILLS BKB_6126_20220524_id6126_femjuv(1).jpg;51
474;430;6126;MANDRILLS BKB_6126_20220524_id6126_femjuv(2).jpg;44
719;461;6126;MANDRILLS BKB_6126_20220624_id6126_femjuv.jpg;258
456;466;6126;MANDRILLS BKB_6126_20220629_id6126 (1).jpg;10
631;466;6126;MANDRILLS BKB_6126_20220629_id6126 (2).jpg;165
459;466;6126;MANDRILLS BKB_6126_20220629_id6126.jpg;7
607;481;6126;MANDRILLS BKB_6126_20220714_id6126_femjuv (1).jpg;126
565;481;6126;MANDRILLS BKB_6126_20220714_id6126_femjuv (2).jpg;84
645;481;6126;MANDRILLS BKB_6126_20220714_id6126_femjuv (3).jpg;164
556;481;6126;MANDRILLS BKB_6126_20220714_id6126_femjuv (4).jpg;75
593;481;6126;MANDRILLS BKB_6126_20220714_id6126_femjuv.jpg;112
526;491;6126;MANDRILLS BKB_6126_20220724_id6126.jpg;35
603;492;6126;MANDRILLS BKB_6126_20220725_id6126.jpg;111
594;524;6126;MANDRILLS BKB_6126_20220826_id6126 (1).jpg;70
588;524;6126;MANDRILLS BKB_6126_20220826_id6126 (2).jpg;64
638;538;6126;MANDRILLS BKB_6126_20220909_id6126.jpg;100
679;590;6126;MANDRILLS BKB_6126_20221031_id6126.jpg;89
614;607;6126;MANDRILLS BKB_6126_20221117_id6126 (1).jpg;7
508;607;6126;MANDRILLS BKB_6126_20221117_id6126 (2).jpg;99
803;613;6126;MANDRILLS BKB_6126_20221123_id6126 (2).jpg;190
661;620;6126;MANDRILLS BKB_6126_20221130_id6126.jpg;41
-2;4;6158;MANDRILLS BKB_6158_20201213_id6158_malinf_(1).jpg;6
5;4;6158;MANDRILLS BKB_6158_20201213_id6158_malinf_(10).jpg;1
-1;4;6158;MANDRILLS BKB_6158_20201213_id6158_malinf_(11).jpg;5
6;4;6158;MANDRILLS BKB_6158_20201213_id6158_malinf_(12).jpg;2
5;4;6158;MANDRILLS BKB_6158_20201213_id6158_malinf_(13).jpg;1
22;4;6158;MANDRILLS BKB_6158_20201213_id6158_malinf_(14).jpg;18
15;4;6158;MANDRILLS BKB_6158_20201213_id6158_malinf_(15).jpg;11
5;4;6158;MANDRILLS BKB_6158_20201213_id6158_malinf_(16).jpg;1
9;4;6158;MANDRILLS BKB_6158_20201213_id6158_malinf_(2).jpg;5
16;4;6158;MANDRILLS BKB_6158_20201213_id6158_malinf_(3).jpg;12
-9;4;6158;MANDRILLS BKB_6158_20201213_id6158_malinf_(4).jpg;13
7;4;6158;MANDRILLS BKB_6158_20201213_id6158_malinf_(5).jpg;3
-3;4;6158;MANDRILLS BKB_6158_20201213_id6158_malinf_(6).jpg;7
-15;4;6158;MANDRILLS BKB_6158_20201213_id6158_malinf_(7).jpg;19
-15;4;6158;MANDRILLS BKB_6158_20201213_id6158_malinf_(8).jpg;19
9;4;6158;MANDRILLS BKB_6158_20201213_id6158_malinf_(9).jpg;5
20;7;6158;MANDRILLS BKB_6158_20201216_id6158_malinf_(1).jpg;13
2;7;6158;MANDRILLS BKB_6158_20201216_id6158_malinf_(2).jpg;5
10;7;6158;MANDRILLS BKB_6158_20201216_id6158_malinf_(3).jpg;3
8;7;6158;MANDRILLS BKB_6158_20201216_id6158_malinf_(4).jpg;1
30;8;6158;MANDRILLS BKB_6158_20201217_id6158_malinf_(1).jpg;22
22;8;6158;MANDRILLS BKB_6158_20201217_id6158_malinf_(2).jpg;14
2;8;6158;MANDRILLS BKB_6158_20201217_id6158_malinf_(3).jpg;6
19;8;6158;MANDRILLS BKB_6158_20201217_id6158_malinf_(4).jpg;11
44;8;6158;MANDRILLS BKB_6158_20201217_id6158_malinf_(5).jpg;36
-21;9;6158;MANDRILLS BKB_6158_20201218_id6158_malinf.jpg;30
34;12;6158;MANDRILLS BKB_6158_20201221_id6158_malinf_(2).jpg;22
20;12;6158;MANDRILLS BKB_6158_20201221_id6158_malinf_(4).jpg;8
30;12;6158;MANDRILLS BKB_6158_20201221_id6158_malinf_(5).jpg;18
-15;13;6158;MANDRILLS BKB_6158_20201222_id6158_malinf_(1).jpg;28
3;13;6158;MANDRILLS BKB_6158_20201222_id6158_malinf_(2).jpg;10
12;13;6158;MANDRILLS BKB_6158_20201222_id6158_malinf_(3).jpg;1
-11;13;6158;MANDRILLS BKB_6158_20201222_id6158_malinf_(4).jpg;24
7;13;6158;MANDRILLS BKB_6158_20201222_id6158_malinf_(5).jpg;6
6;21;6158;MANDRILLS BKB_6158_20201230_id6158_malinf_(1).jpg;15
26;21;6158;MANDRILLS BKB_6158_20201230_id6158_malinf_(10).jpg;5
12;21;6158;MANDRILLS BKB_6158_20201230_id6158_malinf_(11).jpg;9
12;21;6158;MANDRILLS BKB_6158_20201230_id6158_malinf_(12).jpg;9
2;21;6158;MANDRILLS BKB_6158_20201230_id6158_malinf_(13).jpg;19
26;21;6158;MANDRILLS BKB_6158_20201230_id6158_malinf_(14).jpg;5
71;21;6158;MANDRILLS BKB_6158_20201230_id6158_malinf_(15).jpg;50
-5;21;6158;MANDRILLS BKB_6158_20201230_id6158_malinf_(16).jpg;26
9;21;6158;MANDRILLS BKB_6158_20201230_id6158_malinf_(17).jpg;12
4;21;6158;MANDRILLS BKB_6158_20201230_id6158_malinf_(18).jpg;17
7;21;6158;MANDRILLS BKB_6158_20201230_id6158_malinf_(19).jpg;14
13;21;6158;MANDRILLS BKB_6158_20201230_id6158_malinf_(2).jpg;8
20;21;6158;MANDRILLS BKB_6158_20201230_id6158_malinf_(20).jpg;1
25;21;6158;MANDRILLS BKB_6158_20201230_id6158_malinf_(3).jpg;4
10;21;6158;MANDRILLS BKB_6158_20201230_id6158_malinf_(4).jpg;11
6;21;6158;MANDRILLS BKB_6158_20201230_id6158_malinf_(5).jpg;15
14;21;6158;MANDRILLS BKB_6158_20201230_id6158_malinf_(6).jpg;7
16;21;6158;MANDRILLS BKB_6158_20201230_id6158_malinf_(7).jpg;5
41;21;6158;MANDRILLS BKB_6158_20201230_id6158_malinf_(8).jpg;20
65;21;6158;MANDRILLS BKB_6158_20201230_id6158_malinf_(9).jpg;44
28;26;6158;MANDRILLS BKB_6158_20210104_id6158_malinf.jpg;2
15;38;6158;MANDRILLS BKB_6158_20210116_id6158_malinf_(1).jpg;23
23;38;6158;MANDRILLS BKB_6158_20210116_id6158_malinf_(2).jpg;15
22;38;6158;MANDRILLS BKB_6158_20210116_id6158_malinf_(3).jpg;16
42;38;6158;MANDRILLS BKB_6158_20210116_id6158_malinf_(4).jpg;4
47;38;6158;MANDRILLS BKB_6158_20210116_id6158_malinf_(5).jpg;9
35;38;6158;MANDRILLS BKB_6158_20210116_id6158_malinf_(6).jpg;3
84;51;6158;MANDRILLS BKB_6158_20210129_id6158_malinf_(1).jpg;33
57;51;6158;MANDRILLS BKB_6158_20210129_id6158_malinf_(2).jpg;6
68;51;6158;MANDRILLS BKB_6158_20210129_id6158_malinf_(3).jpg;17
56;51;6158;MANDRILLS BKB_6158_20210129_id6158_malinf_(4).jpg;5
66;51;6158;MANDRILLS BKB_6158_20210129_id6158_malinf_(5).jpg;15
61;51;6158;MANDRILLS BKB_6158_20210129_id6158_malinf_(6).jpg;10
40;51;6158;MANDRILLS BKB_6158_20210129_id6158_malinf_(7).jpg;11
52;51;6158;MANDRILLS BKB_6158_20210129_id6158_malinf_(8).jpg;1
71;54;6158;MANDRILLS BKB_6158_20210201_id6158_malinf_(1).jpg;17
40;54;6158;MANDRILLS BKB_6158_20210201_id6158_malinf_(2).jpg;14
48;70;6158;MANDRILLS BKB_6158_20210217_id6158_malinf_(1).jpg;22
77;70;6158;MANDRILLS BKB_6158_20210217_id6158_malinf_(2).jpg;7
86;70;6158;MANDRILLS BKB_6158_20210217_id6158_malinf_(3).jpg;16
68;70;6158;MANDRILLS BKB_6158_20210217_id6158_malinf_(4).jpg;2
76;71;6158;MANDRILLS BKB_6158_20210218_id6158_malinf_(1).jpg;5
59;71;6158;MANDRILLS BKB_6158_20210218_id6158_malinf_(2).jpg;12
51;71;6158;MANDRILLS BKB_6158_20210218_id6158_malinf_(3).jpg;20
79;79;6158;MANDRILLS BKB_6158_20210226_id6158_malinf.jpg;0
75;86;6158;MANDRILLS BKB_6158_20210305_id6158_malinf_(1).jpg;11
97;86;6158;MANDRILLS BKB_6158_20210305_id6158_malinf_(2).jpg;11
80;86;6158;MANDRILLS BKB_6158_20210305_id6158_malinf_(3).jpg;6
89;86;6158;MANDRILLS BKB_6158_20210305_id6158_malinf_(4).jpg;3
67;86;6158;MANDRILLS BKB_6158_20210305_id6158_malinf_(5).jpg;19
76;86;6158;MANDRILLS BKB_6158_20210305_id6158_malinf_(6).jpg;10
79;86;6158;MANDRILLS BKB_6158_20210305_id6158_malinf_(7).jpg;7
63;113;6158;MANDRILLS BKB_6158_20210401_id6158_malinf_(1).jpg;50
72;113;6158;MANDRILLS BKB_6158_20210401_id6158_malinf_(2).jpg;41
131;113;6158;MANDRILLS BKB_6158_20210401_id6158_malinf_(3).jpg;18
29;114;6158;MANDRILLS BKB_6158_20210402_id6158_malinf_(1).jpg;85
130;114;6158;MANDRILLS BKB_6158_20210402_id6158_malinf_(10).jpg;16
124;114;6158;MANDRILLS BKB_6158_20210402_id6158_malinf_(11).jpg;10
103;114;6158;MANDRILLS BKB_6158_20210402_id6158_malinf_(12).jpg;11
46;114;6158;MANDRILLS BKB_6158_20210402_id6158_malinf_(2).jpg;68
135;114;6158;MANDRILLS BKB_6158_20210402_id6158_malinf_(3).jpg;21
131;114;6158;MANDRILLS BKB_6158_20210402_id6158_malinf_(4).jpg;17
129;114;6158;MANDRILLS BKB_6158_20210402_id6158_malinf_(5).jpg;15
204;114;6158;MANDRILLS BKB_6158_20210402_id6158_malinf_(6).jpg;90
119;114;6158;MANDRILLS BKB_6158_20210402_id6158_malinf_(7).jpg;5
134;114;6158;MANDRILLS BKB_6158_20210402_id6158_malinf_(8).jpg;20
152;114;6158;MANDRILLS BKB_6158_20210402_id6158_malinf_(9).jpg;38
172;119;6158;MANDRILLS BKB_6158_20210407_id6158_malinf_(1).jpg;53
140;119;6158;MANDRILLS BKB_6158_20210407_id6158_malinf_(2).jpg;21
111;119;6158;MANDRILLS BKB_6158_20210407_id6158_malinf_(3).jpg;8
179;135;6158;MANDRILLS BKB_6158_20210423_id6158_malinf.jpg;44
386;317;6158;MANDRILLS BKB_6158_20211022_id6158_malinf_(1).jpg;69
389;317;6158;MANDRILLS BKB_6158_20211022_id6158_malinf_(2).jpg;72
381;319;6158;MANDRILLS BKB_6158_20211024_id6158_malinf_(1).jpg;62
392;319;6158;MANDRILLS BKB_6158_20211024_id6158_malinf_(2).jpg;73
416;319;6158;MANDRILLS BKB_6158_20211024_id6158_malinf_(3).jpg;97
407;332;6158;MANDRILLS BKB_6158_20211106_id6158_malinf.jpg;75
574;373;6158;MANDRILLS BKB_6158_20211217_id6158_maljuv.jpg;201
431;407;6158;MANDRILLS BKB_6158_20220120_id6158.jpg;24
314;413;6158;MANDRILLS BKB_6158_20220126_id6158.jpg;99
416;435;6158;MANDRILLS BKB_6158_20220217_id6158_maljuv (1).jpg;19
494;435;6158;MANDRILLS BKB_6158_20220217_id6158_maljuv (2).jpg;59
450;435;6158;MANDRILLS BKB_6158_20220217_id6158_maljuv (3).jpg;15
422;450;6158;MANDRILLS BKB_6158_20220304_id6158_maljuv.jpg;28
456;457;6158;MANDRILLS BKB_6158_20220311_id6158_maljuv (1).jpg;1
481;457;6158;MANDRILLS BKB_6158_20220311_id6158_maljuv (2).jpg;24
531;504;6158;MANDRILLS BKB_6158_20220427_id6158_maljuv (1).jpg;27
539;504;6158;MANDRILLS BKB_6158_20220427_id6158_maljuv (2).jpg;35
585;504;6158;MANDRILLS BKB_6158_20220427_id6158_maljuv (3).jpg;81
451;525;6158;MANDRILLS BKB_6158_20220518_id6158_maljuv.jpg;74
540;534;6158;MANDRILLS BKB_6158_20220527_id6158_maljuv (1).jpg;6
460;534;6158;MANDRILLS BKB_6158_20220527_id6158_maljuv (2).jpg;74
505;534;6158;MANDRILLS BKB_6158_20220527_id6158_maljuv (3).jpg;29
546;534;6158;MANDRILLS BKB_6158_20220527_id6158_maljuv (4).jpg;12
577;539;6158;MANDRILLS BKB_6158_20220601_id6158_maljuv.jpg;38
524;541;6158;MANDRILLS BKB_6158_20220603_id6158_maljuv.jpg;17
554;567;6158;MANDRILLS BKB_6158_20220629_id6158.jpg;13
575;579;6158;MANDRILLS BKB_6158_20220711_id6158.jpg;4
687;584;6158;MANDRILLS BKB_6158_20220716_id6158.jpg;103
544;584;6158;MANDRILLS BKB_6158_20220716_id6158_maljuv (1).jpg;40
511;584;6158;MANDRILLS BKB_6158_20220716_id6158_maljuv (2).jpg;73
455;584;6158;MANDRILLS BKB_6158_20220716_id6158_maljuv (3).jpg;129
572;584;6158;MANDRILLS BKB_6158_20220716_id6158_maljuv (4).jpg;12
619;584;6158;MANDRILLS BKB_6158_20220716_id6158_maljuv (5).jpg;35
545;584;6158;MANDRILLS BKB_6158_20220716_id6158_maljuv (6).jpg;39
573;594;6158;MANDRILLS BKB_6158_20220726_id6158.jpg;21
633;617;6158;MANDRILLS BKB_6158_20220818_id6158.jpg;16
615;625;6158;MANDRILLS BKB_6158_20220826_id6158.jpg;10
609;626;6158;MANDRILLS BKB_6158_20220827_id6158.jpg;17
558;639;6158;MANDRILLS BKB_6158_20220909_id6158.jpg;81
422;648;6158;MANDRILLS BKB_6158_20220918_id6158 (1).jpg;226
482;648;6158;MANDRILLS BKB_6158_20220918_id6158 (2).jpg;166
697;679;6158;MANDRILLS BKB_6158_20221019_id6158 (1).jpg;18
720;679;6158;MANDRILLS BKB_6158_20221019_id6158 (2).jpg;41
759;731;6158;MANDRILLS BKB_6158_20221210_id6158 (1).jpg;28
637;731;6158;MANDRILLS BKB_6158_20221210_id6158 (2).jpg;94
778;735;6158;MANDRILLS BKB_6158_20221214_id6158 (1).jpg;43
857;735;6158;MANDRILLS BKB_6158_20221214_id6158 (2).jpg;122
-21;0;6159;MANDRILLS BKB_6159_20201106_id6159_feminf_(1).jpg;21
-9;0;6159;MANDRILLS BKB_6159_20201106_id6159_feminf_(3).jpg;9
14;15;6159;MANDRILLS BKB_6159_20201121_id6159_feminf_(1).jpg;1
11;15;6159;MANDRILLS BKB_6159_20201121_id6159_feminf_(2).jpg;4
26;15;6159;MANDRILLS BKB_6159_20201121_id6159_feminf_(3).jpg;11
0;15;6159;MANDRILLS BKB_6159_20201121_id6159_feminf_(4).jpg;15
17;15;6159;MANDRILLS BKB_6159_20201121_id6159_feminf_(5).jpg;2
-4;15;6159;MANDRILLS BKB_6159_20201121_id6159_feminf_(6).jpg;19
12;18;6159;MANDRILLS BKB_6159_20201124_id6159_feminf_(1).jpg;6
19;18;6159;MANDRILLS BKB_6159_20201124_id6159_feminf_(2).jpg;1
33;18;6159;MANDRILLS BKB_6159_20201124_id6159_feminf_(3).jpg;15
42;19;6159;MANDRILLS BKB_6159_20201125_id6159_feminf_(1).jpg;23
37;19;6159;MANDRILLS BKB_6159_20201125_id6159_feminf_(2).jpg;18
38;37;6159;MANDRILLS BKB_6159_20201213_id6159_feminf_(1).jpg;1
58;37;6159;MANDRILLS BKB_6159_20201213_id6159_feminf_(2).jpg;21
55;37;6159;MANDRILLS BKB_6159_20201213_id6159_feminf_(3).jpg;18
41;40;6159;MANDRILLS BKB_6159_20201216_id6159_feminf_(1).jpg;1
45;40;6159;MANDRILLS BKB_6159_20201216_id6159_feminf_(2).jpg;5
85;40;6159;MANDRILLS BKB_6159_20201216_id6159_feminf_(3).jpg;45
63;40;6159;MANDRILLS BKB_6159_20201216_id6159_feminf_(4).jpg;23
54;40;6159;MANDRILLS BKB_6159_20201216_id6159_feminf_(5).jpg;14
61;40;6159;MANDRILLS BKB_6159_20201216_id6159_feminf_(6).jpg;21
53;42;6159;MANDRILLS BKB_6159_20201218_id6159_feminf_(1).jpg;11
125;42;6159;MANDRILLS BKB_6159_20201218_id6159_feminf_(2).jpg;83
35;42;6159;MANDRILLS BKB_6159_20201218_id6159_feminf_(3).jpg;7
66;42;6159;MANDRILLS BKB_6159_20201218_id6159_feminf_(4).jpg;24
68;46;6159;MANDRILLS BKB_6159_20201222_id6159_feminf_(1).jpg;22
31;46;6159;MANDRILLS BKB_6159_20201222_id6159_feminf_(2).jpg;15
110;46;6159;MANDRILLS BKB_6159_20201222_id6159_feminf_(3).jpg;64
83;46;6159;MANDRILLS BKB_6159_20201222_id6159_feminf_(4).jpg;37
114;46;6159;MANDRILLS BKB_6159_20201222_id6159_feminf_(5).jpg;68
97;57;6159;MANDRILLS BKB_6159_20210102_id6159_feminf.jpg;40
52;59;6159;MANDRILLS BKB_6159_20210104_id6159_feminf_(1).jpg;7
67;59;6159;MANDRILLS BKB_6159_20210104_id6159_feminf_(2).jpg;8
65;59;6159;MANDRILLS BKB_6159_20210104_id6159_feminf_(3).jpg;6
73;59;6159;MANDRILLS BKB_6159_20210104_id6159_feminf_(4).jpg;14
97;76;6159;MANDRILLS BKB_6159_20210121_id6159_feminf_(1).jpg;21
69;76;6159;MANDRILLS BKB_6159_20210121_id6159_feminf_(2).jpg;7
82;76;6159;MANDRILLS BKB_6159_20210121_id6159_feminf_(3).jpg;6
81;76;6159;MANDRILLS BKB_6159_20210121_id6159_feminf_(4).jpg;5
152;76;6159;MANDRILLS BKB_6159_20210121_id6159_feminf_(5).jpg;76
99;76;6159;MANDRILLS BKB_6159_20210121_id6159_feminf_(6).jpg;23
57;83;6159;MANDRILLS BKB_6159_20210128_id6159_feminf_(1).jpg;26
74;83;6159;MANDRILLS BKB_6159_20210128_id6159_feminf_(2).jpg;9
64;83;6159;MANDRILLS BKB_6159_20210128_id6159_feminf_(3).jpg;19
78;83;6159;MANDRILLS BKB_6159_20210128_id6159_feminf_(4).jpg;5
65;83;6159;MANDRILLS BKB_6159_20210128_id6159_feminf_(5).jpg;18
70;92;6159;MANDRILLS BKB_6159_20210206_id6159_feminf.jpg;22
116;96;6159;MANDRILLS BKB_6159_20210210_id6159_feminf_(1).jpg;20
102;104;6159;MANDRILLS BKB_6159_20210218_id6159_feminf_(1).jpg;2
113;104;6159;MANDRILLS BKB_6159_20210218_id6159_feminf_(2).jpg;9
69;104;6159;MANDRILLS BKB_6159_20210218_id6159_feminf_(3).jpg;35
84;104;6159;MANDRILLS BKB_6159_20210218_id6159_feminf_(4).jpg;20
109;104;6159;MANDRILLS BKB_6159_20210218_id6159_feminf_(5).jpg;5
74;104;6159;MANDRILLS BKB_6159_20210218_id6159_feminf_(6).jpg;30
137;112;6159;MANDRILLS BKB_6159_20210226_id6159_feminf_(1).jpg;25
135;112;6159;MANDRILLS BKB_6159_20210226_id6159_feminf_(2).jpg;23
66;112;6159;MANDRILLS BKB_6159_20210226_id6159_feminf_(3).jpg;46
125;112;6159;MANDRILLS BKB_6159_20210226_id6159_feminf_(4).jpg;13
73;112;6159;MANDRILLS BKB_6159_20210226_id6159_feminf_(5).jpg;39
113;112;6159;MANDRILLS BKB_6159_20210226_id6159_feminf_(6).jpg;1
243;146;6159;MANDRILLS BKB_6159_20210401_id6159_feminf_(1).jpg;97
235;146;6159;MANDRILLS BKB_6159_20210401_id6159_feminf_(2).jpg;89
327;235;6159;MANDRILLS BKB_6159_20210629_id6159_feminf.jpg;92
313;257;6159;MANDRILLS BKB_6159_20210721_id6159_feminf_(2).jpg;56
400;350;6159;MANDRILLS BKB_6159_20211022_id6159_feminf_(1).jpg;50
493;350;6159;MANDRILLS BKB_6159_20211022_id6159_feminf_(2).jpg;143
391;350;6159;MANDRILLS BKB_6159_20211022_id6159_feminf_(3).jpg;41
350;350;6159;MANDRILLS BKB_6159_20211022_id6159_feminf_(4).jpg;0
449;350;6159;MANDRILLS BKB_6159_20211022_id6159_feminf_(5).jpg;99
427;352;6159;MANDRILLS BKB_6159_20211024_id6159_feminf_(1).jpg;75
500;352;6159;MANDRILLS BKB_6159_20211024_id6159_feminf_(2).jpg;148
410;352;6159;MANDRILLS BKB_6159_20211024_id6159_feminf_(3).jpg;58
399;367;6159;MANDRILLS BKB_6159_20211108_id6159_femjuv_(1).jpg;32
447;367;6159;MANDRILLS BKB_6159_20211108_id6159_femjuv_(2).jpg;80
451;367;6159;MANDRILLS BKB_6159_20211108_id6159_femjuv_(3).jpg;84
569;408;6159;MANDRILLS BKB_6159_20211219_id6159_femjuv.jpg;161
568;467;6159;MANDRILLS BKB_6159_20220216_id6159_femjuv (1).jpg;101
534;467;6159;MANDRILLS BKB_6159_20220216_id6159_femjuv (2).jpg;67
573;467;6159;MANDRILLS BKB_6159_20220216_id6159_femjuv (3).jpg;106
510;490;6159;MANDRILLS BKB_6159_20220311_id6159_femjuv.jpg;20
564;506;6159;MANDRILLS BKB_6159_20220327_id6159_femjuv.jpg;58
609;535;6159;MANDRILLS BKB_6159_20220425_id6159_femjuv.jpg;74
663;566;6159;MANDRILLS BKB_6159_20220526_id6159_femjuv (2).jpg;97
725;566;6159;MANDRILLS BKB_6159_20220526_id6159_femjuv (3).jpg;159
873;600;6159;MANDRILLS BKB_6159_20220629_id6159 (1).jpg;273
688;600;6159;MANDRILLS BKB_6159_20220629_id6159 (2).jpg;88
811;600;6159;MANDRILLS BKB_6159_20220629_id6159.jpg;211
657;615;6159;MANDRILLS BKB_6159_20220714_id6159_femjuv (1).jpg;42
733;615;6159;MANDRILLS BKB_6159_20220714_id6159_femjuv (2).jpg;118
876;617;6159;MANDRILLS BKB_6159_20220716_id6159_femadu.jpg;259
920;629;6159;MANDRILLS BKB_6159_20220728_id6159.jpg;291
838;633;6159;MANDRILLS BKB_6159_20220801_id6159 (1).jpg;205
702;633;6159;MANDRILLS BKB_6159_20220801_id6159 (2).jpg;69
729;633;6159;MANDRILLS BKB_6159_20220801_id6159 (3).jpg;96
690;634;6159;MANDRILLS BKB_6159_20220802_id6159 (1).jpg;56
731;634;6159;MANDRILLS BKB_6159_20220802_id6159 (2).jpg;97
689;634;6159;MANDRILLS BKB_6159_20220802_id6159 (3).jpg;55
801;658;6159;MANDRILLS BKB_6159_20220826_id6159.jpg;143
786;674;6159;MANDRILLS BKB_6159_20220911_id6159 (2).jpg;112
918;712;6159;MANDRILLS BKB_6159_20221019_id6159.jpg;206
1024;754;6159;MANDRILLS BKB_6159_20221130_id6159 (3).jpg;270
1166;754;6159;MANDRILLS BKB_6159_20221130_id6159 (4).jpg;412
811;754;6159;MANDRILLS BKB_6159_20221130_id6159.jpg;57
1045;764;6159;MANDRILLS BKB_6159_20221210_id6159.jpg;281
71;2;6161;MANDRILLS BKB_6161_20201213_id6161_malinf_(1).jpg;69
21;2;6161;MANDRILLS BKB_6161_20201213_id6161_malinf_(2).jpg;19
14;5;6161;MANDRILLS BKB_6161_20201216_id6161_malinf_(1).jpg;9
28;5;6161;MANDRILLS BKB_6161_20201216_id6161_malinf_(2).jpg;23
49;5;6161;MANDRILLS BKB_6161_20201216_id6161_malinf_(3).jpg;44
62;5;6161;MANDRILLS BKB_6161_20201216_id6161_malinf_(4).jpg;57
29;5;6161;MANDRILLS BKB_6161_20201216_id6161_malinf_(5).jpg;24
21;16;6161;MANDRILLS BKB_6161_20201227_id6161_malinf.jpg;5
16;19;6161;MANDRILLS BKB_6161_20201230_id6161_malinf_(1).jpg;3
36;19;6161;MANDRILLS BKB_6161_20201230_id6161_malinf_(2).jpg;17
41;19;6161;MANDRILLS BKB_6161_20201230_id6161_malinf_(3).jpg;22
27;19;6161;MANDRILLS BKB_6161_20201230_id6161_malinf_(4).jpg;8
40;19;6161;MANDRILLS BKB_6161_20201230_id6161_malinf_(5).jpg;21
38;20;6161;MANDRILLS BKB_6161_20201231_id6161_malinf.jpg;18
67;24;6161;MANDRILLS BKB_6161_20210104_id6161_malinf.jpg;43
29;33;6161;MANDRILLS BKB_6161_20210113_id6161_malinf_(1).jpg;4
14;33;6161;MANDRILLS BKB_6161_20210113_id6161_malinf_(2).jpg;19
72;33;6161;MANDRILLS BKB_6161_20210113_id6161_malinf_(3).jpg;39
24;33;6161;MANDRILLS BKB_6161_20210113_id6161_malinf_(4).jpg;9
11;33;6161;MANDRILLS BKB_6161_20210113_id6161_malinf_(5).jpg;22
24;33;6161;MANDRILLS BKB_6161_20210113_id6161_malinf_(6).jpg;9
60;36;6161;MANDRILLS BKB_6161_20210116_id6161_malinf_(1).jpg;24
52;36;6161;MANDRILLS BKB_6161_20210116_id6161_malinf_(2).jpg;16
108;50;6161;MANDRILLS BKB_6161_20210130_id6161_malinf_(1).jpg;58
57;50;6161;MANDRILLS BKB_6161_20210130_id6161_malinf_(2).jpg;7
74;50;6161;MANDRILLS BKB_6161_20210130_id6161_malinf_(3).jpg;24
60;69;6161;MANDRILLS BKB_6161_20210218_id6161_malinf_(1).jpg;9
87;69;6161;MANDRILLS BKB_6161_20210218_id6161_malinf_(2).jpg;18
70;69;6161;MANDRILLS BKB_6161_20210218_id6161_malinf_(3).jpg;1
103;69;6161;MANDRILLS BKB_6161_20210218_id6161_malinf_(4).jpg;34
89;69;6161;MANDRILLS BKB_6161_20210218_id6161_malinf_(5).jpg;20
113;69;6161;MANDRILLS BKB_6161_20210218_id6161_malinf_(6).jpg;44
86;69;6161;MANDRILLS BKB_6161_20210218_id6161_malinf_(7).jpg;17
89;69;6161;MANDRILLS BKB_6161_20210218_id6161_malinf_(8).jpg;20
87;77;6161;MANDRILLS BKB_6161_20210226_id6161_malinf_(1).jpg;10
88;77;6161;MANDRILLS BKB_6161_20210226_id6161_malinf_(2).jpg;11
86;77;6161;MANDRILLS BKB_6161_20210226_id6161_malinf_(3).jpg;9
123;77;6161;MANDRILLS BKB_6161_20210226_id6161_malinf_(4).jpg;46
113;77;6161;MANDRILLS BKB_6161_20210226_id6161_malinf_(5).jpg;36
110;77;6161;MANDRILLS BKB_6161_20210226_id6161_malinf_(6).jpg;33
94;77;6161;MANDRILLS BKB_6161_20210226_id6161_malinf_(7).jpg;17
107;80;6161;MANDRILLS BKB_6161_20210301_id6161_malinf_(1).jpg;27
124;80;6161;MANDRILLS BKB_6161_20210301_id6161_malinf_(2).jpg;44
83;80;6161;MANDRILLS BKB_6161_20210301_id6161_malinf_(3).jpg;3
143;87;6161;MANDRILLS BKB_6161_20210308_id6161_malinf_(1).jpg;56
117;87;6161;MANDRILLS BKB_6161_20210308_id6161_malinf_(2).jpg;30
160;104;6161;MANDRILLS BKB_6161_20210325_id6161_malinf.jpg;56
145;108;6161;MANDRILLS BKB_6161_20210329_id6161_malinf.jpg;37
106;111;6161;MANDRILLS BKB_6161_20210401_id6161_malinf_(1).jpg;5
75;111;6161;MANDRILLS BKB_6161_20210401_id6161_malinf_(2).jpg;36
123;112;6161;MANDRILLS BKB_6161_20210402_id6161_malinf_(1).jpg;11
101;112;6161;MANDRILLS BKB_6161_20210402_id6161_malinf_(2).jpg;11
93;112;6161;MANDRILLS BKB_6161_20210402_id6161_malinf_(3).jpg;19
155;112;6161;MANDRILLS BKB_6161_20210402_id6161_malinf_(4).jpg;43
111;112;6161;MANDRILLS BKB_6161_20210402_id6161_malinf_(5).jpg;1
120;112;6161;MANDRILLS BKB_6161_20210402_id6161_malinf_(6).jpg;8
167;115;6161;MANDRILLS BKB_6161_20210405_id6161_malinf_(1).jpg;52
169;115;6161;MANDRILLS BKB_6161_20210405_id6161_malinf_(2).jpg;54
149;115;6161;MANDRILLS BKB_6161_20210405_id6161_malinf_(3).jpg;34
136;120;6161;MANDRILLS BKB_6161_20210410_id6161_malinf_(2).jpg;16
402;301;6161;MANDRILLS BKB_6161_20211008_id6161_malinf_(1).jpg;101
363;301;6161;MANDRILLS BKB_6161_20211008_id6161_malinf_(2).jpg;62
349;317;6161;MANDRILLS BKB_6161_20211024_id6161_malinf_(1).jpg;32
345;317;6161;MANDRILLS BKB_6161_20211024_id6161_malinf_(3).jpg;28
426;330;6161;MANDRILLS BKB_6161_20211106_id6161_malinf_(1).jpg;96
405;411;6161;MANDRILLS BKB_6161_20220126_id6161.jpg;6
464;451;6161;MANDRILLS BKB_6161_20220307_id6161_maljuv (1).jpg;13
472;451;6161;MANDRILLS BKB_6161_20220307_id6161_maljuv (2).jpg;21
578;451;6161;MANDRILLS BKB_6161_20220307_id6161_maljuv (3).jpg;127
471;451;6161;MANDRILLS BKB_6161_20220307_id6161_maljuv (4).jpg;20
450;455;6161;MANDRILLS BKB_6161_20220311_id6161_maljuv.jpg;5
485;463;6161;MANDRILLS BKB_6161_20220319_id6161_juvmal (1).jpg;22
499;463;6161;MANDRILLS BKB_6161_20220319_id6161_juvmal (2).jpg;36
537;485;6161;MANDRILLS BKB_6161_20220410_id6161_maljuv.jpg;52
796;508;6161;MANDRILLS BKB_6161_20220503_id6161_maljuv.jpg;288
528;514;6161;MANDRILLS BKB_6161_20220509_id6161_maljuv.jpg;14
472;516;6161;MANDRILLS BKB_6161_20220511_id6161_maljuv (1).jpg;44
538;516;6161;MANDRILLS BKB_6161_20220511_id6161_maljuv (2).jpg;22
552;521;6161;MANDRILLS BKB_6161_20220516_id6161_maljuv (1).jpg;31
486;521;6161;MANDRILLS BKB_6161_20220516_id6161_maljuv (2).jpg;35
599;543;6161;MANDRILLS BKB_6161_20220607_id6161_maljuv.jpg;56
501;565;6161;MANDRILLS BKB_6161_20220629_id6161 (1).jpg;64
653;565;6161;MANDRILLS BKB_6161_20220629_id6161 (2).jpg;88
626;565;6161;MANDRILLS BKB_6161_20220629_id6161 (3).jpg;61
543;565;6161;MANDRILLS BKB_6161_20220629_id6161 (4).jpg;22
577;565;6161;MANDRILLS BKB_6161_20220629_id6161 (5).jpg;12
576;565;6161;MANDRILLS BKB_6161_20220629_id6161 (6).jpg;11
606;565;6161;MANDRILLS BKB_6161_20220629_id6161 (7).jpg;41
560;567;6161;MANDRILLS BKB_6161_20220701_id6161.jpg;7
687;569;6161;MANDRILLS BKB_6161_20220703_id6161 (1).jpg;118
731;569;6161;MANDRILLS BKB_6161_20220703_id6161 (2).jpg;162
623;572;6161;MANDRILLS BKB_6161_20220706_id6161 (1).jpg;51
630;572;6161;MANDRILLS BKB_6161_20220706_id6161 (2).jpg;58
670;595;6161;MANDRILLS BKB_6161_20220729_id6161.jpg;75
584;609;6161;MANDRILLS BKB_6161_20220812_id6161.jpg;25
676;623;6161;MANDRILLS BKB_6161_20220826_id6161 (1).jpg;53
620;623;6161;MANDRILLS BKB_6161_20220826_id6161 (2).jpg;3
695;633;6161;MANDRILLS BKB_6161_20220905_id6161 (1).jpg;62
696;633;6161;MANDRILLS BKB_6161_20220905_id6161 (2).jpg;63
663;633;6161;MANDRILLS BKB_6161_20220905_id6161 (3).jpg;30
786;633;6161;MANDRILLS BKB_6161_20220905_id6161.jpg;153
723;640;6161;MANDRILLS BKB_6161_20220912_id6161 (1).jpg;83
746;640;6161;MANDRILLS BKB_6161_20220912_id6161 (2).jpg;106
648;640;6161;MANDRILLS BKB_6161_20220912_id6161.jpg;8
779;652;6161;MANDRILLS BKB_6161_20220924_id6161.jpg;127
745;689;6161;MANDRILLS BKB_6161_20221031_id6161.jpg;56
814;719;6161;MANDRILLS BKB_6161_20221130_id6161 (1).jpg;95
781;719;6161;MANDRILLS BKB_6161_20221130_id6161 (2).jpg;62
635;719;6161;MANDRILLS BKB_6161_20221130_id6161 (4).jpg;84
915;743;6161;MANDRILLS BKB_6161_20221224_id6161.jpg;172
27;1;6164;MANDRILLS BKB_6164_20210401_id6164_malinf_(1).jpg;26
38;1;6164;MANDRILLS BKB_6164_20210401_id6164_malinf_(2).jpg;37
-31;2;6164;MANDRILLS BKB_6164_20210402_id6164_malinf_(1).jpg;33
-23;2;6164;MANDRILLS BKB_6164_20210402_id6164_malinf_(2).jpg;25
-7;20;6164;MANDRILLS BKB_6164_20210420_id6164_malinf_(1).jpg;27
47;20;6164;MANDRILLS BKB_6164_20210420_id6164_malinf_(2).jpg;27
36;20;6164;MANDRILLS BKB_6164_20210420_id6164_malinf_(3).jpg;16
38;20;6164;MANDRILLS BKB_6164_20210420_id6164_malinf_(4).jpg;18
49;20;6164;MANDRILLS BKB_6164_20210420_id6164_malinf_(5).jpg;29
31;23;6164;MANDRILLS BKB_6164_20210423_id6164_malinf_(1).jpg;8
30;23;6164;MANDRILLS BKB_6164_20210423_id6164_malinf_(2).jpg;7
87;23;6164;MANDRILLS BKB_6164_20210423_id6164_malinf_(3).jpg;64
29;23;6164;MANDRILLS BKB_6164_20210423_id6164_malinf_(4).jpg;6
30;23;6164;MANDRILLS BKB_6164_20210423_id6164_malinf_(5).jpg;7
255;188;6164;MANDRILLS BKB_6164_20211005_id6164_malinf_(1).jpg;67
213;188;6164;MANDRILLS BKB_6164_20211005_id6164_malinf_(2).jpg;25
256;188;6164;MANDRILLS BKB_6164_20211005_id6164_malinf_(3).jpg;68
257;205;6164;MANDRILLS BKB_6164_20211022_id6164_malinf_(1).jpg;52
219;205;6164;MANDRILLS BKB_6164_20211022_id6164_malinf_(2).jpg;14
281;222;6164;MANDRILLS BKB_6164_20211108_id6164_malinf_(1).jpg;59
268;222;6164;MANDRILLS BKB_6164_20211108_id6164_malinf_(10).jpg;46
428;222;6164;MANDRILLS BKB_6164_20211108_id6164_malinf_(11).jpg;206
392;222;6164;MANDRILLS BKB_6164_20211108_id6164_malinf_(12).jpg;170
273;222;6164;MANDRILLS BKB_6164_20211108_id6164_malinf_(13).jpg;51
452;222;6164;MANDRILLS BKB_6164_20211108_id6164_malinf_(14).jpg;230
246;222;6164;MANDRILLS BKB_6164_20211108_id6164_malinf_(2).jpg;24
248;222;6164;MANDRILLS BKB_6164_20211108_id6164_malinf_(3).jpg;26
267;222;6164;MANDRILLS BKB_6164_20211108_id6164_malinf_(4).jpg;45
264;222;6164;MANDRILLS BKB_6164_20211108_id6164_malinf_(6).jpg;42
267;222;6164;MANDRILLS BKB_6164_20211108_id6164_malinf_(7).jpg;45
341;307;6164;MANDRILLS BKB_6164_20220201_id6164_malinf (2).jpg;34
307;307;6164;MANDRILLS BKB_6164_20220201_id6164_malinf (3).jpg;0
395;307;6164;MANDRILLS BKB_6164_20220201_id6164_malinf (4).jpg;88
367;307;6164;MANDRILLS BKB_6164_20220201_id6164_malinf (5).jpg;60
383;307;6164;MANDRILLS BKB_6164_20220201_id6164_malinf (6).jpg;76
348;307;6164;MANDRILLS BKB_6164_20220201_id6164_malinf (7).jpg;41
388;307;6164;MANDRILLS BKB_6164_20220201_id6164_malinf (8).jpg;81
337;307;6164;MANDRILLS BKB_6164_20220201_id6164_malinf (9).jpg;30
404;345;6164;MANDRILLS BKB_6164_20220311_id6164_malinf (1).jpg;59
471;345;6164;MANDRILLS BKB_6164_20220311_id6164_malinf (2).jpg;126
392;345;6164;MANDRILLS BKB_6164_20220311_id6164_malinf (3).jpg;47
430;345;6164;MANDRILLS BKB_6164_20220311_id6164_malinf (4).jpg;85
469;345;6164;MANDRILLS BKB_6164_20220311_id6164_malinf (5).jpg;124
413;345;6164;MANDRILLS BKB_6164_20220311_id6164_malinf.jpg;68
303;353;6164;MANDRILLS BKB_6164_20220319_id6164_malinf.jpg;50
425;358;6164;MANDRILLS BKB_6164_20220324_id6164_malinf (1).jpg;67
389;358;6164;MANDRILLS BKB_6164_20220324_id6164_malinf (2).jpg;31
408;358;6164;MANDRILLS BKB_6164_20220324_id6164_malinf (4).jpg;50
359;361;6164;MANDRILLS BKB_6164_20220327_id6164_malinf.jpg;2
368;363;6164;MANDRILLS BKB_6164_20220329_id6164_malinf.jpg;5
408;391;6164;MANDRILLS BKB_6164_20220426_id6164_maljuv (1).jpg;17
394;391;6164;MANDRILLS BKB_6164_20220426_id6164_maljuv (2).jpg;3
432;404;6164;MANDRILLS BKB_6164_20220509_id6164_maljuv (1).jpg;28
418;404;6164;MANDRILLS BKB_6164_20220509_id6164_maljuv (2).jpg;14
387;404;6164;MANDRILLS BKB_6164_20220509_id6164_maljuv (3).jpg;17
404;404;6164;MANDRILLS BKB_6164_20220509_id6164_maljuv.jpg;0
412;413;6164;MANDRILLS BKB_6164_20220518_id6164_maljuv (1).jpg;1
483;413;6164;MANDRILLS BKB_6164_20220518_id6164_maljuv (2).jpg;70
380;413;6164;MANDRILLS BKB_6164_20220518_id6164_maljuv (3).jpg;33
415;413;6164;MANDRILLS BKB_6164_20220518_id6164_maljuv (4).jpg;2
367;413;6164;MANDRILLS BKB_6164_20220518_id6164_maljuv (5).jpg;46
354;413;6164;MANDRILLS BKB_6164_20220518_id6164_maljuv (6).jpg;59
478;428;6164;MANDRILLS BKB_6164_20220602_id6164_maljuv.jpg;50
366;429;6164;MANDRILLS BKB_6164_20220603_id6164_maljuv (3).jpg;63
457;429;6164;MANDRILLS BKB_6164_20220603_id6164_maljuv (4).jpg;28
250;429;6164;MANDRILLS BKB_6164_20220603_id6164_maljuv (5).jpg;179
493;432;6164;MANDRILLS BKB_6164_20220606_id6164_amaljuv.jpg;61
444;432;6164;MANDRILLS BKB_6164_20220606_id6164_maljuv.jpg;12
482;447;6164;MANDRILLS BKB_6164_20220621_id6164_maljuv (1).jpg;35
375;447;6164;MANDRILLS BKB_6164_20220621_id6164_maljuv (2).jpg;72
405;447;6164;MANDRILLS BKB_6164_20220621_id6164_maljuv.jpg;42
452;455;6164;MANDRILLS BKB_6164_20220629_id6164.jpg;3
509;457;6164;MANDRILLS BKB_6164_20220701_id6164 (1).jpg;52
451;457;6164;MANDRILLS BKB_6164_20220701_id6164 (2).jpg;6
551;488;6164;MANDRILLS BKB_6164_20220801_id6164.jpg;63
482;490;6164;MANDRILLS BKB_6164_20220803_id6164 (1).jpg;8
720;490;6164;MANDRILLS BKB_6164_20220803_id6164 (2).jpg;230
512;490;6164;MANDRILLS BKB_6164_20220803_id6164 (3).jpg;22
436;490;6164;MANDRILLS BKB_6164_20220803_id6164 (4).jpg;54
488;490;6164;MANDRILLS BKB_6164_20220803_id6164 (5).jpg;2
550;499;6164;MANDRILLS BKB_6164_20220812_id6164.jpg;51
526;510;6164;MANDRILLS BKB_6164_20220823_id6164.jpg;16
513;529;6164;MANDRILLS BKB_6164_20220911_id6164 (1).jpg;16
563;529;6164;MANDRILLS BKB_6164_20220911_id6164 (2).jpg;34
521;579;6164;MANDRILLS BKB_6164_20221031_id6164.jpg;58
82;0;6169;MANDRILLS BKB_6169_20210405_id6169_feminf.jpg;82
36;18;6169;MANDRILLS BKB_6169_20210423_id6169_feminf_(1).jpg;18
0;18;6169;MANDRILLS BKB_6169_20210423_id6169_feminf_(2).jpg;18
342;185;6169;MANDRILLS BKB_6169_20211007_id6169_feminf_(1).jpg;157
276;185;6169;MANDRILLS BKB_6169_20211007_id6169_feminf_(2).jpg;91
301;202;6169;MANDRILLS BKB_6169_20211024_id6169_feminf_(2).jpg;99
345;202;6169;MANDRILLS BKB_6169_20211024_id6169_feminf_(3).jpg;143
220;207;6169;MANDRILLS BKB_6169_20211029_id6169_feminf.jpg;13
364;217;6169;MANDRILLS BKB_6169_20211108_id6169_feminf_(1).jpg;147
342;217;6169;MANDRILLS BKB_6169_20211108_id6169_feminf_(2).jpg;125
265;217;6169;MANDRILLS BKB_6169_20211108_id6169_feminf_(3).jpg;48
310;217;6169;MANDRILLS BKB_6169_20211108_id6169_feminf_(4).jpg;93
271;217;6169;MANDRILLS BKB_6169_20211108_id6169_feminf_(5).jpg;54
456;309;6169;MANDRILLS BKB_6169_20220208_id6169feminf (1).jpg;147
454;309;6169;MANDRILLS BKB_6169_20220208_id6169feminf (2).jpg;145
515;333;6169;MANDRILLS BKB_6169_20220304_id6169_feminf (1).jpg;182
503;333;6169;MANDRILLS BKB_6169_20220304_id6169_feminf (2).jpg;170
366;340;6169;MANDRILLS BKB_6169_20220311_id6169_feminf (1).jpg;26
443;340;6169;MANDRILLS BKB_6169_20220311_id6169_feminf (2).jpg;103
475;340;6169;MANDRILLS BKB_6169_20220311_id6169_feminf (3).jpg;135
440;340;6169;MANDRILLS BKB_6169_20220311_id6169_feminf (4).jpg;100
438;340;6169;MANDRILLS BKB_6169_20220311_id6169_feminf (6).jpg;98
472;356;6169;MANDRILLS BKB_6169_20220327_id6169_feminf (1).jpg;116
489;356;6169;MANDRILLS BKB_6169_20220327_id6169_feminf (2).jpg;133
760;356;6169;MANDRILLS BKB_6169_20220327_id6169_feminf (3).jpg;404
575;356;6169;MANDRILLS BKB_6169_20220327_id6169_feminf.jpg;219
427;358;6169;MANDRILLS BKB_6169_20220329_id6169_feminf (1).jpg;69
459;358;6169;MANDRILLS BKB_6169_20220329_id6169_feminf (2).jpg;101
490;358;6169;MANDRILLS BKB_6169_20220329_id6169_feminf (3).jpg;132
552;361;6169;MANDRILLS BKB_6169_20220401_id6169_feminf (1).jpg;191
488;361;6169;MANDRILLS BKB_6169_20220401_id6169_feminf (2).jpg;127
552;364;6169;MANDRILLS BKB_6169_20220404_id6169_feminf.jpg;188
515;385;6169;MANDRILLS BKB_6169_20220425_id6169_femjuv (1).jpg;130
516;385;6169;MANDRILLS BKB_6169_20220425_id6169_femjuv (2).jpg;131
515;385;6169;MANDRILLS BKB_6169_20220425_id6169_femjuv (3).jpg;130
579;385;6169;MANDRILLS BKB_6169_20220425_id6169_femjuv (4).jpg;194
515;385;6169;MANDRILLS BKB_6169_20220425_id6169_femjuv (5).jpg;130
537;385;6169;MANDRILLS BKB_6169_20220425_id6169_femjuv.jpg;152
558;406;6169;MANDRILLS BKB_6169_20220516_id6169_femjuv.jpg;152
657;408;6169;MANDRILLS BKB_6169_20220518_id6169_femjuv.jpg;249
809;420;6169;MANDRILLS BKB_6169_20220530_id6169_femjuv (2).jpg;389
498;450;6169;MANDRILLS BKB_6169_20220629_id6169 (1).jpg;48
758;450;6169;MANDRILLS BKB_6169_20220629_id6169 (2).jpg;308
585;450;6169;MANDRILLS BKB_6169_20220629_id6169 (3).jpg;135
667;450;6169;MANDRILLS BKB_6169_20220629_id6169 (4).jpg;217
530;450;6169;MANDRILLS BKB_6169_20220629_id6169 (5).jpg;80
586;456;6169;MANDRILLS BKB_6169_20220705_id6169 (2).jpg;130
745;456;6169;MANDRILLS BKB_6169_20220705_id6169 (3).jpg;289
645;456;6169;MANDRILLS BKB_6169_20220705_id6169.jpg;189
554;465;6169;MANDRILLS BKB_6169_20220714_id6169.jpg;89
656;465;6169;MANDRILLS BKB_6169_20220714_id6169_femjuv (1).jpg;191
543;465;6169;MANDRILLS BKB_6169_20220714_id6169_femjuv (5).jpg;78
574;465;6169;MANDRILLS BKB_6169_20220714_id6169_femjuv (6).jpg;109
808;467;6169;MANDRILLS BKB_6169_20220716_id6169_femjuv (1).jpg;341
604;467;6169;MANDRILLS BKB_6169_20220716_id6169_femjuv (2).jpg;137
744;472;6169;MANDRILLS BKB_6169_20220721_id6169 (1).jpg;272
828;472;6169;MANDRILLS BKB_6169_20220721_id6169 (3).jpg;356
713;476;6169;MANDRILLS BKB_6169_20220725_id6169 (2).jpg;237
640;476;6169;MANDRILLS BKB_6169_20220725_id6169.jpg;164
28;30;6179;MANDRILLS BKB_6179_20210401_id6179_feminf.jpg;2
41;31;6179;MANDRILLS BKB_6179_20210402_id6179_feminf.jpg;10
130;91;6179;MANDRILLS BKB_6179_20210601_id6179_feminf.jpg;39
111;94;6179;MANDRILLS BKB_6179_20210604_id6179_feminf.jpg;17
129;111;6179;MANDRILLS BKB_6179_20210621_id6179_feminf_(1).jpg;18
149;111;6179;MANDRILLS BKB_6179_20210621_id6179_feminf_(2).jpg;38
290;215;6179;MANDRILLS BKB_6179_20211003_id6179_feminf_(1).jpg;75
310;215;6179;MANDRILLS BKB_6179_20211003_id6179_feminf_(2).jpg;95
217;217;6179;MANDRILLS BKB_6179_20211005_id6179_feminf_(1).jpg;0
241;217;6179;MANDRILLS BKB_6179_20211005_id6179_feminf_(2).jpg;24
373;262;6179;MANDRILLS BKB_6179_20211119_id6179_feminf_(1).jpg;111
276;262;6179;MANDRILLS BKB_6179_20211119_id6179_feminf_(2).jpg;14
315;262;6179;MANDRILLS BKB_6179_20211119_id6179_feminf_(3).jpg;53
355;262;6179;MANDRILLS BKB_6179_20211119_id6179_feminf_(4).jpg;93
527;262;6179;MANDRILLS BKB_6179_20211119_id6179_feminf_(5).jpg;265
398;262;6179;MANDRILLS BKB_6179_20211119_id6179_feminf_(6).jpg;136
331;262;6179;MANDRILLS BKB_6179_20211119_id6179_feminf_(7).jpg;69
310;262;6179;MANDRILLS BKB_6179_20211119_id6179_feminf_(8).jpg;48
345;265;6179;MANDRILLS BKB_6179_20211122_id6179_feminf.jpg;80
315;286;6179;MANDRILLS BKB_6179_20211213_id6179_feminf.jpg;29
552;324;6179;MANDRILLS BKB_6179_20220120_id6179 (2).jpg;228
375;324;6179;MANDRILLS BKB_6179_20220120_id6179.jpg;51
410;352;6179;MANDRILLS BKB_6179_20220217_id6179_feminf.jpg;58
391;356;6179;MANDRILLS BKB_6179_20220221_id6179_feminf (1).jpg;35
339;356;6179;MANDRILLS BKB_6179_20220221_id6179_feminf (2).jpg;17
314;367;6179;MANDRILLS BKB_6179_20220304_id6179_fem_juv (1).jpg;53
375;367;6179;MANDRILLS BKB_6179_20220304_id6179_fem_juv (2).jpg;8
346;367;6179;MANDRILLS BKB_6179_20220304_id6179_fem_juv (3).jpg;21
350;367;6179;MANDRILLS BKB_6179_20220304_id6179_fem_juv (4).jpg;17
404;370;6179;MANDRILLS BKB_6179_20220307_id6179_femjuv (1).jpg;34
382;370;6179;MANDRILLS BKB_6179_20220307_id6179_femjuv (2).jpg;12
373;370;6179;MANDRILLS BKB_6179_20220307_id6179_femjuv (3).jpg;3
376;370;6179;MANDRILLS BKB_6179_20220307_id6179_femjuv (4).jpg;6
335;370;6179;MANDRILLS BKB_6179_20220307_id6179_femjuv (5).jpg;35
477;387;6179;MANDRILLS BKB_6179_20220324_id6179_femjuv (1).jpg;90
371;387;6179;MANDRILLS BKB_6179_20220324_id6179_femjuv (2).jpg;16
367;387;6179;MANDRILLS BKB_6179_20220324_id6179_femjuv.jpg;20
404;398;6179;MANDRILLS BKB_6179_20220404_id6179_femjuv.jpg;6
441;456;6179;MANDRILLS BKB_6179_20220601_id6179_femjuv.jpg;15
428;479;6179;MANDRILLS BKB_6179_20220624_id6179_femjuv (1).jpg;51
417;479;6179;MANDRILLS BKB_6179_20220624_id6179_femjuv (2).jpg;62
542;499;6179;MANDRILLS BKB_6179_20220714_id6179_femjuv (1).jpg;43
583;499;6179;MANDRILLS BKB_6179_20220714_id6179_femjuv (2).jpg;84
528;499;6179;MANDRILLS BKB_6179_20220714_id6179_femjuv.jpg;29
505;510;6179;MANDRILLS BKB_6179_20220725_id6179 (2).jpg;5
448;510;6179;MANDRILLS BKB_6179_20220725_id6179.jpg;62
590;543;6179;MANDRILLS BKB_6179_20220827_id6179.jpg;47
509;551;6179;MANDRILLS BKB_6179_20220904_id6179.jpg;42
471;555;6179;MANDRILLS BKB_6179_20220908_id6179 (1).jpg;84
756;555;6179;MANDRILLS BKB_6179_20220908_id6179 (2).jpg;201
563;556;6179;MANDRILLS BKB_6179_20220909_id6179.jpg;7
584;564;6179;MANDRILLS BKB_6179_20220917_id6179.jpg;20
717;598;6179;MANDRILLS BKB_6179_20221021_id6179.jpg;119
599;604;6179;MANDRILLS BKB_6179_20221027_id6179 (1).jpg;5
773;604;6179;MANDRILLS BKB_6179_20221027_id6179 (2).jpg;169
603;607;6179;MANDRILLS BKB_6179_20221030_id6179.jpg;4
605;638;6179;MANDRILLS BKB_6179_20221130_id6179 (1).jpg;33
725;638;6179;MANDRILLS BKB_6179_20221130_id6179 (2).jpg;87
-33;0;7018;MANDRILLS BKB_7018_20211110_id7018_feminf_(1).jpg;33
-25;0;7018;MANDRILLS BKB_7018_20211110_id7018_feminf_(10).jpg;25
-41;0;7018;MANDRILLS BKB_7018_20211110_id7018_feminf_(11).jpg;41
-24;0;7018;MANDRILLS BKB_7018_20211110_id7018_feminf_(2).jpg;24
-46;0;7018;MANDRILLS BKB_7018_20211110_id7018_feminf_(3).jpg;46
-23;0;7018;MANDRILLS BKB_7018_20211110_id7018_feminf_(4).jpg;23
-41;0;7018;MANDRILLS BKB_7018_20211110_id7018_feminf_(5).jpg;41
-19;0;7018;MANDRILLS BKB_7018_20211110_id7018_feminf_(6).jpg;19
-19;0;7018;MANDRILLS BKB_7018_20211110_id7018_feminf_(7).jpg;19
-16;0;7018;MANDRILLS BKB_7018_20211110_id7018_feminf_(8).jpg;16
-22;0;7018;MANDRILLS BKB_7018_20211110_id7018_feminf_(9).jpg;22
-14;11;7018;MANDRILLS BKB_7018_20211121_id7018_feminf_(1).jpg;25
7;11;7018;MANDRILLS BKB_7018_20211121_id7018_feminf_(2).jpg;4
17;11;7018;MANDRILLS BKB_7018_20211121_id7018_feminf_(3).jpg;6
0;11;7018;MANDRILLS BKB_7018_20211121_id7018_feminf_(4).jpg;11
19;11;7018;MANDRILLS BKB_7018_20211121_id7018_feminf_(5).jpg;8
10;11;7018;MANDRILLS BKB_7018_20211121_id7018_feminf_(6).jpg;1
21;11;7018;MANDRILLS BKB_7018_20211121_id7018_feminf_(7).jpg;10
19;11;7018;MANDRILLS BKB_7018_20211121_id7018_feminf_(8).jpg;8
11;11;7018;MANDRILLS BKB_7018_20211121_id7018_feminf_(9).jpg;0
64;39;7018;MANDRILLS BKB_7018_20211219_id7018_feminf.jpg;25
63;46;7018;MANDRILLS BKB_7018_20211226_id7018_feminf_(1).jpg;17
76;46;7018;MANDRILLS BKB_7018_20211226_id7018_feminf_(2).jpg;30
118;83;7018;MANDRILLS BKB_7018_20220201_id7018_feminf (1).jpg;35
108;83;7018;MANDRILLS BKB_7018_20220201_id7018_feminf (2).jpg;25
99;83;7018;MANDRILLS BKB_7018_20220201_id7018_feminf (3).jpg;16
189;90;7018;MANDRILLS BKB_7018_20220208_id7018_feminf.jpg;99
150;98;7018;MANDRILLS BKB_7018_20220216_id7018_feminf (1).jpg;52
137;98;7018;MANDRILLS BKB_7018_20220216_id7018_feminf (2).jpg;39
139;98;7018;MANDRILLS BKB_7018_20220216_id7018_feminf (3).jpg;41
324;121;7018;MANDRILLS BKB_7018_20220311_id7018_feminf (1).jpg;203
147;121;7018;MANDRILLS BKB_7018_20220311_id7018_feminf (2).jpg;26
271;129;7018;MANDRILLS BKB_7018_20220319_id7018_feminf (1).jpg;142
229;129;7018;MANDRILLS BKB_7018_20220319_id7018_feminf (2).jpg;100
264;129;7018;MANDRILLS BKB_7018_20220319_id7018_feminf (3).jpg;135
214;137;7018;MANDRILLS BKB_7018_20220327_id7018_feminf (1).jpg;77
192;137;7018;MANDRILLS BKB_7018_20220327_id7018_feminf (2).jpg;55
243;137;7018;MANDRILLS BKB_7018_20220327_id7018_feminf (3).jpg;106
270;137;7018;MANDRILLS BKB_7018_20220327_id7018_feminf (5).jpg;133
214;137;7018;MANDRILLS BKB_7018_20220327_id7018_feminf.jpg;77
312;195;7018;MANDRILLS BKB_7018_20220524_id7018_feminf (1).jpg;117
270;195;7018;MANDRILLS BKB_7018_20220524_id7018_feminf (2).jpg;75
285;195;7018;MANDRILLS BKB_7018_20220524_id7018_feminf (3).jpg;90
314;195;7018;MANDRILLS BKB_7018_20220524_id7018_feminf (4).jpg;119
257;200;7018;MANDRILLS BKB_7018_20220529_id7018_feminf (1).jpg;57
311;200;7018;MANDRILLS BKB_7018_20220529_id7018_feminf (2).jpg;111
420;204;7018;MANDRILLS BKB_7018_20220602_id7018_feminf (2).jpg;216
413;204;7018;MANDRILLS BKB_7018_20220602_id7018_feminf.jpg;209
296;226;7018;MANDRILLS BKB_7018_20220624_id7018_feminf (1).jpg;70
300;226;7018;MANDRILLS BKB_7018_20220624_id7018_feminf (10).jpg;74
303;226;7018;MANDRILLS BKB_7018_20220624_id7018_feminf (2).jpg;77
269;226;7018;MANDRILLS BKB_7018_20220624_id7018_feminf (3).jpg;43
294;226;7018;MANDRILLS BKB_7018_20220624_id7018_feminf (4).jpg;68
269;226;7018;MANDRILLS BKB_7018_20220624_id7018_feminf (5).jpg;43
311;226;7018;MANDRILLS BKB_7018_20220624_id7018_feminf (6).jpg;85
265;226;7018;MANDRILLS BKB_7018_20220624_id7018_feminf (7).jpg;39
276;226;7018;MANDRILLS BKB_7018_20220624_id7018_feminf (8).jpg;50
334;226;7018;MANDRILLS BKB_7018_20220624_id7018_feminf (9).jpg;108
262;246;7018;MANDRILLS BKB_7018_20220714_id7018_feminf (1).jpg;16
357;246;7018;MANDRILLS BKB_7018_20220714_id7018_feminf (3).jpg;111
290;248;7018;MANDRILLS BKB_7018_20220716_id7018 (1).jpg;42
424;248;7018;MANDRILLS BKB_7018_20220716_id7018 (2).jpg;176
287;250;7018;MANDRILLS BKB_7018_20220718_id7018 (2).jpg;37
331;250;7018;MANDRILLS BKB_7018_20220718_id7018.jpg;81
322;272;7018;MANDRILLS BKB_7018_20220809_id7018 (1).jpg;50
429;272;7018;MANDRILLS BKB_7018_20220809_id7018 (2).jpg;157
319;275;7018;MANDRILLS BKB_7018_20220812_id7018.jpg;44
427;298;7018;MANDRILLS BKB_7018_20220904_id7018 (1).jpg;129
447;298;7018;MANDRILLS BKB_7018_20220904_id7018 (2).jpg;149
432;298;7018;MANDRILLS BKB_7018_20220904_id7018 (3).jpg;134
411;298;7018;MANDRILLS BKB_7018_20220904_id7018 (4).jpg;113
592;312;7018;MANDRILLS BKB_7018_20220918_id7018 (1).jpg;280
459;312;7018;MANDRILLS BKB_7018_20220918_id7018 (2).jpg;147
437;312;7018;MANDRILLS BKB_7018_20220918_id7018 (3).jpg;125
338;322;7018;MANDRILLS BKB_7018_20220928_id7018.jpg;16
449;343;7018;MANDRILLS BKB_7018_20221019_id7018.jpg;106
460;345;7018;MANDRILLS BKB_7018_20221021_id7018 (1).jpg;115
422;354;7018;MANDRILLS BKB_7018_20221030_id7018 (1).jpg;68
334;354;7018;MANDRILLS BKB_7018_20221030_id7018 (2).jpg;20
393;354;7018;MANDRILLS BKB_7018_20221030_id7018 (3).jpg;39
481;354;7018;MANDRILLS BKB_7018_20221030_id7018 (4).jpg;127
471;355;7018;MANDRILLS BKB_7018_20221031_id7018.jpg;116
450;385;7018;MANDRILLS BKB_7018_20221130_id7018.jpg;65
43;4;7093;MANDRILLS BKB_7093_20211226_id7093_malinf_(1).jpg;39
26;41;7093;MANDRILLS BKB_7093_20220201_id7093_malinf (1).jpg;15
44;41;7093;MANDRILLS BKB_7093_20220201_id7093_malinf (2).jpg;3
44;41;7093;MANDRILLS BKB_7093_20220201_id7093_malinf (3).jpg;3
53;41;7093;MANDRILLS BKB_7093_20220201_id7093_malinf (4).jpg;12
84;41;7093;MANDRILLS BKB_7093_20220201_id7093_malinf (5).jpg;43
36;41;7093;MANDRILLS BKB_7093_20220201_id7093_malinf (6).jpg;5
20;41;7093;MANDRILLS BKB_7093_20220201_id7093_malinf (7).jpg;21
53;41;7093;MANDRILLS BKB_7093_20220201_id7093_malinf (8).jpg;12
36;41;7093;MANDRILLS BKB_7093_20220201_id7093_malinf.jpg;5
104;56;7093;MANDRILLS BKB_7093_20220216_id7093_malinf (1).jpg;48
92;56;7093;MANDRILLS BKB_7093_20220216_id7093_malinf (10).jpg;36
49;56;7093;MANDRILLS BKB_7093_20220216_id7093_malinf (2).jpg;7
53;56;7093;MANDRILLS BKB_7093_20220216_id7093_malinf (3).jpg;3
63;56;7093;MANDRILLS BKB_7093_20220216_id7093_malinf (4).jpg;7
76;56;7093;MANDRILLS BKB_7093_20220216_id7093_malinf (5).jpg;20
86;56;7093;MANDRILLS BKB_7093_20220216_id7093_malinf (6).jpg;30
75;56;7093;MANDRILLS BKB_7093_20220216_id7093_malinf (7).jpg;19
89;56;7093;MANDRILLS BKB_7093_20220216_id7093_malinf (8).jpg;33
69;56;7093;MANDRILLS BKB_7093_20220216_id7093_malinf (9).jpg;13
45;56;7093;MANDRILLS BKB_7093_20220216_id7093_malinf.jpg;11
52;66;7093;MANDRILLS BKB_7093_20220226_id7093_malinf (2).jpg;14
65;66;7093;MANDRILLS BKB_7093_20220226_id7093_malinf (3).jpg;1
35;66;7093;MANDRILLS BKB_7093_20220226_id7093_malinf (4).jpg;31
67;66;7093;MANDRILLS BKB_7093_20220226_id7093_malinf (5).jpg;1
102;66;7093;MANDRILLS BKB_7093_20220226_id7093_malinf (6).jpg;36
72;66;7093;MANDRILLS BKB_7093_20220226_id7093_malinf (7).jpg;6
46;66;7093;MANDRILLS BKB_7093_20220226_id7093_malinf (8).jpg;20
61;66;7093;MANDRILLS BKB_7093_20220226_id7093_malinf.jpg;5
84;82;7093;MANDRILLS BKB_7093_20220314_id7093_malinf (1).jpg;2
121;82;7093;MANDRILLS BKB_7093_20220314_id7093_malinf (2).jpg;39
108;82;7093;MANDRILLS BKB_7093_20220314_id7093_malinf (3).jpg;26
115;82;7093;MANDRILLS BKB_7093_20220314_id7093_malinf (4).jpg;33
86;82;7093;MANDRILLS BKB_7093_20220314_id7093_malinf (5).jpg;4
181;125;7093;MANDRILLS BKB_7093_20220426_id7093_malinf (1).jpg;56
192;125;7093;MANDRILLS BKB_7093_20220426_id7093_malinf (10).jpg;67
144;125;7093;MANDRILLS BKB_7093_20220426_id7093_malinf (2).jpg;19
199;125;7093;MANDRILLS BKB_7093_20220426_id7093_malinf (3).jpg;74
168;125;7093;MANDRILLS BKB_7093_20220426_id7093_malinf (4).jpg;43
172;125;7093;MANDRILLS BKB_7093_20220426_id7093_malinf (5).jpg;47
195;125;7093;MANDRILLS BKB_7093_20220426_id7093_malinf (6).jpg;70
190;125;7093;MANDRILLS BKB_7093_20220426_id7093_malinf (7).jpg;65
169;125;7093;MANDRILLS BKB_7093_20220426_id7093_malinf (8).jpg;44
157;125;7093;MANDRILLS BKB_7093_20220426_id7093_malinf (9).jpg;32
216;127;7093;MANDRILLS BKB_7093_20220428_id7093_malinf (1).jpg;89
126;127;7093;MANDRILLS BKB_7093_20220428_id7093_malinf (2).jpg;1
157;139;7093;MANDRILLS BKB_7093_20220510_id7093_malinf (1).jpg;18
185;139;7093;MANDRILLS BKB_7093_20220510_id7093_malinf (2).jpg;46
183;139;7093;MANDRILLS BKB_7093_20220510_id7093_malinf (3).jpg;44
227;145;7093;MANDRILLS BKB_7093_20220516_id7093_malinf (1).jpg;82
259;145;7093;MANDRILLS BKB_7093_20220516_id7093_malinf (2).jpg;114
182;145;7093;MANDRILLS BKB_7093_20220516_id7093_malinf (3).jpg;37
179;145;7093;MANDRILLS BKB_7093_20220516_id7093_malinf (4).jpg;34
258;147;7093;MANDRILLS BKB_7093_20220518_id7093_malinf (1).jpg;111
172;147;7093;MANDRILLS BKB_7093_20220518_id7093_malinf (2).jpg;25
190;147;7093;MANDRILLS BKB_7093_20220518_id7093_malinf (3).jpg;43
257;147;7093;MANDRILLS BKB_7093_20220518_id7093_malinf (4).jpg;110
254;147;7093;MANDRILLS BKB_7093_20220518_id7093_malinf (5).jpg;107
222;147;7093;MANDRILLS BKB_7093_20220518_id7093_malinf (6).jpg;75
224;147;7093;MANDRILLS BKB_7093_20220518_id7093_malinf (7).jpg;77
189;153;7093;MANDRILLS BKB_7093_20220524_id7093_malinf (10).jpg;36
260;153;7093;MANDRILLS BKB_7093_20220524_id7093_malinf (8).jpg;107
272;153;7093;MANDRILLS BKB_7093_20220524_id7093_malinf (9).jpg;119
140;153;7093;MANDRILLS BKB_7093_20220524_id7093_malinf.jpg;13
248;162;7093;MANDRILLS BKB_7093_20220602_id7093_malinf (1).jpg;86
185;162;7093;MANDRILLS BKB_7093_20220602_id7093_malinf (2).jpg;23
235;166;7093;MANDRILLS BKB_7093_20220606_id7093_malinf (1).jpg;69
242;166;7093;MANDRILLS BKB_7093_20220606_id7093_malinf (2).jpg;76
207;166;7093;MANDRILLS BKB_7093_20220606_id7093_malinf (3).jpg;41
182;166;7093;MANDRILLS BKB_7093_20220606_id7093_malinf (4).jpg;16
282;166;7093;MANDRILLS BKB_7093_20220606_id7093_malinf (6).jpg;116
274;166;7093;MANDRILLS BKB_7093_20220606_id7093_malinf (7).jpg;108
242;166;7093;MANDRILLS BKB_7093_20220606_id7093_malinf (8).jpg;76
243;183;7093;MANDRILLS BKB_7093_20220623_id7093.jpg;60
219;184;7093;MANDRILLS BKB_7093_20220624_id7093_malinf (1).jpg;35
263;184;7093;MANDRILLS BKB_7093_20220624_id7093_malinf (10).jpg;79
208;184;7093;MANDRILLS BKB_7093_20220624_id7093_malinf (2).jpg;24
229;184;7093;MANDRILLS BKB_7093_20220624_id7093_malinf (3).jpg;45
214;184;7093;MANDRILLS BKB_7093_20220624_id7093_malinf (4).jpg;30
261;184;7093;MANDRILLS BKB_7093_20220624_id7093_malinf (5).jpg;77
205;184;7093;MANDRILLS BKB_7093_20220624_id7093_malinf (6).jpg;21
200;184;7093;MANDRILLS BKB_7093_20220624_id7093_malinf (7).jpg;16
214;184;7093;MANDRILLS BKB_7093_20220624_id7093_malinf (8).jpg;30
192;184;7093;MANDRILLS BKB_7093_20220624_id7093_malinf (9).jpg;8
214;189;7093;MANDRILLS BKB_7093_20220629_id7093 (1).jpg;25
212;189;7093;MANDRILLS BKB_7093_20220629_id7093 (2).jpg;23
270;189;7093;MANDRILLS BKB_7093_20220629_id7093 (3).jpg;81
239;189;7093;MANDRILLS BKB_7093_20220629_id7093 (4).jpg;50
239;189;7093;MANDRILLS BKB_7093_20220629_id7093 (5).jpg;50
211;189;7093;MANDRILLS BKB_7093_20220629_id7093 (6).jpg;22
263;189;7093;MANDRILLS BKB_7093_20220629_id7093 (7).jpg;74
296;189;7093;MANDRILLS BKB_7093_20220629_id7093 (8).jpg;107
245;196;7093;MANDRILLS BKB_7093_20220706_id7093 (1).jpg;49
294;196;7093;MANDRILLS BKB_7093_20220706_id7093 (2).jpg;98
234;201;7093;MANDRILLS BKB_7093_20220711_id7093.jpg;33
327;209;7093;MANDRILLS BKB_7093_20220719_id7093 (1).jpg;118
300;209;7093;MANDRILLS BKB_7093_20220719_id7093 (2).jpg;91
265;218;7093;MANDRILLS BKB_7093_20220728_id7093 (2).jpg;47
314;218;7093;MANDRILLS BKB_7093_20220728_id7093.jpg;96
250;233;7093;MANDRILLS BKB_7093_20220812_id7093 (1).jpg;17
303;233;7093;MANDRILLS BKB_7093_20220812_id7093 (2).jpg;70
296;233;7093;MANDRILLS BKB_7093_20220812_id7093 (3).jpg;63
306;233;7093;MANDRILLS BKB_7093_20220812_id7093 (4).jpg;73
286;233;7093;MANDRILLS BKB_7093_20220812_id7093 (5).jpg;53
292;233;7093;MANDRILLS BKB_7093_20220812_id7093 (6).jpg;59
305;233;7093;MANDRILLS BKB_7093_20220812_id7093 (7).jpg;72
346;257;7093;MANDRILLS BKB_7093_20220905_id7093 (1).jpg;89
380;257;7093;MANDRILLS BKB_7093_20220905_id7093 (2).jpg;123
292;257;7093;MANDRILLS BKB_7093_20220905_id7093 (3).jpg;35
298;257;7093;MANDRILLS BKB_7093_20220905_id7093 (5).jpg;41
359;257;7093;MANDRILLS BKB_7093_20220905_id7093 (6).jpg;102
291;263;7093;MANDRILLS BKB_7093_20220911_id7093 (2).jpg;28
311;263;7093;MANDRILLS BKB_7093_20220911_id7093.jpg;48
389;270;7093;MANDRILLS BKB_7093_20220918_id7093.jpg;119
440;313;7093;MANDRILLS BKB_7093_20221031_id7093 (1).jpg;127
309;313;7093;MANDRILLS BKB_7093_20221031_id7093 (2).jpg;4
459;328;7093;MANDRILLS BKB_7093_20221115_id7093 (1).jpg;131
309;328;7093;MANDRILLS BKB_7093_20221115_id7093 (2).jpg;19
384;353;7093;MANDRILLS BKB_7093_20221210_id7093 (1).jpg;31
483;353;7093;MANDRILLS BKB_7093_20221210_id7093 (2).jpg;130
19;1;8006;MANDRILLS BKB_8006_20221209_id8006 (1).jpg;18
23;1;8006;MANDRILLS BKB_8006_20221209_id8006 (2).jpg;22
43;2;8139;MANDRILLS BKB_8139_20221210_id8139 (1).jpg;41
52;2;8139;MANDRILLS BKB_8139_20221210_id8139 (2).jpg;50
46;2;8139;MANDRILLS BKB_8139_20221210_id8139 (3).jpg;44
2;2;8139;MANDRILLS BKB_8139_20221210_id8139 (4).jpg;0
27;2;8139;MANDRILLS BKB_8139_20221210_id8139.jpg;25
12;6;8139;MANDRILLS BKB_8139_20221214_id8139.jpg;6
53;7;8139;MANDRILLS BKB_8139_20221215_id8139 (4).jpg;46
36;7;8139;MANDRILLS BKB_8139_20221215_id8139 (6).jpg;29
61;7;8139;MANDRILLS BKB_8139_20221215_id8139 (7).jpg;54
41;0;8145;MANDRILLS BKB_8145_20221123_id8145 (1).jpg;41
120;16;8145;MANDRILLS BKB_8145_20221209_id8145.jpg;104
21;17;8145;MANDRILLS BKB_8145_20221210_id8145 (1).jpg;4
21;17;8145;MANDRILLS BKB_8145_20221210_id8145 (3).jpg;4
-2;17;8145;MANDRILLS BKB_8145_20221210_id8145 (5).jpg;19
24;17;8145;MANDRILLS BKB_8145_20221210_id8145 (6).jpg;7
6;17;8145;MANDRILLS BKB_8145_20221210_id8145 (7).jpg;11
21;17;8145;MANDRILLS BKB_8145_20221210_id8145 (8).jpg;4
36;21;8145;MANDRILLS BKB_8145_20221214_id8145 (2).jpg;15
-7;0;8166;MANDRILLS BKB_8166_20221030_id8166 (1).jpg;7
34;0;8166;MANDRILLS BKB_8166_20221030_id8166 (2).jpg;34
-22;0;8166;MANDRILLS BKB_8166_20221030_id8166 (3).jpg;22
-3;0;8166;MANDRILLS BKB_8166_20221030_id8166 (5).jpg;3
-8;1;8166;MANDRILLS BKB_8166_20221031_id8166.jpg;9
27;16;8166;MANDRILLS BKB_8166_20221115_id8166 (1).jpg;11
29;16;8166;MANDRILLS BKB_8166_20221115_id8166 (2).jpg;13
52;16;8166;MANDRILLS BKB_8166_20221115_id8166 (3).jpg;36
52;16;8166;MANDRILLS BKB_8166_20221115_id8166 (4).jpg;36
47;16;8166;MANDRILLS BKB_8166_20221115_id8166 (6).jpg;31
33;16;8166;MANDRILLS BKB_8166_20221115_id8166 (7).jpg;17
18;22;8166;MANDRILLS BKB_8166_20221121_id8166 (11).jpg;4
25;22;8166;MANDRILLS BKB_8166_20221121_id8166 (12).jpg;3
22;22;8166;MANDRILLS BKB_8166_20221121_id8166 (16).jpg;0
41;31;8166;MANDRILLS BKB_8166_20221130_id8166 (1).jpg;10
53;31;8166;MANDRILLS BKB_8166_20221130_id8166 (10).jpg;22
13;31;8166;MANDRILLS BKB_8166_20221130_id8166 (3).jpg;18
27;31;8166;MANDRILLS BKB_8166_20221130_id8166 (4).jpg;4
58;31;8166;MANDRILLS BKB_8166_20221130_id8166 (5).jpg;27
41;31;8166;MANDRILLS BKB_8166_20221130_id8166 (6).jpg;10
10;31;8166;MANDRILLS BKB_8166_20221130_id8166 (9).jpg;21
27;31;8166;MANDRILLS BKB_8166_20221130_id8166.jpg;4
40;40;8166;MANDRILLS BKB_8166_20221209_id8166.jpg;0
72;41;8166;MANDRILLS BKB_8166_20221210_id8166 (1).jpg;31
46;41;8166;MANDRILLS BKB_8166_20221210_id8166 (2).jpg;5
53;41;8166;MANDRILLS BKB_8166_20221210_id8166 (3).jpg;12
89;41;8166;MANDRILLS BKB_8166_20221210_id8166.jpg;48
72;42;8166;MANDRILLS BKB_8166_20221211_id8166 (2).jpg;30
59;42;8166;MANDRILLS BKB_8166_20221211_id8166 (3).jpg;17
-5;0;8224;MANDRILLS BKB_8224_20221121_id8224 (2).jpg;5
55;0;8224;MANDRILLS BKB_8224_20221121_id8224.jpg;55
5;9;8224;MANDRILLS BKB_8224_20221130_id8224 (2).jpg;4
-10;9;8224;MANDRILLS BKB_8224_20221130_id8224 (3).jpg;19
-33;9;8224;MANDRILLS BKB_8224_20221130_id8224.jpg;42
19;19;8224;MANDRILLS BKB_8224_20221210_id8224.jpg;0
21;23;8224;MANDRILLS BKB_8224_20221214_id8224 (1).jpg;2
-22;23;8224;MANDRILLS BKB_8224_20221214_id8224 (2).jpg;45
66;2;8228;MANDRILLS BKB_8228_20221215_id8228.jpg;64
501;480;86;MANDRILLS BKB_86_20140630_id86_maljuv_(1)_ORIGINAL.jpg;21
429;480;86;MANDRILLS BKB_86_20140630_id86_maljuv_(2)_ORIGINAL.jpg;51
420;480;86;MANDRILLS BKB_86_20140630_id86_maljuv_(3)_ORIGINAL.jpg;60
962;861;86;MANDRILLS BKB_86_20150716_id86_maljuv_(1)_ORIGINAL.jpg;101
901;861;86;MANDRILLS BKB_86_20150716_id86_maljuv_(2)_ORIGINAL.jpg;40
1034;861;86;MANDRILLS BKB_86_20150716_id86_maljuv_(3)_ORIGINAL.jpg;173
806;861;86;MANDRILLS BKB_86_20150716_id86_maljuv_ORIGINAL.jpg;55
1342;1002;86;MANDRILLS BKB_86_20151204_id86_maljuv_(1)_ORIGINAL.jpg;340
1188;1002;86;MANDRILLS BKB_86_20151204_id86_maljuv_(2)_ORIGINAL.jpg;186
1365;1150;86;MANDRILLS BKB_86_20160430_id86_maljuv_ORIGINAL.jpg;215
1305;1233;86;MANDRILLS BKB_86_20160722_id86_maljuv_ORIGINAL.jpg;72
1485;1250;86;MANDRILLS BKB_86_20160808_id86_maljuv_ORIGINAL.jpg;235
1395;1286;86;MANDRILLS BKB_86_20160913_id86_maljuv_(1)_ORIGINAL.jpg;109
1560;1286;86;MANDRILLS BKB_86_20160913_id86_maljuv_(2)_ORIGINAL.jpg;274
1447;1286;86;MANDRILLS BKB_86_20160913_id86_maljuv_(3)_ORIGINAL.jpg;161
1929;1847;86;MANDRILLS BKB_86_20180328_id86_malado_(1)_ORIGINAL.jpg;82
2107;1847;86;MANDRILLS BKB_86_20180328_id86_malado_(2)_ORIGINAL.jpg;260
1840;1847;86;MANDRILLS BKB_86_20180328_id86_malado_(3)_ORIGINAL.jpg;7
1882;1847;86;MANDRILLS BKB_86_20180328_id86_malado_(4)_ORIGINAL.jpg;35
1994;1922;86;MANDRILLS BKB_86_20180611_id86_malado_(1)_ORIGINAL.jpg;72
1978;1922;86;MANDRILLS BKB_86_20180611_id86_malado_(2)_ORIGINAL.jpg;56
2155;1924;86;MANDRILLS BKB_86_20180613_id86_malado_(1)_ORIGINAL.jpg;231
2132;1924;86;MANDRILLS BKB_86_20180613_id86_malado_(10)_ORIGINAL.jpg;208
2125;1924;86;MANDRILLS BKB_86_20180613_id86_malado_(11)_ORIGINAL.jpg;201
2175;1924;86;MANDRILLS BKB_86_20180613_id86_malado_(12)_ORIGINAL.jpg;251
2250;1924;86;MANDRILLS BKB_86_20180613_id86_malado_(13)_ORIGINAL.jpg;326
2431;1924;86;MANDRILLS BKB_86_20180613_id86_malado_(14)_ORIGINAL.jpg;507
2039;1924;86;MANDRILLS BKB_86_20180613_id86_malado_(15)_ORIGINAL.jpg;115
2055;1924;86;MANDRILLS BKB_86_20180613_id86_malado_(16)_ORIGINAL.jpg;131
1996;1924;86;MANDRILLS BKB_86_20180613_id86_malado_(17)_ORIGINAL.jpg;72
2112;1924;86;MANDRILLS BKB_86_20180613_id86_malado_(18)_ORIGINAL.jpg;188
2111;1924;86;MANDRILLS BKB_86_20180613_id86_malado_(19)_ORIGINAL.jpg;187
2082;1924;86;MANDRILLS BKB_86_20180613_id86_malado_(2)_ORIGINAL.jpg;158
2303;1924;86;MANDRILLS BKB_86_20180613_id86_malado_(3)_ORIGINAL.jpg;379
2163;1924;86;MANDRILLS BKB_86_20180613_id86_malado_(4)_ORIGINAL.jpg;239
2142;1924;86;MANDRILLS BKB_86_20180613_id86_malado_(5)_ORIGINAL.jpg;218
2254;1924;86;MANDRILLS BKB_86_20180613_id86_malado_(6)_ORIGINAL.jpg;330
2266;1924;86;MANDRILLS BKB_86_20180613_id86_malado_(7)_ORIGINAL.jpg;342
2132;1924;86;MANDRILLS BKB_86_20180613_id86_malado_(8)_ORIGINAL.jpg;208
2215;1924;86;MANDRILLS BKB_86_20180613_id86_malado_(9)_ORIGINAL.jpg;291
2161;1925;86;MANDRILLS BKB_86_20180614_id86_malado_(1)_ORIGINAL.jpg;236
1879;1925;86;MANDRILLS BKB_86_20180614_id86_malado_(2)_ORIGINAL.jpg;46
2223;1927;86;MANDRILLS BKB_86_20180616_id86_malado_(1)_ORIGINAL.jpg;296
2306;1927;86;MANDRILLS BKB_86_20180616_id86_malado_(10)_ORIGINAL.jpg;379
1975;1927;86;MANDRILLS BKB_86_20180616_id86_malado_(11)_ORIGINAL.jpg;48
2099;1927;86;MANDRILLS BKB_86_20180616_id86_malado_(12)_ORIGINAL.jpg;172
1866;1927;86;MANDRILLS BKB_86_20180616_id86_malado_(16)_ORIGINAL.jpg;61
1995;1927;86;MANDRILLS BKB_86_20180616_id86_malado_(17)_ORIGINAL.jpg;68
2094;1927;86;MANDRILLS BKB_86_20180616_id86_malado_(18)_ORIGINAL.jpg;167
2023;1927;86;MANDRILLS BKB_86_20180616_id86_malado_(19)_ORIGINAL.jpg;96
2095;1927;86;MANDRILLS BKB_86_20180616_id86_malado_(20)_ORIGINAL.jpg;168
2291;1927;86;MANDRILLS BKB_86_20180616_id86_malado_(21)_ORIGINAL.jpg;364
2302;1927;86;MANDRILLS BKB_86_20180616_id86_malado_(22)_ORIGINAL.jpg;375
2329;1927;86;MANDRILLS BKB_86_20180616_id86_malado_(23)_ORIGINAL.jpg;402
2181;1927;86;MANDRILLS BKB_86_20180616_id86_malado_(24)_ORIGINAL.jpg;254
2076;1927;86;MANDRILLS BKB_86_20180616_id86_malado_(25)_ORIGINAL.jpg;149
1997;1927;86;MANDRILLS BKB_86_20180616_id86_malado_(26)_ORIGINAL.jpg;70
1998;1927;86;MANDRILLS BKB_86_20180616_id86_malado_(27)_ORIGINAL.jpg;71
1970;1927;86;MANDRILLS BKB_86_20180616_id86_malado_(28)_ORIGINAL.jpg;43
2063;1927;86;MANDRILLS BKB_86_20180616_id86_malado_(29)_ORIGINAL.jpg;136
2531;1927;86;MANDRILLS BKB_86_20180616_id86_malado_(3)_ORIGINAL.jpg;604
2602;1927;86;MANDRILLS BKB_86_20180616_id86_malado_(30)_ORIGINAL.jpg;675
2347;1927;86;MANDRILLS BKB_86_20180616_id86_malado_(31)_ORIGINAL.jpg;420
2438;1927;86;MANDRILLS BKB_86_20180616_id86_malado_(32)_ORIGINAL.jpg;511
2268;1927;86;MANDRILLS BKB_86_20180616_id86_malado_(33)_ORIGINAL.jpg;341
2495;1927;86;MANDRILLS BKB_86_20180616_id86_malado_(34)_ORIGINAL.jpg;568
2628;1927;86;MANDRILLS BKB_86_20180616_id86_malado_(35)_ORIGINAL.jpg;701
2241;1927;86;MANDRILLS BKB_86_20180616_id86_malado_(36)_ORIGINAL.jpg;314
2286;1927;86;MANDRILLS BKB_86_20180616_id86_malado_(37)_ORIGINAL.jpg;359
2248;1927;86;MANDRILLS BKB_86_20180616_id86_malado_(38)_ORIGINAL.jpg;321
2434;1927;86;MANDRILLS BKB_86_20180616_id86_malado_(39)_ORIGINAL.jpg;507
2071;1927;86;MANDRILLS BKB_86_20180616_id86_malado_(4)_ORIGINAL.jpg;144
2363;1927;86;MANDRILLS BKB_86_20180616_id86_malado_(40)_ORIGINAL.jpg;436
2307;1927;86;MANDRILLS BKB_86_20180616_id86_malado_(41)_ORIGINAL.jpg;380
2310;1927;86;MANDRILLS BKB_86_20180616_id86_malado_(42)_ORIGINAL.jpg;383
2088;1927;86;MANDRILLS BKB_86_20180616_id86_malado_(43)_ORIGINAL.jpg;161
2499;1927;86;MANDRILLS BKB_86_20180616_id86_malado_(44)_ORIGINAL.jpg;572
2400;1927;86;MANDRILLS BKB_86_20180616_id86_malado_(45)_ORIGINAL.jpg;473
2262;1927;86;MANDRILLS BKB_86_20180616_id86_malado_(46)_ORIGINAL.jpg;335
2277;1927;86;MANDRILLS BKB_86_20180616_id86_malado_(47)_ORIGINAL.jpg;350
2201;1927;86;MANDRILLS BKB_86_20180616_id86_malado_(48)_ORIGINAL.jpg;274
2284;1927;86;MANDRILLS BKB_86_20180616_id86_malado_(49)_ORIGINAL.jpg;357
2178;1927;86;MANDRILLS BKB_86_20180616_id86_malado_(5)_ORIGINAL.jpg;251
2191;1927;86;MANDRILLS BKB_86_20180616_id86_malado_(51)_ORIGINAL.jpg;264
2084;1927;86;MANDRILLS BKB_86_20180616_id86_malado_(52)_ORIGINAL.jpg;157
2250;1927;86;MANDRILLS BKB_86_20180616_id86_malado_(6)_ORIGINAL.jpg;323
2245;1927;86;MANDRILLS BKB_86_20180616_id86_malado_(7)_ORIGINAL.jpg;318
2172;1927;86;MANDRILLS BKB_86_20180616_id86_malado_(8)_ORIGINAL.jpg;245
2091;1927;86;MANDRILLS BKB_86_20180616_id86_malado_(9)_ORIGINAL.jpg;164
2079;1930;86;MANDRILLS BKB_86_20180619_id86_malado_(10)_ORIGINAL.jpg;149
1881;1930;86;MANDRILLS BKB_86_20180619_id86_malado_(2)_ORIGINAL.jpg;49
2049;1930;86;MANDRILLS BKB_86_20180619_id86_malado_(5)_ORIGINAL.jpg;119
2081;1930;86;MANDRILLS BKB_86_20180619_id86_malado_(6)_ORIGINAL.jpg;151
2066;1930;86;MANDRILLS BKB_86_20180619_id86_malado_(7)_ORIGINAL.jpg;136
2141;1930;86;MANDRILLS BKB_86_20180619_id86_malado_(8)_ORIGINAL.jpg;211
2098;1930;86;MANDRILLS BKB_86_20180619_id86_malado_(9)_ORIGINAL.jpg;168
2035;1932;86;MANDRILLS BKB_86_20180621_id86_malado_(1)_ORIGINAL.jpg;103
2112;1932;86;MANDRILLS BKB_86_20180621_id86_malado_(2)_ORIGINAL.jpg;180
2172;1938;86;MANDRILLS BKB_86_20180627_id86_malado_(1)_ORIGINAL.jpg;234
2100;1938;86;MANDRILLS BKB_86_20180627_id86_malado_(2)_ORIGINAL.jpg;162
2202;1938;86;MANDRILLS BKB_86_20180627_id86_malado_(3)_ORIGINAL.jpg;264
2321;1938;86;MANDRILLS BKB_86_20180627_id86_malado_(4)_ORIGINAL.jpg;383
2077;1938;86;MANDRILLS BKB_86_20180627_id86_malado_(5)_ORIGINAL.jpg;139
2115;1938;86;MANDRILLS BKB_86_20180627_id86_malado_(6)_ORIGINAL.jpg;177
2190;1938;86;MANDRILLS BKB_86_20180627_id86_malado_(7)_ORIGINAL.jpg;252
2122;2086;86;MANDRILLS BKB_86_20181122_id86_malado_(1)_ORIGINAL.jpg;36
2106;2086;86;MANDRILLS BKB_86_20181122_id86_malado_(2)_ORIGINAL.jpg;20
2045;2086;86;MANDRILLS BKB_86_20181122_id86_malado_(3)_ORIGINAL.jpg;41
2041;2086;86;MANDRILLS BKB_86_20181122_id86_malado_(4)_ORIGINAL.jpg;45
2082;2086;86;MANDRILLS BKB_86_20181122_id86_malado_(5)_ORIGINAL.jpg;4
2006;2086;86;MANDRILLS BKB_86_20181122_id86_malado_(6)_ORIGINAL.jpg;80
2184;2086;86;MANDRILLS BKB_86_20181122_id86_malado_(7)_ORIGINAL.jpg;98
2067;2086;86;MANDRILLS BKB_86_20181122_id86_malado_(8)_ORIGINAL.jpg;19
2030;2086;86;MANDRILLS BKB_86_20181122_id86_malado_(9)_ORIGINAL.jpg;56
2018;2088;86;MANDRILLS BKB_86_20181124_id86_malado_(1)_ORIGINAL.jpg;70
2158;2088;86;MANDRILLS BKB_86_20181124_id86_malado_(2)_ORIGINAL.jpg;70
1973;2088;86;MANDRILLS BKB_86_20181124_id86_malado_(3)_ORIGINAL.jpg;115
2166;2088;86;MANDRILLS BKB_86_20181124_id86_malado_(4)_ORIGINAL.jpg;78
2187;2088;86;MANDRILLS BKB_86_20181124_id86_malado_(5)_ORIGINAL.jpg;99
2046;2088;86;MANDRILLS BKB_86_20181124_id86_malado_(6)_ORIGINAL.jpg;42
2147;2088;86;MANDRILLS BKB_86_20181124_id86_malado_(7)_ORIGINAL.jpg;59
2177;2088;86;MANDRILLS BKB_86_20181124_id86_malado_(8)_ORIGINAL.jpg;89
2010;2088;86;MANDRILLS BKB_86_20181124_id86_malado_(9)_ORIGINAL.jpg;78
2704;2100;86;MANDRILLS BKB_86_20181206_id86_malado_(1)_ORIGINAL.jpg;604
2110;2100;86;MANDRILLS BKB_86_20181206_id86_malado_(10)_ORIGINAL.jpg;10
2085;2100;86;MANDRILLS BKB_86_20181206_id86_malado_(11)_ORIGINAL.jpg;15
2371;2100;86;MANDRILLS BKB_86_20181206_id86_malado_(12)_ORIGINAL.jpg;271
2554;2100;86;MANDRILLS BKB_86_20181206_id86_malado_(13)_ORIGINAL.jpg;454
2485;2100;86;MANDRILLS BKB_86_20181206_id86_malado_(14)_ORIGINAL.jpg;385
2539;2100;86;MANDRILLS BKB_86_20181206_id86_malado_(15)_ORIGINAL.jpg;439
2455;2100;86;MANDRILLS BKB_86_20181206_id86_malado_(16)_ORIGINAL.jpg;355
2559;2100;86;MANDRILLS BKB_86_20181206_id86_malado_(17)_ORIGINAL.jpg;459
2465;2100;86;MANDRILLS BKB_86_20181206_id86_malado_(18)_ORIGINAL.jpg;365
2387;2100;86;MANDRILLS BKB_86_20181206_id86_malado_(2)_ORIGINAL.jpg;287
2425;2100;86;MANDRILLS BKB_86_20181206_id86_malado_(3)_ORIGINAL.jpg;325
2278;2100;86;MANDRILLS BKB_86_20181206_id86_malado_(5)_ORIGINAL.jpg;178
2372;2100;86;MANDRILLS BKB_86_20181206_id86_malado_(6)_ORIGINAL.jpg;272
2513;2100;86;MANDRILLS BKB_86_20181206_id86_malado_(7)_ORIGINAL.jpg;413
2296;2100;86;MANDRILLS BKB_86_20181206_id86_malado_(8)_ORIGINAL.jpg;196
2371;2100;86;MANDRILLS BKB_86_20181206_id86_malado_(9)_ORIGINAL.jpg;271
2415;2145;86;MANDRILLS BKB_86_20190120_id86_malado_(10)_ORIGINAL.jpg;270
2389;2145;86;MANDRILLS BKB_86_20190120_id86_malado_(11)_ORIGINAL.jpg;244
2471;2145;86;MANDRILLS BKB_86_20190120_id86_malado_(12)_ORIGINAL.jpg;326
2489;2145;86;MANDRILLS BKB_86_20190120_id86_malado_(13)_ORIGINAL.jpg;344
2425;2145;86;MANDRILLS BKB_86_20190120_id86_malado_(14)_ORIGINAL.jpg;280
2309;2145;86;MANDRILLS BKB_86_20190120_id86_malado_(15)_ORIGINAL.jpg;164
2280;2145;86;MANDRILLS BKB_86_20190120_id86_malado_(16)_ORIGINAL.jpg;135
2305;2145;86;MANDRILLS BKB_86_20190120_id86_malado_(17)_ORIGINAL.jpg;160
2430;2145;86;MANDRILLS BKB_86_20190120_id86_malado_(3)_ORIGINAL.jpg;285
2387;2145;86;MANDRILLS BKB_86_20190120_id86_malado_(4)_ORIGINAL.jpg;242
2445;2145;86;MANDRILLS BKB_86_20190120_id86_malado_(5)_ORIGINAL.jpg;300
2429;2145;86;MANDRILLS BKB_86_20190120_id86_malado_(6)_ORIGINAL.jpg;284
2329;2145;86;MANDRILLS BKB_86_20190120_id86_malado_(7)_ORIGINAL.jpg;184
2300;2145;86;MANDRILLS BKB_86_20190120_id86_malado_(8)_ORIGINAL.jpg;155
2497;2145;86;MANDRILLS BKB_86_20190120_id86_malado_(9)_ORIGINAL.jpg;352
2222;2160;86;MANDRILLS BKB_86_20190204_id86_malado_(10)_ORIGINAL.jpg;62
2189;2160;86;MANDRILLS BKB_86_20190204_id86_malado_(11)_ORIGINAL.jpg;29
2187;2160;86;MANDRILLS BKB_86_20190204_id86_malado_(12)_ORIGINAL.jpg;27
2114;2160;86;MANDRILLS BKB_86_20190204_id86_malado_(13)_ORIGINAL.jpg;46
2213;2160;86;MANDRILLS BKB_86_20190204_id86_malado_(14)_ORIGINAL.jpg;53
2280;2160;86;MANDRILLS BKB_86_20190204_id86_malado_(15)_ORIGINAL.jpg;120
2269;2160;86;MANDRILLS BKB_86_20190204_id86_malado_(16)_ORIGINAL.jpg;109
2425;2160;86;MANDRILLS BKB_86_20190204_id86_malado_(17)_ORIGINAL.jpg;265
2340;2160;86;MANDRILLS BKB_86_20190204_id86_malado_(4)_ORIGINAL.jpg;180
2234;2160;86;MANDRILLS BKB_86_20190204_id86_malado_(5)_ORIGINAL.jpg;74
2282;2160;86;MANDRILLS BKB_86_20190204_id86_malado_(6)_ORIGINAL.jpg;122
2283;2160;86;MANDRILLS BKB_86_20190204_id86_malado_(7)_ORIGINAL.jpg;123
2296;2160;86;MANDRILLS BKB_86_20190204_id86_malado_(8)_ORIGINAL.jpg;136
2260;2160;86;MANDRILLS BKB_86_20190204_id86_malado_(9)_ORIGINAL.jpg;100
2312;2168;86;MANDRILLS BKB_86_20190212_id86_malado_(1)_ORIGINAL.jpg;144
2472;2168;86;MANDRILLS BKB_86_20190212_id86_malado_(2)_ORIGINAL.jpg;304
2575;2195;86;MANDRILLS BKB_86_20190311_id86_malado_ORIGINAL.jpg;380
2403;2197;86;MANDRILLS BKB_86_20190313_id86_malado_DROITE_(1).jpg;206
2357;2197;86;MANDRILLS BKB_86_20190313_id86_malado_DROITE_(2).jpg;160
2279;2197;86;MANDRILLS BKB_86_20190313_id86_malado_DROITE_(3).jpg;82
2363;2197;86;MANDRILLS BKB_86_20190313_id86_malado_DROITE_(4).jpg;166
2354;2197;86;MANDRILLS BKB_86_20190313_id86_malado_DROITE_(5).jpg;157
2437;2197;86;MANDRILLS BKB_86_20190313_id86_malado_DROITE_(6).jpg;240
2330;2197;86;MANDRILLS BKB_86_20190313_id86_malado_DROITE_(7).jpg;133
2281;2197;86;MANDRILLS BKB_86_20190313_id86_malado_GAUCHE_(1).jpg;84
2162;2197;86;MANDRILLS BKB_86_20190313_id86_malado_GAUCHE_(2).jpg;35
2370;2199;86;MANDRILLS BKB_86_20190315_id86_malado_(1).jpg;171
2422;2199;86;MANDRILLS BKB_86_20190315_id86_malado_(2).jpg;223
2387;2199;86;MANDRILLS BKB_86_20190315_id86_malado_(3).jpg;188
2492;2201;86;MANDRILLS BKB_86_20190317_id86_malado_(1).jpg;291
2477;2201;86;MANDRILLS BKB_86_20190317_id86_malado_(2).jpg;276
2470;2201;86;MANDRILLS BKB_86_20190317_id86_malado_(3).jpg;269
2324;2201;86;MANDRILLS BKB_86_20190317_id86_malado_(4).jpg;123
2596;2280;86;MANDRILLS BKB_86_20190604_id86_malado_(3).jpg;316
2763;2280;86;MANDRILLS BKB_86_20190604_id86_malado_(5).jpg;483
2419;2314;86;MANDRILLS BKB_86_20190708_id86_malado_(1).jpg;105
2480;2314;86;MANDRILLS BKB_86_20190708_id86_malado_(10).jpg;166
2426;2314;86;MANDRILLS BKB_86_20190708_id86_malado_(11).jpg;112
2206;2314;86;MANDRILLS BKB_86_20190708_id86_malado_(13).jpg;108
2288;2314;86;MANDRILLS BKB_86_20190708_id86_malado_(25).jpg;26
2593;2314;86;MANDRILLS BKB_86_20190708_id86_malado_(26).jpg;279
2215;2314;86;MANDRILLS BKB_86_20190708_id86_malado_(27).jpg;99
2965;2314;86;MANDRILLS BKB_86_20190708_id86_malado_(29).jpg;651
2451;2314;86;MANDRILLS BKB_86_20190708_id86_malado_(3).jpg;137
2547;2314;86;MANDRILLS BKB_86_20190708_id86_malado_(30).jpg;233
2497;2314;86;MANDRILLS BKB_86_20190708_id86_malado_(32).jpg;183
2356;2314;86;MANDRILLS BKB_86_20190708_id86_malado_(33).jpg;42
2418;2314;86;MANDRILLS BKB_86_20190708_id86_malado_(34).jpg;104
2611;2314;86;MANDRILLS BKB_86_20190708_id86_malado_(35).jpg;297
2424;2314;86;MANDRILLS BKB_86_20190708_id86_malado_(36).jpg;110
2443;2314;86;MANDRILLS BKB_86_20190708_id86_malado_(8).jpg;129
2412;2314;86;MANDRILLS BKB_86_20190708_id86_malado_(9).jpg;98
2883;2347;86;MANDRILLS BKB_86_20190810_id86_malado_(1).jpg;536
2528;2347;86;MANDRILLS BKB_86_20190810_id86_malado_(2).jpg;181
3912;2347;86;MANDRILLS BKB_86_20190810_id86_malado_(3).jpg;1565
2948;2447;86;MANDRILLS BKB_86_20191118_id86_malado_(1).jpg;501
2941;2447;86;MANDRILLS BKB_86_20191118_id86_malado_(3).jpg;494
3727;6012;30;MANDRILLS CIRMF_30_20180808_id30_maladu_(1)_ORIGINAL.jpg;2285
4774;6012;30;MANDRILLS CIRMF_30_20180808_id30_maladu_(10)_ORIGINAL.jpg;1238
3714;6012;30;MANDRILLS CIRMF_30_20180808_id30_maladu_(11)_ORIGINAL.jpg;2298
4324;6012;30;MANDRILLS CIRMF_30_20180808_id30_maladu_(12)_ORIGINAL.jpg;1688
6160;6012;30;MANDRILLS CIRMF_30_20180808_id30_maladu_(13)_ORIGINAL.jpg;148
3920;6012;30;MANDRILLS CIRMF_30_20180808_id30_maladu_(14)_ORIGINAL.jpg;2092
6298;6012;30;MANDRILLS CIRMF_30_20180808_id30_maladu_(15)_ORIGINAL.jpg;286
3941;6012;30;MANDRILLS CIRMF_30_20180808_id30_maladu_(16)_ORIGINAL.jpg;2071
5216;6012;30;MANDRILLS CIRMF_30_20180808_id30_maladu_(17)_ORIGINAL.jpg;796
3746;6012;30;MANDRILLS CIRMF_30_20180808_id30_maladu_(18)_ORIGINAL.jpg;2266
4092;6012;30;MANDRILLS CIRMF_30_20180808_id30_maladu_(19)_ORIGINAL.jpg;1920
6325;6012;30;MANDRILLS CIRMF_30_20180808_id30_maladu_(2)_ORIGINAL.jpg;313
3660;6012;30;MANDRILLS CIRMF_30_20180808_id30_maladu_(3)_ORIGINAL.jpg;2352
3594;6012;30;MANDRILLS CIRMF_30_20180808_id30_maladu_(4)_ORIGINAL.jpg;2418
3626;6012;30;MANDRILLS CIRMF_30_20180808_id30_maladu_(5)_ORIGINAL.jpg;2386
5671;6012;30;MANDRILLS CIRMF_30_20180808_id30_maladu_(6)_ORIGINAL.jpg;341
3897;6012;30;MANDRILLS CIRMF_30_20180808_id30_maladu_(7)_ORIGINAL.jpg;2115
4119;6012;30;MANDRILLS CIRMF_30_20180808_id30_maladu_(8)_ORIGINAL.jpg;1893
3991;6012;30;MANDRILLS CIRMF_30_20180808_id30_maladu_(9)_ORIGINAL.jpg;2021
1964;1976;139;MANDRILLS BKB_139_20180629_id139_femadu_(1)_ORIGINAL.jpg;12
1719;1976;139;MANDRILLS BKB_139_20180629_id139_femadu_(3)_ORIGINAL.jpg;257
1900;1976;139;MANDRILLS BKB_139_20180629_id139_femadu_(4)_ORIGINAL.jpg;76
1733;1976;139;MANDRILLS BKB_139_20180629_id139_femadu_(6)_ORIGINAL.jpg;243
2268;1976;139;MANDRILLS BKB_139_20180629_id139_femadu_(7)_ORIGINAL.jpg;292
2023;1980;139;MANDRILLS BKB_139_20180703_id139_femadu_(1)_ORIGINAL.jpg;43
2395;1980;139;MANDRILLS BKB_139_20180703_id139_femadu_(2)_ORIGINAL.jpg;415
1970;1980;139;MANDRILLS BKB_139_20180703_id139_femadu_(3)_ORIGINAL.jpg;10
2162;1980;139;MANDRILLS BKB_139_20180703_id139_femadu_(5)_ORIGINAL.jpg;182
2624;1982;139;MANDRILLS BKB_139_20180705_id139_femadu_(1)_ORIGINAL.jpg;642
2595;1982;139;MANDRILLS BKB_139_20180705_id139_femadu_(10)_ORIGINAL.jpg;613
2165;1982;139;MANDRILLS BKB_139_20180705_id139_femadu_(11)_ORIGINAL.jpg;183
2282;1982;139;MANDRILLS BKB_139_20180705_id139_femadu_(12)_ORIGINAL.jpg;300
2243;1982;139;MANDRILLS BKB_139_20180705_id139_femadu_(13)_ORIGINAL.jpg;261
2123;1982;139;MANDRILLS BKB_139_20180705_id139_femadu_(14)_ORIGINAL.jpg;141
1667;1982;139;MANDRILLS BKB_139_20180705_id139_femadu_(15)_ORIGINAL.jpg;315
2195;1982;139;MANDRILLS BKB_139_20180705_id139_femadu_(16)_ORIGINAL.jpg;213
2164;1982;139;MANDRILLS BKB_139_20180705_id139_femadu_(17)_ORIGINAL.jpg;182
2059;1982;139;MANDRILLS BKB_139_20180705_id139_femadu_(18)_ORIGINAL.jpg;77
2621;1982;139;MANDRILLS BKB_139_20180705_id139_femadu_(2)_ORIGINAL.jpg;639
2731;1982;139;MANDRILLS BKB_139_20180705_id139_femadu_(3)_ORIGINAL.jpg;749
2614;1982;139;MANDRILLS BKB_139_20180705_id139_femadu_(4)_ORIGINAL.jpg;632
2862;1982;139;MANDRILLS BKB_139_20180705_id139_femadu_(5)_ORIGINAL.jpg;880
2490;1982;139;MANDRILLS BKB_139_20180705_id139_femadu_(6)_ORIGINAL.jpg;508
2036;1982;139;MANDRILLS BKB_139_20180705_id139_femadu_(7)_ORIGINAL.jpg;54
2443;1982;139;MANDRILLS BKB_139_20180705_id139_femadu_(8)_ORIGINAL.jpg;461
2585;1982;139;MANDRILLS BKB_139_20180705_id139_femadu_(9)_ORIGINAL.jpg;603
2248;1988;139;MANDRILLS BKB_139_20180711_id139_femadu_(10)_ORIGINAL.jpg;260
2195;1988;139;MANDRILLS BKB_139_20180711_id139_femadu_(11)_ORIGINAL.jpg;207
2159;1988;139;MANDRILLS BKB_139_20180711_id139_femadu_(12)_ORIGINAL.jpg;171
2116;1988;139;MANDRILLS BKB_139_20180711_id139_femadu_(13)_ORIGINAL.jpg;128
2145;1988;139;MANDRILLS BKB_139_20180711_id139_femadu_(14)_ORIGINAL.jpg;157
2092;1988;139;MANDRILLS BKB_139_20180711_id139_femadu_(15)_ORIGINAL.jpg;104
1911;1988;139;MANDRILLS BKB_139_20180711_id139_femadu_(16)_ORIGINAL.jpg;77
1870;1988;139;MANDRILLS BKB_139_20180711_id139_femadu_(17)_ORIGINAL.jpg;118
1891;1988;139;MANDRILLS BKB_139_20180711_id139_femadu_(18)_ORIGINAL.jpg;97
1856;1988;139;MANDRILLS BKB_139_20180711_id139_femadu_(19)_ORIGINAL.jpg;132
1802;1988;139;MANDRILLS BKB_139_20180711_id139_femadu_(2)_ORIGINAL.jpg;186
1804;1988;139;MANDRILLS BKB_139_20180711_id139_femadu_(20)_ORIGINAL.jpg;184
1809;1988;139;MANDRILLS BKB_139_20180711_id139_femadu_(21)_ORIGINAL.jpg;179
1973;1988;139;MANDRILLS BKB_139_20180711_id139_femadu_(22)_ORIGINAL.jpg;15
2037;1988;139;MANDRILLS BKB_139_20180711_id139_femadu_(23)_ORIGINAL.jpg;49
2224;1988;139;MANDRILLS BKB_139_20180711_id139_femadu_(24)_ORIGINAL.jpg;236
2002;1988;139;MANDRILLS BKB_139_20180711_id139_femadu_(25)_ORIGINAL.jpg;14
2072;1988;139;MANDRILLS BKB_139_20180711_id139_femadu_(26)_ORIGINAL.jpg;84
1927;1988;139;MANDRILLS BKB_139_20180711_id139_femadu_(27)_ORIGINAL.jpg;61
1978;1988;139;MANDRILLS BKB_139_20180711_id139_femadu_(28)_ORIGINAL.jpg;10
1962;1988;139;MANDRILLS BKB_139_20180711_id139_femadu_(29)_ORIGINAL.jpg;26
1864;1988;139;MANDRILLS BKB_139_20180711_id139_femadu_(3)_ORIGINAL.jpg;124
1902;1988;139;MANDRILLS BKB_139_20180711_id139_femadu_(30)_ORIGINAL.jpg;86
2013;1988;139;MANDRILLS BKB_139_20180711_id139_femadu_(31)_ORIGINAL.jpg;25
2218;1988;139;MANDRILLS BKB_139_20180711_id139_femadu_(32)_ORIGINAL.jpg;230
2041;1988;139;MANDRILLS BKB_139_20180711_id139_femadu_(33)_ORIGINAL.jpg;53
2019;1988;139;MANDRILLS BKB_139_20180711_id139_femadu_(34)_ORIGINAL.jpg;31
1989;1988;139;MANDRILLS BKB_139_20180711_id139_femadu_(35)_ORIGINAL.jpg;1
2017;1988;139;MANDRILLS BKB_139_20180711_id139_femadu_(36)_ORIGINAL.jpg;29
2020;1988;139;MANDRILLS BKB_139_20180711_id139_femadu_(37)_ORIGINAL.jpg;32
1981;1988;139;MANDRILLS BKB_139_20180711_id139_femadu_(38)_ORIGINAL.jpg;7
1903;1988;139;MANDRILLS BKB_139_20180711_id139_femadu_(39)_ORIGINAL.jpg;85
1917;1988;139;MANDRILLS BKB_139_20180711_id139_femadu_(4)_ORIGINAL.jpg;71
1968;1988;139;MANDRILLS BKB_139_20180711_id139_femadu_(47)_ORIGINAL.jpg;20
1977;1988;139;MANDRILLS BKB_139_20180711_id139_femadu_(48)_ORIGINAL.jpg;11
2022;1988;139;MANDRILLS BKB_139_20180711_id139_femadu_(49)_ORIGINAL.jpg;34
2034;1988;139;MANDRILLS BKB_139_20180711_id139_femadu_(5)_ORIGINAL.jpg;46
2162;1988;139;MANDRILLS BKB_139_20180711_id139_femadu_(51)_ORIGINAL.jpg;174
2061;1988;139;MANDRILLS BKB_139_20180711_id139_femadu_(52)_ORIGINAL.jpg;73
2101;1988;139;MANDRILLS BKB_139_20180711_id139_femadu_(53)_ORIGINAL.jpg;113
2116;1988;139;MANDRILLS BKB_139_20180711_id139_femadu_(54)_ORIGINAL.jpg;128
1968;1988;139;MANDRILLS BKB_139_20180711_id139_femadu_(55)_ORIGINAL.jpg;20
2021;1988;139;MANDRILLS BKB_139_20180711_id139_femadu_(57)_ORIGINAL.jpg;33
2260;1988;139;MANDRILLS BKB_139_20180711_id139_femadu_(59)_ORIGINAL.jpg;272
2093;1988;139;MANDRILLS BKB_139_20180711_id139_femadu_(6)_ORIGINAL.jpg;105
2124;1988;139;MANDRILLS BKB_139_20180711_id139_femadu_(7)_ORIGINAL.jpg;136
2029;1988;139;MANDRILLS BKB_139_20180711_id139_femadu_(8)_ORIGINAL.jpg;41
2146;1988;139;MANDRILLS BKB_139_20180711_id139_femadu_(9)_ORIGINAL.jpg;158
2044;2003;139;MANDRILLS BKB_139_20180726_id139_femaduGAUCHE_ORIGINAL.jpg;41
2119;2003;139;MANDRILLS BKB_139_20180726_id139_femadu_(1)_ORIGINAL.jpg;116
2071;2003;139;MANDRILLS BKB_139_20180726_id139_femadu_(2)_ORIGINAL.jpg;68
2168;2008;139;MANDRILLS BKB_139_20180731_id139_femadu_(12)_ORIGINAL.jpg;160
2323;2008;139;MANDRILLS BKB_139_20180731_id139_femadu_(13)_ORIGINAL.jpg;315
2559;2008;139;MANDRILLS BKB_139_20180731_id139_femadu_(14)_ORIGINAL.jpg;551
1932;2008;139;MANDRILLS BKB_139_20180731_id139_femadu_(15)_ORIGINAL.jpg;76
1808;2008;139;MANDRILLS BKB_139_20180731_id139_femadu_(17)_ORIGINAL.jpg;200
1735;2008;139;MANDRILLS BKB_139_20180731_id139_femadu_(21)_ORIGINAL.jpg;273
1764;2008;139;MANDRILLS BKB_139_20180731_id139_femadu_(3)_ORIGINAL.jpg;244
1897;2008;139;MANDRILLS BKB_139_20180731_id139_femadu_(4)_ORIGINAL.jpg;111
2287;2008;139;MANDRILLS BKB_139_20180731_id139_femadu_(5)_ORIGINAL.jpg;279
2270;2008;139;MANDRILLS BKB_139_20180731_id139_femadu_(6)_ORIGINAL.jpg;262
2495;2015;139;MANDRILLS BKB_139_20180807_id139_femadu_(1)_ORIGINAL.jpg;480
2523;2015;139;MANDRILLS BKB_139_20180807_id139_femadu_(2)_ORIGINAL.jpg;508
2542;2015;139;MANDRILLS BKB_139_20180807_id139_femadu_(3)_ORIGINAL.jpg;527
2091;2015;139;MANDRILLS BKB_139_20180807_id139_femadu_(4)_ORIGINAL.jpg;76
2401;2015;139;MANDRILLS BKB_139_20180807_id139_femadu_(5)_ORIGINAL.jpg;386
2685;2015;139;MANDRILLS BKB_139_20180807_id139_femadu_(6)_ORIGINAL.jpg;670
2262;2015;139;MANDRILLS BKB_139_20180807_id139_femadu_(7)_ORIGINAL.jpg;247
1935;2024;139;MANDRILLS BKB_139_20180816_id139_femadu_(10)_ORIGINAL.jpg;89
2249;2024;139;MANDRILLS BKB_139_20180816_id139_femadu_(3)_ORIGINAL.jpg;225
2098;2024;139;MANDRILLS BKB_139_20180816_id139_femadu_(4)_ORIGINAL.jpg;74
2104;2024;139;MANDRILLS BKB_139_20180816_id139_femadu_(6)_ORIGINAL.jpg;80
1977;2024;139;MANDRILLS BKB_139_20180816_id139_femadu_(7)_ORIGINAL.jpg;47
2009;2024;139;MANDRILLS BKB_139_20180816_id139_femadu_(8)_ORIGINAL.jpg;15
1996;2024;139;MANDRILLS BKB_139_20180816_id139_femadu_(9)_ORIGINAL.jpg;28
2250;2046;139;MANDRILLS BKB_139_20180907_id139_femadu_(1)_ORIGINAL.jpg;204
1994;2046;139;MANDRILLS BKB_139_20180907_id139_femadu_(10)_ORIGINAL.jpg;52
2138;2046;139;MANDRILLS BKB_139_20180907_id139_femadu_(11)_ORIGINAL.jpg;92
1956;2046;139;MANDRILLS BKB_139_20180907_id139_femadu_(12)_ORIGINAL.jpg;90
2100;2046;139;MANDRILLS BKB_139_20180907_id139_femadu_(13)_ORIGINAL.jpg;54
2090;2046;139;MANDRILLS BKB_139_20180907_id139_femadu_(2)_ORIGINAL.jpg;44
2263;2046;139;MANDRILLS BKB_139_20180907_id139_femadu_(3)_ORIGINAL.jpg;217
2156;2046;139;MANDRILLS BKB_139_20180907_id139_femadu_(4)_ORIGINAL.jpg;110
2196;2046;139;MANDRILLS BKB_139_20180907_id139_femadu_(5)_ORIGINAL.jpg;150
2035;2046;139;MANDRILLS BKB_139_20180907_id139_femadu_(6)_ORIGINAL.jpg;11
1972;2046;139;MANDRILLS BKB_139_20180907_id139_femadu_(7)_ORIGINAL.jpg;74
2143;2046;139;MANDRILLS BKB_139_20180907_id139_femadu_(8)_ORIGINAL.jpg;97
1952;2046;139;MANDRILLS BKB_139_20180907_id139_femadu_(9)_ORIGINAL.jpg;94
2283;2173;139;MANDRILLS BKB_139_20190112_id139_femadu_(10)_ORIGINAL.jpg;110
2162;2173;139;MANDRILLS BKB_139_20190112_id139_femadu_(11)_ORIGINAL.jpg;11
2341;2173;139;MANDRILLS BKB_139_20190112_id139_femadu_(12)_ORIGINAL.jpg;168
2482;2173;139;MANDRILLS BKB_139_20190112_id139_femadu_(13)_ORIGINAL.jpg;309
2612;2173;139;MANDRILLS BKB_139_20190112_id139_femadu_(14)_ORIGINAL.jpg;439
2222;2173;139;MANDRILLS BKB_139_20190112_id139_femadu_(3)_ORIGINAL.jpg;49
2313;2173;139;MANDRILLS BKB_139_20190112_id139_femadu_(4)_ORIGINAL.jpg;140
2372;2173;139;MANDRILLS BKB_139_20190112_id139_femadu_(5)_ORIGINAL.jpg;199
2365;2173;139;MANDRILLS BKB_139_20190112_id139_femadu_(6)_ORIGINAL.jpg;192
2231;2173;139;MANDRILLS BKB_139_20190112_id139_femadu_(7)_ORIGINAL.jpg;58
2002;2173;139;MANDRILLS BKB_139_20190112_id139_femadu_(8)_ORIGINAL.jpg;171
2077;2173;139;MANDRILLS BKB_139_20190112_id139_femadu_(9)_ORIGINAL.jpg;96
2236;2233;139;MANDRILLS BKB_139_20190313_id139_femadu_(2).jpg;3
2707;2233;139;MANDRILLS BKB_139_20190313_id139_femadu_(3).jpg;474
2337;2233;139;MANDRILLS BKB_139_20190313_id139_femadu_(4).jpg;104
2574;2233;139;MANDRILLS BKB_139_20190313_id139_femadu_(5).jpg;341
2338;2235;139;MANDRILLS BKB_139_20190315_id139_femadu_DROITE_(1).jpg;103
2740;2235;139;MANDRILLS BKB_139_20190315_id139_femadu_DROITE_(2).jpg;505
2234;2235;139;MANDRILLS BKB_139_20190315_id139_femadu_GAUCHE_(1).jpg;1
2715;2235;139;MANDRILLS BKB_139_20190315_id139_femadu_GAUCHE_(2).jpg;480
2172;2239;139;MANDRILLS BKB_139_20190319_id139_femadu.jpg;67
1950;2356;139;MANDRILLS BKB_139_20190714_id139_femadu_(10).jpg;406
2068;2356;139;MANDRILLS BKB_139_20190714_id139_femadu_(11).jpg;288
1950;2356;139;MANDRILLS BKB_139_20190714_id139_femadu_(12).jpg;406
1961;2356;139;MANDRILLS BKB_139_20190714_id139_femadu_(13).jpg;395
1655;2356;139;MANDRILLS BKB_139_20190714_id139_femadu_(14).jpg;701
2156;2356;139;MANDRILLS BKB_139_20190714_id139_femadu_(2).jpg;200
2160;2356;139;MANDRILLS BKB_139_20190714_id139_femadu_(23).jpg;196
1982;2356;139;MANDRILLS BKB_139_20190714_id139_femadu_(24).jpg;374
2064;2356;139;MANDRILLS BKB_139_20190714_id139_femadu_(25).jpg;292
2219;2356;139;MANDRILLS BKB_139_20190714_id139_femadu_(26).jpg;137
2526;2356;139;MANDRILLS BKB_139_20190714_id139_femadu_(27).jpg;170
1979;2356;139;MANDRILLS BKB_139_20190714_id139_femadu_(28).jpg;377
2078;2356;139;MANDRILLS BKB_139_20190714_id139_femadu_(29).jpg;278
1672;2356;139;MANDRILLS BKB_139_20190714_id139_femadu_(3).jpg;684
2327;2356;139;MANDRILLS BKB_139_20190714_id139_femadu_(30).jpg;29
2651;2356;139;MANDRILLS BKB_139_20190714_id139_femadu_(31).jpg;295
2455;2356;139;MANDRILLS BKB_139_20190714_id139_femadu_(32).jpg;99
2211;2356;139;MANDRILLS BKB_139_20190714_id139_femadu_(33).jpg;145
2122;2356;139;MANDRILLS BKB_139_20190714_id139_femadu_(34).jpg;234
1963;2356;139;MANDRILLS BKB_139_20190714_id139_femadu_(35).jpg;393
2284;2356;139;MANDRILLS BKB_139_20190714_id139_femadu_(36).jpg;72
2068;2356;139;MANDRILLS BKB_139_20190714_id139_femadu_(37).jpg;288
2010;2356;139;MANDRILLS BKB_139_20190714_id139_femadu_(38).jpg;346
1897;2356;139;MANDRILLS BKB_139_20190714_id139_femadu_(39).jpg;459
1844;2356;139;MANDRILLS BKB_139_20190714_id139_femadu_(4).jpg;512
1986;2356;139;MANDRILLS BKB_139_20190714_id139_femadu_(40).jpg;370
2118;2356;139;MANDRILLS BKB_139_20190714_id139_femadu_(41).jpg;238
2268;2356;139;MANDRILLS BKB_139_20190714_id139_femadu_(42).jpg;88
2385;2356;139;MANDRILLS BKB_139_20190714_id139_femadu_(46).jpg;29
2687;2356;139;MANDRILLS BKB_139_20190714_id139_femadu_(47).jpg;331
1837;2356;139;MANDRILLS BKB_139_20190714_id139_femadu_(48).jpg;519
2266;2356;139;MANDRILLS BKB_139_20190714_id139_femadu_(49).jpg;90
2171;2356;139;MANDRILLS BKB_139_20190714_id139_femadu_(5).jpg;185
1920;2356;139;MANDRILLS BKB_139_20190714_id139_femadu_(50).jpg;436
2080;2356;139;MANDRILLS BKB_139_20190714_id139_femadu_(51).jpg;276
2067;2356;139;MANDRILLS BKB_139_20190714_id139_femadu_(52).jpg;289
2091;2356;139;MANDRILLS BKB_139_20190714_id139_femadu_(6).jpg;265
2247;2356;139;MANDRILLS BKB_139_20190714_id139_femadu_(7).jpg;109
2084;2356;139;MANDRILLS BKB_139_20190714_id139_femadu_(8).jpg;272
2046;2356;139;MANDRILLS BKB_139_20190714_id139_femadu_(9).jpg;310
2248;2376;139;MANDRILLS BKB_139_20190803_id139_femadu_(1).jpg;128
2321;2376;139;MANDRILLS BKB_139_20190803_id139_femadu_(2).jpg;55
2379;2376;139;MANDRILLS BKB_139_20190803_id139_femadu_(3).jpg;3
2519;2376;139;MANDRILLS BKB_139_20190803_id139_femadu_(4).jpg;143
2620;2376;139;MANDRILLS BKB_139_20190803_id139_femadu_(5).jpg;244
2313;2376;139;MANDRILLS BKB_139_20190803_id139_femadu_(6).jpg;63
2279;2376;139;MANDRILLS BKB_139_20190803_id139_femadu_(7).jpg;97
2422;2408;139;MANDRILLS BKB_139_20190904_id139_femadu_(1).jpg;14
2826;2408;139;MANDRILLS BKB_139_20190904_id139_femadu_(2).jpg;418
2527;2430;139;MANDRILLS BKB_139_20190926_id139_femadu.jpg;97
2553;2479;139;MANDRILLS BKB_139_20191114_id139_femadu.jpg;74
2796;2533;139;MANDRILLS BKB_139_20200107_id139_femadu.jpg;263
2410;2575;139;MANDRILLS BKB_139_20200218_id139_femadu_(1).jpg;165
3433;2575;139;MANDRILLS BKB_139_20200218_id139_femadu_(2).jpg;858
2663;2653;139;MANDRILLS BKB_139_20200506_id139_femadu.jpg;10
2857;2653;139;MANDRILLS BKB_139_20200506_id139_femadu_(1).jpg;204
2842;2653;139;MANDRILLS BKB_139_20200506_id139_femadu_(2).jpg;189
2821;2820;139;MANDRILLS BKB_139_20201020_id139_femadu_(1).jpg;1
2550;2820;139;MANDRILLS BKB_139_20201020_id139_femadu_(2).jpg;270
2881;2822;139;MANDRILLS BKB_139_20201022_id139_femadu_(2).jpg;59
2497;2876;139;MANDRILLS BKB_139_20201215_id139_femadu.jpg;379
2417;2908;139;MANDRILLS BKB_139_20210116_id139_femadu.jpg;491
2867;2937;139;MANDRILLS BKB_139_20210214_id139_femadu_(1).jpg;70
3124;2937;139;MANDRILLS BKB_139_20210214_id139_femadu_(2).jpg;187
2946;2940;139;MANDRILLS BKB_139_20210217_id139_femadu_(1).jpg;6
3195;2940;139;MANDRILLS BKB_139_20210217_id139_femadu_(2).jpg;255
2720;2987;139;MANDRILLS BKB_139_20210405_id139_femadu_(1).jpg;267
3376;2987;139;MANDRILLS BKB_139_20210405_id139_femadu_(2).jpg;389
2923;2992;139;MANDRILLS BKB_139_20210410_id139_femadu.jpg;69
3085;3005;139;MANDRILLS BKB_139_20210423_id139_femadu_(1).jpg;80
2524;3005;139;MANDRILLS BKB_139_20210423_id139_femadu_(2).jpg;481
3324;3039;139;MANDRILLS BKB_139_20210527_id139_femadu.jpg;285
3096;3065;139;MANDRILLS BKB_139_20210622_id139_femadu.jpg;31
2610;3151;139;MANDRILLS BKB_139_20210916_id139_femadu.jpg;541
2323;3171;139;MANDRILLS BKB_139_20211006_id139_femadu.jpg;848
3027;3220;139;MANDRILLS BKB_139_20211124_id139_femadu.jpg;193
2857;3222;139;MANDRILLS BKB_139_20211126_id139_femadu.jpg;365
2976;3277;139;MANDRILLS BKB_139_20220120_id139.jpg;301
2960;3304;139;MANDRILLS BKB_139_20220216_id139_femadu.jpg;344
3087;3335;139;MANDRILLS BKB_139_20220319_id139_femadu (1).jpg;248
2953;3335;139;MANDRILLS BKB_139_20220319_id139_femadu (2).jpg;382
3108;3342;139;MANDRILLS BKB_139_20220326_id139_femadu (2).jpg;234
2584;3346;139;MANDRILLS BKB_139_20220330_id139_femadu (1).jpg;762
2344;3346;139;MANDRILLS BKB_139_20220330_id139_femadu (2).jpg;1002
2821;3351;139;MANDRILLS BKB_139_20220404_id139_femadu.jpg;530
2938;3380;139;MANDRILLS BKB_139_20220503_id139_femadu.jpg;442
3048;3381;139;MANDRILLS BKB_139_20220504_id139_femadu.jpg;333
2697;3392;139;MANDRILLS BKB_139_20220515_id139_femadu (2).jpg;695
3109;3401;139;MANDRILLS BKB_139_20220524_id139_femadu (2).jpg;292
2713;3406;139;MANDRILLS BKB_139_20220529_id139_femadu.jpg;693
3024;3407;139;MANDRILLS BKB_139_20220530_id139_femadu.jpg;383
3041;3428;139;MANDRILLS BKB_139_20220620_id139_femadu (1).jpg;387
3185;3428;139;MANDRILLS BKB_139_20220620_id139_femadu (2).jpg;243
3600;3437;139;MANDRILLS BKB_139_20220629_id139 (1).jpg;163
3578;3437;139;MANDRILLS BKB_139_20220629_id139 (2).jpg;141
2993;3444;139;MANDRILLS BKB_139_20220706_id139 (1).jpg;451
3136;3444;139;MANDRILLS BKB_139_20220706_id139 (2).jpg;308
3339;3444;139;MANDRILLS BKB_139_20220706_id139 (3).jpg;105
3158;3452;139;MANDRILLS BKB_139_20220714_id139_femadu.jpg;294
3160;3462;139;MANDRILLS BKB_139_20220724_id139 (1).jpg;302
2864;3462;139;MANDRILLS BKB_139_20220724_id139 (2).jpg;598
3188;3462;139;MANDRILLS BKB_139_20220724_id139 (3).jpg;274
3381;3466;139;MANDRILLS BKB_139_20220728_id139.jpg;85
3398;3470;139;MANDRILLS BKB_139_20220801_id139 (1).jpg;72
3062;3470;139;MANDRILLS BKB_139_20220801_id139 (2).jpg;408
3166;3495;139;MANDRILLS BKB_139_20220826_id139 (2).jpg;329
2986;3497;139;MANDRILLS BKB_139_20220828_id139.jpg;511
3088;3504;139;MANDRILLS BKB_139_20220904_id139 (1).jpg;416
2909;3504;139;MANDRILLS BKB_139_20220904_id139 (2).jpg;595
3157;3505;139;MANDRILLS BKB_139_20220905_id139.jpg;348
2839;3593;139;MANDRILLS BKB_139_20221202_id139.jpg;754
3357;3600;139;MANDRILLS BKB_139_20221209_id139.jpg;243
2927;3601;139;MANDRILLS BKB_139_20221210_id139 (2).jpg;674
2642;3601;139;MANDRILLS BKB_139_20221210_id139.jpg;959
3034;3605;139;MANDRILLS BKB_139_20221214_id139 (2).jpg;571
3127;3605;139;MANDRILLS BKB_139_20221214_id139.jpg;478
3356;3606;139;MANDRILLS BKB_139_20221215_id139.jpg;250
2698;3609;139;MANDRILLS BKB_139_20221218_id139.jpg;911
2338;2017;150;MANDRILLS BKB_150_20180711_id150_femaduGAUCHE_(1)_ORIGINAL.jpg;321
2430;2017;150;MANDRILLS BKB_150_20180711_id150_femaduGAUCHE_(10)_ORIGINAL.jpg;413
2075;2017;150;MANDRILLS BKB_150_20180711_id150_femaduGAUCHE_(8)_ORIGINAL.jpg;58
2127;2017;150;MANDRILLS BKB_150_20180711_id150_femaduGAUCHE_(9)_ORIGINAL.jpg;110
2251;2017;150;MANDRILLS BKB_150_20180711_id150_femadu_(1)_ORIGINAL.jpg;234
2189;2017;150;MANDRILLS BKB_150_20180711_id150_femadu_(10)_ORIGINAL.jpg;172
2283;2017;150;MANDRILLS BKB_150_20180711_id150_femadu_(11)_ORIGINAL.jpg;266
1962;2017;150;MANDRILLS BKB_150_20180711_id150_femadu_(12)_ORIGINAL.jpg;55
1899;2017;150;MANDRILLS BKB_150_20180711_id150_femadu_(13)_ORIGINAL.jpg;118
2219;2017;150;MANDRILLS BKB_150_20180711_id150_femadu_(14)_ORIGINAL.jpg;202
1941;2017;150;MANDRILLS BKB_150_20180711_id150_femadu_(15)_ORIGINAL.jpg;76
2047;2017;150;MANDRILLS BKB_150_20180711_id150_femadu_(16)_ORIGINAL.jpg;30
2171;2017;150;MANDRILLS BKB_150_20180711_id150_femadu_(17)_ORIGINAL.jpg;154
2077;2017;150;MANDRILLS BKB_150_20180711_id150_femadu_(18)_ORIGINAL.jpg;60
2243;2017;150;MANDRILLS BKB_150_20180711_id150_femadu_(2)_ORIGINAL.jpg;226
2295;2017;150;MANDRILLS BKB_150_20180711_id150_femadu_(29)_ORIGINAL.jpg;278
2346;2017;150;MANDRILLS BKB_150_20180711_id150_femadu_(3)_ORIGINAL.jpg;329
2240;2017;150;MANDRILLS BKB_150_20180711_id150_femadu_(30)_ORIGINAL.jpg;223
2297;2017;150;MANDRILLS BKB_150_20180711_id150_femadu_(31)_ORIGINAL.jpg;280
2310;2017;150;MANDRILLS BKB_150_20180711_id150_femadu_(32)_ORIGINAL.jpg;293
2104;2017;150;MANDRILLS BKB_150_20180711_id150_femadu_(33)_ORIGINAL.jpg;87
2147;2017;150;MANDRILLS BKB_150_20180711_id150_femadu_(34)_ORIGINAL.jpg;130
2279;2017;150;MANDRILLS BKB_150_20180711_id150_femadu_(4)_ORIGINAL.jpg;262
2133;2017;150;MANDRILLS BKB_150_20180711_id150_femadu_(5)_ORIGINAL.jpg;116
2261;2017;150;MANDRILLS BKB_150_20180711_id150_femadu_(6)_ORIGINAL.jpg;244
2379;2017;150;MANDRILLS BKB_150_20180711_id150_femadu_(9)_ORIGINAL.jpg;362
2193;2024;150;MANDRILLS BKB_150_20180718_id150_femaduDROITE_(1)_ORIGINAL.jpg;169
2121;2024;150;MANDRILLS BKB_150_20180718_id150_femaduDROITE_(2)_ORIGINAL.jpg;97
2561;2024;150;MANDRILLS BKB_150_20180718_id150_femaduDROITE_(3)_ORIGINAL.jpg;537
2376;2024;150;MANDRILLS BKB_150_20180718_id150_femadu_(1)_ORIGINAL.jpg;352
2190;2024;150;MANDRILLS BKB_150_20180718_id150_femadu_(10)_ORIGINAL.jpg;166
1849;2024;150;MANDRILLS BKB_150_20180718_id150_femadu_(11)_ORIGINAL.jpg;175
2209;2024;150;MANDRILLS BKB_150_20180718_id150_femadu_(12)_ORIGINAL.jpg;185
2141;2024;150;MANDRILLS BKB_150_20180718_id150_femadu_(13)_ORIGINAL.jpg;117
2284;2024;150;MANDRILLS BKB_150_20180718_id150_femadu_(14)_ORIGINAL.jpg;260
2437;2024;150;MANDRILLS BKB_150_20180718_id150_femadu_(15)_ORIGINAL.jpg;413
2461;2024;150;MANDRILLS BKB_150_20180718_id150_femadu_(16)_ORIGINAL.jpg;437
2081;2024;150;MANDRILLS BKB_150_20180718_id150_femadu_(2)_ORIGINAL.jpg;57
2516;2024;150;MANDRILLS BKB_150_20180718_id150_femadu_(3)_ORIGINAL.jpg;492
2391;2024;150;MANDRILLS BKB_150_20180718_id150_femadu_(4)_ORIGINAL.jpg;367
2395;2024;150;MANDRILLS BKB_150_20180718_id150_femadu_(5)_ORIGINAL.jpg;371
2487;2024;150;MANDRILLS BKB_150_20180718_id150_femadu_(6)_ORIGINAL.jpg;463
2422;2024;150;MANDRILLS BKB_150_20180718_id150_femadu_(7)_ORIGINAL.jpg;398
2170;2024;150;MANDRILLS BKB_150_20180718_id150_femadu_(8)_ORIGINAL.jpg;146
2163;2024;150;MANDRILLS BKB_150_20180718_id150_femadu_(9)_ORIGINAL.jpg;139
2275;2025;150;MANDRILLS BKB_150_20180719_id150_femadu_(3)_ORIGINAL.jpg;250
1627;2025;150;MANDRILLS BKB_150_20180719_id150_femadu_(5)_ORIGINAL.jpg;398
1939;2025;150;MANDRILLS BKB_150_20180719_id150_femadu_(6)_ORIGINAL.jpg;86
2167;2032;150;MANDRILLS BKB_150_20180726_id150_femaduDROITE_(1)_ORIGINAL.jpg;135
2133;2032;150;MANDRILLS BKB_150_20180726_id150_femaduDROITE_(2)_ORIGINAL.jpg;101
1733;2032;150;MANDRILLS BKB_150_20180726_id150_femaduDROITE_(3)_ORIGINAL.jpg;299
2280;2032;150;MANDRILLS BKB_150_20180726_id150_femaduDROITE_(5)_ORIGINAL.jpg;248
2323;2032;150;MANDRILLS BKB_150_20180726_id150_femaduDROITE_(6)_ORIGINAL.jpg;291
2064;2032;150;MANDRILLS BKB_150_20180726_id150_femaduDROITE_(7)_ORIGINAL.jpg;32
2430;2033;150;MANDRILLS BKB_150_20180727_id150_femaduDROITE_(1)_ORIGINAL.jpg;397
2308;2033;150;MANDRILLS BKB_150_20180727_id150_femaduDROITE_(2)_ORIGINAL.jpg;275
2562;2033;150;MANDRILLS BKB_150_20180727_id150_femaduDROITE_(3)_ORIGINAL.jpg;529
2579;2033;150;MANDRILLS BKB_150_20180727_id150_femaduDROITE_(4)_ORIGINAL.jpg;546
2162;2033;150;MANDRILLS BKB_150_20180727_id150_femadu_(10)_ORIGINAL.jpg;129
2085;2033;150;MANDRILLS BKB_150_20180727_id150_femadu_(11)_ORIGINAL.jpg;52
2372;2033;150;MANDRILLS BKB_150_20180727_id150_femadu_(12)_ORIGINAL.jpg;339
2301;2033;150;MANDRILLS BKB_150_20180727_id150_femadu_(13)_ORIGINAL.jpg;268
2460;2033;150;MANDRILLS BKB_150_20180727_id150_femadu_(14)_ORIGINAL.jpg;427
2424;2033;150;MANDRILLS BKB_150_20180727_id150_femadu_(15)_ORIGINAL.jpg;391
2376;2033;150;MANDRILLS BKB_150_20180727_id150_femadu_(16)_ORIGINAL.jpg;343
2446;2033;150;MANDRILLS BKB_150_20180727_id150_femadu_(17)_ORIGINAL.jpg;413
1842;2033;150;MANDRILLS BKB_150_20180727_id150_femadu_(5)_ORIGINAL.jpg;191
2015;2033;150;MANDRILLS BKB_150_20180727_id150_femadu_(8)_ORIGINAL.jpg;18
2183;2033;150;MANDRILLS BKB_150_20180727_id150_femadu_(9)_ORIGINAL.jpg;150
2135;2037;150;MANDRILLS BKB_150_20180731_id150_femadu_ORIGINAL.jpg;98
1854;2180;150;MANDRILLS BKB_150_20181221_id150_femadu_(1)_ORIGINAL.jpg;326
2012;2180;150;MANDRILLS BKB_150_20181221_id150_femadu_(10)_ORIGINAL.jpg;168
2186;2180;150;MANDRILLS BKB_150_20181221_id150_femadu_(11)_ORIGINAL.jpg;6
1972;2180;150;MANDRILLS BKB_150_20181221_id150_femadu_(12)_ORIGINAL.jpg;208
1933;2180;150;MANDRILLS BKB_150_20181221_id150_femadu_(13)_ORIGINAL.jpg;247
2051;2180;150;MANDRILLS BKB_150_20181221_id150_femadu_(14)_ORIGINAL.jpg;129
1984;2180;150;MANDRILLS BKB_150_20181221_id150_femadu_(15)_ORIGINAL.jpg;196
2125;2180;150;MANDRILLS BKB_150_20181221_id150_femadu_(16)_ORIGINAL.jpg;55
1844;2180;150;MANDRILLS BKB_150_20181221_id150_femadu_(17)_ORIGINAL.jpg;336
2197;2180;150;MANDRILLS BKB_150_20181221_id150_femadu_(2)_ORIGINAL.jpg;17
2402;2180;150;MANDRILLS BKB_150_20181221_id150_femadu_(20)_ORIGINAL.jpg;222
2256;2180;150;MANDRILLS BKB_150_20181221_id150_femadu_(24)_ORIGINAL.jpg;76
2119;2180;150;MANDRILLS BKB_150_20181221_id150_femadu_(25)_ORIGINAL.jpg;61
1962;2180;150;MANDRILLS BKB_150_20181221_id150_femadu_(26)_ORIGINAL.jpg;218
2084;2180;150;MANDRILLS BKB_150_20181221_id150_femadu_(3)_ORIGINAL.jpg;96
2111;2180;150;MANDRILLS BKB_150_20181221_id150_femadu_(4)_ORIGINAL.jpg;69
1997;2180;150;MANDRILLS BKB_150_20181221_id150_femadu_(5)_ORIGINAL.jpg;183
2136;2180;150;MANDRILLS BKB_150_20181221_id150_femadu_(6)_ORIGINAL.jpg;44
2387;2180;150;MANDRILLS BKB_150_20181221_id150_femadu_(7)_ORIGINAL.jpg;207
1985;2180;150;MANDRILLS BKB_150_20181221_id150_femadu_(8)_ORIGINAL.jpg;195
2035;2180;150;MANDRILLS BKB_150_20181221_id150_femadu_(9)_ORIGINAL.jpg;145
2145;2198;150;MANDRILLS BKB_150_20190108_id150_femadu_DEVANT_(2)_ORIGINAL.jpg;53
2466;2244;150;MANDRILLS BKB_150_20190223_id150_femadu_(1)_ORIGINAL.jpg;222
2323;2244;150;MANDRILLS BKB_150_20190223_id150_femadu_(10)_ORIGINAL.jpg;79
2265;2244;150;MANDRILLS BKB_150_20190223_id150_femadu_(2)_ORIGINAL.jpg;21
2435;2244;150;MANDRILLS BKB_150_20190223_id150_femadu_(3)_ORIGINAL.jpg;191
2485;2244;150;MANDRILLS BKB_150_20190223_id150_femadu_(5)_ORIGINAL.jpg;241
2238;2244;150;MANDRILLS BKB_150_20190223_id150_femadu_(6)_ORIGINAL.jpg;6
2305;2244;150;MANDRILLS BKB_150_20190223_id150_femadu_(7)_ORIGINAL.jpg;61
2288;2244;150;MANDRILLS BKB_150_20190223_id150_femadu_(8)_ORIGINAL.jpg;44
2228;2244;150;MANDRILLS BKB_150_20190223_id150_femadu_DROITE_(1)_ORIGINAL.jpg;16
2439;2244;150;MANDRILLS BKB_150_20190223_id150_femadu_DROITE_(2)_ORIGINAL.jpg;195
2193;2244;150;MANDRILLS BKB_150_20190223_id150_femadu_GAUCHE_(1)_ORIGINAL.jpg;51
2433;2244;150;MANDRILLS BKB_150_20190223_id150_femadu_GAUCHE_(10)_ORIGINAL.jpg;189
2232;2244;150;MANDRILLS BKB_150_20190223_id150_femadu_GAUCHE_(11)_ORIGINAL.jpg;12
1883;2244;150;MANDRILLS BKB_150_20190223_id150_femadu_GAUCHE_(13)_ORIGINAL.jpg;361
2104;2244;150;MANDRILLS BKB_150_20190223_id150_femadu_GAUCHE_(14)_ORIGINAL.jpg;140
2244;2244;150;MANDRILLS BKB_150_20190223_id150_femadu_GAUCHE_(15)_ORIGINAL.jpg;0
2199;2244;150;MANDRILLS BKB_150_20190223_id150_femadu_GAUCHE_(2)_ORIGINAL.jpg;45
2247;2244;150;MANDRILLS BKB_150_20190223_id150_femadu_GAUCHE_(3)_ORIGINAL.jpg;3
2222;2244;150;MANDRILLS BKB_150_20190223_id150_femadu_GAUCHE_(4)_ORIGINAL.jpg;22
2097;2244;150;MANDRILLS BKB_150_20190223_id150_femadu_GAUCHE_(5)_ORIGINAL.jpg;147
1966;2244;150;MANDRILLS BKB_150_20190223_id150_femadu_GAUCHE_(6)_ORIGINAL.jpg;278
2060;2244;150;MANDRILLS BKB_150_20190223_id150_femadu_GAUCHE_(8)_ORIGINAL.jpg;184
2226;2244;150;MANDRILLS BKB_150_20190223_id150_femadu_GAUCHE_(9)_ORIGINAL.jpg;18
2216;2244;150;MANDRILLS BKB_150_20190223_id150_femadu_HAUT_(1)_ORIGINAL.jpg;28
2271;2244;150;MANDRILLS BKB_150_20190223_id150_femadu_HAUT_(3)_ORIGINAL.jpg;27
2215;2262;150;MANDRILLS BKB_150_20190313_id150_femadu_DEVANT_(1).jpg;47
2467;2262;150;MANDRILLS BKB_150_20190313_id150_femadu_DEVANT_(10).jpg;205
2253;2262;150;MANDRILLS BKB_150_20190313_id150_femadu_DEVANT_(11).jpg;9
2392;2262;150;MANDRILLS BKB_150_20190313_id150_femadu_DEVANT_(2).jpg;130
2298;2262;150;MANDRILLS BKB_150_20190313_id150_femadu_DEVANT_(4).jpg;36
2463;2262;150;MANDRILLS BKB_150_20190313_id150_femadu_DEVANT_(5).jpg;201
2347;2262;150;MANDRILLS BKB_150_20190313_id150_femadu_DEVANT_(7).jpg;85
1935;2262;150;MANDRILLS BKB_150_20190313_id150_femadu_DROITE_(1).jpg;327
2600;2262;150;MANDRILLS BKB_150_20190313_id150_femadu_DROITE_(10).jpg;338
2430;2262;150;MANDRILLS BKB_150_20190313_id150_femadu_DROITE_(2).jpg;168
2110;2262;150;MANDRILLS BKB_150_20190313_id150_femadu_DROITE_(3).jpg;152
2447;2262;150;MANDRILLS BKB_150_20190313_id150_femadu_DROITE_(7).jpg;185
2658;2262;150;MANDRILLS BKB_150_20190313_id150_femadu_DROITE_(8).jpg;396
2494;2262;150;MANDRILLS BKB_150_20190313_id150_femadu_DROITE_(9).jpg;232
2449;2262;150;MANDRILLS BKB_150_20190313_id150_femadu_GAUCHE.jpg;187
2363;2262;150;MANDRILLS BKB_150_20190313_id150_femadu_HAUT_(1).jpg;101
1905;2262;150;MANDRILLS BKB_150_20190313_id150_femadu_HAUT_(10).jpg;357
2386;2262;150;MANDRILLS BKB_150_20190313_id150_femadu_HAUT_(11).jpg;124
2367;2262;150;MANDRILLS BKB_150_20190313_id150_femadu_HAUT_(2).jpg;105
2307;2262;150;MANDRILLS BKB_150_20190313_id150_femadu_HAUT_(3).jpg;45
2356;2262;150;MANDRILLS BKB_150_20190313_id150_femadu_HAUT_(4).jpg;94
2352;2262;150;MANDRILLS BKB_150_20190313_id150_femadu_HAUT_(5).jpg;90
2311;2262;150;MANDRILLS BKB_150_20190313_id150_femadu_HAUT_(6).jpg;49
2473;2262;150;MANDRILLS BKB_150_20190313_id150_femadu_HAUT_(8).jpg;211
2171;2262;150;MANDRILLS BKB_150_20190313_id150_femadu_HAUT_(9).jpg;91
2240;2266;150;MANDRILLS BKB_150_20190317_id150_femadu_GAUCHE_(1).jpg;26
1950;2266;150;MANDRILLS BKB_150_20190317_id150_femadu_GAUCHE_(3).jpg;316
2404;2266;150;MANDRILLS BKB_150_20190317_id150_femadu_GAUCHE_(5).jpg;138
2460;2266;150;MANDRILLS BKB_150_20190317_id150_femadu_GAUCHE_(6).jpg;194
2245;2266;150;MANDRILLS BKB_150_20190317_id150_femadu_GAUCHE_(7).jpg;21
2090;2266;150;MANDRILLS BKB_150_20190317_id150_femadu_GAUCHE_(8).jpg;176
2496;2266;150;MANDRILLS BKB_150_20190317_id150_femadu_HAUT_(1).jpg;230
2501;2266;150;MANDRILLS BKB_150_20190317_id150_femadu_HAUT_(2).jpg;235
2613;2273;150;MANDRILLS BKB_150_20190324_id150_femadu_(1).jpg;340
2365;2273;150;MANDRILLS BKB_150_20190324_id150_femadu_(3).jpg;92
2194;2273;150;MANDRILLS BKB_150_20190324_id150_femadu_(4).jpg;79
2315;2273;150;MANDRILLS BKB_150_20190324_id150_femadu_(5).jpg;42
2527;2273;150;MANDRILLS BKB_150_20190324_id150_femadu_GAUCHE.jpg;254
2782;2379;150;MANDRILLS BKB_150_20190708_id150_femadu_(1).jpg;403
2573;2379;150;MANDRILLS BKB_150_20190708_id150_femadu_(10).jpg;194
2606;2379;150;MANDRILLS BKB_150_20190708_id150_femadu_(12).jpg;227
2198;2379;150;MANDRILLS BKB_150_20190708_id150_femadu_(13).jpg;181
2440;2379;150;MANDRILLS BKB_150_20190708_id150_femadu_(14).jpg;61
2452;2379;150;MANDRILLS BKB_150_20190708_id150_femadu_(15).jpg;73
2450;2379;150;MANDRILLS BKB_150_20190708_id150_femadu_(16).jpg;71
2387;2379;150;MANDRILLS BKB_150_20190708_id150_femadu_(17).jpg;8
2364;2379;150;MANDRILLS BKB_150_20190708_id150_femadu_(18).jpg;15
2180;2379;150;MANDRILLS BKB_150_20190708_id150_femadu_(19).jpg;199
2813;2379;150;MANDRILLS BKB_150_20190708_id150_femadu_(2).jpg;434
2162;2379;150;MANDRILLS BKB_150_20190708_id150_femadu_(20).jpg;217
2387;2379;150;MANDRILLS BKB_150_20190708_id150_femadu_(21).jpg;8
2178;2379;150;MANDRILLS BKB_150_20190708_id150_femadu_(23).jpg;201
2357;2379;150;MANDRILLS BKB_150_20190708_id150_femadu_(24).jpg;22
1964;2379;150;MANDRILLS BKB_150_20190708_id150_femadu_(25).jpg;415
2037;2379;150;MANDRILLS BKB_150_20190708_id150_femadu_(26).jpg;342
2101;2379;150;MANDRILLS BKB_150_20190708_id150_femadu_(27).jpg;278
1849;2379;150;MANDRILLS BKB_150_20190708_id150_femadu_(28).jpg;530
2279;2379;150;MANDRILLS BKB_150_20190708_id150_femadu_(29).jpg;100
2778;2379;150;MANDRILLS BKB_150_20190708_id150_femadu_(3).jpg;399
2310;2379;150;MANDRILLS BKB_150_20190708_id150_femadu_(30).jpg;69
2440;2379;150;MANDRILLS BKB_150_20190708_id150_femadu_(36).jpg;61
2302;2379;150;MANDRILLS BKB_150_20190708_id150_femadu_(37).jpg;77
2287;2379;150;MANDRILLS BKB_150_20190708_id150_femadu_(38).jpg;92
2254;2379;150;MANDRILLS BKB_150_20190708_id150_femadu_(39).jpg;125
2618;2379;150;MANDRILLS BKB_150_20190708_id150_femadu_(4).jpg;239
2306;2379;150;MANDRILLS BKB_150_20190708_id150_femadu_(40).jpg;73
2170;2379;150;MANDRILLS BKB_150_20190708_id150_femadu_(41).jpg;209
2199;2379;150;MANDRILLS BKB_150_20190708_id150_femadu_(42).jpg;180
2305;2379;150;MANDRILLS BKB_150_20190708_id150_femadu_(43).jpg;74
2266;2379;150;MANDRILLS BKB_150_20190708_id150_femadu_(44).jpg;113
2201;2379;150;MANDRILLS BKB_150_20190708_id150_femadu_(45).jpg;178
2520;2379;150;MANDRILLS BKB_150_20190708_id150_femadu_(46).jpg;141
2176;2379;150;MANDRILLS BKB_150_20190708_id150_femadu_(47).jpg;203
2147;2379;150;MANDRILLS BKB_150_20190708_id150_femadu_(48).jpg;232
2159;2379;150;MANDRILLS BKB_150_20190708_id150_femadu_(49).jpg;220
2585;2379;150;MANDRILLS BKB_150_20190708_id150_femadu_(5).jpg;206
2267;2379;150;MANDRILLS BKB_150_20190708_id150_femadu_(50).jpg;112
2679;2379;150;MANDRILLS BKB_150_20190708_id150_femadu_(6).jpg;300
2701;2379;150;MANDRILLS BKB_150_20190708_id150_femadu_(7).jpg;322
2656;2379;150;MANDRILLS BKB_150_20190708_id150_femadu_(8).jpg;277
2544;2379;150;MANDRILLS BKB_150_20190708_id150_femadu_(9).jpg;165
2625;2532;150;MANDRILLS BKB_150_20191208_id150_femadu.jpg;93
2163;2593;150;MANDRILLS BKB_150_20200207_id150_femadu_(1).jpg;430
2325;2593;150;MANDRILLS BKB_150_20200207_id150_femadu_(2).jpg;268
2801;2682;150;MANDRILLS BKB_150_20200506_id150_femadu_(1).jpg;119
2637;2682;150;MANDRILLS BKB_150_20200506_id150_femadu_(2).jpg;45
2650;2682;150;MANDRILLS BKB_150_20200506_id150_femadu_(3).jpg;32
2857;2847;150;MANDRILLS BKB_150_20201018_id150_femadu_(1).jpg;10
2709;2847;150;MANDRILLS BKB_150_20201018_id150_femadu_(2).jpg;138
2668;2847;150;MANDRILLS BKB_150_20201018_id150_femadu_(3).jpg;179
2858;2847;150;MANDRILLS BKB_150_20201018_id150_femadu_(4).jpg;11
2675;2881;150;MANDRILLS BKB_150_20201121_id150_femadu.jpg;206
2697;2882;150;MANDRILLS BKB_150_20201122_id150_femadu.jpg;185
2955;2883;150;MANDRILLS BKB_150_20201123_id150_femadu_(1).jpg;72
2592;2883;150;MANDRILLS BKB_150_20201123_id150_femadu_(2).jpg;291
2640;2883;150;MANDRILLS BKB_150_20201123_id150_femadu_(3).jpg;243
2807;2911;150;MANDRILLS BKB_150_20201221_id150_femadu_(2).jpg;104
2328;2911;150;MANDRILLS BKB_150_20201221_id150_femadu_(3).jpg;583
2498;2912;150;MANDRILLS BKB_150_20201222_id150_femadu_(1).jpg;414
2799;2912;150;MANDRILLS BKB_150_20201222_id150_femadu_(2).jpg;113
2204;2912;150;MANDRILLS BKB_150_20201222_id150_femadu_(3).jpg;708
2588;2912;150;MANDRILLS BKB_150_20201222_id150_femadu_(4).jpg;324
2672;2912;150;MANDRILLS BKB_150_20201222_id150_femadu_(5).jpg;240
2809;2912;150;MANDRILLS BKB_150_20201222_id150_femadu_(6).jpg;103
2099;2912;150;MANDRILLS BKB_150_20201222_id150_femadu_(7).jpg;813
2568;2912;150;MANDRILLS BKB_150_20201222_id150_femadu_(8).jpg;344
2464;2912;150;MANDRILLS BKB_150_20201222_id150_femadu_(9).jpg;448
2699;2924;150;MANDRILLS BKB_150_20210103_id150_femadu_(1).jpg;225
2639;2924;150;MANDRILLS BKB_150_20210103_id150_femadu_(3).jpg;285
2434;2924;150;MANDRILLS BKB_150_20210103_id150_femadu_(4).jpg;490
2651;2925;150;MANDRILLS BKB_150_20210104_id150_femadu_(2).jpg;274
2409;2925;150;MANDRILLS BKB_150_20210104_id150_femadu_(3).jpg;516
2624;2925;150;MANDRILLS BKB_150_20210104_id150_femadu_(4).jpg;301
2366;2950;150;MANDRILLS BKB_150_20210129_id150_femadu_(1).jpg;584
2699;2950;150;MANDRILLS BKB_150_20210129_id150_femadu_(2).jpg;251
2354;2950;150;MANDRILLS BKB_150_20210129_id150_femadu_(3).jpg;596
3072;2951;150;MANDRILLS BKB_150_20210130_id150_femadu_(1).jpg;121
2764;2951;150;MANDRILLS BKB_150_20210130_id150_femadu_(2).jpg;187
2818;2958;150;MANDRILLS BKB_150_20210206_id150_femadu_(1).jpg;140
2900;2958;150;MANDRILLS BKB_150_20210206_id150_femadu_(2).jpg;58
2718;3009;150;MANDRILLS BKB_150_20210329_id150_femadu_(1).jpg;291
2783;3009;150;MANDRILLS BKB_150_20210329_id150_femadu_(2).jpg;226
2839;3012;150;MANDRILLS BKB_150_20210401_id150_femadu.jpg;173
2780;3016;150;MANDRILLS BKB_150_20210405_id150_femadu_(1).jpg;236
2783;3016;150;MANDRILLS BKB_150_20210405_id150_femadu_(2).jpg;233
2746;3021;150;MANDRILLS BKB_150_20210410_id150_femadu_(1).jpg;275
3116;3021;150;MANDRILLS BKB_150_20210410_id150_femadu_(2).jpg;95
2664;3173;150;MANDRILLS BKB_150_20210909_id150_femadu (1).jpg;509
2495;3173;150;MANDRILLS BKB_150_20210909_id150_femadu (2).jpg;678
2695;3173;150;MANDRILLS BKB_150_20210909_id150_femadu_(1).jpg;478
2544;3173;150;MANDRILLS BKB_150_20210909_id150_femadu_(2).jpg;629
2848;3181;150;MANDRILLS BKB_150_20210917_id150_femadu.jpg;333
2708;3213;150;MANDRILLS BKB_150_20211019_id150_femadu.jpg;505
2875;3236;150;MANDRILLS BKB_150_20211111_id150_femadu.jpg;361
2515;3244;150;MANDRILLS BKB_150_20211119_id150_femadu_(1).jpg;729
2512;3244;150;MANDRILLS BKB_150_20211119_id150_femadu_(2).jpg;732
2487;3251;150;MANDRILLS BKB_150_20211126_id150_femadu.jpg;764
2906;3275;150;MANDRILLS BKB_150_20211220_ID150_femadu_(1).jpg;369
2799;3275;150;MANDRILLS BKB_150_20211220_ID150_femadu_(2).jpg;476
2673;3275;150;MANDRILLS BKB_150_20211220_ID150_femadu_(3).jpg;602
2838;3306;150;MANDRILLS BKB_150_20220120_id150 (1).jpg;468
2558;3306;150;MANDRILLS BKB_150_20220120_id150 (2).jpg;748
2569;3308;150;MANDRILLS BKB_150_20220122_id150 (1).jpg;739
2958;3308;150;MANDRILLS BKB_150_20220122_id150 (2).jpg;350
2920;3308;150;MANDRILLS BKB_150_20220122_id150 (3).jpg;388
2728;3316;150;MANDRILLS BKB_150_20220130_id150 (2).jpg;588
2950;3316;150;MANDRILLS BKB_150_20220130_id150 (3).jpg;366
2797;3316;150;MANDRILLS BKB_150_20220130_id150.jpg;519
3151;3386;150;MANDRILLS BKB_150_20220410_id150_femadu.jpg;235
3127;3423;150;MANDRILLS BKB_150_20220517_id150_femadu (1).jpg;296
3002;3423;150;MANDRILLS BKB_150_20220517_id150_femadu (2).jpg;421
3016;3424;150;MANDRILLS BKB_150_20220518_id150_femadu.jpg;408
2877;3430;150;MANDRILLS BKB_150_20220524_id150_femadu.jpg;553
3205;3440;150;MANDRILLS BKB_150_20220603_id150_femadu.jpg;235
3071;3444;150;MANDRILLS BKB_150_20220607_id150_femadu.jpg;373
2919;3461;150;MANDRILLS BKB_150_20220624_id150_femadu (1).jpg;542
2801;3461;150;MANDRILLS BKB_150_20220624_id150_femadu (2).jpg;660
2987;3466;150;MANDRILLS BKB_150_20220629_id150 (1).jpg;479
2951;3466;150;MANDRILLS BKB_150_20220629_id150 (2).jpg;515
3031;3468;150;MANDRILLS BKB_150_20220701_id150 (2).jpg;437
3091;3468;150;MANDRILLS BKB_150_20220701_id150.jpg;377
2979;3478;150;MANDRILLS BKB_150_20220711_id150.jpg;499
2802;3481;150;MANDRILLS BKB_150_20220714_id150_femadu.jpg;679
2839;3483;150;MANDRILLS BKB_150_20220716_id150_femadu (1).jpg;644
3124;3483;150;MANDRILLS BKB_150_20220716_id150_femadu (2).jpg;359
2530;3491;150;MANDRILLS BKB_150_20220724_id150 (2).jpg;961
2412;3491;150;MANDRILLS BKB_150_20220724_id150 (3).jpg;1079
3029;3492;150;MANDRILLS BKB_150_20220725_id150.jpg;463
3185;3506;150;MANDRILLS BKB_150_20220808_id150 (1).jpg;321
2715;3506;150;MANDRILLS BKB_150_20220808_id150 (2).jpg;791
2923;3506;150;MANDRILLS BKB_150_20220808_id150 (3).jpg;583
3116;3516;150;MANDRILLS BKB_150_20220818_id150.jpg;400
3015;3521;150;MANDRILLS BKB_150_20220823_id150 (2).jpg;506
2622;3525;150;MANDRILLS BKB_150_20220827_id150.jpg;903
3025;3533;150;MANDRILLS BKB_150_20220904_id150.jpg;508
3015;3536;150;MANDRILLS BKB_150_20220907_id150 (2).jpg;521
2766;3537;150;MANDRILLS BKB_150_20220908_id150.jpg;771
3147;3547;150;MANDRILLS BKB_150_20220918_id150.jpg;400
3283;3555;150;MANDRILLS BKB_150_20220926_id150.jpg;272
2989;3613;150;MANDRILLS BKB_150_20221123_id150.jpg;624
3000;3615;150;MANDRILLS BKB_150_20221125_id150 (1).jpg;615
3087;3615;150;MANDRILLS BKB_150_20221125_id150.jpg;528
2973;3638;150;MANDRILLS BKB_150_20221218_id150 (2).jpg;665
2643;3638;150;MANDRILLS BKB_150_20221218_id150 (3).jpg;995
3127;3638;150;MANDRILLS BKB_150_20221218_id150.jpg;511
2261;1827;156;MANDRILLS BKB_156_20181212_id156_femadu_(1)_ORIGINAL.jpg;434
2384;1827;156;MANDRILLS BKB_156_20181212_id156_femadu_(10)_ORIGINAL.jpg;557
2357;1827;156;MANDRILLS BKB_156_20181212_id156_femadu_(11)_ORIGINAL.jpg;530
2361;1827;156;MANDRILLS BKB_156_20181212_id156_femadu_(12)_ORIGINAL.jpg;534
2210;1827;156;MANDRILLS BKB_156_20181212_id156_femadu_(13)_ORIGINAL.jpg;383
2022;1827;156;MANDRILLS BKB_156_20181212_id156_femadu_(14)_ORIGINAL.jpg;195
2199;1827;156;MANDRILLS BKB_156_20181212_id156_femadu_(15)_ORIGINAL.jpg;372
1975;1827;156;MANDRILLS BKB_156_20181212_id156_femadu_(16)_ORIGINAL.jpg;148
2180;1827;156;MANDRILLS BKB_156_20181212_id156_femadu_(17)_ORIGINAL.jpg;353
2220;1827;156;MANDRILLS BKB_156_20181212_id156_femadu_(18)_ORIGINAL.jpg;393
2419;1827;156;MANDRILLS BKB_156_20181212_id156_femadu_(19)_ORIGINAL.jpg;592
2638;1827;156;MANDRILLS BKB_156_20181212_id156_femadu_(2)_ORIGINAL.jpg;811
2464;1827;156;MANDRILLS BKB_156_20181212_id156_femadu_(20)_ORIGINAL.jpg;637
2685;1827;156;MANDRILLS BKB_156_20181212_id156_femadu_(21)_ORIGINAL.jpg;858
2321;1827;156;MANDRILLS BKB_156_20181212_id156_femadu_(22)_ORIGINAL.jpg;494
2427;1827;156;MANDRILLS BKB_156_20181212_id156_femadu_(23)_ORIGINAL.jpg;600
2472;1827;156;MANDRILLS BKB_156_20181212_id156_femadu_(24)_ORIGINAL.jpg;645
2398;1827;156;MANDRILLS BKB_156_20181212_id156_femadu_(25)_ORIGINAL.jpg;571
2206;1827;156;MANDRILLS BKB_156_20181212_id156_femadu_(26)_ORIGINAL.jpg;379
2162;1827;156;MANDRILLS BKB_156_20181212_id156_femadu_(27)_ORIGINAL.jpg;335
2173;1827;156;MANDRILLS BKB_156_20181212_id156_femadu_(28)_ORIGINAL.jpg;346
2221;1827;156;MANDRILLS BKB_156_20181212_id156_femadu_(29)_ORIGINAL.jpg;394
2500;1827;156;MANDRILLS BKB_156_20181212_id156_femadu_(3)_ORIGINAL.jpg;673
2538;1827;156;MANDRILLS BKB_156_20181212_id156_femadu_(30)_ORIGINAL.jpg;711
2099;1827;156;MANDRILLS BKB_156_20181212_id156_femadu_(31)_ORIGINAL.jpg;272
2309;1827;156;MANDRILLS BKB_156_20181212_id156_femadu_(32)_ORIGINAL.jpg;482
2031;1827;156;MANDRILLS BKB_156_20181212_id156_femadu_(33)_ORIGINAL.jpg;204
2213;1827;156;MANDRILLS BKB_156_20181212_id156_femadu_(34)_ORIGINAL.jpg;386
2214;1827;156;MANDRILLS BKB_156_20181212_id156_femadu_(35)_ORIGINAL.jpg;387
2126;1827;156;MANDRILLS BKB_156_20181212_id156_femadu_(36)_ORIGINAL.jpg;299
2297;1827;156;MANDRILLS BKB_156_20181212_id156_femadu_(37)_ORIGINAL.jpg;470
2368;1827;156;MANDRILLS BKB_156_20181212_id156_femadu_(38)_ORIGINAL.jpg;541
2240;1827;156;MANDRILLS BKB_156_20181212_id156_femadu_(39)_ORIGINAL.jpg;413
2537;1827;156;MANDRILLS BKB_156_20181212_id156_femadu_(4)_ORIGINAL.jpg;710
2249;1827;156;MANDRILLS BKB_156_20181212_id156_femadu_(40)_ORIGINAL.jpg;422
2370;1827;156;MANDRILLS BKB_156_20181212_id156_femadu_(41)_ORIGINAL.jpg;543
2306;1827;156;MANDRILLS BKB_156_20181212_id156_femadu_(5)_ORIGINAL.jpg;479
2776;1827;156;MANDRILLS BKB_156_20181212_id156_femadu_(7)_ORIGINAL.jpg;949
2383;1827;156;MANDRILLS BKB_156_20181212_id156_femadu_(8)_ORIGINAL.jpg;556
2311;1827;156;MANDRILLS BKB_156_20181212_id156_femadu_(9)_ORIGINAL.jpg;484
2272;1827;156;MANDRILLS BKB_156_20181212_id156_femadu_HAUT_(1)_ORIGINAL.jpg;445
2432;1827;156;MANDRILLS BKB_156_20181212_id156_femadu_HAUT_(10)_ORIGINAL.jpg;605
2268;1827;156;MANDRILLS BKB_156_20181212_id156_femadu_HAUT_(11)_ORIGINAL.jpg;441
2480;1827;156;MANDRILLS BKB_156_20181212_id156_femadu_HAUT_(12)_ORIGINAL.jpg;653
2300;1827;156;MANDRILLS BKB_156_20181212_id156_femadu_HAUT_(13)_ORIGINAL.jpg;473
2409;1827;156;MANDRILLS BKB_156_20181212_id156_femadu_HAUT_(14)_ORIGINAL.jpg;582
2401;1827;156;MANDRILLS BKB_156_20181212_id156_femadu_HAUT_(15)_ORIGINAL.jpg;574
2199;1827;156;MANDRILLS BKB_156_20181212_id156_femadu_HAUT_(16)_ORIGINAL.jpg;372
2030;1827;156;MANDRILLS BKB_156_20181212_id156_femadu_HAUT_(17)_ORIGINAL.jpg;203
1970;1827;156;MANDRILLS BKB_156_20181212_id156_femadu_HAUT_(18)_ORIGINAL.jpg;143
2100;1827;156;MANDRILLS BKB_156_20181212_id156_femadu_HAUT_(19)_ORIGINAL.jpg;273
2173;1827;156;MANDRILLS BKB_156_20181212_id156_femadu_HAUT_(2)_ORIGINAL.jpg;346
2318;1827;156;MANDRILLS BKB_156_20181212_id156_femadu_HAUT_(3)_ORIGINAL.jpg;491
2197;1827;156;MANDRILLS BKB_156_20181212_id156_femadu_HAUT_(4)_ORIGINAL.jpg;370
2208;1827;156;MANDRILLS BKB_156_20181212_id156_femadu_HAUT_(5)_ORIGINAL.jpg;381
2367;1827;156;MANDRILLS BKB_156_20181212_id156_femadu_HAUT_(6)_ORIGINAL.jpg;540
2232;1827;156;MANDRILLS BKB_156_20181212_id156_femadu_HAUT_(7)_ORIGINAL.jpg;405
2221;1827;156;MANDRILLS BKB_156_20181212_id156_femadu_HAUT_(8)_ORIGINAL.jpg;394
2233;1827;156;MANDRILLS BKB_156_20181212_id156_femadu_HAUT_(9)_ORIGINAL.jpg;406
1862;1864;156;MANDRILLS BKB_156_20190118_id156_femadu_CENTRE_(1)_ORIGINAL.jpg;2
1991;1864;156;MANDRILLS BKB_156_20190118_id156_femadu_CENTRE_(10)_ORIGINAL.jpg;127
2018;1864;156;MANDRILLS BKB_156_20190118_id156_femadu_CENTRE_(11)_ORIGINAL.jpg;154
2106;1864;156;MANDRILLS BKB_156_20190118_id156_femadu_CENTRE_(12)_ORIGINAL.jpg;242
2132;1864;156;MANDRILLS BKB_156_20190118_id156_femadu_CENTRE_(13)_ORIGINAL.jpg;268
2133;1864;156;MANDRILLS BKB_156_20190118_id156_femadu_CENTRE_(14)_ORIGINAL.jpg;269
2011;1864;156;MANDRILLS BKB_156_20190118_id156_femadu_CENTRE_(15)_ORIGINAL.jpg;147
1879;1864;156;MANDRILLS BKB_156_20190118_id156_femadu_CENTRE_(16)_ORIGINAL.jpg;15
2052;1864;156;MANDRILLS BKB_156_20190118_id156_femadu_CENTRE_(17)_ORIGINAL.jpg;188
2069;1864;156;MANDRILLS BKB_156_20190118_id156_femadu_CENTRE_(18)_ORIGINAL.jpg;205
1708;1864;156;MANDRILLS BKB_156_20190118_id156_femadu_CENTRE_(19)_ORIGINAL.jpg;156
1876;1864;156;MANDRILLS BKB_156_20190118_id156_femadu_CENTRE_(2)_ORIGINAL.jpg;12
1903;1864;156;MANDRILLS BKB_156_20190118_id156_femadu_CENTRE_(20)_ORIGINAL.jpg;39
2118;1864;156;MANDRILLS BKB_156_20190118_id156_femadu_CENTRE_(21)_ORIGINAL.jpg;254
2311;1864;156;MANDRILLS BKB_156_20190118_id156_femadu_CENTRE_(22)_ORIGINAL.jpg;447
2116;1864;156;MANDRILLS BKB_156_20190118_id156_femadu_CENTRE_(23)_ORIGINAL.jpg;252
1969;1864;156;MANDRILLS BKB_156_20190118_id156_femadu_CENTRE_(27)_ORIGINAL.jpg;105
1947;1864;156;MANDRILLS BKB_156_20190118_id156_femadu_CENTRE_(28)_ORIGINAL.jpg;83
2079;1864;156;MANDRILLS BKB_156_20190118_id156_femadu_CENTRE_(29)_ORIGINAL.jpg;215
1867;1864;156;MANDRILLS BKB_156_20190118_id156_femadu_CENTRE_(3)_ORIGINAL.jpg;3
1835;1864;156;MANDRILLS BKB_156_20190118_id156_femadu_CENTRE_(30)_ORIGINAL.jpg;29
1933;1864;156;MANDRILLS BKB_156_20190118_id156_femadu_CENTRE_(31)_ORIGINAL.jpg;69
1941;1864;156;MANDRILLS BKB_156_20190118_id156_femadu_CENTRE_(32)_ORIGINAL.jpg;77
1731;1864;156;MANDRILLS BKB_156_20190118_id156_femadu_CENTRE_(33)_ORIGINAL.jpg;133
1789;1864;156;MANDRILLS BKB_156_20190118_id156_femadu_CENTRE_(4)_ORIGINAL.jpg;75
1825;1864;156;MANDRILLS BKB_156_20190118_id156_femadu_CENTRE_(5)_ORIGINAL.jpg;39
1907;1864;156;MANDRILLS BKB_156_20190118_id156_femadu_CENTRE_(6)_ORIGINAL.jpg;43
2005;1864;156;MANDRILLS BKB_156_20190118_id156_femadu_CENTRE_(7)_ORIGINAL.jpg;141
1996;1864;156;MANDRILLS BKB_156_20190118_id156_femadu_CENTRE_(8)_ORIGINAL.jpg;132
2188;1864;156;MANDRILLS BKB_156_20190118_id156_femadu_CENTRE_(9)_ORIGINAL.jpg;324
2230;1920;156;MANDRILLS BKB_156_20190315_id156_femadu_GAUCHE_(3).jpg;310
2439;1924;156;MANDRILLS BKB_156_20190319_id156_femadu_(1).jpg;515
2799;1924;156;MANDRILLS BKB_156_20190319_id156_femadu_(10).jpg;875
2499;1924;156;MANDRILLS BKB_156_20190319_id156_femadu_(11).jpg;575
2401;1924;156;MANDRILLS BKB_156_20190319_id156_femadu_(12).jpg;477
2845;1924;156;MANDRILLS BKB_156_20190319_id156_femadu_(14).jpg;921
2716;1924;156;MANDRILLS BKB_156_20190319_id156_femadu_(2).jpg;792
2834;1924;156;MANDRILLS BKB_156_20190319_id156_femadu_(3).jpg;910
2711;1924;156;MANDRILLS BKB_156_20190319_id156_femadu_(4).jpg;787
2707;1924;156;MANDRILLS BKB_156_20190319_id156_femadu_(5).jpg;783
2732;1924;156;MANDRILLS BKB_156_20190319_id156_femadu_(6).jpg;808
3026;1924;156;MANDRILLS BKB_156_20190319_id156_femadu_(7).jpg;1102
2675;1924;156;MANDRILLS BKB_156_20190319_id156_femadu_(8).jpg;751
2505;1924;156;MANDRILLS BKB_156_20190319_id156_femadu_(9).jpg;581
2457;1924;156;MANDRILLS BKB_156_20190319_id156_femadu_HAUT_(1).jpg;533
2320;1924;156;MANDRILLS BKB_156_20190319_id156_femadu_HAUT_(2).jpg;396
2243;1924;156;MANDRILLS BKB_156_20190319_id156_femadu_HAUT_(4).jpg;319
2896;1924;156;MANDRILLS BKB_156_20190319_id156_femadu_HAUT_(5).jpg;972
2267;2041;156;MANDRILLS BKB_156_20190714_id156_femadu_(1).jpg;226
2585;2041;156;MANDRILLS BKB_156_20190714_id156_femadu_(2).jpg;544
2593;2041;156;MANDRILLS BKB_156_20190714_id156_femadu_(3).jpg;552
2242;2041;156;MANDRILLS BKB_156_20190714_id156_femadu_(4).jpg;201
2204;2041;156;MANDRILLS BKB_156_20190714_id156_femadu_(5).jpg;163
2309;2261;156;MANDRILLS BKB_156_20200219_id156_femadu_(1).jpg;48
2545;2261;156;MANDRILLS BKB_156_20200219_id156_femadu_(2).jpg;284
2534;2261;156;MANDRILLS BKB_156_20200219_id156_femadu_(3).jpg;273
2117;2261;156;MANDRILLS BKB_156_20200219_id156_femadu_(4).jpg;144
2524;2283;156;MANDRILLS BKB_156_20200312_id156_femadu_(1).jpg;241
2906;2283;156;MANDRILLS BKB_156_20200312_id156_femadu_(2).jpg;623
2571;2283;156;MANDRILLS BKB_156_20200312_id156_femadu_(3).jpg;288
2409;2335;156;MANDRILLS BKB_156_20200503_id156_femadu.jpg;74
2781;2337;156;MANDRILLS BKB_156_20200505_id156_femadu_(1).jpg;444
2762;2337;156;MANDRILLS BKB_156_20200505_id156_femadu_(2).jpg;425
2817;2337;156;MANDRILLS BKB_156_20200505_id156_femadu_(3).jpg;480
2867;2337;156;MANDRILLS BKB_156_20200505_id156_femadu_(5).jpg;530
2794;2338;156;MANDRILLS BKB_156_20200506_id156_femadu.jpg;456
2481;2507;156;MANDRILLS BKB_156_20201022_id156_femadu_(1).jpg;26
2675;2507;156;MANDRILLS BKB_156_20201022_id156_femadu_(2).jpg;168
2607;2507;156;MANDRILLS BKB_156_20201022_id156_femadu_(3).jpg;100
2804;2522;156;MANDRILLS BKB_156_20201106_id156_femadu.jpg;282
1994;2561;156;MANDRILLS BKB_156_20201215_id156_femadu_(1).jpg;567
2554;2561;156;MANDRILLS BKB_156_20201215_id156_femadu_(2).jpg;7
2740;2568;156;MANDRILLS BKB_156_20201222_id156_femadu_(1).jpg;172
2857;2568;156;MANDRILLS BKB_156_20201222_id156_femadu_(2).jpg;289
2781;2568;156;MANDRILLS BKB_156_20201222_id156_femadu_(3).jpg;213
2919;2581;156;MANDRILLS BKB_156_20210104_id156_femadu.jpg;338
2938;2584;156;MANDRILLS BKB_156_20210107_id156_femadu_(1).jpg;354
3323;2584;156;MANDRILLS BKB_156_20210107_id156_femadu_(2).jpg;739
3578;2584;156;MANDRILLS BKB_156_20210107_id156_femadu_(3).jpg;994
2952;2584;156;MANDRILLS BKB_156_20210107_id156_femadu_(4).jpg;368
2981;2586;156;MANDRILLS BKB_156_20210109_id156_femadu_(1).jpg;395
2989;2586;156;MANDRILLS BKB_156_20210109_id156_femadu_(2).jpg;403
2879;2594;156;MANDRILLS BKB_156_20210117_id156_femadu.jpg;285
2629;2603;156;MANDRILLS BKB_156_20210126_id156_femadu_(1).jpg;26
2584;2603;156;MANDRILLS BKB_156_20210126_id156_femadu_(2).jpg;19
2775;2605;156;MANDRILLS BKB_156_20210128_id156_femadu.jpg;170
2770;2606;156;MANDRILLS BKB_156_20210129_id156_femadu_(1).jpg;164
2968;2606;156;MANDRILLS BKB_156_20210129_id156_femadu_(3).jpg;362
2894;2634;156;MANDRILLS BKB_156_20210226_id156_femadu_(1).jpg;260
3380;2634;156;MANDRILLS BKB_156_20210226_id156_femadu_(2).jpg;746
3014;2634;156;MANDRILLS BKB_156_20210226_id156_femadu_(3).jpg;380
3107;2634;156;MANDRILLS BKB_156_20210226_id156_femadu_(4).jpg;473
2232;2634;156;MANDRILLS BKB_156_20210226_id156_femadu_(5).jpg;402
2754;2634;156;MANDRILLS BKB_156_20210226_id156_femadu_(6).jpg;120
2724;2677;156;MANDRILLS BKB_156_20210410_id156_femadu.jpg;47
3114;2686;156;MANDRILLS BKB_156_20210419_id156_femadu.jpg;428
3271;2690;156;MANDRILLS BKB_156_20210423_id156_femadu_(1).jpg;581
3168;2784;156;MANDRILLS BKB_156_20210726_id156_femadu_(2).jpg;384
3049;2784;156;MANDRILLS BKB_156_20210726_id156_femadu_(3).jpg;265
3150;2784;156;MANDRILLS BKB_156_20210726_id156_femadu_(4).jpg;366
3238;2784;156;MANDRILLS BKB_156_20210726_id156_femadu_(5).jpg;454
2376;2784;156;MANDRILLS BKB_156_20210726_id156_femadu_(6).jpg;408
2860;2784;156;MANDRILLS BKB_156_20210726_id156_femadu_(9).jpg;76
2857;2829;156;MANDRILLS BKB_156_20210909_id156_femadu.jpg;28
2999;2842;156;MANDRILLS BKB_156_20210922_id156_femadu.jpg;157
2893;2866;156;MANDRILLS BKB_156_20211016_id156_femadu.jpg;27
3054;2883;156;MANDRILLS BKB_156_20211102_id156_femadu_(1).jpg;171
2748;2892;156;MANDRILLS BKB_156_20211111_id156_femadu.jpg;144
3096;2900;156;MANDRILLS BKB_156_20211119_id156_femadu.jpg;196
3290;2915;156;MANDRILLS BKB_156_20211204_ID156_femadu_(1).jpg;375
3174;2915;156;MANDRILLS BKB_156_20211204_ID156_femadu_(2).jpg;259
3654;2927;156;MANDRILLS BKB_156_20211216_ID156_femadu_(1).jpg;727
2942;2927;156;MANDRILLS BKB_156_20211216_ID156_femadu_(2).jpg;15
2670;2964;156;MANDRILLS BKB_156_20220122_id156 (1).jpg;294
3264;2964;156;MANDRILLS BKB_156_20220122_id156 (2).jpg;300
2633;3020;156;MANDRILLS BKB_156_20220319_id156_femadu (1).jpg;387
2917;3020;156;MANDRILLS BKB_156_20220319_id156_femadu (2).jpg;103
3234;3020;156;MANDRILLS BKB_156_20220319_id156_femadu (3).jpg;214
3308;3024;156;MANDRILLS BKB_156_20220323_id156_femadu (1).jpg;284
3271;3024;156;MANDRILLS BKB_156_20220323_id156_femadu (2).jpg;247
3040;3065;156;MANDRILLS BKB_156_20220503_id156_femadu (2).jpg;25
3113;3065;156;MANDRILLS BKB_156_20220503_id156_femadu.jpg;48
2736;3071;156;MANDRILLS BKB_156_20220509_id156_femadu (1).jpg;335
2715;3071;156;MANDRILLS BKB_156_20220509_id156_femadu (2).jpg;356
3228;3071;156;MANDRILLS BKB_156_20220509_id156_femadu (3).jpg;157
3263;3071;156;MANDRILLS BKB_156_20220509_id156_femadu (4).jpg;192
2953;3071;156;MANDRILLS BKB_156_20220509_id156_femadu (5).jpg;118
3286;3079;156;MANDRILLS BKB_156_20220517_id156_fem_adu.jpg;207
3061;3083;156;MANDRILLS BKB_156_20220521_id156_femadu.jpg;22
2920;3117;156;MANDRILLS BKB_156_20220624_id156_femadu (1).jpg;197
3029;3117;156;MANDRILLS BKB_156_20220624_id156_femadu (2).jpg;88
3155;3117;156;MANDRILLS BKB_156_20220624_id156_femadu (3).jpg;38
2947;3124;156;MANDRILLS BKB_156_20220701_id156.jpg;177
2743;3128;156;MANDRILLS BKB_156_20220705_id156 (1).jpg;385
1316;3128;156;MANDRILLS BKB_156_20220705_id156 (2).jpg;1812
3071;3134;156;MANDRILLS BKB_156_20220711_id156 (2).jpg;63
3029;3134;156;MANDRILLS BKB_156_20220711_id156.jpg;105
2954;3135;156;MANDRILLS BKB_156_20220712_id156 (1).jpg;181
2865;3135;156;MANDRILLS BKB_156_20220712_id156 (2).jpg;270
3036;3137;156;MANDRILLS BKB_156_20220714_id156_femadu.jpg;101
3199;3142;156;MANDRILLS BKB_156_20220719_id156.jpg;57
2879;3144;156;MANDRILLS BKB_156_20220721_id156.jpg;265
3160;3162;156;MANDRILLS BKB_156_20220808_id156.jpg;2
3441;3180;156;MANDRILLS BKB_156_20220826_id156 (1).jpg;261
3387;3180;156;MANDRILLS BKB_156_20220826_id156 (2).jpg;207
3289;3189;156;MANDRILLS BKB_156_20220904_id156.jpg;100
3226;3192;156;MANDRILLS BKB_156_20220907_id156.jpg;34
3176;3196;156;MANDRILLS BKB_156_20220911_id156.jpg;20
2980;3197;156;MANDRILLS BKB_156_20220912_id156 (1).jpg;217
3145;3197;156;MANDRILLS BKB_156_20220912_id156 (2).jpg;52
2998;3213;156;MANDRILLS BKB_156_20220928_id156.jpg;215
3026;3220;156;MANDRILLS BKB_156_20221005_id156 (1).jpg;194
3307;3220;156;MANDRILLS BKB_156_20221005_id156 (2).jpg;87
3101;3220;156;MANDRILLS BKB_156_20221005_id156 (3).jpg;119
3361;3245;156;MANDRILLS BKB_156_20221030_id156.jpg;116
3255;3265;156;MANDRILLS BKB_156_20221119_id156.jpg;10
3224;3269;156;MANDRILLS BKB_156_20221123_id156.jpg;45
2874;3271;156;MANDRILLS BKB_156_20221125_id156 (1).jpg;397
3005;3271;156;MANDRILLS BKB_156_20221125_id156 (2).jpg;266
3411;3276;156;MANDRILLS BKB_156_20221130_id156.jpg;135
3483;3285;156;MANDRILLS BKB_156_20221209_id156.jpg;198
3026;3290;156;MANDRILLS BKB_156_20221214_id156.jpg;264
3485;3294;156;MANDRILLS BKB_156_20221218_id156.jpg;191
1635;1627;159;MANDRILLS BKB_159_20180711_id159_femadu_(10)_ORIGINAL.jpg;8
1598;1627;159;MANDRILLS BKB_159_20180711_id159_femadu_(11)_ORIGINAL.jpg;29
1633;1627;159;MANDRILLS BKB_159_20180711_id159_femadu_(12)_ORIGINAL.jpg;6
1665;1627;159;MANDRILLS BKB_159_20180711_id159_femadu_(13)_ORIGINAL.jpg;38
1660;1627;159;MANDRILLS BKB_159_20180711_id159_femadu_(14)_ORIGINAL.jpg;33
1369;1627;159;MANDRILLS BKB_159_20180711_id159_femadu_(15)_ORIGINAL.jpg;258
1369;1627;159;MANDRILLS BKB_159_20180711_id159_femadu_(16)_ORIGINAL.jpg;258
1401;1627;159;MANDRILLS BKB_159_20180711_id159_femadu_(17)_ORIGINAL.jpg;226
1413;1627;159;MANDRILLS BKB_159_20180711_id159_femadu_(2)_ORIGINAL.jpg;214
1966;1627;159;MANDRILLS BKB_159_20180711_id159_femadu_(3)_ORIGINAL.jpg;339
2081;1627;159;MANDRILLS BKB_159_20180711_id159_femadu_(4)_ORIGINAL.jpg;454
2002;1627;159;MANDRILLS BKB_159_20180711_id159_femadu_(5)_ORIGINAL.jpg;375
1530;1627;159;MANDRILLS BKB_159_20180711_id159_femadu_(6)_ORIGINAL.jpg;97
1521;1627;159;MANDRILLS BKB_159_20180711_id159_femadu_(7)_ORIGINAL.jpg;106
1626;1627;159;MANDRILLS BKB_159_20180711_id159_femadu_(8)_ORIGINAL.jpg;1
1387;1627;159;MANDRILLS BKB_159_20180711_id159_femadu_(9)_ORIGINAL.jpg;240
1740;1790;159;MANDRILLS BKB_159_20181221_id159_femadu_HAUT_(1)_ORIGINAL.jpg;50
1946;1790;159;MANDRILLS BKB_159_20181221_id159_femadu_HAUT_(2)_ORIGINAL.jpg;156
1775;1790;159;MANDRILLS BKB_159_20181221_id159_femadu_HAUT_(3)_ORIGINAL.jpg;15
1702;1790;159;MANDRILLS BKB_159_20181221_id159_femadu_HAUT_(4)_ORIGINAL.jpg;88
1784;1790;159;MANDRILLS BKB_159_20181221_id159_femadu_HAUT_(5)_ORIGINAL.jpg;6
1493;1790;159;MANDRILLS BKB_159_20181221_id159_femadu_HAUT_(6)_ORIGINAL.jpg;297
1904;1790;159;MANDRILLS BKB_159_20181221_id159_femadu_HAUT_(7)_ORIGINAL.jpg;114
1757;1812;159;MANDRILLS BKB_159_20190112_id159_femadu_(1)_ORIGINAL.jpg;55
1701;1812;159;MANDRILLS BKB_159_20190112_id159_femadu_(10)_ORIGINAL.jpg;111
1627;1812;159;MANDRILLS BKB_159_20190112_id159_femadu_(11)_ORIGINAL.jpg;185
1816;1812;159;MANDRILLS BKB_159_20190112_id159_femadu_(12)_ORIGINAL.jpg;4
1793;1812;159;MANDRILLS BKB_159_20190112_id159_femadu_(13)_ORIGINAL.jpg;19
1765;1812;159;MANDRILLS BKB_159_20190112_id159_femadu_(14)_ORIGINAL.jpg;47
1900;1812;159;MANDRILLS BKB_159_20190112_id159_femadu_(15)_ORIGINAL.jpg;88
1883;1812;159;MANDRILLS BKB_159_20190112_id159_femadu_(16)_ORIGINAL.jpg;71
1724;1812;159;MANDRILLS BKB_159_20190112_id159_femadu_(2)_ORIGINAL.jpg;88
1677;1812;159;MANDRILLS BKB_159_20190112_id159_femadu_(3)_ORIGINAL.jpg;135
1737;1812;159;MANDRILLS BKB_159_20190112_id159_femadu_(4)_ORIGINAL.jpg;75
1661;1812;159;MANDRILLS BKB_159_20190112_id159_femadu_(5)_ORIGINAL.jpg;151
1706;1812;159;MANDRILLS BKB_159_20190112_id159_femadu_(6)_ORIGINAL.jpg;106
1708;1812;159;MANDRILLS BKB_159_20190112_id159_femadu_(7)_ORIGINAL.jpg;104
1650;1812;159;MANDRILLS BKB_159_20190112_id159_femadu_(8)_ORIGINAL.jpg;162
1666;1812;159;MANDRILLS BKB_159_20190112_id159_femadu_(9)_ORIGINAL.jpg;146
1706;1812;159;MANDRILLS BKB_159_20190112_id159_femadu_HAUT_(2)_ORIGINAL.jpg;106
1717;1812;159;MANDRILLS BKB_159_20190112_id159_femadu_HAUT_(3)_ORIGINAL.jpg;95
1684;1812;159;MANDRILLS BKB_159_20190112_id159_femadu_HAUT_(4)_ORIGINAL.jpg;128
1708;1812;159;MANDRILLS BKB_159_20190112_id159_femadu_HAUT_(5)_ORIGINAL.jpg;104
1717;1812;159;MANDRILLS BKB_159_20190112_id159_femadu_HAUT_(6)_ORIGINAL.jpg;95
2270;1812;159;MANDRILLS BKB_159_20190112_id159_femadu_HAUT_(7)_ORIGINAL.jpg;458
1808;1864;159;MANDRILLS BKB_159_20190305_id159_femaduHAUT_ORIGINAL.jpg;56
2158;1874;159;MANDRILLS BKB_159_20190315_id159_femadu_(1).jpg;284
1760;1874;159;MANDRILLS BKB_159_20190315_id159_femadu_(2).jpg;114
2193;1874;159;MANDRILLS BKB_159_20190315_id159_femadu_(3).jpg;319
2264;1950;159;MANDRILLS BKB_159_20190530_id159_femadu.jpg;314
1887;1955;159;MANDRILLS BKB_159_20190604_id159_femadu_(1).jpg;68
1601;1987;159;MANDRILLS BKB_159_20190706_id159_femadu_(1).jpg;386
2167;1987;159;MANDRILLS BKB_159_20190706_id159_femadu_(10).jpg;180
2537;1987;159;MANDRILLS BKB_159_20190706_id159_femadu_(11).jpg;550
2445;1987;159;MANDRILLS BKB_159_20190706_id159_femadu_(13).jpg;458
2082;1987;159;MANDRILLS BKB_159_20190706_id159_femadu_(3).jpg;95
2616;1987;159;MANDRILLS BKB_159_20190706_id159_femadu_(4).jpg;629
2813;1987;159;MANDRILLS BKB_159_20190706_id159_femadu_(5).jpg;826
2672;1987;159;MANDRILLS BKB_159_20190706_id159_femadu_(6).jpg;685
2443;1987;159;MANDRILLS BKB_159_20190706_id159_femadu_(7).jpg;456
1632;1987;159;MANDRILLS BKB_159_20190706_id159_femadu_(8).jpg;355
2505;1987;159;MANDRILLS BKB_159_20190706_id159_femadu_(9).jpg;518
2826;1987;159;MANDRILLS BKB_159_20190706_id159_femadu_DROITE.jpg;839
2092;2245;159;MANDRILLS BKB_159_20200320_id159_femadu_(1).jpg;153
2611;2245;159;MANDRILLS BKB_159_20200320_id159_femadu_(2).jpg;366
2438;2245;159;MANDRILLS BKB_159_20200320_id159_femadu_(3).jpg;193
2632;2287;159;MANDRILLS BKB_159_20200501_id159_femadu.jpg;345
2584;2292;159;MANDRILLS BKB_159_20200506_id159_femadu_(1).jpg;292
2351;2292;159;MANDRILLS BKB_159_20200506_id159_femadu_(2).jpg;59
2510;2292;159;MANDRILLS BKB_159_20200506_id159_femadu_(3).jpg;218
2169;2461;159;MANDRILLS BKB_159_20201022_id159_femadu_(1).jpg;292
2106;2461;159;MANDRILLS BKB_159_20201022_id159_femadu_(2).jpg;355
2522;2461;159;MANDRILLS BKB_159_20201022_id159_femadu_(4).jpg;61
2075;2461;159;MANDRILLS BKB_159_20201022_id159_femadu_(5).jpg;386
2408;2494;159;MANDRILLS BKB_159_20201124_id159_femadu_(1).jpg;86
2228;2494;159;MANDRILLS BKB_159_20201124_id159_femadu_(2).jpg;266
2150;2494;159;MANDRILLS BKB_159_20201124_id159_femadu_(3).jpg;344
2852;2494;159;MANDRILLS BKB_159_20201124_id159_femadu_(4).jpg;358
2354;2494;159;MANDRILLS BKB_159_20201124_id159_femadu_(5).jpg;140
2908;2495;159;MANDRILLS BKB_159_20201125_id159_femadu_(1).jpg;413
2747;2495;159;MANDRILLS BKB_159_20201125_id159_femadu_(2).jpg;252
2688;2495;159;MANDRILLS BKB_159_20201125_id159_femadu_(4).jpg;193
2622;2495;159;MANDRILLS BKB_159_20201125_id159_femadu_(5).jpg;127
2761;2495;159;MANDRILLS BKB_159_20201125_id159_femadu_(6).jpg;266
2582;2513;159;MANDRILLS BKB_159_20201213_id159_femadu_(1).jpg;69
2416;2513;159;MANDRILLS BKB_159_20201213_id159_femadu_(2).jpg;97
2536;2513;159;MANDRILLS BKB_159_20201213_id159_femadu_(3).jpg;23
2775;2513;159;MANDRILLS BKB_159_20201213_id159_femadu_(4).jpg;262
2553;2516;159;MANDRILLS BKB_159_20201216_id159_femadu_(1).jpg;37
2629;2516;159;MANDRILLS BKB_159_20201216_id159_femadu_(2).jpg;113
2586;2516;159;MANDRILLS BKB_159_20201216_id159_femadu_(3).jpg;70
2747;2518;159;MANDRILLS BKB_159_20201218_id159_femadu.jpg;229
2592;2522;159;MANDRILLS BKB_159_20201222_id159_femadu.jpg;70
2495;2535;159;MANDRILLS BKB_159_20210104_id159_femadu_(1).jpg;40
2440;2535;159;MANDRILLS BKB_159_20210104_id159_femadu_(2).jpg;95
2517;2535;159;MANDRILLS BKB_159_20210104_id159_femadu_(3).jpg;18
2761;2535;159;MANDRILLS BKB_159_20210104_id159_femadu_(4).jpg;226
2595;2560;159;MANDRILLS BKB_159_20210129_id159_femadu_(1).jpg;35
2839;2560;159;MANDRILLS BKB_159_20210129_id159_femadu_(2).jpg;279
2710;2571;159;MANDRILLS BKB_159_20210209_id159_femadu.jpg;139
2636;2572;159;MANDRILLS BKB_159_20210210_id159_femadu.jpg;64
2584;2640;159;MANDRILLS BKB_159_20210419_id159_femadu.jpg;56
2846;2796;159;MANDRILLS BKB_159_20210922_id159_femadu.jpg;50
2569;2854;159;MANDRILLS BKB_159_20211119_id159_femadu.jpg;285
2741;2884;159;MANDRILLS BKB_159_20211219_id159_femadu.jpg;143
2802;2892;159;MANDRILLS BKB_159_20211227_id159_femadu_(1).jpg;90
2738;2892;159;MANDRILLS BKB_159_20211227_id159_femadu_(2).jpg;154
2700;2938;159;MANDRILLS BKB_159_20220211_id159_femadu (1).jpg;238
2740;2938;159;MANDRILLS BKB_159_20220211_id159_femadu (2).jpg;198
2738;2943;159;MANDRILLS BKB_159_20220216_id159_femadu.jpg;205
3004;2950;159;MANDRILLS BKB_159_20220223_id159_femadu.jpg;54
2882;2977;159;MANDRILLS BKB_159_20220322_id159_femadu.jpg;95
3042;3012;159;MANDRILLS BKB_159_20220426_id159_femadu (2).jpg;30
2700;3033;159;MANDRILLS BKB_159_20220517_id159_femadu.jpg;333
2960;3070;159;MANDRILLS BKB_159_20220623_id159_femadu.jpg;110
2453;3076;159;MANDRILLS BKB_159_20220629_id159 (1).jpg;623
2866;3076;159;MANDRILLS BKB_159_20220629_id159 (2).jpg;210
3061;3076;159;MANDRILLS BKB_159_20220629_id159.jpg;15
2693;3080;159;MANDRILLS BKB_159_20220703_id159.jpg;387
2858;3091;159;MANDRILLS BKB_159_20220714_id159_femadu.jpg;233
2745;3095;159;MANDRILLS BKB_159_20220718_id159.jpg;350
3040;3102;159;MANDRILLS BKB_159_20220725_id159 (2).jpg;62
3163;3102;159;MANDRILLS BKB_159_20220725_id159.jpg;61
3200;3120;159;MANDRILLS BKB_159_20220812_id159.jpg;80
2963;3143;159;MANDRILLS BKB_159_20220904_id159 (2).jpg;180
3188;3144;159;MANDRILLS BKB_159_20220905_id159 (1).jpg;44
3227;3144;159;MANDRILLS BKB_159_20220905_id159 (2).jpg;83
3091;3146;159;MANDRILLS BKB_159_20220907_id159.jpg;55
3086;3150;159;MANDRILLS BKB_159_20220911_id159.jpg;64
3319;3199;159;MANDRILLS BKB_159_20221030_id159.jpg;120
3052;3230;159;MANDRILLS BKB_159_20221130_id159.jpg;178
3049;3231;159;MANDRILLS BKB_159_20221201_id159.jpg;182
2914;3239;159;MANDRILLS BKB_159_20221209_id159 (1).jpg;325
2724;3239;159;MANDRILLS BKB_159_20221209_id159 (3).jpg;515
2861;3240;159;MANDRILLS BKB_159_20221210_id159.jpg;379
3085;3244;159;MANDRILLS BKB_159_20221214_id159.jpg;159
1587;1634;164;MANDRILLS BKB_164_20180705_id164_femadu_ORIGINAL.jpg;47
1590;1640;164;MANDRILLS BKB_164_20180711_id164_femadu_(1)_ORIGINAL.jpg;50
1686;1640;164;MANDRILLS BKB_164_20180711_id164_femadu_(10)_ORIGINAL.jpg;46
1545;1640;164;MANDRILLS BKB_164_20180711_id164_femadu_(11)_ORIGINAL.jpg;95
1505;1640;164;MANDRILLS BKB_164_20180711_id164_femadu_(12)_ORIGINAL.jpg;135
1440;1640;164;MANDRILLS BKB_164_20180711_id164_femadu_(13)_ORIGINAL.jpg;200
1432;1640;164;MANDRILLS BKB_164_20180711_id164_femadu_(14)_ORIGINAL.jpg;208
1951;1640;164;MANDRILLS BKB_164_20180711_id164_femadu_(18)_ORIGINAL.jpg;311
1953;1640;164;MANDRILLS BKB_164_20180711_id164_femadu_(19)_ORIGINAL.jpg;313
1591;1640;164;MANDRILLS BKB_164_20180711_id164_femadu_(2)_ORIGINAL.jpg;49
1897;1640;164;MANDRILLS BKB_164_20180711_id164_femadu_(20)_ORIGINAL.jpg;257
1922;1640;164;MANDRILLS BKB_164_20180711_id164_femadu_(21)_ORIGINAL.jpg;282
1818;1640;164;MANDRILLS BKB_164_20180711_id164_femadu_(22)_ORIGINAL.jpg;178
1653;1640;164;MANDRILLS BKB_164_20180711_id164_femadu_(23)_ORIGINAL.jpg;13
1662;1640;164;MANDRILLS BKB_164_20180711_id164_femadu_(24)_ORIGINAL.jpg;22
1710;1640;164;MANDRILLS BKB_164_20180711_id164_femadu_(25)_ORIGINAL.jpg;70
1869;1640;164;MANDRILLS BKB_164_20180711_id164_femadu_(26)_ORIGINAL.jpg;229
1789;1640;164;MANDRILLS BKB_164_20180711_id164_femadu_(27)_ORIGINAL.jpg;149
1575;1640;164;MANDRILLS BKB_164_20180711_id164_femadu_(28)_ORIGINAL.jpg;65
1607;1640;164;MANDRILLS BKB_164_20180711_id164_femadu_(29)_ORIGINAL.jpg;33
1668;1640;164;MANDRILLS BKB_164_20180711_id164_femadu_(3)_ORIGINAL.jpg;28
1593;1640;164;MANDRILLS BKB_164_20180711_id164_femadu_(30)_ORIGINAL.jpg;47
1655;1640;164;MANDRILLS BKB_164_20180711_id164_femadu_(31)_ORIGINAL.jpg;15
1604;1640;164;MANDRILLS BKB_164_20180711_id164_femadu_(32)_ORIGINAL.jpg;36
1766;1640;164;MANDRILLS BKB_164_20180711_id164_femadu_(33)_ORIGINAL.jpg;126
1768;1640;164;MANDRILLS BKB_164_20180711_id164_femadu_(34)_ORIGINAL.jpg;128
1918;1640;164;MANDRILLS BKB_164_20180711_id164_femadu_(35)_ORIGINAL.jpg;278
1738;1640;164;MANDRILLS BKB_164_20180711_id164_femadu_(36)_ORIGINAL.jpg;98
1623;1640;164;MANDRILLS BKB_164_20180711_id164_femadu_(4)_ORIGINAL.jpg;17
1540;1640;164;MANDRILLS BKB_164_20180711_id164_femadu_(8)_ORIGINAL.jpg;100
1584;1640;164;MANDRILLS BKB_164_20180711_id164_femadu_(9)_ORIGINAL.jpg;56
1610;1645;164;MANDRILLS BKB_164_20180716_id164_femadu_(1)_ORIGINAL.jpg;35
1676;1645;164;MANDRILLS BKB_164_20180716_id164_femadu_(4)_ORIGINAL.jpg;31
1585;1698;164;MANDRILLS BKB_164_20180907_id164_femadu_(1)_ORIGINAL.jpg;113
1514;1698;164;MANDRILLS BKB_164_20180907_id164_femadu_(10)_ORIGINAL.jpg;184
1413;1698;164;MANDRILLS BKB_164_20180907_id164_femadu_(11)_ORIGINAL.jpg;285
1703;1698;164;MANDRILLS BKB_164_20180907_id164_femadu_(12)_ORIGINAL.jpg;5
1625;1698;164;MANDRILLS BKB_164_20180907_id164_femadu_(13)_ORIGINAL.jpg;73
1578;1698;164;MANDRILLS BKB_164_20180907_id164_femadu_(14)_ORIGINAL.jpg;120
1764;1698;164;MANDRILLS BKB_164_20180907_id164_femadu_(15)_ORIGINAL.jpg;66
1869;1698;164;MANDRILLS BKB_164_20180907_id164_femadu_(16)_ORIGINAL.jpg;171
1731;1698;164;MANDRILLS BKB_164_20180907_id164_femadu_(17)_ORIGINAL.jpg;33
1836;1698;164;MANDRILLS BKB_164_20180907_id164_femadu_(18)_ORIGINAL.jpg;138
1676;1698;164;MANDRILLS BKB_164_20180907_id164_femadu_(19)_ORIGINAL.jpg;22
1584;1698;164;MANDRILLS BKB_164_20180907_id164_femadu_(2)_ORIGINAL.jpg;114
1757;1698;164;MANDRILLS BKB_164_20180907_id164_femadu_(3)_ORIGINAL.jpg;59
1562;1698;164;MANDRILLS BKB_164_20180907_id164_femadu_(4)_ORIGINAL.jpg;136
1587;1698;164;MANDRILLS BKB_164_20180907_id164_femadu_(5)_ORIGINAL.jpg;111
1650;1698;164;MANDRILLS BKB_164_20180907_id164_femadu_(6)_ORIGINAL.jpg;48
1712;1698;164;MANDRILLS BKB_164_20180907_id164_femadu_(7)_ORIGINAL.jpg;14
1659;1698;164;MANDRILLS BKB_164_20180907_id164_femadu_(8)_ORIGINAL.jpg;39
1549;1698;164;MANDRILLS BKB_164_20180907_id164_femadu_(9)_ORIGINAL.jpg;149
1786;1848;164;MANDRILLS BKB_164_20190204_id164_femadu_(1)_ORIGINAL.jpg;62
1438;1848;164;MANDRILLS BKB_164_20190204_id164_femadu_(11)_ORIGINAL.jpg;410
1279;1848;164;MANDRILLS BKB_164_20190204_id164_femadu_(12)_ORIGINAL.jpg;569
1471;1848;164;MANDRILLS BKB_164_20190204_id164_femadu_(13)_ORIGINAL.jpg;377
1922;1848;164;MANDRILLS BKB_164_20190204_id164_femadu_(14)_ORIGINAL.jpg;74
1847;1848;164;MANDRILLS BKB_164_20190204_id164_femadu_(15)_ORIGINAL.jpg;1
1827;1848;164;MANDRILLS BKB_164_20190204_id164_femadu_(17)_ORIGINAL.jpg;21
1702;1848;164;MANDRILLS BKB_164_20190204_id164_femadu_(18)_ORIGINAL.jpg;146
1970;1848;164;MANDRILLS BKB_164_20190204_id164_femadu_(2)_ORIGINAL.jpg;122
1704;1848;164;MANDRILLS BKB_164_20190204_id164_femadu_(21)_ORIGINAL.jpg;144
1847;1848;164;MANDRILLS BKB_164_20190204_id164_femadu_(29)_ORIGINAL.jpg;1
1789;1848;164;MANDRILLS BKB_164_20190204_id164_femadu_(3)_ORIGINAL.jpg;59
1644;1848;164;MANDRILLS BKB_164_20190204_id164_femadu_(5)_ORIGINAL.jpg;204
1487;1848;164;MANDRILLS BKB_164_20190204_id164_femadu_(6)_ORIGINAL.jpg;361
1489;1848;164;MANDRILLS BKB_164_20190204_id164_femadu_(7)_ORIGINAL.jpg;359
1623;1848;164;MANDRILLS BKB_164_20190204_id164_femadu_(8)_ORIGINAL.jpg;225
1741;1856;164;MANDRILLS BKB_164_20190212_id164_femadu_(1)_ORIGINAL.jpg;115
1890;1856;164;MANDRILLS BKB_164_20190212_id164_femadu_(11)_ORIGINAL.jpg;34
1699;1856;164;MANDRILLS BKB_164_20190212_id164_femadu_(13)_ORIGINAL.jpg;157
1904;1856;164;MANDRILLS BKB_164_20190212_id164_femadu_(14)_ORIGINAL.jpg;48
1929;1856;164;MANDRILLS BKB_164_20190212_id164_femadu_(15)_ORIGINAL.jpg;73
1726;1856;164;MANDRILLS BKB_164_20190212_id164_femadu_(16)_ORIGINAL.jpg;130
2051;1856;164;MANDRILLS BKB_164_20190212_id164_femadu_(17)_ORIGINAL.jpg;195
1790;1856;164;MANDRILLS BKB_164_20190212_id164_femadu_(18)_ORIGINAL.jpg;66
2085;1856;164;MANDRILLS BKB_164_20190212_id164_femadu_(19)_ORIGINAL.jpg;229
2062;1856;164;MANDRILLS BKB_164_20190212_id164_femadu_(20)_ORIGINAL.jpg;206
2195;1856;164;MANDRILLS BKB_164_20190212_id164_femadu_(21)_ORIGINAL.jpg;339
2102;1856;164;MANDRILLS BKB_164_20190212_id164_femadu_(22)_ORIGINAL.jpg;246
1994;1856;164;MANDRILLS BKB_164_20190212_id164_femadu_(23)_ORIGINAL.jpg;138
2164;1856;164;MANDRILLS BKB_164_20190212_id164_femadu_(24)_ORIGINAL.jpg;308
1980;1856;164;MANDRILLS BKB_164_20190212_id164_femadu_(25)_ORIGINAL.jpg;124
2002;1856;164;MANDRILLS BKB_164_20190212_id164_femadu_(26)_ORIGINAL.jpg;146
1977;1856;164;MANDRILLS BKB_164_20190212_id164_femadu_(27)_ORIGINAL.jpg;121
1797;1856;164;MANDRILLS BKB_164_20190212_id164_femadu_(28)_ORIGINAL.jpg;59
2024;1856;164;MANDRILLS BKB_164_20190212_id164_femadu_(29)_ORIGINAL.jpg;168
1857;1856;164;MANDRILLS BKB_164_20190212_id164_femadu_(30)_ORIGINAL.jpg;1
1967;1856;164;MANDRILLS BKB_164_20190212_id164_femadu_(31)_ORIGINAL.jpg;111
2085;1856;164;MANDRILLS BKB_164_20190212_id164_femadu_(32)_ORIGINAL.jpg;229
2099;1856;164;MANDRILLS BKB_164_20190212_id164_femadu_(33)_ORIGINAL.jpg;243
1809;1877;164;MANDRILLS BKB_164_20190305_id164femadu_(10)_ORIGINAL.jpg;68
1790;1877;164;MANDRILLS BKB_164_20190305_id164femadu_(11)_ORIGINAL.jpg;87
1929;1877;164;MANDRILLS BKB_164_20190305_id164femadu_(12)_ORIGINAL.jpg;52
1869;1877;164;MANDRILLS BKB_164_20190305_id164femadu_(13)_ORIGINAL.jpg;8
2000;1877;164;MANDRILLS BKB_164_20190305_id164femadu_(14)_ORIGINAL.jpg;123
1901;1877;164;MANDRILLS BKB_164_20190305_id164femadu_(15)_ORIGINAL.jpg;24
1838;1877;164;MANDRILLS BKB_164_20190305_id164femadu_(16)_ORIGINAL.jpg;39
1871;1877;164;MANDRILLS BKB_164_20190305_id164femadu_(2)_ORIGINAL.jpg;6
1861;1877;164;MANDRILLS BKB_164_20190305_id164femadu_(3)_ORIGINAL.jpg;16
1760;1877;164;MANDRILLS BKB_164_20190305_id164femadu_(4)_ORIGINAL.jpg;117
1909;1877;164;MANDRILLS BKB_164_20190305_id164femadu_(5)_ORIGINAL.jpg;32
1684;1877;164;MANDRILLS BKB_164_20190305_id164femadu_(6)_ORIGINAL.jpg;193
1679;1877;164;MANDRILLS BKB_164_20190305_id164femadu_(7)_ORIGINAL.jpg;198
1829;1877;164;MANDRILLS BKB_164_20190305_id164femadu_(8)_ORIGINAL.jpg;48
1803;1877;164;MANDRILLS BKB_164_20190305_id164femadu_(9)_ORIGINAL.jpg;74
1674;1877;164;MANDRILLS BKB_164_20190305_id164_femadu_(1)_ORIGINAL.jpg;203
1908;1877;164;MANDRILLS BKB_164_20190305_id164_femadu_(10)_ORIGINAL.jpg;31
2132;1877;164;MANDRILLS BKB_164_20190305_id164_femadu_(11)_ORIGINAL.jpg;255
1876;1877;164;MANDRILLS BKB_164_20190305_id164_femadu_(2)_ORIGINAL.jpg;1
1673;1877;164;MANDRILLS BKB_164_20190305_id164_femadu_(3)_ORIGINAL.jpg;204
1829;1877;164;MANDRILLS BKB_164_20190305_id164_femadu_(4)_ORIGINAL.jpg;48
1920;1877;164;MANDRILLS BKB_164_20190305_id164_femadu_(5)_ORIGINAL.jpg;43
1833;1877;164;MANDRILLS BKB_164_20190305_id164_femadu_(6)_ORIGINAL.jpg;44
2037;1877;164;MANDRILLS BKB_164_20190305_id164_femadu_(7)_ORIGINAL.jpg;160
2094;1877;164;MANDRILLS BKB_164_20190305_id164_femadu_(8)_ORIGINAL.jpg;217
1960;1877;164;MANDRILLS BKB_164_20190305_id164_femadu_(9)_ORIGINAL.jpg;83
2099;1887;164;MANDRILLS BKB_164_20190315_id164_femadu_(1).jpg;212
2249;1887;164;MANDRILLS BKB_164_20190315_id164_femadu_(2).jpg;362
1779;1887;164;MANDRILLS BKB_164_20190315_id164_femadu_(3).jpg;108
2428;1887;164;MANDRILLS BKB_164_20190315_id164_femadu_CENTRE.jpg;541
1863;1887;164;MANDRILLS BKB_164_20190315_id164_femadu_DROITE_(12).jpg;24
2035;1887;164;MANDRILLS BKB_164_20190315_id164_femadu_DROITE_(13).jpg;148
1755;1887;164;MANDRILLS BKB_164_20190315_id164_femadu_DROITE_(2).jpg;132
1843;1887;164;MANDRILLS BKB_164_20190315_id164_femadu_DROITE_(4).jpg;44
1532;1887;164;MANDRILLS BKB_164_20190315_id164_femadu_GAUCHE.jpg;355
1726;1887;164;MANDRILLS BKB_164_20190315_id164_femadu_HAUT_(1).jpg;161
1989;1887;164;MANDRILLS BKB_164_20190315_id164_femadu_HAUT_(3).jpg;102
1711;1891;164;MANDRILLS BKB_164_20190319_id164_femadu_HAUT_(1).jpg;180
2076;1891;164;MANDRILLS BKB_164_20190319_id164_femadu_HAUT_(2).jpg;185
1673;1892;164;MANDRILLS BKB_164_20190320_id164_femadu_douteberta.jpg;219
2136;1933;164;MANDRILLS BKB_164_20190430_id164_femadu_DROITE_(1).jpg;203
1590;1985;164;MANDRILLS BKB_164_20190621_id164_femadu_(1).jpg;395
1600;1985;164;MANDRILLS BKB_164_20190621_id164_femadu_(3).jpg;385
1961;2008;164;MANDRILLS BKB_164_20190714_id164_femadu_(1).jpg;47
1395;2008;164;MANDRILLS BKB_164_20190714_id164_femadu_(2).jpg;613
1764;2008;164;MANDRILLS BKB_164_20190714_id164_femadu_(3).jpg;244
1774;2008;164;MANDRILLS BKB_164_20190714_id164_femadu_(6).jpg;234
1994;2008;164;MANDRILLS BKB_164_20190714_id164_femadu_(7).jpg;14
2066;2008;164;MANDRILLS BKB_164_20190714_id164_femadu_(8).jpg;58
2070;2008;164;MANDRILLS BKB_164_20190714_id164_femadu_(9).jpg;62
2092;2031;164;MANDRILLS BKB_164_20190806_id164_femadu_(1).jpg;61
2239;2031;164;MANDRILLS BKB_164_20190806_id164_femadu_(2).jpg;208
1934;2031;164;MANDRILLS BKB_164_20190806_id164_femadu_(3).jpg;97
1829;2031;164;MANDRILLS BKB_164_20190806_id164_femadu_(4).jpg;202
2070;2082;164;MANDRILLS BKB_164_20190926_id164_femadu_(2).jpg;12
1837;2082;164;MANDRILLS BKB_164_20190926_id164_femadu_(3).jpg;245
1722;2082;164;MANDRILLS BKB_164_20190926_id164_femadu_(4).jpg;360
2176;2178;164;MANDRILLS BKB_164_20191231_id164_femadu_(1).jpg;2
2338;2178;164;MANDRILLS BKB_164_20191231_id164_femadu_(2).jpg;160
2024;2185;164;MANDRILLS BKB_164_20200107_id164_femadu.jpg;161
2267;2256;164;MANDRILLS BKB_164_20200318_id164_femadu.jpg;11
2270;2302;164;MANDRILLS BKB_164_20200503_id164_femadu_(1).jpg;32
2101;2302;164;MANDRILLS BKB_164_20200503_id164_femadu_(2).jpg;201
2167;2469;164;MANDRILLS BKB_164_20201017_id164_femadu.jpg;302
1738;2471;164;MANDRILLS BKB_164_20201019_id164_femadu.jpg;733
2306;2490;164;MANDRILLS BKB_164_20201107_id164_femadu.jpg;184
2534;2506;164;MANDRILLS BKB_164_20201123_id164_femadu_(1).jpg;28
2424;2506;164;MANDRILLS BKB_164_20201123_id164_femadu_(2).jpg;82
2373;2506;164;MANDRILLS BKB_164_20201123_id164_femadu_(3).jpg;133
1804;2506;164;MANDRILLS BKB_164_20201123_id164_femadu_(4).jpg;702
2116;2506;164;MANDRILLS BKB_164_20201123_id164_femadu_(5).jpg;390
2252;2508;164;MANDRILLS BKB_164_20201125_id164_femadu.jpg;256
2393;2528;164;MANDRILLS BKB_164_20201215_id164_femadu.jpg;135
2597;2529;164;MANDRILLS BKB_164_20201216_id164_femadu_(2).jpg;68
2396;2529;164;MANDRILLS BKB_164_20201216_id164_femadu_(3).jpg;133
2392;2532;164;MANDRILLS BKB_164_20201219_id164_femadu_(1).jpg;140
2388;2535;164;MANDRILLS BKB_164_20201222_id164_femadu_(1).jpg;147
2511;2557;164;MANDRILLS BKB_164_20210113_id164_femadu_(1).jpg;46
2823;2557;164;MANDRILLS BKB_164_20210113_id164_femadu_(2).jpg;266
2603;2573;164;MANDRILLS BKB_164_20210129_id164_femadu.jpg;30
2423;2635;164;MANDRILLS BKB_164_20210401_id164_femadu_(1).jpg;212
2191;2635;164;MANDRILLS BKB_164_20210401_id164_femadu_(2).jpg;444
2496;2635;164;MANDRILLS BKB_164_20210401_id164_femadu_(3).jpg;139
2643;2635;164;MANDRILLS BKB_164_20210401_id164_femadu_(4).jpg;8
2108;2641;164;MANDRILLS BKB_164_20210407_id164_femadu_(1).jpg;533
2215;2641;164;MANDRILLS BKB_164_20210407_id164_femadu_(2).jpg;426
2588;2641;164;MANDRILLS BKB_164_20210407_id164_femadu_(3).jpg;53
2430;2641;164;MANDRILLS BKB_164_20210407_id164_femadu_(4).jpg;211
2223;2644;164;MANDRILLS BKB_164_20210410_id164_femadu_(1).jpg;421
2347;2644;164;MANDRILLS BKB_164_20210410_id164_femadu_(2).jpg;297
2829;2746;164;MANDRILLS BKB_164_20210721_id164_femadu_(1).jpg;83
2553;2746;164;MANDRILLS BKB_164_20210721_id164_femadu_(2).jpg;193
2427;2833;164;MANDRILLS BKB_164_20211016_id164_femadu_(1).jpg;406
2503;2833;164;MANDRILLS BKB_164_20211016_id164_femadu_(2).jpg;330
2250;2839;164;MANDRILLS BKB_164_20211022_id164_femadu.jpg;589
2704;2867;164;MANDRILLS BKB_164_20211119_id164_femadu_(2).jpg;163
2207;2941;164;MANDRILLS BKB_164_20220201_id164_femadu (1).jpg;734
2333;2941;164;MANDRILLS BKB_164_20220201_id164_femadu (2).jpg;608
2067;2942;164;MANDRILLS BKB_164_20220202_id164_femadu.jpg;875
3228;2951;164;MANDRILLS BKB_164_20220211_id164_femadu (1).jpg;277
2367;2951;164;MANDRILLS BKB_164_20220211_id164_femadu (2).jpg;584
2747;2982;164;MANDRILLS BKB_164_20220314_id164_femadu.jpg;235
2088;2992;164;MANDRILLS BKB_164_20220324_id164_femadu.jpg;904
2490;2998;164;MANDRILLS BKB_164_20220330_id164_femadu (2).jpg;508
2593;3000;164;MANDRILLS BKB_164_20220401_id164_femadu (1).jpg;407
3044;3000;164;MANDRILLS BKB_164_20220401_id164_femadu (2).jpg;44
2790;3000;164;MANDRILLS BKB_164_20220401_id164_femadu (3).jpg;210
2621;3000;164;MANDRILLS BKB_164_20220401_id164_femadu (4).jpg;379
2796;3038;164;MANDRILLS BKB_164_20220509_id164_femadu.jpg;242
2342;3047;164;MANDRILLS BKB_164_20220518_id164_femadu (1).jpg;705
2702;3047;164;MANDRILLS BKB_164_20220518_id164_femadu (2).jpg;345
2669;3047;164;MANDRILLS BKB_164_20220518_id164_femadu (3).jpg;378
2598;3055;164;MANDRILLS BKB_164_20220526_id164_femadu (1).jpg;457
2495;3055;164;MANDRILLS BKB_164_20220526_id164_femadu (2).jpg;560
2312;3063;164;MANDRILLS BKB_164_20220603_id164_ femadu (2).jpg;751
2478;3063;164;MANDRILLS BKB_164_20220603_id164_ femadu (3).jpg;585
2851;3082;164;MANDRILLS BKB_164_20220622_id164_femadu.jpg;231
2254;3089;164;MANDRILLS BKB_164_20220629_id164 (1).jpg;835
2074;3089;164;MANDRILLS BKB_164_20220629_id164 (2).jpg;1015
2609;3089;164;MANDRILLS BKB_164_20220629_id164 (3).jpg;480
2583;3089;164;MANDRILLS BKB_164_20220629_id164 (4).jpg;506
2713;3091;164;MANDRILLS BKB_164_20220701_id164 (2).jpg;378
2602;3091;164;MANDRILLS BKB_164_20220701_id164.jpg;489
2913;3101;164;MANDRILLS BKB_164_20220711_id164 (2).jpg;188
2811;3101;164;MANDRILLS BKB_164_20220711_id164.jpg;290
2403;3104;164;MANDRILLS BKB_164_20220714_id164_femadu (1).jpg;701
2720;3104;164;MANDRILLS BKB_164_20220714_id164_femadu (2).jpg;384
2853;3139;164;MANDRILLS BKB_164_20220818_id164 (1).jpg;286
3084;3139;164;MANDRILLS BKB_164_20220818_id164 (2).jpg;55
2868;3139;164;MANDRILLS BKB_164_20220818_id164 (3).jpg;271
2654;3144;164;MANDRILLS BKB_164_20220823_id164 (2).jpg;490
2476;3144;164;MANDRILLS BKB_164_20220823_id164 (3).jpg;668
2611;3144;164;MANDRILLS BKB_164_20220823_id164.jpg;533
2920;3163;164;MANDRILLS BKB_164_20220911_id164.jpg;243
2493;3187;164;MANDRILLS BKB_164_20221005_id164.jpg;694
2408;3222;164;MANDRILLS BKB_164_20221109_id164.jpg;814
2763;3227;164;MANDRILLS BKB_164_20221114_id164.jpg;464
2576;3229;164;MANDRILLS BKB_164_20221116_id164 (1).jpg;653
2465;3229;164;MANDRILLS BKB_164_20221116_id164 (2).jpg;764
2522;3243;164;MANDRILLS BKB_164_20221130_id164.jpg;721
2881;3257;164;MANDRILLS BKB_164_20221214_id164.jpg;376
510;598;184;MANDRILLS BKB_184_20160812_id914_maljuv_(1)_ORIGINAL.jpg;88
275;598;184;MANDRILLS BKB_184_20160812_id914_maljuv_(2)_ORIGINAL.jpg;323
357;598;184;MANDRILLS BKB_184_20160812_id914_maljuv_(3)_ORIGINAL.jpg;241
1582;1547;184;MANDRILLS BKB_184_20190319_id914_malado_(1).jpg;35
1431;1547;184;MANDRILLS BKB_184_20190319_id914_malado_(10).jpg;116
1474;1547;184;MANDRILLS BKB_184_20190319_id914_malado_(11).jpg;73
1476;1547;184;MANDRILLS BKB_184_20190319_id914_malado_(12).jpg;71
1600;1547;184;MANDRILLS BKB_184_20190319_id914_malado_(13).jpg;53
1482;1547;184;MANDRILLS BKB_184_20190319_id914_malado_(14).jpg;65
1367;1547;184;MANDRILLS BKB_184_20190319_id914_malado_(15).jpg;180
1552;1547;184;MANDRILLS BKB_184_20190319_id914_malado_(16).jpg;5
1470;1547;184;MANDRILLS BKB_184_20190319_id914_malado_(17).jpg;77
1484;1547;184;MANDRILLS BKB_184_20190319_id914_malado_(18).jpg;63
1639;1547;184;MANDRILLS BKB_184_20190319_id914_malado_(19).jpg;92
1455;1547;184;MANDRILLS BKB_184_20190319_id914_malado_(20).jpg;92
1571;1547;184;MANDRILLS BKB_184_20190319_id914_malado_(21).jpg;24
1423;1547;184;MANDRILLS BKB_184_20190319_id914_malado_(4).jpg;124
1386;1547;184;MANDRILLS BKB_184_20190319_id914_malado_(5).jpg;161
1476;1547;184;MANDRILLS BKB_184_20190319_id914_malado_(6).jpg;71
1476;1547;184;MANDRILLS BKB_184_20190319_id914_malado_(7).jpg;71
1430;1547;184;MANDRILLS BKB_184_20190319_id914_malado_(8).jpg;117
1404;1547;184;MANDRILLS BKB_184_20190319_id914_malado_(9).jpg;143
1666;1547;184;MANDRILLS BKB_184_20190319_id914_malado_GAUCHE_(1).jpg;119
1711;1547;184;MANDRILLS BKB_184_20190319_id914_malado_GAUCHE_(2).jpg;164
1524;1547;184;MANDRILLS BKB_184_20190319_id914_malado_GAUCHE_(3).jpg;23
1638;1552;184;MANDRILLS BKB_184_20190324_id914_malado_(1).jpg;86
1551;1552;184;MANDRILLS BKB_184_20190324_id914_malado_(2).jpg;1
1561;1638;184;MANDRILLS BKB_184_20190618_id184_malado.jpg;77
1481;1699;184;MANDRILLS BKB_184_20190818_id184_malado_(1).jpg;218
1465;1699;184;MANDRILLS BKB_184_20190818_id184_malado_(2).jpg;234
1592;1699;184;MANDRILLS BKB_184_20190818_id184_malado_(3).jpg;107
1602;1699;184;MANDRILLS BKB_184_20190818_id184_malado_(6).jpg;97
1513;1699;184;MANDRILLS BKB_184_20190818_id184_malado_(7).jpg;186
1601;1699;184;MANDRILLS BKB_184_20190818_id184_malado_(8).jpg;98
1429;1699;184;MANDRILLS BKB_184_20190818_id184_malado_(9).jpg;270
1466;1703;184;MANDRILLS BKB_184_20190822_id184_malado_(3).jpg;237
1512;1718;184;MANDRILLS BKB_184_20190906_id184_malado_(1).jpg;206
1675;1718;184;MANDRILLS BKB_184_20190906_id184_malado_(2).jpg;43
1605;1718;184;MANDRILLS BKB_184_20190906_id184_malado_(3).jpg;113
1701;1718;184;MANDRILLS BKB_184_20190906_id184_malado_(5).jpg;17
1615;1718;184;MANDRILLS BKB_184_20190906_id184_malado_(6).jpg;103
1771;1889;184;MANDRILLS BKB_184_20200224_id184_malado_(1).jpg;118
1755;1889;184;MANDRILLS BKB_184_20200224_id184_malado_(2).jpg;134
1752;1889;184;MANDRILLS BKB_184_20200224_id184_malado_(3).jpg;137
1590;1929;184;MANDRILLS BKB_184_20200404_id184_malado_(1).jpg;339
1812;1929;184;MANDRILLS BKB_184_20200404_id184_malado_(2).jpg;117
1711;1929;184;MANDRILLS BKB_184_20200404_id184_malado_(3).jpg;218
1838;1956;184;MANDRILLS BKB_184_20200501_id184_malado_(1).jpg;118
1813;1956;184;MANDRILLS BKB_184_20200501_id184_malado_(2).jpg;143
1883;1961;184;MANDRILLS BKB_184_20200506_id184_malado_(1).jpg;78
1889;1961;184;MANDRILLS BKB_184_20200506_id184_malado_(2).jpg;72
1826;2125;184;MANDRILLS BKB_184_20201017_id184_malado_(1).jpg;299
1760;2125;184;MANDRILLS BKB_184_20201017_id184_malado_(2).jpg;365
1978;2125;184;MANDRILLS BKB_184_20201017_id184_malado_(3).jpg;147
1902;2125;184;MANDRILLS BKB_184_20201017_id184_malado_(4).jpg;223
1871;2125;184;MANDRILLS BKB_184_20201017_id184_malado_(5).jpg;254
1976;2125;184;MANDRILLS BKB_184_20201017_id184_malado_(6).jpg;149
1974;2125;184;MANDRILLS BKB_184_20201017_id184_malado_(7).jpg;151
1993;2126;184;MANDRILLS BKB_184_20201018_id184_malado_(1).jpg;133
1932;2126;184;MANDRILLS BKB_184_20201018_id184_malado_(2).jpg;194
1841;2126;184;MANDRILLS BKB_184_20201018_id184_malado_(3).jpg;285
1646;2126;184;MANDRILLS BKB_184_20201018_id184_malado_(4).jpg;480
1877;2126;184;MANDRILLS BKB_184_20201018_id184_malado_(5).jpg;249
1947;2160;184;MANDRILLS BKB_184_20201121_id184_malado_(1).jpg;213
1979;2160;184;MANDRILLS BKB_184_20201121_id184_malado_(2).jpg;181
1987;2160;184;MANDRILLS BKB_184_20201121_id184_malado_(3).jpg;173
2096;2160;184;MANDRILLS BKB_184_20201121_id184_malado_(4).jpg;64
1988;2160;184;MANDRILLS BKB_184_20201121_id184_malado_(5).jpg;172
2033;2160;184;MANDRILLS BKB_184_20201121_id184_malado_(6).jpg;127
2001;2160;184;MANDRILLS BKB_184_20201121_id184_malado_(7).jpg;159
1944;2160;184;MANDRILLS BKB_184_20201121_id184_malado_(8).jpg;216
2005;2163;184;MANDRILLS BKB_184_20201124_id184_malado_(1).jpg;158
1847;2163;184;MANDRILLS BKB_184_20201124_id184_malado_(2).jpg;316
1999;2164;184;MANDRILLS BKB_184_20201125_id184_malado_(1).jpg;165
1896;2164;184;MANDRILLS BKB_184_20201125_id184_malado_(2).jpg;268
1929;2164;184;MANDRILLS BKB_184_20201125_id184_malado_(3).jpg;235
2011;2204;184;MANDRILLS BKB_184_20210104_id184_malado_(1).jpg;193
2055;2204;184;MANDRILLS BKB_184_20210104_id184_malado_(2).jpg;149
2014;2208;184;MANDRILLS BKB_184_20210108_id184_malado_(1).jpg;194
1937;2208;184;MANDRILLS BKB_184_20210108_id184_malado_(2).jpg;271
2186;2210;184;MANDRILLS BKB_184_20210110_id184_malado.jpg;24
2101;2220;184;MANDRILLS BKB_184_20210120_id184_malado.jpg;119
2021;2230;184;MANDRILLS BKB_184_20210130_id184_malado.jpg;209
2170;2292;184;MANDRILLS BKB_184_20210402_id184_malado_(1).jpg;122
2243;2292;184;MANDRILLS BKB_184_20210402_id184_malado_(2).jpg;49
2069;2310;184;MANDRILLS BKB_184_20210420_id184_malado.jpg;241
1969;2311;184;MANDRILLS BKB_184_20210421_id184_malaso.jpg;342
2191;2347;184;MANDRILLS BKB_184_20210527_id184_malado.jpg;156
2312;2352;184;MANDRILLS BKB_184_20210601_id184_malado_(1).jpg;40
2205;2352;184;MANDRILLS BKB_184_20210601_id184_malado_(2).jpg;147
2200;2352;184;MANDRILLS BKB_184_20210601_id184_malado_(3).jpg;152
2347;2404;184;MANDRILLS BKB_184_20210723_id184_malado_(1).jpg;57
2296;2404;184;MANDRILLS BKB_184_20210723_id184_malado_(2).jpg;108
2285;2404;184;MANDRILLS BKB_184_20210723_id184_malado_(3).jpg;119
2273;2404;184;MANDRILLS BKB_184_20210723_id184_malado_(4).jpg;131
2285;2404;184;MANDRILLS BKB_184_20210723_id184_malado_(5).jpg;119
2143;2407;184;MANDRILLS BKB_184_20210726_id184_malado.jpg;264
2244;2465;184;MANDRILLS BKB_184_20210922_id184_malado (1).jpg;221
2268;2465;184;MANDRILLS BKB_184_20210922_id184_malado (3).jpg;197
2282;2479;184;MANDRILLS BKB_184_20211006_id184_malado.jpg;197
2404;2490;184;MANDRILLS BKB_184_20211017_id184_malado_(1).jpg;86
2260;2490;184;MANDRILLS BKB_184_20211017_id184_malado_(2).jpg;230
1636;1758;189;MANDRILLS BKB_189_20190918_id189_malado_(1).jpg;122
1531;1778;189;MANDRILLS BKB_189_20191008_id189_malado.jpg;247
1690;1793;189;MANDRILLS BKB_189_20191023_id189_malado_(1).jpg;103
1874;1793;189;MANDRILLS BKB_189_20191023_id189_malado_(2).jpg;81
2010;1815;189;MANDRILLS BKB_189_20191114_id189_malado.jpg;195
2035;1815;189;MANDRILLS BKB_189_20191114_id189_malado_(1).jpg;220
1773;1917;189;MANDRILLS BKB_189_20200224_id189_malado.jpg;144
1937;2155;189;MANDRILLS BKB_189_20201019_id189_malado_(2).jpg;218
2146;2158;189;MANDRILLS BKB_189_20201022_id189_malado_(2).jpg;12
2096;2158;189;MANDRILLS BKB_189_20201022_id189_malado_(3).jpg;62
2208;2158;189;MANDRILLS BKB_189_20201022_id189_malado_(4).jpg;50
2102;2191;189;MANDRILLS BKB_189_20201124_id189_malado.jpg;89
2011;2210;189;MANDRILLS BKB_189_20201213_id189_malado.jpg;199
2204;2228;189;MANDRILLS BKB_189_20201231_id189_malado_(1).jpg;24
2052;2228;189;MANDRILLS BKB_189_20201231_id189_malado_(2).jpg;176
2177;2228;189;MANDRILLS BKB_189_20201231_id189_malado_(3).jpg;51
2160;2228;189;MANDRILLS BKB_189_20201231_id189_malado_(4).jpg;68
2191;2260;189;MANDRILLS BKB_189_20210201_id189_malado_(1).jpg;69
2101;2260;189;MANDRILLS BKB_189_20210201_id189_malado_(10).jpg;159
1936;2260;189;MANDRILLS BKB_189_20210201_id189_malado_(11).jpg;324
1925;2260;189;MANDRILLS BKB_189_20210201_id189_malado_(12).jpg;335
2011;2260;189;MANDRILLS BKB_189_20210201_id189_malado_(2).jpg;249
2079;2260;189;MANDRILLS BKB_189_20210201_id189_malado_(3).jpg;181
2077;2260;189;MANDRILLS BKB_189_20210201_id189_malado_(4).jpg;183
2104;2260;189;MANDRILLS BKB_189_20210201_id189_malado_(5).jpg;156
2044;2260;189;MANDRILLS BKB_189_20210201_id189_malado_(6).jpg;216
2073;2260;189;MANDRILLS BKB_189_20210201_id189_malado_(7).jpg;187
2037;2260;189;MANDRILLS BKB_189_20210201_id189_malado_(8).jpg;223
2011;2260;189;MANDRILLS BKB_189_20210201_id189_malado_(9).jpg;249
2205;2265;189;MANDRILLS BKB_189_20210206_id189_malado_(1).jpg;60
2090;2265;189;MANDRILLS BKB_189_20210206_id189_malado_(2).jpg;175
1975;2268;189;MANDRILLS BKB_189_20210209_id189_malado_(1).jpg;293
2073;2268;189;MANDRILLS BKB_189_20210209_id189_malado_(2).jpg;195
1931;2268;189;MANDRILLS BKB_189_20210209_id189_malado_(3).jpg;337
4057;5089;19;MANDRILLS BKB_19_20120216_id19_femadu_(1)_ORIGINAL.jpg;1032
4040;5116;19;MANDRILLS BKB_19_20120314_id19_femadu_(4)_ORIGINAL.jpg;1076
3976;5116;19;MANDRILLS BKB_19_20120314_id19_femadu_(5)_ORIGINAL.jpg;1140
3875;5116;19;MANDRILLS BKB_19_20120314_id19_femadu_(6)_ORIGINAL.jpg;1241
3879;5116;19;MANDRILLS BKB_19_20120314_id19_femadu_(7)_ORIGINAL.jpg;1237
5040;5123;19;MANDRILLS BKB_19_20120321_id19_femaduMINI_ORIGINAL.jpg;83
4885;5175;19;MANDRILLS BKB_19_20120512_id19_femadu_(1)_ORIGINAL.jpg;290
5799;5175;19;MANDRILLS BKB_19_20120512_id19_femadu_(2)_ORIGINAL.jpg;624
5863;5175;19;MANDRILLS BKB_19_20120512_id19_femadu_(3)_ORIGINAL.jpg;688
4565;5279;19;MANDRILLS BKB_19_20120824_id19_femadu_(2)_ORIGINAL.jpg;714
5751;5279;19;MANDRILLS BKB_19_20120824_id19_femadu_(3)_ORIGINAL.jpg;472
3850;5279;19;MANDRILLS BKB_19_20120824_id19_femadu_(4)_ORIGINAL.jpg;1429
6374;5279;19;MANDRILLS BKB_19_20120824_id19_femadu_(6)_ORIGINAL.jpg;1095
3407;5279;19;MANDRILLS BKB_19_20120824_id19_femadu_(7)_ORIGINAL.jpg;1872
5735;5279;19;MANDRILLS BKB_19_20120824_id19_femadu_(9)_ORIGINAL.jpg;456
753;630;191;MANDRILLS BKB_191_20190904_id191_femjuv_(1).jpg;123
710;630;191;MANDRILLS BKB_191_20190904_id191_femjuv_(11).jpg;80
520;630;191;MANDRILLS BKB_191_20190904_id191_femjuv_(12).jpg;110
572;630;191;MANDRILLS BKB_191_20190904_id191_femjuv_(13).jpg;58
652;630;191;MANDRILLS BKB_191_20190904_id191_femjuv_(14).jpg;22
564;630;191;MANDRILLS BKB_191_20190904_id191_femjuv_(15).jpg;66
752;630;191;MANDRILLS BKB_191_20190904_id191_femjuv_(16).jpg;122
652;630;191;MANDRILLS BKB_191_20190904_id191_femjuv_(17).jpg;22
691;630;191;MANDRILLS BKB_191_20190904_id191_femjuv_(18).jpg;61
559;630;191;MANDRILLS BKB_191_20190904_id191_femjuv_(19).jpg;71
793;630;191;MANDRILLS BKB_191_20190904_id191_femjuv_(20).jpg;163
727;630;191;MANDRILLS BKB_191_20190904_id191_femjuv_(25).jpg;97
560;630;191;MANDRILLS BKB_191_20190904_id191_femjuv_(26).jpg;70
561;630;191;MANDRILLS BKB_191_20190904_id191_femjuv_(27).jpg;69
647;630;191;MANDRILLS BKB_191_20190904_id191_femjuv_(28).jpg;17
704;630;191;MANDRILLS BKB_191_20190904_id191_femjuv_(29).jpg;74
654;630;191;MANDRILLS BKB_191_20190904_id191_femjuv_(3).jpg;24
550;630;191;MANDRILLS BKB_191_20190904_id191_femjuv_(30).jpg;80
506;630;191;MANDRILLS BKB_191_20190904_id191_femjuv_(4).jpg;124
640;630;191;MANDRILLS BKB_191_20190904_id191_femjuv_(5).jpg;10
653;630;191;MANDRILLS BKB_191_20190904_id191_femjuv_(6).jpg;23
651;630;191;MANDRILLS BKB_191_20190904_id191_femjuv_(7).jpg;21
720;630;191;MANDRILLS BKB_191_20190904_id191_femjuv_(8).jpg;90
716;635;191;MANDRILLS BKB_191_20190909_id191_femjuv_(4).jpg;81
906;786;191;MANDRILLS BKB_191_20200207_id191_femjuv.jpg;120
958;875;191;MANDRILLS BKB_191_20200506_id191_femjuv.jpg;83
894;1040;191;MANDRILLS BKB_191_20201018_id191_femjuv_(1).jpg;146
504;1040;191;MANDRILLS BKB_191_20201018_id191_femjuv_(4).jpg;536
1029;1044;191;MANDRILLS BKB_191_20201022_id191_femjuv_(1).jpg;15
1052;1044;191;MANDRILLS BKB_191_20201022_id191_femjuv_(2).jpg;8
1139;1044;191;MANDRILLS BKB_191_20201022_id191_femjuv_(3).jpg;95
1061;1044;191;MANDRILLS BKB_191_20201022_id191_femjuv_(4).jpg;17
1263;1044;191;MANDRILLS BKB_191_20201022_id191_femjuv_(5).jpg;219
1255;1077;191;MANDRILLS BKB_191_20201124_id191_femjuv.jpg;178
1271;1104;191;MANDRILLS BKB_191_20201221_id191_femjuv_(1).jpg;167
1346;1104;191;MANDRILLS BKB_191_20201221_id191_femjuv_(2).jpg;242
1465;1104;191;MANDRILLS BKB_191_20201221_id191_femjuv_(3).jpg;361
1423;1114;191;MANDRILLS BKB_191_20201231_id191_femjuv.jpg;309
1206;1127;191;MANDRILLS BKB_191_20210113_id191_femjuv_(1).jpg;79
1137;1127;191;MANDRILLS BKB_191_20210113_id191_femjuv_(2).jpg;10
1178;1127;191;MANDRILLS BKB_191_20210113_id191_femjuv_(3).jpg;51
1211;1127;191;MANDRILLS BKB_191_20210113_id191_femjuv_(4).jpg;84
1336;1131;191;MANDRILLS BKB_191_20210117_id191_femjuv_(1).jpg;205
1338;1131;191;MANDRILLS BKB_191_20210117_id191_femjuv_(2).jpg;207
1359;1131;191;MANDRILLS BKB_191_20210117_id191_femjuv_(3).jpg;228
1183;1131;191;MANDRILLS BKB_191_20210117_id191_femjuv_(4).jpg;52
1268;1131;191;MANDRILLS BKB_191_20210117_id191_femjuv_(5).jpg;137
1080;1131;191;MANDRILLS BKB_191_20210117_id191_femjuv_(6).jpg;51
1301;1131;191;MANDRILLS BKB_191_20210117_id191_femjuv_(7).jpg;170
1190;1143;191;MANDRILLS BKB_191_20210129_id191_femjuv_(1).jpg;47
1252;1143;191;MANDRILLS BKB_191_20210129_id191_femjuv_(2).jpg;109
1298;1143;191;MANDRILLS BKB_191_20210129_id191_femjuv_(3).jpg;155
980;1143;191;MANDRILLS BKB_191_20210129_id191_femjuv_(4).jpg;163
1237;1174;191;MANDRILLS BKB_191_20210301_id191_femjuv_(1).jpg;63
1203;1174;191;MANDRILLS BKB_191_20210301_id191_femjuv_(2).jpg;29
1133;1174;191;MANDRILLS BKB_191_20210301_id191_femjuv_(3).jpg;41
1188;1174;191;MANDRILLS BKB_191_20210301_id191_femjuv_(4).jpg;14
1370;1214;191;MANDRILLS BKB_191_20210410_id191_femjuv.jpg;156
1257;1269;191;MANDRILLS BKB_191_20210604_id191_femjuv.jpg;12
1364;1361;191;MANDRILLS BKB_191_20210904_id191_femjuv (1).jpg;3
1308;1361;191;MANDRILLS BKB_191_20210904_id191_femjuv (2).jpg;53
1361;1376;191;MANDRILLS BKB_191_20210919_id191_femjuv.jpg;15
1366;1390;191;MANDRILLS BKB_191_20211003_id191_femjuv_(1).jpg;24
1440;1468;191;MANDRILLS BKB_191_20211220_ID191_femadu_(1).jpg;28
1611;1475;191;MANDRILLS BKB_191_20211227_id191_femadu_(1).jpg;136
1717;1495;191;MANDRILLS BKB_191_20220116_id191_femadu.jpg;222
1398;1505;191;MANDRILLS BKB_191_20220126_id191.jpg;107
1643;1511;191;MANDRILLS BKB_191_20220201_id191_femadu (1).jpg;132
1737;1511;191;MANDRILLS BKB_191_20220201_id191_femadu (2).jpg;226
1547;1511;191;MANDRILLS BKB_191_20220201_id191_femadu (3).jpg;36
1385;1511;191;MANDRILLS BKB_191_20220201_id191_femadu (4).jpg;126
1417;1511;191;MANDRILLS BKB_191_20220201_id191_femadu (5).jpg;94
1740;1511;191;MANDRILLS BKB_191_20220201_id191_femadu (6).jpg;229
2261;1511;191;MANDRILLS BKB_191_20220201_id191_femadu (7).jpg;750
1778;1542;191;MANDRILLS BKB_191_20220304_id191_femadu (1).jpg;236
1621;1542;191;MANDRILLS BKB_191_20220304_id191_femadu (2).jpg;79
1691;1542;191;MANDRILLS BKB_191_20220304_id191_femadu (3).jpg;149
1699;1547;191;MANDRILLS BKB_191_20220309_id191_femadu (1).jpg;152
1840;1547;191;MANDRILLS BKB_191_20220309_id191_femadu (2).jpg;293
1789;1547;191;MANDRILLS BKB_191_20220309_id191_femadu (3).jpg;242
1587;1564;191;MANDRILLS BKB_191_20220326_id191_femadu.jpg;23
1453;1570;191;MANDRILLS BKB_191_20220401_id191_femadu.jpg;117
1658;1614;191;MANDRILLS BKB_191_20220515_id191_femadu.jpg;44
1762;1651;191;MANDRILLS BKB_191_20220621_id191_femadu.jpg;111
1553;1661;191;MANDRILLS BKB_191_20220701_id191.jpg;108
2114;1671;191;MANDRILLS BKB_191_20220711_id191.jpg;443
1764;1692;191;MANDRILLS BKB_191_20220801_id191 (1).jpg;72
2135;1692;191;MANDRILLS BKB_191_20220801_id191 (2).jpg;443
1609;1727;191;MANDRILLS BKB_191_20220905_id191.jpg;118
1811;1771;191;MANDRILLS BKB_191_20221019_id191.jpg;40
1937;1774;191;MANDRILLS BKB_191_20221022_id191.jpg;163
1780;1779;191;MANDRILLS BKB_191_20221027_id191 (1).jpg;1
1783;1779;191;MANDRILLS BKB_191_20221027_id191 (2).jpg;4
2164;1782;191;MANDRILLS BKB_191_20221030_id191.jpg;382
2008;1806;191;MANDRILLS BKB_191_20221123_id191.jpg;202
1907;1813;191;MANDRILLS BKB_191_20221130_id191.jpg;94
105;150;209;MANDRILLS BKB_209_20150516_id939_malinf_(1)_ORIGINAL.jpg;45
131;150;209;MANDRILLS BKB_209_20150516_id939_malinf_(2)_ORIGINAL.jpg;19
168;150;209;MANDRILLS BKB_209_20150516_id939_malinf_(3)_ORIGINAL.jpg;18
143;150;209;MANDRILLS BKB_209_20150516_id939_malinf_(4)_ORIGINAL.jpg;7
104;150;209;MANDRILLS BKB_209_20150516_id939_malinf_(5)_ORIGINAL.jpg;46
282;601;209;MANDRILLS BKB_209_20160809_id939_maljuv_ORIGINAL.jpg;319
447;669;209;MANDRILLS BKB_209_20161016_id939_maljuv_(1)_ORIGINAL.jpg;222
350;669;209;MANDRILLS BKB_209_20161016_id939_maljuv_(2)_ORIGINAL.jpg;319
918;1209;209;MANDRILLS BKB_209_20180409_id939_maljuv_(1)_ORIGINAL.jpg;291
928;1209;209;MANDRILLS BKB_209_20180409_id939_maljuv_(2)_ORIGINAL.jpg;281
986;1209;209;MANDRILLS BKB_209_20180409_id939_maljuv_(3)_ORIGINAL.jpg;223
968;1209;209;MANDRILLS BKB_209_20180409_id939_maljuv_(4)_ORIGINAL.jpg;241
986;1209;209;MANDRILLS BKB_209_20180409_id939_maljuv_(5)_ORIGINAL.jpg;223
1101;1272;209;MANDRILLS BKB_209_20180611_id939_maljuv_(1)_ORIGINAL.jpg;171
977;1272;209;MANDRILLS BKB_209_20180611_id939_maljuv_(10)_ORIGINAL.jpg;295
977;1272;209;MANDRILLS BKB_209_20180611_id939_maljuv_(11)_ORIGINAL.jpg;295
957;1272;209;MANDRILLS BKB_209_20180611_id939_maljuv_(2)_ORIGINAL.jpg;315
991;1272;209;MANDRILLS BKB_209_20180611_id939_maljuv_(3)_ORIGINAL.jpg;281
1020;1272;209;MANDRILLS BKB_209_20180611_id939_maljuv_(4)_ORIGINAL.jpg;252
924;1272;209;MANDRILLS BKB_209_20180611_id939_maljuv_(5)_ORIGINAL.jpg;348
715;1272;209;MANDRILLS BKB_209_20180611_id939_maljuv_(6)_ORIGINAL.jpg;557
1055;1272;209;MANDRILLS BKB_209_20180611_id939_maljuv_(7)_ORIGINAL.jpg;217
1092;1272;209;MANDRILLS BKB_209_20180611_id939_maljuv_(8)_ORIGINAL.jpg;180
931;1272;209;MANDRILLS BKB_209_20180611_id939_maljuv_(9)_ORIGINAL.jpg;341
1030;1273;209;MANDRILLS BKB_209_20180612_id939_maljuv_(1)_ORIGINAL.jpg;243
883;1273;209;MANDRILLS BKB_209_20180612_id939_maljuv_(2)_ORIGINAL.jpg;390
675;1273;209;MANDRILLS BKB_209_20180612_id939_maljuv_(3)_ORIGINAL.jpg;598
964;1275;209;MANDRILLS BKB_209_20180614_id939_maljuv_(1)_ORIGINAL.jpg;311
993;1275;209;MANDRILLS BKB_209_20180614_id939_maljuv_(2)_ORIGINAL.jpg;282
1024;1275;209;MANDRILLS BKB_209_20180614_id939_maljuv_(3)_ORIGINAL.jpg;251
997;1275;209;MANDRILLS BKB_209_20180614_id939_maljuv_(4)_ORIGINAL.jpg;278
1004;1275;209;MANDRILLS BKB_209_20180614_id939_maljuv_(5)_ORIGINAL.jpg;271
1043;1275;209;MANDRILLS BKB_209_20180614_id939_maljuv_(6)_ORIGINAL.jpg;232
1145;1288;209;MANDRILLS BKB_209_20180627_id939_maljuv_(1)_ORIGINAL.jpg;143
1130;1288;209;MANDRILLS BKB_209_20180627_id939_maljuv_(2)_ORIGINAL.jpg;158
1096;1288;209;MANDRILLS BKB_209_20180627_id939_maljuv_(3)_ORIGINAL.jpg;192
1017;1288;209;MANDRILLS BKB_209_20180627_id939_maljuv_(4)_ORIGINAL.jpg;271
1074;1288;209;MANDRILLS BKB_209_20180627_id939_maljuv_(5)_ORIGINAL.jpg;214
1064;1298;209;MANDRILLS BKB_209_20180707_id939_maljuv_(1)_ORIGINAL.jpg;234
976;1298;209;MANDRILLS BKB_209_20180707_id939_maljuv_(2)_ORIGINAL.jpg;322
899;1298;209;MANDRILLS BKB_209_20180707_id939_maljuv_(3)_ORIGINAL.jpg;399
1106;1298;209;MANDRILLS BKB_209_20180707_id939_maljuv_(4)_ORIGINAL.jpg;192
1033;1298;209;MANDRILLS BKB_209_20180707_id939_maljuv_(5)_ORIGINAL.jpg;265
1204;1298;209;MANDRILLS BKB_209_20180707_id939_maljuv_(7)_ORIGINAL.jpg;94
1069;1298;209;MANDRILLS BKB_209_20180707_id939_maljuv_(9)_ORIGINAL.jpg;229
853;1310;209;MANDRILLS BKB_209_20180719_id939_maljuv_ORIGINAL.jpg;457
992;1314;209;MANDRILLS BKB_209_20180723_id939_maljuv_(1)_ORIGINAL.jpg;322
1098;1314;209;MANDRILLS BKB_209_20180723_id939_maljuv_(2)_ORIGINAL.jpg;216
1165;1314;209;MANDRILLS BKB_209_20180723_id939_maljuv_(3)_ORIGINAL.jpg;149
1139;1314;209;MANDRILLS BKB_209_20180723_id939_maljuv_(4)_ORIGINAL.jpg;175
1045;1345;209;MANDRILLS BKB_209_20180823_id939_maljuv_(1)_ORIGINAL.jpg;300
969;1345;209;MANDRILLS BKB_209_20180823_id939_maljuv_(2)_ORIGINAL.jpg;376
1146;1345;209;MANDRILLS BKB_209_20180823_id939_maljuv_(3)_ORIGINAL.jpg;199
1132;1345;209;MANDRILLS BKB_209_20180823_id939_maljuv_(4)_ORIGINAL.jpg;213
1047;1345;209;MANDRILLS BKB_209_20180823_id939_maljuv_(5)_ORIGINAL.jpg;298
1155;1345;209;MANDRILLS BKB_209_20180823_id939_maljuv_(6)_ORIGINAL.jpg;190
1232;1456;209;MANDRILLS BKB_209_20181212_id939_maljuv_(1)_ORIGINAL.jpg;224
1340;1456;209;MANDRILLS BKB_209_20181212_id939_maljuv_(2)_ORIGINAL.jpg;116
1308;1456;209;MANDRILLS BKB_209_20181212_id939_maljuv_(3)_ORIGINAL.jpg;148
1314;1456;209;MANDRILLS BKB_209_20181212_id939_maljuv_(4)_ORIGINAL.jpg;142
1220;1456;209;MANDRILLS BKB_209_20181212_id939_maljuv_(5)_ORIGINAL.jpg;236
1306;1456;209;MANDRILLS BKB_209_20181212_id939_maljuv_(6)_ORIGINAL.jpg;150
1302;1456;209;MANDRILLS BKB_209_20181212_id939_maljuv_(7)_ORIGINAL.jpg;154
1087;1456;209;MANDRILLS BKB_209_20181212_id939_maljuv_(8)_ORIGINAL.jpg;369
1285;1456;209;MANDRILLS BKB_209_20181212_id939_maljuv_(9)_ORIGINAL.jpg;171
1535;1495;209;MANDRILLS BKB_209_20190120_id939_malado_(1)_ORIGINAL.jpg;40
1459;1495;209;MANDRILLS BKB_209_20190120_id939_malado_(2)_ORIGINAL.jpg;36
1474;1495;209;MANDRILLS BKB_209_20190120_id939_malado_(3)_ORIGINAL.jpg;21
1485;1495;209;MANDRILLS BKB_209_20190120_id939_malado_(4)_ORIGINAL.jpg;10
1382;1495;209;MANDRILLS BKB_209_20190120_id939_malado_(5)_ORIGINAL.jpg;113
1171;1510;209;MANDRILLS BKB_209_20190204_id939_malado_(1)_ORIGINAL.jpg;339
1178;1510;209;MANDRILLS BKB_209_20190204_id939_malado_(10)_ORIGINAL.jpg;332
1223;1510;209;MANDRILLS BKB_209_20190204_id939_malado_(12)_ORIGINAL.jpg;287
952;1510;209;MANDRILLS BKB_209_20190204_id939_malado_(13)_ORIGINAL.jpg;558
1208;1510;209;MANDRILLS BKB_209_20190204_id939_malado_(14)_ORIGINAL.jpg;302
1199;1510;209;MANDRILLS BKB_209_20190204_id939_malado_(18)_ORIGINAL.jpg;311
1309;1510;209;MANDRILLS BKB_209_20190204_id939_malado_(21)_ORIGINAL.jpg;201
1329;1510;209;MANDRILLS BKB_209_20190204_id939_malado_(22)_ORIGINAL.jpg;181
1316;1510;209;MANDRILLS BKB_209_20190204_id939_malado_(3)_ORIGINAL.jpg;194
1328;1510;209;MANDRILLS BKB_209_20190204_id939_malado_(31)_ORIGINAL.jpg;182
1279;1510;209;MANDRILLS BKB_209_20190204_id939_malado_(32)_ORIGINAL.jpg;231
1191;1510;209;MANDRILLS BKB_209_20190204_id939_malado_(34)_ORIGINAL.jpg;319
1161;1510;209;MANDRILLS BKB_209_20190204_id939_malado_(35)_ORIGINAL.jpg;349
1093;1510;209;MANDRILLS BKB_209_20190204_id939_malado_(38)_ORIGINAL.jpg;417
1038;1510;209;MANDRILLS BKB_209_20190204_id939_malado_(39)_ORIGINAL.jpg;472
1351;1510;209;MANDRILLS BKB_209_20190204_id939_malado_(4)_ORIGINAL.jpg;159
1087;1510;209;MANDRILLS BKB_209_20190204_id939_malado_(40)_ORIGINAL.jpg;423
1100;1510;209;MANDRILLS BKB_209_20190204_id939_malado_(41)_ORIGINAL.jpg;410
1136;1510;209;MANDRILLS BKB_209_20190204_id939_malado_(42)_ORIGINAL.jpg;374
1366;1510;209;MANDRILLS BKB_209_20190204_id939_malado_(5)_ORIGINAL.jpg;144
1413;1510;209;MANDRILLS BKB_209_20190204_id939_malado_(7)_ORIGINAL.jpg;97
1381;1510;209;MANDRILLS BKB_209_20190204_id939_malado_(8)_ORIGINAL.jpg;129
1355;1510;209;MANDRILLS BKB_209_20190204_id939_malado_(9)_ORIGINAL.jpg;155
1336;1549;209;MANDRILLS BKB_209_20190315_id939_malado_(1).jpg;213
1121;1549;209;MANDRILLS BKB_209_20190315_id939_malado_(2).jpg;428
1155;1549;209;MANDRILLS BKB_209_20190315_id939_malado_(4).jpg;394
1356;1573;209;MANDRILLS BKB_209_20190408_id939_malado.jpg;217
1532;1664;209;MANDRILLS BKB_209_20190708_id939_malado_(2).jpg;132
1370;1664;209;MANDRILLS BKB_209_20190708_id939_malado_(3).jpg;294
1536;1664;209;MANDRILLS BKB_209_20190708_id939_malado_(4).jpg;128
1538;1664;209;MANDRILLS BKB_209_20190708_id939_malado_(5).jpg;126
1264;1664;209;MANDRILLS BKB_209_20190708_id939_malado_(6).jpg;400
1357;1664;209;MANDRILLS BKB_209_20190708_id939_malado_(7).jpg;307
1273;1664;209;MANDRILLS BKB_209_20190708_id939_malado_(8).jpg;391
1195;1664;209;MANDRILLS BKB_209_20190708_id939_malado_(9).jpg;469
1564;1693;209;MANDRILLS BKB_209_20190806_id939_malado_(1).jpg;129
1637;1693;209;MANDRILLS BKB_209_20190806_id939_malado_(2).jpg;56
1256;1697;209;MANDRILLS BKB_209_20190810_id939_malado_(1).jpg;441
1601;1697;209;MANDRILLS BKB_209_20190810_id939_malado_(2).jpg;96
1555;1697;209;MANDRILLS BKB_209_20190810_id939_malado_(3).jpg;142
1525;1790;209;MANDRILLS BKB_209_20191111_id939_malado.jpg;265
1568;1792;209;MANDRILLS BKB_209_20191113_id939_malado.jpg;224
1724;1878;209;MANDRILLS BKB_209_20200207_id939_malado_(2).jpg;154
1828;1878;209;MANDRILLS BKB_209_20200207_id939_malado_(4).jpg;50
1787;1904;209;MANDRILLS BKB_209_20200304_id939_malado.jpg;117
1851;1946;209;MANDRILLS BKB_209_20200415_id939_malado.jpg;95
1804;1966;209;MANDRILLS BKB_209_20200505_id939_malado.jpg;162
2068;2134;209;MANDRILLS BKB_209_20201020_id209_malado_(1).jpg;66
2170;2134;209;MANDRILLS BKB_209_20201020_id209_malado_(2).jpg;36
2104;2142;209;MANDRILLS BKB_209_20201028_id209_malado.jpg;38
2053;2166;209;MANDRILLS BKB_209_20201121_id209_malado_(1).jpg;113
2300;2166;209;MANDRILLS BKB_209_20201121_id209_malado_(2).jpg;134
2146;2166;209;MANDRILLS BKB_209_20201121_id209_malado_(3).jpg;20
2085;2166;209;MANDRILLS BKB_209_20201121_id209_malado_(4).jpg;81
2150;2169;209;MANDRILLS BKB_209_20201124_id209_malado_(1).jpg;19
2113;2169;209;MANDRILLS BKB_209_20201124_id209_malado_(10).jpg;56
2134;2169;209;MANDRILLS BKB_209_20201124_id209_malado_(2).jpg;35
2006;2169;209;MANDRILLS BKB_209_20201124_id209_malado_(3).jpg;163
2140;2169;209;MANDRILLS BKB_209_20201124_id209_malado_(4).jpg;29
1974;2169;209;MANDRILLS BKB_209_20201124_id209_malado_(5).jpg;195
2143;2169;209;MANDRILLS BKB_209_20201124_id209_malado_(6).jpg;26
2042;2169;209;MANDRILLS BKB_209_20201124_id209_malado_(7).jpg;127
2050;2169;209;MANDRILLS BKB_209_20201124_id209_malado_(9).jpg;119
176;222;213;MANDRILLS BKB_213_20160808_id1016_feminf_(1)_ORIGINAL.jpg;46
214;222;213;MANDRILLS BKB_213_20160808_id1016_feminf_(2)_ORIGINAL.jpg;8
260;226;213;MANDRILLS BKB_213_20160812_id1016_feminf_(1)_ORIGINAL.jpg;34
251;226;213;MANDRILLS BKB_213_20160812_id1016_feminf_(2)_ORIGINAL.jpg;25
255;226;213;MANDRILLS BKB_213_20160812_id1016_feminf_(3)_ORIGINAL.jpg;29
278;226;213;MANDRILLS BKB_213_20160812_id1016_feminf_(4)_ORIGINAL.jpg;52
270;226;213;MANDRILLS BKB_213_20160812_id1016_feminf_(5)_ORIGINAL.jpg;44
300;291;213;MANDRILLS BKB_213_20161016_id1016_feminf_ORIGINAL.jpg;9
304;320;213;MANDRILLS BKB_213_20161114_id1016_feminf_(1)_ORIGINAL.jpg;16
342;320;213;MANDRILLS BKB_213_20161114_id1016_feminf_(2)_ORIGINAL.jpg;22
278;320;213;MANDRILLS BKB_213_20161114_id1016_feminf_(3)_ORIGINAL.jpg;42
1037;917;213;MANDRILLS BKB_213_20180704_id_1016_femjuvGAUCHE_(1)_ORIGINAL.jpg;120
783;917;213;MANDRILLS BKB_213_20180704_id_1016_femjuvGAUCHE_(10)_ORIGINAL.jpg;134
770;917;213;MANDRILLS BKB_213_20180704_id_1016_femjuvGAUCHE_(11)_ORIGINAL.jpg;147
785;917;213;MANDRILLS BKB_213_20180704_id_1016_femjuvGAUCHE_(12)_ORIGINAL.jpg;132
842;917;213;MANDRILLS BKB_213_20180704_id_1016_femjuvGAUCHE_(13)_ORIGINAL.jpg;75
939;917;213;MANDRILLS BKB_213_20180704_id_1016_femjuvGAUCHE_(14)_ORIGINAL.jpg;22
855;917;213;MANDRILLS BKB_213_20180704_id_1016_femjuvGAUCHE_(2)_ORIGINAL.jpg;62
878;917;213;MANDRILLS BKB_213_20180704_id_1016_femjuvGAUCHE_(3)_ORIGINAL.jpg;39
1046;917;213;MANDRILLS BKB_213_20180704_id_1016_femjuvGAUCHE_(4)_ORIGINAL.jpg;129
834;917;213;MANDRILLS BKB_213_20180704_id_1016_femjuvGAUCHE_(5)_ORIGINAL.jpg;83
941;917;213;MANDRILLS BKB_213_20180704_id_1016_femjuvGAUCHE_(6)_ORIGINAL.jpg;24
894;917;213;MANDRILLS BKB_213_20180704_id_1016_femjuvGAUCHE_(7)_ORIGINAL.jpg;23
837;917;213;MANDRILLS BKB_213_20180704_id_1016_femjuvGAUCHE_(8)_ORIGINAL.jpg;80
799;917;213;MANDRILLS BKB_213_20180704_id_1016_femjuvGAUCHE_(9)_ORIGINAL.jpg;118
754;929;213;MANDRILLS BKB_213_20180716_id1016_femjuvDROITE_(1)_ORIGINAL.jpg;175
819;929;213;MANDRILLS BKB_213_20180716_id1016_femjuvDROITE_(2)_ORIGINAL.jpg;110
837;929;213;MANDRILLS BKB_213_20180716_id1016_femjuvDROITE_(3)_ORIGINAL.jpg;92
756;929;213;MANDRILLS BKB_213_20180716_id1016_femjuv_(1)_ORIGINAL.jpg;173
652;929;213;MANDRILLS BKB_213_20180716_id1016_femjuv_(10)_ORIGINAL.jpg;277
786;929;213;MANDRILLS BKB_213_20180716_id1016_femjuv_(2)_ORIGINAL.jpg;143
758;929;213;MANDRILLS BKB_213_20180716_id1016_femjuv_(3)_ORIGINAL.jpg;171
842;929;213;MANDRILLS BKB_213_20180716_id1016_femjuv_(4)_ORIGINAL.jpg;87
735;929;213;MANDRILLS BKB_213_20180716_id1016_femjuv_(8)_ORIGINAL.jpg;194
823;929;213;MANDRILLS BKB_213_20180716_id1016_femjuv_(9)_ORIGINAL.jpg;106
1068;1140;213;MANDRILLS BKB_213_20190212_id1016_femjuv_(1)_ORIGINAL.jpg;72
1014;1140;213;MANDRILLS BKB_213_20190212_id1016_femjuv_(10)_ORIGINAL.jpg;126
1008;1140;213;MANDRILLS BKB_213_20190212_id1016_femjuv_(2)_ORIGINAL.jpg;132
904;1140;213;MANDRILLS BKB_213_20190212_id1016_femjuv_(3)_ORIGINAL.jpg;236
950;1140;213;MANDRILLS BKB_213_20190212_id1016_femjuv_(4)_ORIGINAL.jpg;190
908;1140;213;MANDRILLS BKB_213_20190212_id1016_femjuv_(5)_ORIGINAL.jpg;232
961;1140;213;MANDRILLS BKB_213_20190212_id1016_femjuv_(6)_ORIGINAL.jpg;179
941;1140;213;MANDRILLS BKB_213_20190212_id1016_femjuv_(7)_ORIGINAL.jpg;199
1141;1140;213;MANDRILLS BKB_213_20190212_id1016_femjuv_(8)_ORIGINAL.jpg;1
934;1140;213;MANDRILLS BKB_213_20190212_id1016_femjuv_(9)_ORIGINAL.jpg;206
1169;1173;213;MANDRILLS BKB_213_20190317_id1016_femjuv_(2).jpg;4
1061;1175;213;MANDRILLS BKB_213_20190319_id1016_femjuv_(1).jpg;114
1310;1296;213;MANDRILLS BKB_213_20190718_id1016_femjuv_(2).jpg;14
1118;1296;213;MANDRILLS BKB_213_20190718_id1016_femjuv_(3).jpg;178
1151;1296;213;MANDRILLS BKB_213_20190718_id1016_femjuv_(4).jpg;145
1329;1296;213;MANDRILLS BKB_213_20190718_id1016_femjuv_(5).jpg;33
1160;1319;213;MANDRILLS BKB_213_20190810_id1016_femjuv_HAUT_(1).jpg;159
1311;1319;213;MANDRILLS BKB_213_20190810_id1016_femjuv_HAUT_(2).jpg;8
1203;1319;213;MANDRILLS BKB_213_20190810_id1016_femjuv_HAUT_(3).jpg;116
1310;1319;213;MANDRILLS BKB_213_20190810_id1016_femjuv_HAUT_(4).jpg;9
1254;1319;213;MANDRILLS BKB_213_20190810_id1016_femjuv_HAUT_(5).jpg;65
1284;1319;213;MANDRILLS BKB_213_20190810_id1016_femjuv_HAUT_(6).jpg;35
1255;1319;213;MANDRILLS BKB_213_20190810_id1016_femjuv_HAUT_(7).jpg;64
981;1319;213;MANDRILLS BKB_213_20190810_id1016_femjuv_HAUT_(8).jpg;338
1374;1433;213;MANDRILLS BKB_213_20191202_id1016_femjuv_(1).jpg;59
1322;1433;213;MANDRILLS BKB_213_20191202_id1016_femjuv_(2).jpg;111
1391;1433;213;MANDRILLS BKB_213_20191202_id1016_femjuv_(3).jpg;42
1715;1534;213;MANDRILLS BKB_213_20200312_id1016_femadu_(1).jpg;181
1466;1534;213;MANDRILLS BKB_213_20200312_id1016_femadu_(2).jpg;68
1523;1534;213;MANDRILLS BKB_213_20200312_id1016_femadu_(3).jpg;11
1487;1534;213;MANDRILLS BKB_213_20200312_id1016_femadu_(4).jpg;47
2023;1788;213;MANDRILLS BKB_213_20201121_id213_femadu_(1).jpg;235
1587;1788;213;MANDRILLS BKB_213_20201121_id213_femadu_(10).jpg;201
1716;1788;213;MANDRILLS BKB_213_20201121_id213_femadu_(2).jpg;72
1867;1788;213;MANDRILLS BKB_213_20201121_id213_femadu_(3).jpg;79
1896;1788;213;MANDRILLS BKB_213_20201121_id213_femadu_(4).jpg;108
1598;1788;213;MANDRILLS BKB_213_20201121_id213_femadu_(5).jpg;190
1825;1788;213;MANDRILLS BKB_213_20201121_id213_femadu_(6).jpg;37
1874;1788;213;MANDRILLS BKB_213_20201121_id213_femadu_(7).jpg;86
1901;1788;213;MANDRILLS BKB_213_20201121_id213_femadu_(8).jpg;113
1993;1788;213;MANDRILLS BKB_213_20201121_id213_femadu_(9).jpg;205
1585;1814;213;MANDRILLS BKB_213_20201217_id213_femadu.jpg;229
1535;1818;213;MANDRILLS BKB_213_20201221_id213_femadu.jpg;283
1882;1832;213;MANDRILLS BKB_213_20210104_id213_femadu.jpg;50
1455;1833;213;MANDRILLS BKB_213_20210105_id213_femadu_(1).jpg;378
1419;1833;213;MANDRILLS BKB_213_20210105_id213_femadu_(2).jpg;414
1593;1848;213;MANDRILLS BKB_213_20210120_id213_femadu_(1).jpg;255
1701;1848;213;MANDRILLS BKB_213_20210120_id213_femadu_(2).jpg;147
1908;1848;213;MANDRILLS BKB_213_20210120_id213_femadu_(3).jpg;60
1732;1848;213;MANDRILLS BKB_213_20210120_id213_femadu_(4).jpg;116
1557;1848;213;MANDRILLS BKB_213_20210120_id213_femadu_(5).jpg;291
1617;1848;213;MANDRILLS BKB_213_20210120_id213_femadu_(6).jpg;231
1562;1848;213;MANDRILLS BKB_213_20210120_id213_femadu_(7).jpg;286
1754;1849;213;MANDRILLS BKB_213_20210121_id213_femadu_(1).jpg;95
1787;1849;213;MANDRILLS BKB_213_20210121_id213_femadu_(2).jpg;62
1719;1849;213;MANDRILLS BKB_213_20210121_id213_femadu_(3).jpg;130
1786;1849;213;MANDRILLS BKB_213_20210121_id213_femadu_(4).jpg;63
1653;1849;213;MANDRILLS BKB_213_20210121_id213_femadu_(5).jpg;196
1752;1849;213;MANDRILLS BKB_213_20210121_id213_femadu_(6).jpg;97
1768;1849;213;MANDRILLS BKB_213_20210121_id213_femadu_(7).jpg;81
1692;1849;213;MANDRILLS BKB_213_20210121_id213_femadu_(8).jpg;157
2181;1856;213;MANDRILLS BKB_213_20210128_id213_femadu.jpg;325
1427;1857;213;MANDRILLS BKB_213_20210129_id213_femadu_(10).jpg;430
1760;1857;213;MANDRILLS BKB_213_20210129_id213_femadu_(2).jpg;97
1667;1857;213;MANDRILLS BKB_213_20210129_id213_femadu_(3).jpg;190
1912;1857;213;MANDRILLS BKB_213_20210129_id213_femadu_(4).jpg;55
1755;1857;213;MANDRILLS BKB_213_20210129_id213_femadu_(5).jpg;102
1779;1857;213;MANDRILLS BKB_213_20210129_id213_femadu_(6).jpg;78
1782;1857;213;MANDRILLS BKB_213_20210129_id213_femadu_(7).jpg;75
1740;1857;213;MANDRILLS BKB_213_20210129_id213_femadu_(9).jpg;117
1839;1858;213;MANDRILLS BKB_213_20210130_id213_femadu.jpg;19
1998;1869;213;MANDRILLS BKB_213_20210210_id213_femadu.jpg;129
2018;1869;213;MANDRILLS BKB_213_20210210_id213_femadu_(1).jpg;149
1582;1869;213;MANDRILLS BKB_213_20210210_id213_femadu_(2).jpg;287
2198;1869;213;MANDRILLS BKB_213_20210210_id213_femadu_(3).jpg;329
1846;1876;213;MANDRILLS BKB_213_20210217_id213_femadu_(1).jpg;30
1551;1876;213;MANDRILLS BKB_213_20210217_id213_femadu_(3).jpg;325
1749;1919;213;MANDRILLS BKB_213_20210401_id213_femadu_(1).jpg;170
1744;1919;213;MANDRILLS BKB_213_20210401_id213_femadu_(2).jpg;175
1848;1923;213;MANDRILLS BKB_213_20210405_id213_femadu_(1).jpg;75
1719;1923;213;MANDRILLS BKB_213_20210405_id213_femadu_(2).jpg;204
1647;1923;213;MANDRILLS BKB_213_20210405_id213_femadu_(3).jpg;276
1904;1928;213;MANDRILLS BKB_213_20210410_id213_femadu_(1).jpg;24
1576;1928;213;MANDRILLS BKB_213_20210410_id213_femadu_(2).jpg;352
1610;1928;213;MANDRILLS BKB_213_20210410_id213_femadu_(3).jpg;318
2091;2001;213;MANDRILLS BKB_213_20210622_id213_femadu_(2).jpg;90
1652;2001;213;MANDRILLS BKB_213_20210622_id213_femadu_(3).jpg;349
1964;2001;213;MANDRILLS BKB_213_20210622_id213_femadu_(4).jpg;37
1769;2088;213;MANDRILLS BKB_213_20210917_id213_femadu.jpg;319
1754;2093;213;MANDRILLS BKB_213_20210922_id213_femadu.jpg;339
2209;2117;213;MANDRILLS BKB_213_20211016_id213_femadu.jpg;92
1948;2120;213;MANDRILLS BKB_213_20211019_id213_femadu.jpg;172
1903;2123;213;MANDRILLS BKB_213_20211022_id213_femadu.jpg;220
1795;2125;213;MANDRILLS BKB_213_20211024_id213_femadu.jpg;330
2908;2151;213;MANDRILLS BKB_213_20211119_id213_femadu.jpg;757
1776;2158;213;MANDRILLS BKB_213_20211126_id213_femadu.jpg;382
1984;2179;213;MANDRILLS BKB_213_20211217_id213_femadu_(1).jpg;195
2141;2179;213;MANDRILLS BKB_213_20211217_id213_femadu_(2).jpg;38
2175;2179;213;MANDRILLS BKB_213_20211217_id213_femadu_(3).jpg;4
1909;2179;213;MANDRILLS BKB_213_20211217_id213_femadu_(4).jpg;270
2192;2188;213;MANDRILLS BKB_213_20211226_id213_femadu.jpg;4
1897;2215;213;MANDRILLS BKB_213_20220122_id213 (1).jpg;318
2205;2215;213;MANDRILLS BKB_213_20220122_id213 (2).jpg;10
1949;2215;213;MANDRILLS BKB_213_20220122_id213 (3).jpg;266
1964;2215;213;MANDRILLS BKB_213_20220122_id213 (4).jpg;251
2406;2259;213;MANDRILLS BKB_213_20220307_id213_femadu.jpg;147
2015;2278;213;MANDRILLS BKB_213_20220326_id213_femadu.jpg;263
2546;2303;213;MANDRILLS BKB_213_20220420_id213_femadu.jpg;243
2326;2317;213;MANDRILLS BKB_213_20220504_id213_femadu (1).jpg;9
2283;2317;213;MANDRILLS BKB_213_20220504_id213_femadu (2).jpg;34
2818;2328;213;MANDRILLS BKB_213_20220515_id213_femadu.jpg;490
2244;2331;213;MANDRILLS BKB_213_20220518_id213_femadu.jpg;87
1737;2334;213;MANDRILLS BKB_213_20220521_id213_femadu (2).jpg;597
2469;2334;213;MANDRILLS BKB_213_20220521_id213_femadu (4).jpg;135
2210;2334;213;MANDRILLS BKB_213_20220521_id213_femadu.jpg;124
2572;2345;213;MANDRILLS BKB_213_20220601_id213_femadu (1).jpg;227
3006;2345;213;MANDRILLS BKB_213_20220601_id213_femadu (2).jpg;661
3007;2345;213;MANDRILLS BKB_213_20220601_id213_femadu (3).jpg;662
2357;2345;213;MANDRILLS BKB_213_20220601_id213_femadu.jpg;12
2660;2348;213;MANDRILLS BKB_213_20220604_id213_femadu.jpg;312
2113;2351;213;MANDRILLS BKB_213_20220607_id213_femadu.jpg;238
2016;2358;213;MANDRILLS BKB_213_20220614_id213_femadu (1).jpg;342
2364;2358;213;MANDRILLS BKB_213_20220614_id213_femadu (3).jpg;6
2512;2359;213;MANDRILLS BKB_213_20220615_id213_femadu.jpg;153
2233;2373;213;MANDRILLS BKB_213_20220629_id213.jpg;140
2224;2375;213;MANDRILLS BKB_213_20220701_id213 (2).jpg;151
2439;2375;213;MANDRILLS BKB_213_20220701_id213 (3).jpg;64
2681;2375;213;MANDRILLS BKB_213_20220701_id213.jpg;306
2487;2380;213;MANDRILLS BKB_213_20220706_id213 (1).jpg;107
2848;2380;213;MANDRILLS BKB_213_20220706_id213 (2).jpg;468
2442;2382;213;MANDRILLS BKB_213_20220708_id213.jpg;60
2262;2383;213;MANDRILLS BKB_213_20220709_id213.jpg;121
2611;2409;213;MANDRILLS BKB_213_20220804_id213.jpg;202
2800;2412;213;MANDRILLS BKB_213_20220807_id213 (2).jpg;388
2713;2412;213;MANDRILLS BKB_213_20220807_id213 (3).jpg;301
2610;2412;213;MANDRILLS BKB_213_20220807_id213 (4).jpg;198
2257;2412;213;MANDRILLS BKB_213_20220807_id213 (6).jpg;155
2505;2412;213;MANDRILLS BKB_213_20220807_id213 (7).jpg;93
1943;2412;213;MANDRILLS BKB_213_20220807_id213.jpg;469
2351;2417;213;MANDRILLS BKB_213_20220812_id213.jpg;66
2975;2423;213;MANDRILLS BKB_213_20220818_id213.jpg;552
2183;2428;213;MANDRILLS BKB_213_20220823_id213 (2).jpg;245
2601;2428;213;MANDRILLS BKB_213_20220823_id213.jpg;173
2339;2440;213;MANDRILLS BKB_213_20220904_id213 (1).jpg;101
2387;2440;213;MANDRILLS BKB_213_20220904_id213 (2).jpg;53
2904;2454;213;MANDRILLS BKB_213_20220918_id213 (1).jpg;450
2596;2454;213;MANDRILLS BKB_213_20220918_id213 (2).jpg;142
2813;2471;213;MANDRILLS BKB_213_20221005_id213.jpg;342
2568;2487;213;MANDRILLS BKB_213_20221021_id213.jpg;81
2099;2488;213;MANDRILLS BKB_213_20221022_id213.jpg;389
2655;2511;213;MANDRILLS BKB_213_20221114_id213.jpg;144
2790;2513;213;MANDRILLS BKB_213_20221116_id213.jpg;277
2893;2518;213;MANDRILLS BKB_213_20221121_id213.jpg;375
2303;2522;213;MANDRILLS BKB_213_20221125_id213 (4).jpg;219
2839;2522;213;MANDRILLS BKB_213_20221125_id213.jpg;317
2610;2527;213;MANDRILLS BKB_213_20221130_id213 (1).jpg;83
2780;2527;213;MANDRILLS BKB_213_20221130_id213 (2).jpg;253
2606;2536;213;MANDRILLS BKB_213_20221209_id213 (1).jpg;70
2729;2536;213;MANDRILLS BKB_213_20221209_id213 (2).jpg;193
2764;2536;213;MANDRILLS BKB_213_20221209_id213 (3).jpg;228
2837;2537;213;MANDRILLS BKB_213_20221210_id213 (1).jpg;300
2649;2537;213;MANDRILLS BKB_213_20221210_id213.jpg;112
2639;2545;213;MANDRILLS BKB_213_20221218_id213 (1).jpg;94
2583;2545;213;MANDRILLS BKB_213_20221218_id213 (2).jpg;38
2664;2545;213;MANDRILLS BKB_213_20221218_id213.jpg;119
3070;2551;213;MANDRILLS BKB_213_20221224_id213.jpg;519
1941;1799;234;MANDRILLS BKB_234_20190926_id234_mal.jpg;142
1960;1842;234;MANDRILLS BKB_234_20191108_id234_mal.jpg;118
1738;1872;234;MANDRILLS BKB_234_20191208_id234_mal.jpg;134
1954;2186;234;MANDRILLS BKB_234_20201017_id234_mal.jpg;232
2064;2191;234;MANDRILLS BKB_234_20201022_id234_mal.jpg;127
2329;2265;234;MANDRILLS BKB_234_20210104_id234_mal.jpg;64
2084;2266;234;MANDRILLS BKB_234_20210105_id234_mal.jpg;182
2034;2274;234;MANDRILLS BKB_234_20210113_id234_mal.jpg;240
2525;2287;234;MANDRILLS BKB_234_20210126_id234_(1).jpg;238
2541;2287;234;MANDRILLS BKB_234_20210126_id234_(2).jpg;254
2467;2287;234;MANDRILLS BKB_234_20210126_id234_(3).jpg;180
2199;2318;234;MANDRILLS BKB_234_20210226_id234_mal_(1).jpg;119
2138;2318;234;MANDRILLS BKB_234_20210226_id234_mal_(2).jpg;180
2296;2352;234;MANDRILLS BKB_234_20210401_id234_mal_(3).jpg;56
2196;2352;234;MANDRILLS BKB_234_20210401_id234_mal_(4).jpg;156
2535;2352;234;MANDRILLS BKB_234_20210401_id234_mal_(5).jpg;183
2172;2352;234;MANDRILLS BKB_234_20210401_id234_mal_(6).jpg;180
2178;2352;234;MANDRILLS BKB_234_20210401_id234_mal_(7).jpg;174
2222;2352;234;MANDRILLS BKB_234_20210401_id234_mal_(8).jpg;130
2238;2352;234;MANDRILLS BKB_234_20210401_id234_mal_(9).jpg;114
2464;2374;234;MANDRILLS BKB_234_20210423_id234_mal.jpg;90
2281;2460;234;MANDRILLS BKB_234_20210718_id234_malado_(1).jpg;179
2184;2460;234;MANDRILLS BKB_234_20210718_id234_malado_(2).jpg;276
2275;2460;234;MANDRILLS BKB_234_20210718_id234_malado_(3).jpg;185
2179;2465;234;MANDRILLS BKB_234_20210723_id234_malado_(1).jpg;286
2252;2465;234;MANDRILLS BKB_234_20210723_id234_malado_(2).jpg;213
2258;2465;234;MANDRILLS BKB_234_20210723_id234_malado_(3).jpg;207
2316;2465;234;MANDRILLS BKB_234_20210723_id234_malado_(4).jpg;149
2284;2465;234;MANDRILLS BKB_234_20210723_id234_malado_(5).jpg;181
2576;2527;234;MANDRILLS BKB_234_20210923_id234_malsub (2).jpg;49
2312;2540;234;MANDRILLS BKB_234_20211006_id234_malsub.jpg;228
593;576;249;MANDRILLS BKB_249_20190718_id249_mal_(1).jpg;17
518;576;249;MANDRILLS BKB_249_20190718_id249_mal_(2).jpg;58
439;678;249;MANDRILLS BKB_249_20191028_id249_mal.jpg;239
1096;1044;249;MANDRILLS BKB_249_20201028_id249_mal.jpg;52
928;1090;249;MANDRILLS BKB_249_20201213_id249_maljuv.jpg;162
1041;1094;249;MANDRILLS BKB_249_20201217_id249_maljuv.jpg;53
972;1134;249;MANDRILLS BKB_249_20210126_id249_mal_(1).jpg;162
975;1134;249;MANDRILLS BKB_249_20210126_id249_mal_(2).jpg;159
1102;1134;249;MANDRILLS BKB_249_20210126_id249_mal_(3).jpg;32
1094;1134;249;MANDRILLS BKB_249_20210126_id249_mal_(4).jpg;40
868;1137;249;MANDRILLS BKB_249_20210129_id249_mal_(2).jpg;269
967;1137;249;MANDRILLS BKB_249_20210129_id249_mal_(3).jpg;170
1067;1137;249;MANDRILLS BKB_249_20210129_id249_mal_(4).jpg;70
1122;1165;249;MANDRILLS BKB_249_20210226_id249_mal.jpg;43
1151;1200;249;MANDRILLS BKB_249_20210402_id249_mal_(1).jpg;49
1122;1200;249;MANDRILLS BKB_249_20210402_id249_mal_(2).jpg;78
987;1200;249;MANDRILLS BKB_249_20210402_id249_mal_(3).jpg;213
1282;1200;249;MANDRILLS BKB_249_20210402_id249_mal_(4).jpg;82
1124;1204;249;MANDRILLS BKB_249_20210406_id249_mal_(1).jpg;80
1384;1204;249;MANDRILLS BKB_249_20210406_id249_mal_(2).jpg;180
1126;1204;249;MANDRILLS BKB_249_20210406_id249_mal_(3).jpg;78
1326;1294;249;MANDRILLS BKB_249_20210705_id249_maljuv.jpg;32
1402;1433;249;MANDRILLS BKB_249_20211121_id249_maljuv_(1).jpg;31
1480;1433;249;MANDRILLS BKB_249_20211121_id249_maljuv_(2).jpg;47
1370;1433;249;MANDRILLS BKB_249_20211121_id249_maljuv_(3).jpg;63
1407;1433;249;MANDRILLS BKB_249_20211121_id249_maljuv_(4).jpg;26
1498;1500;249;MANDRILLS BKB_249_20220127_id249 (2).jpg;2
1395;1500;249;MANDRILLS BKB_249_20220127_id249.jpg;105
1452;1505;249;MANDRILLS BKB_249_20220201_id249_malado (1).jpg;53
1297;1505;249;MANDRILLS BKB_249_20220201_id249_malado (2).jpg;208
1370;1515;249;MANDRILLS BKB_249_20220211_id249malado.jpg;145
1589;1524;249;MANDRILLS BKB_249_20220220_id249_malado.jpg;65
1901;1541;249;MANDRILLS BKB_249_20220309_id249_malado (1).jpg;360
1564;1541;249;MANDRILLS BKB_249_20220309_id249_malado (2).jpg;23
1599;1541;249;MANDRILLS BKB_249_20220309_id249_malado (3).jpg;58
1534;1558;249;MANDRILLS BKB_249_20220326_id249_malado.jpg;24
1785;1564;249;MANDRILLS BKB_249_20220401_id249_malado (1).jpg;221
1635;1564;249;MANDRILLS BKB_249_20220401_id249_malado (2).jpg;71
1716;1564;249;MANDRILLS BKB_249_20220401_id249_malado (3).jpg;152
1467;1602;249;MANDRILLS BKB_249_20220509_id249_malado (2).jpg;135
1441;1602;249;MANDRILLS BKB_249_20220509_id249_malado (3).jpg;161
1675;1602;249;MANDRILLS BKB_249_20220509_id249_malado (6).jpg;73
1367;1610;249;MANDRILLS BKB_249_20220517_id249_malado (1).jpg;243
1530;1610;249;MANDRILLS BKB_249_20220517_id249_malado (2).jpg;80
1762;1628;249;MANDRILLS BKB_249_20220604_id249_malado (1).jpg;134
1871;1628;249;MANDRILLS BKB_249_20220604_id249_malado (2).jpg;243
1234;1628;249;MANDRILLS BKB_249_20220604_id249_malado (3).jpg;394
1417;1631;249;MANDRILLS BKB_249_20220607_id249_malado.jpg;214
1604;1645;249;MANDRILLS BKB_249_20220621_id249_malado (1).jpg;41
1648;1645;249;MANDRILLS BKB_249_20220621_id249_malado (2).jpg;3
1345;1645;249;MANDRILLS BKB_249_20220621_id249_malado (3).jpg;300
1594;1645;249;MANDRILLS BKB_249_20220621_id249_malado (4).jpg;51
1561;1657;249;MANDRILLS BKB_249_20220703_id249 (1).jpg;96
1501;1657;249;MANDRILLS BKB_249_20220703_id249 (2).jpg;156
1610;1657;249;MANDRILLS BKB_249_20220703_id249 (3).jpg;47
1458;1657;249;MANDRILLS BKB_249_20220703_id249 (4).jpg;199
1675;1665;249;MANDRILLS BKB_249_20220711_id249.jpg;10
1506;1667;249;MANDRILLS BKB_249_20220713_id249.jpg;161
1685;1680;249;MANDRILLS BKB_249_20220726_id249.jpg;5
1775;1689;249;MANDRILLS BKB_249_20220804_id249.jpg;86
1525;1697;249;MANDRILLS BKB_249_20220812_id249 (1).jpg;172
1441;1697;249;MANDRILLS BKB_249_20220812_id249 (2).jpg;256
1649;1711;249;MANDRILLS BKB_249_20220826_id249 (1).jpg;62
1595;1711;249;MANDRILLS BKB_249_20220826_id249 (2).jpg;116
1856;1711;249;MANDRILLS BKB_249_20220826_id249.jpg;145
1861;1721;249;MANDRILLS BKB_249_20220905_id249.jpg;140
1562;1751;249;MANDRILLS BKB_249_20221005_id249.jpg;189
1731;1767;249;MANDRILLS BKB_249_20221021_id249 (1).jpg;36
1596;1767;249;MANDRILLS BKB_249_20221021_id249 (2).jpg;171
1618;1776;249;MANDRILLS BKB_249_20221030_id249.jpg;158
1786;1821;249;MANDRILLS BKB_249_20221214_id249 (2).jpg;35
1763;1829;249;MANDRILLS BKB_249_20221222_id249.jpg;66
5741;4278;25;MANDRILLS BKB_25_20120731_id25_femadu_(1)_ORIGINAL.jpg;1463
5444;4278;25;MANDRILLS BKB_25_20120731_id25_femadu_(10)_ORIGINAL.jpg;1166
5275;4278;25;MANDRILLS BKB_25_20120731_id25_femadu_(11)_ORIGINAL.jpg;997
6469;4278;25;MANDRILLS BKB_25_20120731_id25_femadu_(12)_ORIGINAL.jpg;2191
5927;4278;25;MANDRILLS BKB_25_20120731_id25_femadu_(2)_ORIGINAL.jpg;1649
5486;4278;25;MANDRILLS BKB_25_20120731_id25_femadu_(3)_ORIGINAL.jpg;1208
6094;4278;25;MANDRILLS BKB_25_20120731_id25_femadu_(4)_ORIGINAL.jpg;1816
5879;4278;25;MANDRILLS BKB_25_20120731_id25_femadu_(6)_ORIGINAL.jpg;1601
5564;4278;25;MANDRILLS BKB_25_20120731_id25_femadu_(8)_ORIGINAL.jpg;1286
5761;4278;25;MANDRILLS BKB_25_20120731_id25_femadu_(9)_ORIGINAL.jpg;1483
4014;4334;25;MANDRILLS BKB_25_20120925_id25_femadu_(1)_ORIGINAL.jpg;320
3930;4334;25;MANDRILLS BKB_25_20120925_id25_femadu_(3)_ORIGINAL.jpg;404
4806;4981;25;MANDRILLS BKB_25_20140704_id25_femadu_(1)_ORIGINAL.jpg;175
4392;4981;25;MANDRILLS BKB_25_20140704_id25_femadu_(2)_ORIGINAL.jpg;589
5105;4981;25;MANDRILLS BKB_25_20140704_id25_femadu_(3)_ORIGINAL.jpg;124
4474;4981;25;MANDRILLS BKB_25_20140704_id25_femadu_(4)_ORIGINAL.jpg;507
5541;4981;25;MANDRILLS BKB_25_20140704_id25_femadu_(5)_ORIGINAL.jpg;560
5414;4981;25;MANDRILLS BKB_25_20140704_id25_femadu_(6)_ORIGINAL.jpg;433
163;209;254;MANDRILLS BKB_254_20180626_id254_malinfDROITE_(1)_ORIGINAL.jpg;46
252;209;254;MANDRILLS BKB_254_20180626_id254_malinfDROITE_(10)_ORIGINAL.jpg;43
196;209;254;MANDRILLS BKB_254_20180626_id254_malinfDROITE_(2)_ORIGINAL.jpg;13
203;209;254;MANDRILLS BKB_254_20180626_id254_malinfDROITE_(3)_ORIGINAL.jpg;6
173;209;254;MANDRILLS BKB_254_20180626_id254_malinfDROITE_(4)_ORIGINAL.jpg;36
168;209;254;MANDRILLS BKB_254_20180626_id254_malinfDROITE_(7)_ORIGINAL.jpg;41
237;209;254;MANDRILLS BKB_254_20180626_id254_malinfDROITE_(8)_ORIGINAL.jpg;28
221;209;254;MANDRILLS BKB_254_20180626_id254_malinfDROITE_(9)_ORIGINAL.jpg;12
386;230;254;MANDRILLS BKB_254_20180717_id254_malinf_(18)_ORIGINAL.jpg;156
277;230;254;MANDRILLS BKB_254_20180717_id254_malinf_(19)_ORIGINAL.jpg;47
297;278;254;MANDRILLS BKB_254_20180903_id254_malinf_(1)_ORIGINAL.jpg;19
275;278;254;MANDRILLS BKB_254_20180903_id254_malinf_(10)_ORIGINAL.jpg;3
214;278;254;MANDRILLS BKB_254_20180903_id254_malinf_(11)_ORIGINAL.jpg;64
250;278;254;MANDRILLS BKB_254_20180903_id254_malinf_(12)_ORIGINAL.jpg;28
257;278;254;MANDRILLS BKB_254_20180903_id254_malinf_(15)_ORIGINAL.jpg;21
155;278;254;MANDRILLS BKB_254_20180903_id254_malinf_(17)_ORIGINAL.jpg;123
196;278;254;MANDRILLS BKB_254_20180903_id254_malinf_(18)_ORIGINAL.jpg;82
249;278;254;MANDRILLS BKB_254_20180903_id254_malinf_(19)_ORIGINAL.jpg;29
300;278;254;MANDRILLS BKB_254_20180903_id254_malinf_(2)_ORIGINAL.jpg;22
256;278;254;MANDRILLS BKB_254_20180903_id254_malinf_(20)_ORIGINAL.jpg;22
209;278;254;MANDRILLS BKB_254_20180903_id254_malinf_(21)_ORIGINAL.jpg;69
236;278;254;MANDRILLS BKB_254_20180903_id254_malinf_(22)_ORIGINAL.jpg;42
237;278;254;MANDRILLS BKB_254_20180903_id254_malinf_(23)_ORIGINAL.jpg;41
212;278;254;MANDRILLS BKB_254_20180903_id254_malinf_(26)_ORIGINAL.jpg;66
213;278;254;MANDRILLS BKB_254_20180903_id254_malinf_(27)_ORIGINAL.jpg;65
240;278;254;MANDRILLS BKB_254_20180903_id254_malinf_(28)_ORIGINAL.jpg;38
203;278;254;MANDRILLS BKB_254_20180903_id254_malinf_(29)_ORIGINAL.jpg;75
294;278;254;MANDRILLS BKB_254_20180903_id254_malinf_(3)_ORIGINAL.jpg;16
347;278;254;MANDRILLS BKB_254_20180903_id254_malinf_(31)_ORIGINAL.jpg;69
323;278;254;MANDRILLS BKB_254_20180903_id254_malinf_(34)_ORIGINAL.jpg;45
244;278;254;MANDRILLS BKB_254_20180903_id254_malinf_(36)_ORIGINAL.jpg;34
240;278;254;MANDRILLS BKB_254_20180903_id254_malinf_(37)_ORIGINAL.jpg;38
259;278;254;MANDRILLS BKB_254_20180903_id254_malinf_(4)_ORIGINAL.jpg;19
231;278;254;MANDRILLS BKB_254_20180903_id254_malinf_(5)_ORIGINAL.jpg;47
233;278;254;MANDRILLS BKB_254_20180903_id254_malinf_(6)_ORIGINAL.jpg;45
240;278;254;MANDRILLS BKB_254_20180903_id254_malinf_(7)_ORIGINAL.jpg;38
247;278;254;MANDRILLS BKB_254_20180903_id254_malinf_(8)_ORIGINAL.jpg;31
257;278;254;MANDRILLS BKB_254_20180903_id254_malinf_(9)_ORIGINAL.jpg;21
197;300;254;MANDRILLS BKB_254_20180925_id254_malinfGAUCHE_(1)_ORIGINAL.jpg;103
272;300;254;MANDRILLS BKB_254_20180925_id254_malinfGAUCHE_(10)_ORIGINAL.jpg;28
202;300;254;MANDRILLS BKB_254_20180925_id254_malinfGAUCHE_(12)_ORIGINAL.jpg;98
259;300;254;MANDRILLS BKB_254_20180925_id254_malinfGAUCHE_(17)_ORIGINAL.jpg;41
186;300;254;MANDRILLS BKB_254_20180925_id254_malinfGAUCHE_(2)_ORIGINAL.jpg;114
227;300;254;MANDRILLS BKB_254_20180925_id254_malinfGAUCHE_(20)_ORIGINAL.jpg;73
278;300;254;MANDRILLS BKB_254_20180925_id254_malinfGAUCHE_(21)_ORIGINAL.jpg;22
237;300;254;MANDRILLS BKB_254_20180925_id254_malinfGAUCHE_(22)_ORIGINAL.jpg;63
262;300;254;MANDRILLS BKB_254_20180925_id254_malinfGAUCHE_(24)_ORIGINAL.jpg;38
225;300;254;MANDRILLS BKB_254_20180925_id254_malinfGAUCHE_(25)_ORIGINAL.jpg;75
185;300;254;MANDRILLS BKB_254_20180925_id254_malinfGAUCHE_(28)_ORIGINAL.jpg;115
226;300;254;MANDRILLS BKB_254_20180925_id254_malinfGAUCHE_(29)_ORIGINAL.jpg;74
192;300;254;MANDRILLS BKB_254_20180925_id254_malinfGAUCHE_(3)_ORIGINAL.jpg;108
194;300;254;MANDRILLS BKB_254_20180925_id254_malinfGAUCHE_(30)_ORIGINAL.jpg;106
184;300;254;MANDRILLS BKB_254_20180925_id254_malinfGAUCHE_(31)_ORIGINAL.jpg;116
221;300;254;MANDRILLS BKB_254_20180925_id254_malinfGAUCHE_(32)_ORIGINAL.jpg;79
239;300;254;MANDRILLS BKB_254_20180925_id254_malinfGAUCHE_(33)_ORIGINAL.jpg;61
194;300;254;MANDRILLS BKB_254_20180925_id254_malinfGAUCHE_(34)_ORIGINAL.jpg;106
181;300;254;MANDRILLS BKB_254_20180925_id254_malinfGAUCHE_(35)_ORIGINAL.jpg;119
220;300;254;MANDRILLS BKB_254_20180925_id254_malinfGAUCHE_(36)_ORIGINAL.jpg;80
173;300;254;MANDRILLS BKB_254_20180925_id254_malinfGAUCHE_(37)_ORIGINAL.jpg;127
190;300;254;MANDRILLS BKB_254_20180925_id254_malinfGAUCHE_(38)_ORIGINAL.jpg;110
182;300;254;MANDRILLS BKB_254_20180925_id254_malinfGAUCHE_(39)_ORIGINAL.jpg;118
238;300;254;MANDRILLS BKB_254_20180925_id254_malinfGAUCHE_(4)_ORIGINAL.jpg;62
191;300;254;MANDRILLS BKB_254_20180925_id254_malinfGAUCHE_(40)_ORIGINAL.jpg;109
194;300;254;MANDRILLS BKB_254_20180925_id254_malinfGAUCHE_(41)_ORIGINAL.jpg;106
174;300;254;MANDRILLS BKB_254_20180925_id254_malinfGAUCHE_(42)_ORIGINAL.jpg;126
201;300;254;MANDRILLS BKB_254_20180925_id254_malinfGAUCHE_(43)_ORIGINAL.jpg;99
218;300;254;MANDRILLS BKB_254_20180925_id254_malinfGAUCHE_(44)_ORIGINAL.jpg;82
182;300;254;MANDRILLS BKB_254_20180925_id254_malinfGAUCHE_(47)_ORIGINAL.jpg;118
142;300;254;MANDRILLS BKB_254_20180925_id254_malinfGAUCHE_(50)_ORIGINAL.jpg;158
185;300;254;MANDRILLS BKB_254_20180925_id254_malinfGAUCHE_(7)_ORIGINAL.jpg;115
440;475;254;MANDRILLS BKB_254_20190319_id254_maljuv_DROITE_(1).jpg;35
445;475;254;MANDRILLS BKB_254_20190319_id254_maljuv_DROITE_(2).jpg;30
475;586;254;MANDRILLS BKB_254_20190708_id254_maljuv_DROITE_(1).jpg;111
513;586;254;MANDRILLS BKB_254_20190708_id254_maljuv_DROITE_(2).jpg;73
512;586;254;MANDRILLS BKB_254_20190708_id254_maljuv_DROITE_(3).jpg;74
570;586;254;MANDRILLS BKB_254_20190708_id254_maljuv_DROITE_(4).jpg;16
445;586;254;MANDRILLS BKB_254_20190708_id254_maljuv_DROITE_(5).jpg;141
411;586;254;MANDRILLS BKB_254_20190708_id254_maljuv_DROITE_(6).jpg;175
396;586;254;MANDRILLS BKB_254_20190708_id254_maljuv_DROITE_(7).jpg;190
519;586;254;MANDRILLS BKB_254_20190708_id254_maljuv_DROITE_(9).jpg;67
571;646;254;MANDRILLS BKB_254_20190906_id254_maljuv_(1).jpg;75
471;646;254;MANDRILLS BKB_254_20190906_id254_maljuv_(10).jpg;175
574;646;254;MANDRILLS BKB_254_20190906_id254_maljuv_(11).jpg;72
640;646;254;MANDRILLS BKB_254_20190906_id254_maljuv_(2).jpg;6
625;646;254;MANDRILLS BKB_254_20190906_id254_maljuv_(3).jpg;21
528;646;254;MANDRILLS BKB_254_20190906_id254_maljuv_(4).jpg;118
537;646;254;MANDRILLS BKB_254_20190906_id254_maljuv_(5).jpg;109
689;646;254;MANDRILLS BKB_254_20190906_id254_maljuv_(6).jpg;43
675;646;254;MANDRILLS BKB_254_20190906_id254_maljuv_(7).jpg;29
543;646;254;MANDRILLS BKB_254_20190906_id254_maljuv_(8).jpg;103
567;651;254;MANDRILLS BKB_254_20190911_id254_maljuv.jpg;84
604;651;254;MANDRILLS BKB_254_20190911_id254_maljuv_DROITE.jpg;47
644;686;254;MANDRILLS BKB_254_20191016_id254_maljuv_(1).jpg;42
564;686;254;MANDRILLS BKB_254_20191016_id254_maljuv_(2).jpg;122
458;686;254;MANDRILLS BKB_254_20191016_id254_maljuv_(3).jpg;228
888;803;254;MANDRILLS BKB_254_20200210_id254_maljuv_(1).jpg;85
570;803;254;MANDRILLS BKB_254_20200210_id254_maljuv_(2).jpg;233
640;803;254;MANDRILLS BKB_254_20200210_id254_maljuv_(3).jpg;163
852;817;254;MANDRILLS BKB_254_20200224_id254_maljuv_(1).jpg;35
968;817;254;MANDRILLS BKB_254_20200224_id254_maljuv_(2).jpg;151
573;842;254;MANDRILLS BKB_254_20200320_id254_maljuv_(1).jpg;269
491;842;254;MANDRILLS BKB_254_20200320_id254_maljuv_(2).jpg;351
779;842;254;MANDRILLS BKB_254_20200320_id254_maljuv_(3).jpg;63
1035;886;254;MANDRILLS BKB_254_20200503_id254_maljuv.jpg;149
950;889;254;MANDRILLS BKB_254_20200506_id254_maljuv.jpg;61
995;889;254;MANDRILLS BKB_254_20200506_id254_maljuv_(1).jpg;106
949;889;254;MANDRILLS BKB_254_20200506_id254_maljuv_(2).jpg;60
986;1056;254;MANDRILLS BKB_254_20201020_id254_maljuv_(1).jpg;70
1019;1056;254;MANDRILLS BKB_254_20201020_id254_maljuv_(2).jpg;37
1030;1056;254;MANDRILLS BKB_254_20201020_id254_maljuv_(3).jpg;26
884;1064;254;MANDRILLS BKB_254_20201028_id254_maljuv.jpg;180
1159;1064;254;MANDRILLS BKB_254_20201028_id254_maljuv_(1).jpg;95
1007;1064;254;MANDRILLS BKB_254_20201028_id254_maljuv_(2).jpg;57
965;1074;254;MANDRILLS BKB_254_20201107_id254_maljuv.jpg;109
1067;1126;254;MANDRILLS BKB_254_20201229_id254_maljuv.jpg;59
983;1132;254;MANDRILLS BKB_254_20210104_id254_maljuv.jpg;149
1314;1144;254;MANDRILLS BKB_254_20210116_id254_maljuv_(1).jpg;170
1203;1144;254;MANDRILLS BKB_254_20210116_id254_maljuv_(2).jpg;59
1247;1153;254;MANDRILLS BKB_254_20210125_id254_maljuv_(1).jpg;94
1099;1153;254;MANDRILLS BKB_254_20210125_id254_maljuv_(2).jpg;54
1135;1156;254;MANDRILLS BKB_254_20210128_id254_maljuv_(1).jpg;21
1116;1156;254;MANDRILLS BKB_254_20210128_id254_maljuv_(2).jpg;40
1131;1156;254;MANDRILLS BKB_254_20210128_id254_maljuv_(3).jpg;25
1237;1156;254;MANDRILLS BKB_254_20210128_id254_maljuv_(4).jpg;81
1182;1156;254;MANDRILLS BKB_254_20210128_id254_maljuv_(5).jpg;26
1211;1156;254;MANDRILLS BKB_254_20210128_id254_maljuv_(6).jpg;55
1199;1157;254;MANDRILLS BKB_254_20210129_id254_maljuv.jpg;42
1093;1157;254;MANDRILLS BKB_254_20210129_id254_maljuv_(2).jpg;64
1174;1157;254;MANDRILLS BKB_254_20210129_id254_maljuv_(3).jpg;17
1135;1157;254;MANDRILLS BKB_254_20210129_id254_maljuv_(4).jpg;22
1173;1157;254;MANDRILLS BKB_254_20210129_id254_maljuv_(5).jpg;16
1137;1157;254;MANDRILLS BKB_254_20210129_id254_maljuv_(6).jpg;20
1179;1157;254;MANDRILLS BKB_254_20210129_id254_maljuv_(7).jpg;22
1222;1158;254;MANDRILLS BKB_254_20210130_id254_maljuv_(1).jpg;64
1235;1158;254;MANDRILLS BKB_254_20210130_id254_maljuv_(2).jpg;77
1176;1158;254;MANDRILLS BKB_254_20210130_id254_maljuv_(3).jpg;18
1227;1158;254;MANDRILLS BKB_254_20210130_id3094_maljuv_(1).jpg;69
1159;1158;254;MANDRILLS BKB_254_20210130_id3094_maljuv_(2).jpg;1
1149;1162;254;MANDRILLS BKB_254_20210203_id254_maljuv_(2).jpg;13
1326;1195;254;MANDRILLS BKB_254_20210308_id254_maljuv.jpg;131
1351;1216;254;MANDRILLS BKB_254_20210329_id254_maljuv_(1).jpg;135
1345;1216;254;MANDRILLS BKB_254_20210329_id254_maljuv_(2).jpg;129
1228;1216;254;MANDRILLS BKB_254_20210329_id254_maljuv_(3).jpg;12
977;1216;254;MANDRILLS BKB_254_20210329_id254_maljuv_(4).jpg;239
1237;1228;254;MANDRILLS BKB_254_20210410_id254_maljuv.jpg;9
1363;1275;254;MANDRILLS BKB_254_20210527_id254_maljuv.jpg;88
1260;1299;254;MANDRILLS BKB_254_20210620_id254_maljuv_(2).jpg;39
1222;1301;254;MANDRILLS BKB_254_20210622_id254_maljuv_(1).jpg;79
1358;1301;254;MANDRILLS BKB_254_20210622_id254_maljuv_(2).jpg;57
1405;1301;254;MANDRILLS BKB_254_20210622_id254_maljuv_(3).jpg;104
1371;1301;254;MANDRILLS BKB_254_20210622_id254_maljuv_(4).jpg;70
1321;1369;254;MANDRILLS BKB_254_20210829_id254_maljuv.jpg;48
1413;1406;254;MANDRILLS BKB_254_20211005_id254_maljuv.jpg;7
1540;1420;254;MANDRILLS BKB_254_20211019_id254_(1).jpg;120
1404;1420;254;MANDRILLS BKB_254_20211019_id254_maljuv_(1).jpg;16
1558;1475;254;MANDRILLS BKB_254_20211213_id254_malado_(1).jpg;83
1503;1479;254;MANDRILLS BKB_254_20211217_id254_malado_(3).jpg;24
1624;1483;254;MANDRILLS BKB_254_20211221_id254_malado.jpg;141
1458;1513;254;MANDRILLS BKB_254_20220120_id254 (2).jpg;55
1568;1513;254;MANDRILLS BKB_254_20220120_id254 (3).jpg;55
1348;1513;254;MANDRILLS BKB_254_20220120_id254 (4).jpg;165
1565;1513;254;MANDRILLS BKB_254_20220120_id254.jpg;52
1644;1523;254;MANDRILLS BKB_254_20220130_id254 (2).jpg;121
1603;1523;254;MANDRILLS BKB_254_20220130_id254 (3).jpg;80
1512;1523;254;MANDRILLS BKB_254_20220130_id254.jpg;11
1459;1525;254;MANDRILLS BKB_254_20220201_id254_malado (1).jpg;66
1397;1525;254;MANDRILLS BKB_254_20220201_id254_malado (10).jpg;128
1450;1525;254;MANDRILLS BKB_254_20220201_id254_malado (11).jpg;75
1509;1525;254;MANDRILLS BKB_254_20220201_id254_malado (2).jpg;16
1435;1525;254;MANDRILLS BKB_254_20220201_id254_malado (3).jpg;90
1552;1525;254;MANDRILLS BKB_254_20220201_id254_malado (4).jpg;27
1712;1525;254;MANDRILLS BKB_254_20220201_id254_malado (6).jpg;187
1520;1525;254;MANDRILLS BKB_254_20220201_id254_malado (7).jpg;5
1585;1525;254;MANDRILLS BKB_254_20220201_id254_malado (8).jpg;60
1650;1525;254;MANDRILLS BKB_254_20220201_id254_malado (9).jpg;125
1528;1525;254;MANDRILLS BKB_254_20220201_id254_malado.jpg;3
1657;1578;254;MANDRILLS BKB_254_20220326_id254_malado.jpg;79
1683;1609;254;MANDRILLS BKB_254_20220426_id254_malado (2).jpg;74
1510;1609;254;MANDRILLS BKB_254_20220426_id254_malado.jpg;99
1896;1616;254;MANDRILLS BKB_254_20220503_id254_malado.jpg;280
1555;1628;254;MANDRILLS BKB_254_20220515_id254_malado.jpg;73
1486;1640;254;MANDRILLS BKB_254_20220527_id254_malado (2).jpg;154
1704;1640;254;MANDRILLS BKB_254_20220527_id254_malado (3).jpg;64
1661;1646;254;MANDRILLS BKB_254_20220602_id254_malado.jpg;15
1521;1651;254;MANDRILLS BKB_254_20220607_id254_maldo.jpg;130
1594;1654;254;MANDRILLS BKB_254_20220610_id254_malado.jpg;60
1841;1658;254;MANDRILLS BKB_254_20220614_id254_malado (1).jpg;183
1676;1658;254;MANDRILLS BKB_254_20220614_id254_malado (2).jpg;18
1918;1658;254;MANDRILLS BKB_254_20220614_id254_malado (3).jpg;260
1664;1661;254;MANDRILLS BKB_254_20220617_id254_malado.jpg;3
1773;1665;254;MANDRILLS BKB_254_20220621_id254_malado (1).jpg;108
1733;1665;254;MANDRILLS BKB_254_20220621_id254_malado (2).jpg;68
1710;1668;254;MANDRILLS BKB_254_20220624_id254_malado (1).jpg;42
1833;1668;254;MANDRILLS BKB_254_20220624_id254_malado (2).jpg;165
1539;1673;254;MANDRILLS BKB_254_20220629_id254 (2).jpg;134
1577;1673;254;MANDRILLS BKB_254_20220629_id254.jpg;96
1649;1675;254;MANDRILLS BKB_254_20220701_id254 (2).jpg;26
1541;1675;254;MANDRILLS BKB_254_20220701_id254.jpg;134
1613;1680;254;MANDRILLS BKB_254_20220706_id254.jpg;67
1738;1687;254;MANDRILLS BKB_254_20220713_id254 (1).jpg;51
1698;1687;254;MANDRILLS BKB_254_20220713_id254 (2).jpg;11
1677;1688;254;MANDRILLS BKB_254_20220714_id254_malado (1).jpg;11
2007;1688;254;MANDRILLS BKB_254_20220714_id254_malado (2).jpg;319
1710;1700;254;MANDRILLS BKB_254_20220726_id254 (2).jpg;10
1706;1700;254;MANDRILLS BKB_254_20220726_id254.jpg;6
1697;1723;254;MANDRILLS BKB_254_20220818_id254.jpg;26
1704;1731;254;MANDRILLS BKB_254_20220826_id254.jpg;27
1620;1747;254;MANDRILLS BKB_254_20220911_id254 (1).jpg;127
1905;1747;254;MANDRILLS BKB_254_20220911_id254 (2).jpg;158
1581;1747;254;MANDRILLS BKB_254_20220911_id254 (3).jpg;166
1815;1771;254;MANDRILLS BKB_254_20221005_id254.jpg;44
1693;1787;254;MANDRILLS BKB_254_20221021_id254 (1).jpg;94
1808;1787;254;MANDRILLS BKB_254_20221021_id254 (2).jpg;21
1827;1787;254;MANDRILLS BKB_254_20221021_id254 (3).jpg;40
1798;1813;254;MANDRILLS BKB_254_20221116_id254 (2).jpg;15
1781;1813;254;MANDRILLS BKB_254_20221116_id254.jpg;32
1888;1820;254;MANDRILLS BKB_254_20221123_id254 (1).jpg;68
1674;1822;254;MANDRILLS BKB_254_20221125_id254 (1).jpg;148
1664;1829;254;MANDRILLS BKB_254_20221202_id254.jpg;165
1754;1848;254;MANDRILLS BKB_254_20221221_id254.jpg;94
1439;1392;258;MANDRILLS BKB_258_20210924_id258_maljuv.jpg;47
1517;1448;258;MANDRILLS BKB_258_20211119_id258_maljuv_(1).jpg;69
1285;1455;258;MANDRILLS BKB_258_20211126_id258_maljuv.jpg;170
1442;1465;258;MANDRILLS BKB_258_20211206_id258_malado.jpg;23
1593;1522;258;MANDRILLS BKB_258_20220201_id258_malado (1).jpg;71
1531;1522;258;MANDRILLS BKB_258_20220201_id258_malado (2).jpg;9
1564;1522;258;MANDRILLS BKB_258_20220201_id258_malado.jpg;42
1768;1523;258;MANDRILLS BKB_258_20220202_id258_malado (1).jpg;245
1368;1523;258;MANDRILLS BKB_258_20220202_id258_malado (2).jpg;155
1679;1532;258;MANDRILLS BKB_258_20220211_id258_malado (1).jpg;147
1590;1532;258;MANDRILLS BKB_258_20220211_id258_malado (2).jpg;58
1736;1536;258;MANDRILLS BKB_258_20220215_id258_malado (1).jpg;200
1731;1536;258;MANDRILLS BKB_258_20220215_id258_malado (2).jpg;195
1619;1536;258;MANDRILLS BKB_258_20220215_id258_malado (3).jpg;83
1550;1536;258;MANDRILLS BKB_258_20220215_id258_malado (4).jpg;14
1478;1544;258;MANDRILLS BKB_258_20220223_id258_malado.jpg;66
1486;1553;258;MANDRILLS BKB_258_20220304_id258_malado (1).jpg;67
1506;1553;258;MANDRILLS BKB_258_20220304_id258_malado (2).jpg;47
1554;1575;258;MANDRILLS BKB_258_20220326_id258_malado.jpg;21
1800;1579;258;MANDRILLS BKB_258_20220330_id258_malado (1).jpg;221
1793;1579;258;MANDRILLS BKB_258_20220330_id258_malado (2).jpg;214
1755;1579;258;MANDRILLS BKB_258_20220330_id258_malado (4).jpg;176
1766;1579;258;MANDRILLS BKB_258_20220330_id258_malado (5).jpg;187
1786;1581;258;MANDRILLS BKB_258_20220401_id258_malado.jpg;205
1781;1626;258;MANDRILLS BKB_258_20220516_id258_malado (1).jpg;155
1621;1626;258;MANDRILLS BKB_258_20220516_id258_malado (2).jpg;5
1745;1645;258;MANDRILLS BKB_258_20220604_id258_malado (1).jpg;100
1750;1645;258;MANDRILLS BKB_258_20220604_id258_malado (2).jpg;105
1673;1645;258;MANDRILLS BKB_258_20220604_id258_malado (3).jpg;28
1728;1662;258;MANDRILLS BKB_258_20220621_id258_malado (1).jpg;66
1482;1662;258;MANDRILLS BKB_258_20220621_id258_malado (2).jpg;180
1769;1664;258;MANDRILLS BKB_258_20220623_id258_malado (1).jpg;105
1631;1664;258;MANDRILLS BKB_258_20220623_id258_malado (2).jpg;33
1632;1665;258;MANDRILLS BKB_258_20220624_id258_malado (1).jpg;33
1749;1665;258;MANDRILLS BKB_258_20220624_id258_malado (2).jpg;84
1784;1665;258;MANDRILLS BKB_258_20220624_id258_malado (3).jpg;119
1501;1665;258;MANDRILLS BKB_258_20220624_id258_malado.jpg;164
1613;1685;258;MANDRILLS BKB_258_20220714_id258_malado.jpg;72
1683;1687;258;MANDRILLS BKB_258_20220716_id258 (2).jpg;4
1649;1687;258;MANDRILLS BKB_258_20220716_id258.jpg;38
1621;1700;258;MANDRILLS BKB_258_20220729_id258 (1).jpg;79
1636;1700;258;MANDRILLS BKB_258_20220729_id258 (2).jpg;64
1713;1705;258;MANDRILLS BKB_258_20220803_id258.jpg;8
1617;1709;258;MANDRILLS BKB_258_20220807_id258.jpg;92
1546;1717;258;MANDRILLS BKB_258_20220815_id258.jpg;171
1551;1737;258;MANDRILLS BKB_258_20220904_id258 (1).jpg;186
1587;1737;258;MANDRILLS BKB_258_20220904_id258 (2).jpg;150
1852;1738;258;MANDRILLS BKB_258_20220905_id258.jpg;114
1565;1744;258;MANDRILLS BKB_258_20220911_id258.jpg;179
1731;1753;258;MANDRILLS BKB_258_20220920_id258 (3).jpg;22
1698;1773;258;MANDRILLS BKB_258_20221010_id258.jpg;75
1821;1782;258;MANDRILLS BKB_258_20221019_id258.jpg;39
1702;1810;258;MANDRILLS BKB_258_20221116_id258.jpg;108
1746;1824;258;MANDRILLS BKB_258_20221130_id258 (1).jpg;78
1740;1824;258;MANDRILLS BKB_258_20221130_id258 (3).jpg;84
1777;1826;258;MANDRILLS BKB_258_20221202_id258.jpg;49
1812;1833;258;MANDRILLS BKB_258_20221209_id258 (1).jpg;21
2015;1833;258;MANDRILLS BKB_258_20221209_id258 (2).jpg;182
1904;1848;258;MANDRILLS BKB_258_20221224_id258.jpg;56
582;726;264;MANDRILLS BKB_264_20191114_id3056_femjuv_(1).jpg;144
540;726;264;MANDRILLS BKB_264_20191114_id3056_femjuv_(2).jpg;186
1172;1069;264;MANDRILLS BKB_264_20201022_id3056_femjuv_(2).jpg;103
933;1099;264;MANDRILLS BKB_264_20201121_id3056_femjuv_(1).jpg;166
1012;1099;264;MANDRILLS BKB_264_20201121_id3056_femjuv_(2).jpg;87
985;1099;264;MANDRILLS BKB_264_20201121_id3056_femjuv_(3).jpg;114
850;1099;264;MANDRILLS BKB_264_20201121_id3056_femjuv_(4).jpg;249
1055;1099;264;MANDRILLS BKB_264_20201121_id3056_femjuv_(5).jpg;44
916;1099;264;MANDRILLS BKB_264_20201121_id3056_femjuv_(7).jpg;183
1402;1099;264;MANDRILLS BKB_264_20201121_id3056_femjuv_(8).jpg;303
995;1103;264;MANDRILLS BKB_264_20201125_id3056_femjuv_(1).jpg;108
1050;1103;264;MANDRILLS BKB_264_20201125_id3056_femjuv_(2).jpg;53
1166;1103;264;MANDRILLS BKB_264_20201125_id3056_femjuv_(3).jpg;63
715;1136;264;MANDRILLS BKB_264_20201228_id3056_femjuv.jpg;421
888;1167;264;MANDRILLS BKB_264_20210128_id3056_femjuv_(1).jpg;279
937;1167;264;MANDRILLS BKB_264_20210128_id3056_femjuv_(2).jpg;230
1196;1167;264;MANDRILLS BKB_264_20210128_id3056_femjuv_(3).jpg;29
1304;1167;264;MANDRILLS BKB_264_20210128_id3056_femjuv_(4).jpg;137
1155;1167;264;MANDRILLS BKB_264_20210128_id3056_femjuv_(5).jpg;12
1166;1167;264;MANDRILLS BKB_264_20210128_id3056_femjuv_(6).jpg;1
1179;1167;264;MANDRILLS BKB_264_20210128_id3056_femjuv_(7).jpg;12
1165;1168;264;MANDRILLS BKB_264_20210129_id3056_femjuv.jpg;3
1398;1186;264;MANDRILLS BKB_264_20210216_id3056_femjuv.jpg;212
1339;1196;264;MANDRILLS BKB_264_20210226_id3056_femjuv_(1).jpg;143
1227;1196;264;MANDRILLS BKB_264_20210226_id3056_femjuv_(2).jpg;31
1283;1203;264;MANDRILLS BKB_264_20210305_id3056_femjuv.jpg;80
1044;1231;264;MANDRILLS BKB_264_20210402_id3056_femjuv_(1).jpg;187
940;1231;264;MANDRILLS BKB_264_20210402_id3056_femjuv_(2).jpg;291
1186;1231;264;MANDRILLS BKB_264_20210402_id3056_femjuv_(3).jpg;45
1223;1231;264;MANDRILLS BKB_264_20210402_id3056_femjuv_(4).jpg;8
1238;1331;264;MANDRILLS BKB_264_20210711_id264_femjuv.jpg;93
1327;1348;264;MANDRILLS BKB_264_20210728_id264_femjuv_(1).jpg;21
1264;1348;264;MANDRILLS BKB_264_20210728_id264_femjuv_(2).jpg;84
1443;1393;264;MANDRILLS BKB_264_20210911_id264_femjuv.jpg;50
1373;1417;264;MANDRILLS BKB_264_20211005_id264_femjuv.jpg;44
1571;1429;264;MANDRILLS BKB_264_20211017_id264_femjuv_(1).jpg;142
1460;1429;264;MANDRILLS BKB_264_20211017_id264_femjuv_(2).jpg;31
1296;1436;264;MANDRILLS BKB_264_20211024_id264_femjuv.jpg;140
1325;1462;264;MANDRILLS BKB_264_20211119_id264_femadu_(1).jpg;137
1410;1462;264;MANDRILLS BKB_264_20211119_id264_femadu_(2).jpg;52
1564;1490;264;MANDRILLS BKB_264_20211217_id264_femadu_(1).jpg;74
1506;1493;264;MANDRILLS BKB_264_20211220_id264_femadu_(1).jpg;13
1462;1499;264;MANDRILLS BKB_264_20211226_id264_femadu.jpg;37
1516;1536;264;MANDRILLS BKB_264_20220201_id264_femadu.jpg;20
1767;1556;264;MANDRILLS BKB_264_20220221_id264_femadu.jpg;211
1537;1561;264;MANDRILLS BKB_264_20220226_id264_femadu.jpg;24
1454;1572;264;MANDRILLS BKB_264_20220309_id264_femadu.jpg;118
1742;1590;264;MANDRILLS BKB_264_20220327_id254_femadu (3).jpg;152
1668;1590;264;MANDRILLS BKB_264_20220327_id264_femadu (1).jpg;78
1451;1590;264;MANDRILLS BKB_264_20220327_id264_femadu (2).jpg;139
1688;1641;264;MANDRILLS BKB_264_20220517_id264_femadu.jpg;47
1933;1673;264;MANDRILLS BKB_264_20220618_id264_femadu.jpg;260
1711;1676;264;MANDRILLS BKB_264_20220621_id264_femadu.jpg;35
1770;1678;264;MANDRILLS BKB_264_20220623_id264_femadu.jpg;92
1706;1679;264;MANDRILLS BKB_264_20220624_id264_femadu.jpg;27
1702;1684;264;MANDRILLS BKB_264_20220629_id264.jpg;18
1990;1698;264;MANDRILLS BKB_264_20220713_id264 (1).jpg;292
1722;1698;264;MANDRILLS BKB_264_20220713_id264 (2).jpg;24
1905;1698;264;MANDRILLS BKB_264_20220713_id264 (3).jpg;207
1706;1704;264;MANDRILLS BKB_264_20220719_id264 (1).jpg;2
1734;1704;264;MANDRILLS BKB_264_20220719_id264 (2).jpg;30
1785;1725;264;MANDRILLS BKB_264_20220809_id264 (1).jpg;60
1622;1725;264;MANDRILLS BKB_264_20220809_id264 (2).jpg;103
2144;1739;264;MANDRILLS BKB_264_20220823_id264 (1).jpg;405
1772;1739;264;MANDRILLS BKB_264_20220823_id264 (2).jpg;33
1955;1739;264;MANDRILLS BKB_264_20220823_id264 (3).jpg;216
1617;1739;264;MANDRILLS BKB_264_20220823_id264.jpg;122
1622;1751;264;MANDRILLS BKB_264_20220904_id264.jpg;129
1669;1752;264;MANDRILLS BKB_264_20220905_id264.jpg;83
1773;1756;264;MANDRILLS BKB_264_20220909_id264.jpg;17
1995;1838;264;MANDRILLS BKB_264_20221130_id264.jpg;157
1639;1840;264;MANDRILLS BKB_264_20221202_id264.jpg;201
2063;1847;264;MANDRILLS BKB_264_20221209_id264.jpg;216
1695;1848;264;MANDRILLS BKB_264_20221210_id264.jpg;153
1608;1856;264;MANDRILLS BKB_264_20221218_id264 (2).jpg;248
1768;1856;264;MANDRILLS BKB_264_20221218_id264.jpg;88
61;51;265;MANDRILLS BKB_265_20180907_id3070_feminfDROITE_(1)_ORIGINAL.jpg;10
48;51;265;MANDRILLS BKB_265_20180907_id3070_feminfDROITE_(2)_ORIGINAL.jpg;3
86;131;265;MANDRILLS BKB_265_20181126_id3070_feminf_(1)_ORIGINAL.jpg;45
73;131;265;MANDRILLS BKB_265_20181126_id3070_feminf_(10)_ORIGINAL.jpg;58
69;131;265;MANDRILLS BKB_265_20181126_id3070_feminf_(11)_ORIGINAL.jpg;62
82;131;265;MANDRILLS BKB_265_20181126_id3070_feminf_(12)_ORIGINAL.jpg;49
101;131;265;MANDRILLS BKB_265_20181126_id3070_feminf_(13)_ORIGINAL.jpg;30
174;131;265;MANDRILLS BKB_265_20181126_id3070_feminf_(14)_ORIGINAL.jpg;43
96;131;265;MANDRILLS BKB_265_20181126_id3070_feminf_(15)_ORIGINAL.jpg;35
83;131;265;MANDRILLS BKB_265_20181126_id3070_feminf_(16)_ORIGINAL.jpg;48
97;131;265;MANDRILLS BKB_265_20181126_id3070_feminf_(2)_ORIGINAL.jpg;34
208;131;265;MANDRILLS BKB_265_20181126_id3070_feminf_(4)_ORIGINAL.jpg;77
148;131;265;MANDRILLS BKB_265_20181126_id3070_feminf_(5)_ORIGINAL.jpg;17
95;131;265;MANDRILLS BKB_265_20181126_id3070_feminf_(6)_ORIGINAL.jpg;36
79;131;265;MANDRILLS BKB_265_20181126_id3070_feminf_(7)_ORIGINAL.jpg;52
145;131;265;MANDRILLS BKB_265_20181126_id3070_feminf_(8)_ORIGINAL.jpg;14
182;131;265;MANDRILLS BKB_265_20181126_id3070_feminf_(9)_ORIGINAL.jpg;51
266;415;265;MANDRILLS BKB_265_20190906_id3070_femjuv.jpg;149
373;418;265;MANDRILLS BKB_265_20190909_id3070_femjuv_(17).jpg;45
231;418;265;MANDRILLS BKB_265_20190909_id3070_femjuv_(18).jpg;187
284;418;265;MANDRILLS BKB_265_20190909_id3070_femjuv_(19).jpg;134
292;418;265;MANDRILLS BKB_265_20190909_id3070_femjuv_(20).jpg;126
253;418;265;MANDRILLS BKB_265_20190909_id3070_femjuv_(4).jpg;165
261;418;265;MANDRILLS BKB_265_20190909_id3070_femjuv_(5).jpg;157
237;418;265;MANDRILLS BKB_265_20190909_id3070_femjuv_(6).jpg;181
336;418;265;MANDRILLS BKB_265_20190909_id3070_femjuv_(7).jpg;82
688;823;265;MANDRILLS BKB_265_20201018_id3070_femjuv_(1).jpg;135
605;823;265;MANDRILLS BKB_265_20201018_id3070_femjuv_(2).jpg;218
646;823;265;MANDRILLS BKB_265_20201018_id3070_femjuv_(3).jpg;177
658;824;265;MANDRILLS BKB_265_20201019_id3070_femjuv_(1).jpg;166
474;824;265;MANDRILLS BKB_265_20201019_id3070_femjuv_(2).jpg;350
649;824;265;MANDRILLS BKB_265_20201019_id3070_femjuv_(3).jpg;175
565;824;265;MANDRILLS BKB_265_20201019_id3070_femjuv_(4).jpg;259
557;824;265;MANDRILLS BKB_265_20201019_id3070_femjuv_(5).jpg;267
617;824;265;MANDRILLS BKB_265_20201019_id3070_femjuv_(6).jpg;207
612;827;265;MANDRILLS BKB_265_20201022_id3070_femjuv_(1).jpg;215
549;827;265;MANDRILLS BKB_265_20201022_id3070_femjuv_(2).jpg;278
610;827;265;MANDRILLS BKB_265_20201022_id3070_femjuv_(3).jpg;217
751;833;265;MANDRILLS BKB_265_20201028_id3070_femjuv_(1).jpg;82
614;833;265;MANDRILLS BKB_265_20201028_id3070_femjuv_(2).jpg;219
661;833;265;MANDRILLS BKB_265_20201028_id3070_femjuv_(3).jpg;172
896;846;265;MANDRILLS BKB_265_20201110_id3070_femjuv.jpg;50
602;883;265;MANDRILLS BKB_265_20201217_id3070_femjuv_(1).jpg;281
667;883;265;MANDRILLS BKB_265_20201217_id3070_femjuv_(2).jpg;216
729;897;265;MANDRILLS BKB_265_20201231_id3070_femjuv.jpg;168
874;904;265;MANDRILLS BKB_265_20210107_id3070_femjuv.jpg;30
739;917;265;MANDRILLS BKB_265_20210120_id3070_femjuv.jpg;178
1216;1161;265;MANDRILLS BKB_265_20210921_id265_femjuv.jpg;55
1165;1163;265;MANDRILLS BKB_265_20210923_id265_femjuv.jpg;2
1033;1175;265;MANDRILLS BKB_265_20211005_id265_femjuv.jpg;142
1001;1209;265;MANDRILLS BKB_265_20211108_id265_femjuv_(1).jpg;208
1144;1209;265;MANDRILLS BKB_265_20211108_id265_femjuv_(2).jpg;65
1070;1209;265;MANDRILLS BKB_265_20211108_id265_femjuv_(3).jpg;139
992;1209;265;MANDRILLS BKB_265_20211108_id265_femjuv_(4).jpg;217
1036;1209;265;MANDRILLS BKB_265_20211108_id265_femjuv_(5).jpg;173
1150;1209;265;MANDRILLS BKB_265_20211108_id265_femjuv_(6).jpg;59
1104;1220;265;MANDRILLS BKB_265_20211119_id265_femjuv_(1).jpg;116
1188;1220;265;MANDRILLS BKB_265_20211119_id265_femjuv_(2).jpg;32
1041;1282;265;MANDRILLS BKB_265_20220120_id265 (1).jpg;241
1023;1282;265;MANDRILLS BKB_265_20220120_id265.jpg;259
1105;1294;265;MANDRILLS BKB_265_20220201_id265_femjuv (1).jpg;189
1069;1294;265;MANDRILLS BKB_265_20220201_id265_femjuv (2).jpg;225
1220;1294;265;MANDRILLS BKB_265_20220201_id265_femjuv (3).jpg;74
1152;1294;265;MANDRILLS BKB_265_20220201_id265_femjuv (4).jpg;142
1287;1294;265;MANDRILLS BKB_265_20220201_id265_femjuv (5).jpg;7
1220;1294;265;MANDRILLS BKB_265_20220201_id265_femjuv (6).jpg;74
1198;1294;265;MANDRILLS BKB_265_20220201_id265_femjuv (7).jpg;96
1065;1294;265;MANDRILLS BKB_265_20220201_id265_femjuv (8).jpg;229
1340;1314;265;MANDRILLS BKB_265_20220221_id265_femjuv.jpg;26
1121;1341;265;MANDRILLS BKB_265_20220320_id265_femjuv.jpg;220
1027;1348;265;MANDRILLS BKB_265_20220327_id265_femjuv (1).jpg;321
1244;1348;265;MANDRILLS BKB_265_20220327_id265_femjuv (2).jpg;104
1384;1362;265;MANDRILLS BKB_265_20220410_id265_femjuv (2).jpg;22
1381;1362;265;MANDRILLS BKB_265_20220410_id265_femjuv.jpg;19
1415;1406;265;MANDRILLS BKB_265_20220524_id265_femjuv.jpg;9
1241;1408;265;MANDRILLS BKB_265_20220526_id265_femjuv.jpg;167
1319;1409;265;MANDRILLS BKB_265_20220527_id265_femjuv.jpg;90
1350;1417;265;MANDRILLS BKB_265_20220604_id265_femjuv (1).jpg;67
1217;1430;265;MANDRILLS BKB_265_20220617_id265_femjuv.jpg;213
1450;1434;265;MANDRILLS BKB_265_20220621_id265_femjuv (1).jpg;16
1226;1434;265;MANDRILLS BKB_265_20220621_id265_femjuv (2).jpg;208
1264;1434;265;MANDRILLS BKB_265_20220621_id265_femjuv (3).jpg;170
1239;1444;265;MANDRILLS BKB_265_20220701_id265 (2).jpg;205
1136;1444;265;MANDRILLS BKB_265_20220701_id265.jpg;308
1344;1451;265;MANDRILLS BKB_265_20220708_id265.jpg;107
1345;1457;265;MANDRILLS BKB_265_20220714_id265_femjuv.jpg;112
1369;1459;265;MANDRILLS BKB_265_20220716_id265.jpg;90
1208;1461;265;MANDRILLS BKB_265_20220718_id265.jpg;253
1347;1464;265;MANDRILLS BKB_265_20220721_id265 (2).jpg;117
1438;1464;265;MANDRILLS BKB_265_20220721_id265 (3).jpg;26
1264;1464;265;MANDRILLS BKB_265_20220721_id265.jpg;200
1382;1486;265;MANDRILLS BKB_265_20220812_id265.jpg;104
1359;1492;265;MANDRILLS BKB_265_20220818_id265.jpg;133
1336;1501;265;MANDRILLS BKB_265_20220827_id265.jpg;165
1371;1509;265;MANDRILLS BKB_265_20220904_id265.jpg;138
1382;1510;265;MANDRILLS BKB_265_20220905_id265 (1).jpg;128
1208;1510;265;MANDRILLS BKB_265_20220905_id265 (2).jpg;302
1397;1514;265;MANDRILLS BKB_265_20220909_id265.jpg;117
1561;1540;265;MANDRILLS BKB_265_20221005_id265.jpg;21
1396;1556;265;MANDRILLS BKB_265_20221021_id265 (1).jpg;160
1321;1556;265;MANDRILLS BKB_265_20221021_id265 (2).jpg;235
1629;1558;265;MANDRILLS BKB_265_20221023_id265.jpg;71
1438;1562;265;MANDRILLS BKB_265_20221027_id265.jpg;124
1675;1580;265;MANDRILLS BKB_265_20221114_id265.jpg;95
1624;1583;265;MANDRILLS BKB_265_20221117_id265.jpg;41
1533;1587;265;MANDRILLS BKB_265_20221121_id265 (2).jpg;54
1434;1587;265;MANDRILLS BKB_265_20221121_id265.jpg;153
1832;1591;265;MANDRILLS BKB_265_20221125_id265.jpg;241
1490;1596;265;MANDRILLS BKB_265_20221130_id265 (1).jpg;106
1787;1605;265;MANDRILLS BKB_265_20221209_id265 (1).jpg;182
1815;1605;265;MANDRILLS BKB_265_20221209_id265 (2).jpg;210
1488;1610;265;MANDRILLS BKB_265_20221214_id265.jpg;122
1443;1614;265;MANDRILLS BKB_265_20221218_id265(1).jpg;171
1493;1614;265;MANDRILLS BKB_265_20221218_id265.jpg;121
1585;1617;265;MANDRILLS BKB_265_20221221_id265.jpg;32
1695;1623;265;MANDRILLS BKB_265_20221227_id265.jpg;72
190;87;281;MANDRILLS BKB_281_20190120_id4016_malinf_CENTRE_(1)_ORIGINAL.jpg;103
178;87;281;MANDRILLS BKB_281_20190120_id4016_malinf_CENTRE_(3)_ORIGINAL.jpg;91
155;87;281;MANDRILLS BKB_281_20190120_id4016_malinf_CENTRE_(4)_ORIGINAL.jpg;68
141;87;281;MANDRILLS BKB_281_20190120_id4016_malinf_DROITE_(1)_ORIGINAL.jpg;54
150;87;281;MANDRILLS BKB_281_20190120_id4016_malinf_DROITE_(3)_ORIGINAL.jpg;63
148;87;281;MANDRILLS BKB_281_20190120_id4016_malinf_DROITE_(4)_ORIGINAL.jpg;61
129;87;281;MANDRILLS BKB_281_20190120_id4016_malinf_DROITE_(5)_ORIGINAL.jpg;42
234;264;281;MANDRILLS BKB_281_20190716_id4016_malinf_(1).jpg;30
292;264;281;MANDRILLS BKB_281_20190716_id4016_malinf_(3).jpg;28
383;289;281;MANDRILLS BKB_281_20190810_id4016_malinf.jpg;94
420;321;281;MANDRILLS BKB_281_20190911_id4016_malinf_(1).jpg;99
378;321;281;MANDRILLS BKB_281_20190911_id4016_malinf_(2).jpg;57
397;321;281;MANDRILLS BKB_281_20190911_id4016_malinf_(4).jpg;76
422;391;281;MANDRILLS BKB_281_20191120_id4016_maljuv.jpg;31
482;396;281;MANDRILLS BKB_281_20191125_id4016_maljuv_(1).jpg;86
411;396;281;MANDRILLS BKB_281_20191125_id4016_maljuv_(2).jpg;15
636;447;281;MANDRILLS BKB_281_20200115_id4016_maljuv_(1).jpg;189
692;447;281;MANDRILLS BKB_281_20200115_id4016_maljuv_(2).jpg;245
643;470;281;MANDRILLS BKB_281_20200207_id4016_maljuv_(1).jpg;173
530;470;281;MANDRILLS BKB_281_20200207_id4016_maljuv_(2).jpg;60
486;481;281;MANDRILLS BKB_281_20200218_id4016_maljuv.jpg;5
418;559;281;MANDRILLS BKB_281_20200506_id4016_maljuv.jpg;141
720;722;281;MANDRILLS BKB_281_20201016_id4016_maljuv.jpg;2
605;723;281;MANDRILLS BKB_281_20201017_id4016_maljuv.jpg;118
824;725;281;MANDRILLS BKB_281_20201019_id4016_maljuv_(1).jpg;99
1000;725;281;MANDRILLS BKB_281_20201019_id4016_maljuv_(2).jpg;275
798;728;281;MANDRILLS BKB_281_20201022_id4016_maljuv_(1).jpg;70
757;728;281;MANDRILLS BKB_281_20201022_id4016_maljuv_(2).jpg;29
781;783;281;MANDRILLS BKB_281_20201216_id4016_maljuv_(1).jpg;2
1111;783;281;MANDRILLS BKB_281_20201216_id4016_maljuv_(2).jpg;328
758;783;281;MANDRILLS BKB_281_20201216_id4016_maljuv_(4).jpg;25
872;789;281;MANDRILLS BKB_281_20201222_id4016_maljuv_(1).jpg;83
894;789;281;MANDRILLS BKB_281_20201222_id4016_maljuv_(2).jpg;105
875;789;281;MANDRILLS BKB_281_20201222_id4016_maljuv_(3).jpg;86
997;794;281;MANDRILLS BKB_281_20201227_id4016_(1).jpg;203
913;794;281;MANDRILLS BKB_281_20201227_id4016_(2).jpg;119
1062;802;281;MANDRILLS BKB_281_20210104_id4016_maljuv.jpg;260
916;818;281;MANDRILLS BKB_281_20210120_id4016_maljuv.jpg;98
990;818;281;MANDRILLS BKB_281_20210120_id4016_maljuv_(1).jpg;172
844;818;281;MANDRILLS BKB_281_20210120_id4016_maljuv_(2).jpg;26
781;818;281;MANDRILLS BKB_281_20210120_id4016_maljuv_(3).jpg;37
677;818;281;MANDRILLS BKB_281_20210120_id4016_maljuv_(4).jpg;141
732;819;281;MANDRILLS BKB_281_20210121_id4016_maljuv_(1).jpg;87
862;819;281;MANDRILLS BKB_281_20210121_id4016_maljuv_(2).jpg;43
824;826;281;MANDRILLS BKB_281_20210128_id4016_maljuv_(1).jpg;2
928;826;281;MANDRILLS BKB_281_20210128_id4016_maljuv_(2).jpg;102
965;826;281;MANDRILLS BKB_281_20210128_id4016_maljuv_(3).jpg;139
712;826;281;MANDRILLS BKB_281_20210128_id4016_maljuv_(4).jpg;114
865;826;281;MANDRILLS BKB_281_20210128_id4016_maljuv_(5).jpg;39
833;827;281;MANDRILLS BKB_281_20210129_id4016_maljuv_(1).jpg;6
922;827;281;MANDRILLS BKB_281_20210129_id4016_maljuv_(2).jpg;95
1051;830;281;MANDRILLS BKB_281_20210201_id4016_maljuv.jpg;221
984;845;281;MANDRILLS BKB_281_20210216_id4016_maljuv_(1).jpg;139
910;845;281;MANDRILLS BKB_281_20210216_id4016_maljuv_(2).jpg;65
1396;845;281;MANDRILLS BKB_281_20210216_id4016_maljuv_(3).jpg;551
866;845;281;MANDRILLS BKB_281_20210216_id4016_maljuv_(4).jpg;21
948;889;281;MANDRILLS BKB_281_20210401_id4016_maljuv.jpg;59
930;1045;281;MANDRILLS BKB_281_20210904_id4016_maljuv.jpg;115
1089;1145;281;MANDRILLS BKB_281_20211213_id4016_maljuv.jpg;56
1101;1149;281;MANDRILLS BKB_281_20211217_id4016_maljuv_(1).jpg;48
1304;1149;281;MANDRILLS BKB_281_20211217_id4016_maljuv_(2).jpg;155
1093;1149;281;MANDRILLS BKB_281_20211217_id4016_maljuv_(3).jpg;56
1274;1183;281;MANDRILLS BKB_281_20220120_id4016.jpg;91
1071;1186;281;MANDRILLS BKB_281_20220123_id4016.jpg;115
1051;1226;281;MANDRILLS BKB_281_20220304_id4016_maljuv (1).jpg;175
1382;1226;281;MANDRILLS BKB_281_20220304_id4016_maljuv (2).jpg;156
1223;1249;281;MANDRILLS BKB_281_20220327_id4016_maljuv (1).jpg;26
1196;1249;281;MANDRILLS BKB_281_20220327_id4016_maljuv (2).jpg;53
1354;1249;281;MANDRILLS BKB_281_20220327_id4016_maljuv (3).jpg;105
1245;1251;281;MANDRILLS BKB_281_20220329_id4016_maljuv (1).jpg;6
1282;1251;281;MANDRILLS BKB_281_20220329_id4016_maljuv (2).jpg;31
1349;1251;281;MANDRILLS BKB_281_20220329_id4016_maljuv (3).jpg;98
1503;1286;281;MANDRILLS BKB_281_20220503_id4016_maljuv.jpg;217
1365;1299;281;MANDRILLS BKB_281_20220516_id4016_maljuv (2).jpg;66
1373;1299;281;MANDRILLS BKB_281_20220516_id4016_maljuv (3).jpg;74
1317;1299;281;MANDRILLS BKB_281_20220516_id4016_maljuv (4).jpg;18
1424;1299;281;MANDRILLS BKB_281_20220516_id4016_maljuv (5).jpg;125
1460;1299;281;MANDRILLS BKB_281_20220516_id4016_maljuv (6).jpg;161
1383;1300;281;MANDRILLS BKB_281_20220517_id4016_maljuv (1).jpg;83
1343;1300;281;MANDRILLS BKB_281_20220517_id4016_maljuv (2).jpg;43
1373;1300;281;MANDRILLS BKB_281_20220517_id4016_maljuv (3).jpg;73
1425;1343;281;MANDRILLS BKB_281_20220629_id4016 (2).jpg;82
1340;1343;281;MANDRILLS BKB_281_20220629_id4016.jpg;3
1234;1345;281;MANDRILLS BKB_281_20220701_id4016.jpg;111
1661;1358;281;MANDRILLS BKB_281_20220714_id4016_maljuv (1).jpg;303
1487;1358;281;MANDRILLS BKB_281_20220714_id4016_maljuv (2).jpg;129
1397;1401;281;MANDRILLS BKB_281_20220826_id4016.jpg;4
1276;1418;281;MANDRILLS BKB_281_20220912_id4016.jpg;142
1456;1457;281;MANDRILLS BKB_281_20221021_id4016 (1).jpg;1
1574;1457;281;MANDRILLS BKB_281_20221021_id4016 (2).jpg;117
1310;1463;281;MANDRILLS BKB_281_20221027_id4016 (1).jpg;153
1425;1463;281;MANDRILLS BKB_281_20221027_id4016 (2).jpg;38
1627;1488;281;MANDRILLS BKB_281_20221121_id4016.jpg;139
1555;1511;281;MANDRILLS BKB_281_20221214_id281.jpg;44
1646;1521;281;MANDRILLS BKB_281_20221224_id281.jpg;125
252;193;291;MANDRILLS BKB_291_20190718_id4143_malinf_(1).jpg;59
147;193;291;MANDRILLS BKB_291_20190718_id4143_malinf_(2).jpg;46
212;193;291;MANDRILLS BKB_291_20190718_id4143_malinf_GAUCHE_(1).jpg;19
285;243;291;MANDRILLS BKB_291_20190906_id4143_malinf_(1).jpg;42
301;243;291;MANDRILLS BKB_291_20190906_id4143_malinf_(2).jpg;58
247;243;291;MANDRILLS BKB_291_20190906_id4143_malinf_(3).jpg;4
277;243;291;MANDRILLS BKB_291_20190906_id4143_malinf_(4).jpg;34
338;243;291;MANDRILLS BKB_291_20190906_id4143_malinf_(5).jpg;95
306;243;291;MANDRILLS BKB_291_20190906_id4143_malinf_(6).jpg;63
288;243;291;MANDRILLS BKB_291_20190906_id4143_malinf_(7).jpg;45
277;243;291;MANDRILLS BKB_291_20190906_id4143_malinf_(8).jpg;34
330;248;291;MANDRILLS BKB_291_20190911_id4143_malinf_(1).jpg;82
252;248;291;MANDRILLS BKB_291_20190911_id4143_malinf_(2).jpg;4
267;248;291;MANDRILLS BKB_291_20190911_id4143_malinf_(3).jpg;19
297;248;291;MANDRILLS BKB_291_20190911_id4143_malinf_(4).jpg;49
372;248;291;MANDRILLS BKB_291_20190911_id4143_malinf_(5).jpg;124
335;248;291;MANDRILLS BKB_291_20190911_id4143_malinf_(6).jpg;87
305;296;291;MANDRILLS BKB_291_20191029_id4143_malinf.jpg;9
352;312;291;MANDRILLS BKB_291_20191114_id4143_malinf.jpg;40
368;409;291;MANDRILLS BKB_291_20200219_id4143_maljuv_(1).jpg;41
429;423;291;MANDRILLS BKB_291_20200304_id4143_maljuv_(1).jpg;6
507;423;291;MANDRILLS BKB_291_20200304_id4143_maljuv_(2).jpg;84
361;431;291;MANDRILLS BKB_291_20200312_id4143_maljuv.jpg;70
888;655;291;MANDRILLS BKB_291_20201022_id4143_maljuv_(1).jpg;233
624;655;291;MANDRILLS BKB_291_20201022_id4143_maljuv_(10).jpg;31
586;655;291;MANDRILLS BKB_291_20201022_id4143_maljuv_(3).jpg;69
566;655;291;MANDRILLS BKB_291_20201022_id4143_maljuv_(4).jpg;89
554;655;291;MANDRILLS BKB_291_20201022_id4143_maljuv_(5).jpg;101
472;655;291;MANDRILLS BKB_291_20201022_id4143_maljuv_(6).jpg;183
460;655;291;MANDRILLS BKB_291_20201022_id4143_maljuv_(7).jpg;195
645;655;291;MANDRILLS BKB_291_20201022_id4143_maljuv_(8).jpg;10
592;655;291;MANDRILLS BKB_291_20201022_id4143_maljuv_(9).jpg;63
506;674;291;MANDRILLS BKB_291_20201110_id4143_maljuv.jpg;168
759;731;291;MANDRILLS BKB_291_20210106_id4143_maljuv_(1).jpg;28
658;731;291;MANDRILLS BKB_291_20210106_id4143_maljuv_(3).jpg;73
417;741;291;MANDRILLS BKB_291_20210116_id4143_maljuv_(1).jpg;324
597;741;291;MANDRILLS BKB_291_20210116_id4143_maljuv_(2).jpg;144
524;741;291;MANDRILLS BKB_291_20210116_id4143_maljuv_(3).jpg;217
942;746;291;MANDRILLS BKB_291_20210121_id4143_maljuv_(1).jpg;196
919;746;291;MANDRILLS BKB_291_20210121_id4143_maljuv_(2).jpg;173
847;770;291;MANDRILLS BKB_291_20210214_id4143_maljuv.jpg;77
837;858;291;MANDRILLS BKB_291_20210513_id4143_maljuv_(1).jpg;21
899;858;291;MANDRILLS BKB_291_20210513_id4143_maljuv_(2).jpg;41
882;932;291;MANDRILLS BKB_291_20210726_id4143_maljuv_(3).jpg;50
988;1022;291;MANDRILLS BKB_291_20211024_id4143_maljuv.jpg;34
1057;1037;291;MANDRILLS BKB_291_20211108_id4143_maljuv.jpg;20
1174;1076;291;MANDRILLS BKB_291_20211217_id4143_maljuv_(1).jpg;98
1095;1076;291;MANDRILLS BKB_291_20211217_id4143_maljuv_(2).jpg;19
860;1106;291;MANDRILLS BKB_291_20220116_id4143_maljuv.jpg;246
1385;1185;291;MANDRILLS BKB_291_20220405_id4143_maljuv (1).jpg;200
1371;1185;291;MANDRILLS BKB_291_20220405_id4143_maljuv (2).jpg;186
1326;1206;291;MANDRILLS BKB_291_20220426_id4143_maljuv.jpg;120
1113;1226;291;MANDRILLS BKB_291_20220516_id4143_maljuv (1).jpg;113
1338;1226;291;MANDRILLS BKB_291_20220516_id4143_maljuv (2).jpg;112
1230;1226;291;MANDRILLS BKB_291_20220516_id4143_maljuv (3).jpg;4
1301;1236;291;MANDRILLS BKB_291_20220526_id4143_maljuv (2).jpg;65
1351;1236;291;MANDRILLS BKB_291_20220526_id4143_maljuv (3).jpg;115
1331;1276;291;MANDRILLS BKB_291_20220705_id4143.jpg;55
1170;1285;291;MANDRILLS BKB_291_20220714_id4143_maljuv.jpg;115
1261;1292;291;MANDRILLS BKB_291_20220721_id4143.jpg;31
1181;1307;291;MANDRILLS BKB_291_20220805_id4143.jpg;126
1494;1314;291;MANDRILLS BKB_291_20220812_id4143.jpg;180
1336;1328;291;MANDRILLS BKB_291_20220826_id4143.jpg;8
1198;1329;291;MANDRILLS BKB_291_20220827_id4143.jpg;131
967;1337;291;MANDRILLS BKB_291_20220904_id4143.jpg;370
1267;1338;291;MANDRILLS BKB_291_20220905_id4143 (1).jpg;71
1215;1338;291;MANDRILLS BKB_291_20220905_id4143 (2).jpg;123
1446;1338;291;MANDRILLS BKB_291_20220905_id4143.jpg;108
1284;1345;291;MANDRILLS BKB_291_20220912_id4143 (1).jpg;61
1291;1345;291;MANDRILLS BKB_291_20220912_id4143 (3).jpg;54
1572;1351;291;MANDRILLS BKB_291_20220918_id4143.jpg;221
1337;1390;291;MANDRILLS BKB_291_20221027_id4143.jpg;53
1342;1438;291;MANDRILLS BKB_291_20221214_id291.jpg;96
300;226;249;MANDRILLS BKB_3059_20180802_id3059_malinfDROITE_(1)_ORIGINAL.jpg;74
211;226;249;MANDRILLS BKB_3059_20180802_id3059_malinfDROITE_(2)_ORIGINAL.jpg;15
215;226;249;MANDRILLS BKB_3059_20180802_id3059_malinfDROITE_(3)_ORIGINAL.jpg;11
340;226;249;MANDRILLS BKB_3059_20180802_id3059_malinf_(3)_ORIGINAL.jpg;114
6160;3668;38;MANDRILLS BKB_38_20120216_id38_femadu_ORIGINAL.jpg;2492
4174;3682;38;MANDRILLS BKB_38_20120301_id38_femaduCENTRE_(1)_ORIGINAL.jpg;492
3656;3682;38;MANDRILLS BKB_38_20120301_id38_femaduCENTRE_(13)_ORIGINAL.jpg;26
3764;3682;38;MANDRILLS BKB_38_20120301_id38_femaduCENTRE_(15)_ORIGINAL.jpg;82
3219;3682;38;MANDRILLS BKB_38_20120301_id38_femaduCENTRE_(17)_ORIGINAL.jpg;463
3647;3682;38;MANDRILLS BKB_38_20120301_id38_femaduCENTRE_(19)_ORIGINAL.jpg;35
3717;3682;38;MANDRILLS BKB_38_20120301_id38_femaduCENTRE_(20)_ORIGINAL.jpg;35
2929;3682;38;MANDRILLS BKB_38_20120301_id38_femaduCENTRE_(23)_ORIGINAL.jpg;753
2954;3682;38;MANDRILLS BKB_38_20120301_id38_femaduCENTRE_(24)_ORIGINAL.jpg;728
5214;3682;38;MANDRILLS BKB_38_20120301_id38_femaduCENTRE_(26)_ORIGINAL.jpg;1532
6552;3682;38;MANDRILLS BKB_38_20120301_id38_femaduCENTRE_(28)_ORIGINAL.jpg;2870
6082;3682;38;MANDRILLS BKB_38_20120301_id38_femaduCENTRE_(29)_ORIGINAL.jpg;2400
6514;3682;38;MANDRILLS BKB_38_20120301_id38_femaduCENTRE_(30)_ORIGINAL.jpg;2832
4322;3682;38;MANDRILLS BKB_38_20120301_id38_femaduCENTRE_(31)_ORIGINAL.jpg;640
5686;3682;38;MANDRILLS BKB_38_20120301_id38_femaduCENTRE_(32)_ORIGINAL.jpg;2004
4564;3682;38;MANDRILLS BKB_38_20120301_id38_femaduGAUCHE_(1)_ORIGINAL.jpg;882
5516;3682;38;MANDRILLS BKB_38_20120301_id38_femaduGAUCHE_(2)_ORIGINAL.jpg;1834
5610;3682;38;MANDRILLS BKB_38_20120301_id38_femaduGAUCHE_(3)_ORIGINAL.jpg;1928
5351;3682;38;MANDRILLS BKB_38_20120301_id38_femaduGAUCHE_(4)_ORIGINAL.jpg;1669
4819;3682;38;MANDRILLS BKB_38_20120301_id38_femaduGAUCHE_(7)_ORIGINAL.jpg;1137
3804;3682;38;MANDRILLS BKB_38_20120301_id38_femadu_(25)_ORIGINAL.jpg;122
3667;3682;38;MANDRILLS BKB_38_20120301_id38_femadu_(26)_ORIGINAL.jpg;15
3788;3682;38;MANDRILLS BKB_38_20120301_id38_femadu_(27)_ORIGINAL.jpg;106
3656;3682;38;MANDRILLS BKB_38_20120301_id38_femadu_(28)_ORIGINAL.jpg;26
3519;3682;38;MANDRILLS BKB_38_20120301_id38_femadu_(29)_ORIGINAL.jpg;163
3820;3682;38;MANDRILLS BKB_38_20120301_id38_femadu_(30)_ORIGINAL.jpg;138
3079;3682;38;MANDRILLS BKB_38_20120301_id38_femadu_(31)_ORIGINAL.jpg;603
3627;3682;38;MANDRILLS BKB_38_20120301_id38_femadu_(32)_ORIGINAL.jpg;55
3639;3682;38;MANDRILLS BKB_38_20120301_id38_femadu_(33)_ORIGINAL.jpg;43
4890;3682;38;MANDRILLS BKB_38_20120301_id38_femadu_(55)_ORIGINAL.jpg;1208
3970;3682;38;MANDRILLS BKB_38_20120301_id38_femadu_(56)_ORIGINAL.jpg;288
5381;3686;38;MANDRILLS BKB_38_20120305_id38_femaduMINI_ORIGINAL.jpg;1695
5526;3737;38;MANDRILLS BKB_38_20120425_id38_femaduDROITE_(1)_ORIGINAL.jpg;1789
4941;3737;38;MANDRILLS BKB_38_20120425_id38_femaduDROITE_(2)_ORIGINAL.jpg;1204
5160;3737;38;MANDRILLS BKB_38_20120425_id38_femaduDROITE_(3)_ORIGINAL.jpg;1423
2712;3737;38;MANDRILLS BKB_38_20120425_id38_femaduDROITE_(4)_ORIGINAL.jpg;1025
4182;3737;38;MANDRILLS BKB_38_20120425_id38_femadu_(1)_ORIGINAL.jpg;445
4249;3737;38;MANDRILLS BKB_38_20120425_id38_femadu_(2)_ORIGINAL.jpg;512
4692;3737;38;MANDRILLS BKB_38_20120425_id38_femadu_(3)_ORIGINAL.jpg;955
3056;3754;38;MANDRILLS BKB_38_20120512_id38_femaduDERRIERE_ORIGINAL.jpg;698
5233;3754;38;MANDRILLS BKB_38_20120512_id38_femaduDEVANT_ORIGINAL.jpg;1479
2891;3754;38;MANDRILLS BKB_38_20120512_id38_femaduGAUCHE_(1)_ORIGINAL.jpg;863
4686;3754;38;MANDRILLS BKB_38_20120512_id38_femaduGAUCHE_(2)_ORIGINAL.jpg;932
3751;3754;38;MANDRILLS BKB_38_20120512_id38_femaduGAUCHE_(3)_ORIGINAL.jpg;3
3900;3754;38;MANDRILLS BKB_38_20120512_id38_femadu_(10)_ORIGINAL.jpg;146
5549;3754;38;MANDRILLS BKB_38_20120512_id38_femadu_(11)_ORIGINAL.jpg;1795
4445;3754;38;MANDRILLS BKB_38_20120512_id38_femadu_(12)_ORIGINAL.jpg;691
5263;3754;38;MANDRILLS BKB_38_20120512_id38_femadu_(13)_ORIGINAL.jpg;1509
4379;3754;38;MANDRILLS BKB_38_20120512_id38_femadu_(14)_ORIGINAL.jpg;625
5201;3754;38;MANDRILLS BKB_38_20120512_id38_femadu_(15)_ORIGINAL.jpg;1447
4132;3754;38;MANDRILLS BKB_38_20120512_id38_femadu_(16)_ORIGINAL.jpg;378
3051;3754;38;MANDRILLS BKB_38_20120512_id38_femadu_(17)_ORIGINAL.jpg;703
4993;3754;38;MANDRILLS BKB_38_20120512_id38_femadu_(5)_ORIGINAL.jpg;1239
4745;3754;38;MANDRILLS BKB_38_20120512_id38_femadu_(6)_ORIGINAL.jpg;991
3321;3754;38;MANDRILLS BKB_38_20120512_id38_femadu_(7)_ORIGINAL.jpg;433
4468;3754;38;MANDRILLS BKB_38_20120512_id38_femadu_(8)_ORIGINAL.jpg;714
5485;3754;38;MANDRILLS BKB_38_20120512_id38_femadu_(9)_ORIGINAL.jpg;1731
3366;3756;38;MANDRILLS BKB_38_20120514_id38_feaduCENTRE_(2)_ORIGINAL.jpg;390
3732;3756;38;MANDRILLS BKB_38_20120514_id38_femaduCENTRE_(1)_ORIGINAL.jpg;24
5610;3756;38;MANDRILLS BKB_38_20120514_id38_femaduCENTRE_ORIGINAL.jpg;1854
5172;3756;38;MANDRILLS BKB_38_20120514_id38_femaduDEVANT_(1)_ORIGINAL.jpg;1416
5250;3756;38;MANDRILLS BKB_38_20120514_id38_femaduDEVANT_(2)_ORIGINAL.jpg;1494
5350;3756;38;MANDRILLS BKB_38_20120514_id38_femaduDROITE_ORIGINAL.jpg;1594
5441;3756;38;MANDRILLS BKB_38_20120514_id38_femadu_(1)_ORIGINAL.jpg;1685
5638;3756;38;MANDRILLS BKB_38_20120514_id38_femadu_(2)_ORIGINAL.jpg;1882
5813;3772;38;MANDRILLS BKB_38_20120530_id38_femaduDEVANT_(1)_ORIGINAL.jpg;2041
5815;3772;38;MANDRILLS BKB_38_20120530_id38_femaduDEVANT_(2)_ORIGINAL.jpg;2043
5165;3772;38;MANDRILLS BKB_38_20120530_id38_femaduGAUCHE_(1)_ORIGINAL.jpg;1393
4941;3772;38;MANDRILLS BKB_38_20120530_id38_femaduGAUCHE_(2)_ORIGINAL.jpg;1169
4825;3772;38;MANDRILLS BKB_38_20120530_id38_femadu_ORIGINAL.jpg;1053
4383;3780;38;MANDRILLS BKB_38_20120607_id38_femaduDERRIERE_ORIGINAL.jpg;603
5202;3784;38;MANDRILLS BKB_38_20120611_id38_femaduDERRIERE_ORIGINAL.jpg;1418
4130;3886;38;MANDRILLS BKB_38_20120921_id38_femadu_(1)_ORIGINAL.jpg;244
4775;4535;38;MANDRILLS BKB_38_20140702_id38_femadu_(1)_ORIGINAL.jpg;240
5826;4535;38;MANDRILLS BKB_38_20140702_id38_femadu_(2)_ORIGINAL.jpg;1291
4403;4588;38;MANDRILLS BKB_38_20140824_id38_femadu_ORIGINAL.jpg;185
4796;5065;38;MANDRILLS BKB_38_20151214_id38_femadu_(1)_ORIGINAL.jpg;269
4571;5065;38;MANDRILLS BKB_38_20151214_id38_femadu_(2)_ORIGINAL.jpg;494
5907;5203;38;MANDRILLS BKB_38_20160430_id38_femadu_(2)_ORIGINAL.jpg;704
6210;5203;38;MANDRILLS BKB_38_20160430_id38_femadu_ORIGINAL.jpg;1007
5708;5577;38;MANDRILLS BKB_38_20170509_id38_femaduGAUCHE_(1)_ORIGINAL.jpg;131
6014;5577;38;MANDRILLS BKB_38_20170509_id38_femaduGAUCHE_(2)_ORIGINAL.jpg;437
5978;5577;38;MANDRILLS BKB_38_20170509_id38_femaduGAUCHE_(3)_ORIGINAL.jpg;401
6890;5577;38;MANDRILLS BKB_38_20170509_id38_femaduGAUCHE_(4)_ORIGINAL.jpg;1313
6164;5577;38;MANDRILLS BKB_38_20170509_id38_femaduGAUCHE_(5)_ORIGINAL.jpg;587
5318;5577;38;MANDRILLS BKB_38_20170509_id38_femaduGAUCHE_(6)_ORIGINAL.jpg;259
5905;5577;38;MANDRILLS BKB_38_20170509_id38_femaduGAUCHE_(7)_ORIGINAL.jpg;328
6673;5577;38;MANDRILLS BKB_38_20170509_id38_femadu_(1)_ORIGINAL.jpg;1096
6090;5577;38;MANDRILLS BKB_38_20170509_id38_femadu_(10)_ORIGINAL.jpg;513
6159;5577;38;MANDRILLS BKB_38_20170509_id38_femadu_(11)_ORIGINAL.jpg;582
6089;5577;38;MANDRILLS BKB_38_20170509_id38_femadu_(12)_ORIGINAL.jpg;512
6028;5577;38;MANDRILLS BKB_38_20170509_id38_femadu_(13)_ORIGINAL.jpg;451
6451;5577;38;MANDRILLS BKB_38_20170509_id38_femadu_(2)_ORIGINAL.jpg;874
6240;5577;38;MANDRILLS BKB_38_20170509_id38_femadu_(21)_ORIGINAL.jpg;663
5888;5577;38;MANDRILLS BKB_38_20170509_id38_femadu_(22)_ORIGINAL.jpg;311
4935;5577;38;MANDRILLS BKB_38_20170509_id38_femadu_(23)_ORIGINAL.jpg;642
5729;5577;38;MANDRILLS BKB_38_20170509_id38_femadu_(24)_ORIGINAL.jpg;152
6194;5577;38;MANDRILLS BKB_38_20170509_id38_femadu_(25)_ORIGINAL.jpg;617
6595;5577;38;MANDRILLS BKB_38_20170509_id38_femadu_(26)_ORIGINAL.jpg;1018
6152;5577;38;MANDRILLS BKB_38_20170509_id38_femadu_(27)_ORIGINAL.jpg;575
6664;5577;38;MANDRILLS BKB_38_20170509_id38_femadu_(28)_ORIGINAL.jpg;1087
5838;5577;38;MANDRILLS BKB_38_20170509_id38_femadu_(29)_ORIGINAL.jpg;261
5761;5577;38;MANDRILLS BKB_38_20170509_id38_femadu_(3)_ORIGINAL.jpg;184
6796;5577;38;MANDRILLS BKB_38_20170509_id38_femadu_(30)_ORIGINAL.jpg;1219
6323;5577;38;MANDRILLS BKB_38_20170509_id38_femadu_(31)_ORIGINAL.jpg;746
6733;5577;38;MANDRILLS BKB_38_20170509_id38_femadu_(32)_ORIGINAL.jpg;1156
5699;5577;38;MANDRILLS BKB_38_20170509_id38_femadu_(37)_ORIGINAL.jpg;122
5872;5577;38;MANDRILLS BKB_38_20170509_id38_femadu_(4)_ORIGINAL.jpg;295
5422;5577;38;MANDRILLS BKB_38_20170509_id38_femadu_(5)_ORIGINAL.jpg;155
5804;5577;38;MANDRILLS BKB_38_20170509_id38_femadu_(6)_ORIGINAL.jpg;227
5958;5577;38;MANDRILLS BKB_38_20170509_id38_femadu_(7)_ORIGINAL.jpg;381
5824;5577;38;MANDRILLS BKB_38_20170509_id38_femadu_(8)_ORIGINAL.jpg;247
6039;5577;38;MANDRILLS BKB_38_20170509_id38_femadu_(9)_ORIGINAL.jpg;462
5634;5580;38;MANDRILLS BKB_38_20170512_id38_femaduCENTRE_ORIGINAL.jpg;54
6383;5580;38;MANDRILLS BKB_38_20170512_id38_femaduGAUCHE_ORIGINAL.jpg;803
6361;5580;38;MANDRILLS BKB_38_20170512_id38_femadu_(11)_ORIGINAL.jpg;781
6183;5580;38;MANDRILLS BKB_38_20170512_id38_femadu_(12)_ORIGINAL.jpg;603
6367;5580;38;MANDRILLS BKB_38_20170512_id38_femadu_(13)_ORIGINAL.jpg;787
6577;5580;38;MANDRILLS BKB_38_20170512_id38_femadu_(15)_ORIGINAL.jpg;997
6272;5580;38;MANDRILLS BKB_38_20170512_id38_femadu_(16)_ORIGINAL.jpg;692
6290;5580;38;MANDRILLS BKB_38_20170512_id38_femadu_(17)_ORIGINAL.jpg;710
6299;5580;38;MANDRILLS BKB_38_20170512_id38_femadu_(18)_ORIGINAL.jpg;719
6224;5580;38;MANDRILLS BKB_38_20170512_id38_femadu_(19)_ORIGINAL.jpg;644
6410;5580;38;MANDRILLS BKB_38_20170512_id38_femadu_(3)_ORIGINAL.jpg;830
5229;5580;38;MANDRILLS BKB_38_20170512_id38_femadu_(5)_ORIGINAL.jpg;351
6292;5580;38;MANDRILLS BKB_38_20170512_id38_femadu_(6)_ORIGINAL.jpg;712
5000;5580;38;MANDRILLS BKB_38_20170512_id38_femadu_(7)_ORIGINAL.jpg;580
5699;5580;38;MANDRILLS BKB_38_20170512_id38_femadu_(8)_ORIGINAL.jpg;119
5799;5580;38;MANDRILLS BKB_38_20170512_id38_femadu_(9)_ORIGINAL.jpg;219
6267;5997;38;MANDRILLS BKB_38_20180703_id38_femadu_ORIGINAL.jpg;270
6177;5999;38;MANDRILLS BKB_38_20180705_id38_femadu_(1)_ORIGINAL.jpg;178
6045;5999;38;MANDRILLS BKB_38_20180705_id38_femadu_(3)_ORIGINAL.jpg;46
6300;5999;38;MANDRILLS BKB_38_20180705_id38_femadu_(6)_ORIGINAL.jpg;301
6087;5999;38;MANDRILLS BKB_38_20180705_id38_femadu_(7)_ORIGINAL.jpg;88
4820;6005;38;MANDRILLS BKB_38_20180711_id38_femadu_(1)_ORIGINAL.jpg;1185
4957;6005;38;MANDRILLS BKB_38_20180711_id38_femadu_(10)_ORIGINAL.jpg;1048
5465;6005;38;MANDRILLS BKB_38_20180711_id38_femadu_(11)_ORIGINAL.jpg;540
5146;6005;38;MANDRILLS BKB_38_20180711_id38_femadu_(2)_ORIGINAL.jpg;859
5532;6005;38;MANDRILLS BKB_38_20180711_id38_femadu_(3)_ORIGINAL.jpg;473
5437;6005;38;MANDRILLS BKB_38_20180711_id38_femadu_(4)_ORIGINAL.jpg;568
5494;6005;38;MANDRILLS BKB_38_20180711_id38_femadu_(5)_ORIGINAL.jpg;511
5458;6005;38;MANDRILLS BKB_38_20180711_id38_femadu_(6)_ORIGINAL.jpg;547
5026;6005;38;MANDRILLS BKB_38_20180711_id38_femadu_(7)_ORIGINAL.jpg;979
4981;6005;38;MANDRILLS BKB_38_20180711_id38_femadu_(8)_ORIGINAL.jpg;1024
4615;6005;38;MANDRILLS BKB_38_20180711_id38_femadu_(9)_ORIGINAL.jpg;1390
5909;6012;38;MANDRILLS BKB_38_20180718_id38_femadu_(3)_ORIGINAL.jpg;103
6043;6012;38;MANDRILLS BKB_38_20180718_id38_femadu_(4)_ORIGINAL.jpg;31
6036;6012;38;MANDRILLS BKB_38_20180718_id38_femadu_(5)_ORIGINAL.jpg;24
5912;6012;38;MANDRILLS BKB_38_20180718_id38_femadu_(6)_ORIGINAL.jpg;100
6223;6017;38;MANDRILLS BKB_38_20180723_id38_femadu_(1)_ORIGINAL.jpg;206
5821;6017;38;MANDRILLS BKB_38_20180723_id38_femadu_(2)_ORIGINAL.jpg;196
6290;6017;38;MANDRILLS BKB_38_20180723_id38_femadu_(3)_ORIGINAL.jpg;273
6358;6017;38;MANDRILLS BKB_38_20180723_id38_femadu_(4)_ORIGINAL.jpg;341
6346;6017;38;MANDRILLS BKB_38_20180723_id38_femadu_(5)_ORIGINAL.jpg;329
6078;6017;38;MANDRILLS BKB_38_20180723_id38_femadu_(6)_ORIGINAL.jpg;61
6183;6017;38;MANDRILLS BKB_38_20180723_id38_femadu_(7)_ORIGINAL.jpg;166
5795;6017;38;MANDRILLS BKB_38_20180723_id38_femadu_(8)_ORIGINAL.jpg;222
6433;6018;38;MANDRILLS BKB_38_20180724_id38_femaduCENTRE_ORIGINAL.jpg;415
6004;6020;38;MANDRILLS BKB_38_20180726_id38_femadu_(1)_ORIGINAL.jpg;16
4401;6026;38;MANDRILLS BKB_38_20180801_id38_femadu_(1)_ORIGINAL.jpg;1625
4291;6026;38;MANDRILLS BKB_38_20180801_id38_femadu_(2)_ORIGINAL.jpg;1735
5838;6028;38;MANDRILLS BKB_38_20180803_id38_femaduDROITE_ORIGINAL.jpg;190
6414;6143;38;MANDRILLS BKB_38_20181126_id38_femadu_(1)_ORIGINAL.jpg;271
6536;6143;38;MANDRILLS BKB_38_20181126_id38_femadu_(11)_ORIGINAL.jpg;393
6449;6143;38;MANDRILLS BKB_38_20181126_id38_femadu_(12)_ORIGINAL.jpg;306
6580;6143;38;MANDRILLS BKB_38_20181126_id38_femadu_(15)_ORIGINAL.jpg;437
6724;6143;38;MANDRILLS BKB_38_20181126_id38_femadu_(16)_ORIGINAL.jpg;581
6575;6143;38;MANDRILLS BKB_38_20181126_id38_femadu_(17)_ORIGINAL.jpg;432
6315;6143;38;MANDRILLS BKB_38_20181126_id38_femadu_(18)_ORIGINAL.jpg;172
6566;6143;38;MANDRILLS BKB_38_20181126_id38_femadu_(19)_ORIGINAL.jpg;423
6377;6143;38;MANDRILLS BKB_38_20181126_id38_femadu_(2)_ORIGINAL.jpg;234
6692;6143;38;MANDRILLS BKB_38_20181126_id38_femadu_(20)_ORIGINAL.jpg;549
6464;6143;38;MANDRILLS BKB_38_20181126_id38_femadu_(21)_ORIGINAL.jpg;321
5026;6143;38;MANDRILLS BKB_38_20181126_id38_femadu_(22)_ORIGINAL.jpg;1117
6759;6143;38;MANDRILLS BKB_38_20181126_id38_femadu_(23)_ORIGINAL.jpg;616
6138;6143;38;MANDRILLS BKB_38_20181126_id38_femadu_(24)_ORIGINAL.jpg;5
6176;6143;38;MANDRILLS BKB_38_20181126_id38_femadu_(25)_ORIGINAL.jpg;33
6331;6143;38;MANDRILLS BKB_38_20181126_id38_femadu_(26)_ORIGINAL.jpg;188
6552;6143;38;MANDRILLS BKB_38_20181126_id38_femadu_(27)_ORIGINAL.jpg;409
6258;6143;38;MANDRILLS BKB_38_20181126_id38_femadu_(3)_ORIGINAL.jpg;115
6176;6143;38;MANDRILLS BKB_38_20181126_id38_femadu_(30)_ORIGINAL.jpg;33
6120;6143;38;MANDRILLS BKB_38_20181126_id38_femadu_(31)_ORIGINAL.jpg;23
6021;6143;38;MANDRILLS BKB_38_20181126_id38_femadu_(32)_ORIGINAL.jpg;122
6252;6143;38;MANDRILLS BKB_38_20181126_id38_femadu_(4)_ORIGINAL.jpg;109
6005;6143;38;MANDRILLS BKB_38_20181126_id38_femadu_(7)_ORIGINAL.jpg;138
6320;6143;38;MANDRILLS BKB_38_20181126_id38_femadu_(8)_ORIGINAL.jpg;177
6276;6143;38;MANDRILLS BKB_38_20181126_id38_femadu_(9)_ORIGINAL.jpg;133
6201;6159;38;MANDRILLS BKB_38_20181212_id38_femadu_(1)_ORIGINAL.jpg;42
5156;6159;38;MANDRILLS BKB_38_20181212_id38_femadu_(2)_ORIGINAL.jpg;1003
5526;6159;38;MANDRILLS BKB_38_20181212_id38_femadu_(3)_ORIGINAL.jpg;633
6841;6333;38;MANDRILLS BKB_38_20190604_id38_femadu.jpg;508
6130;6347;38;MANDRILLS BKB_38_20190618_id38_femadu.jpg;217
2404;6367;38;MANDRILLS BKB_38_20190708_id38_femadu_(1).jpg;3963
5172;6367;38;MANDRILLS BKB_38_20190708_id38_femadu_(10).jpg;1195
2679;6367;38;MANDRILLS BKB_38_20190708_id38_femadu_(12).jpg;3688
6224;6367;38;MANDRILLS BKB_38_20190708_id38_femadu_(15).jpg;143
4403;6367;38;MANDRILLS BKB_38_20190708_id38_femadu_(16).jpg;1964
5864;6367;38;MANDRILLS BKB_38_20190708_id38_femadu_(2).jpg;503
6066;6367;38;MANDRILLS BKB_38_20190708_id38_femadu_(3).jpg;301
6147;6367;38;MANDRILLS BKB_38_20190708_id38_femadu_(4).jpg;220
5779;6367;38;MANDRILLS BKB_38_20190708_id38_femadu_(5).jpg;588
5633;6367;38;MANDRILLS BKB_38_20190708_id38_femadu_(6).jpg;734
5619;6367;38;MANDRILLS BKB_38_20190708_id38_femadu_(7).jpg;748
5636;6367;38;MANDRILLS BKB_38_20190708_id38_femadu_(8).jpg;731
5704;6367;38;MANDRILLS BKB_38_20190708_id38_femadu_(9).jpg;663
6557;6400;38;MANDRILLS BKB_38_20190810_id38_femadu_HAUT_(1).jpg;157
5973;6400;38;MANDRILLS BKB_38_20190810_id38_femadu_HAUT_(2).jpg;427
6568;6426;38;MANDRILLS BKB_38_20190905_id38_femadu_GAUCHE_(4).jpg;142
5835;6426;38;MANDRILLS BKB_38_20190905_id38_femadu_GAUCHE_(5).jpg;591
5633;6426;38;MANDRILLS BKB_38_20190905_id38_femadu_GAUCHE_(6).jpg;793
6931;6447;38;MANDRILLS BKB_38_20190926_id38_femadu.jpg;484
7188;6479;38;MANDRILLS BKB_38_20191028_id38_femadu_(1).jpg;709
6856;6479;38;MANDRILLS BKB_38_20191028_id38_femadu_(2).jpg;377
6920;6543;38;MANDRILLS BKB_38_20191231_id38_femadu_(1).jpg;377
7241;6543;38;MANDRILLS BKB_38_20191231_id38_femadu_(2).jpg;698
7041;6543;38;MANDRILLS BKB_38_20191231_id38_femadu_(3).jpg;498
6744;6588;38;MANDRILLS BKB_38_20200214_id38_femadu.jpg;156
6139;6623;38;MANDRILLS BKB_38_20200320_id38_femadu.jpg;484
6678;6667;38;MANDRILLS BKB_38_20200503_id38_femadu.jpg;11
6557;6839;38;MANDRILLS BKB_38_20201022_id38_femadu_(1).jpg;282
7160;6839;38;MANDRILLS BKB_38_20201022_id38_femadu_(3).jpg;321
6911;6937;38;MANDRILLS BKB_38_20210128_id38_femadu_(1).jpg;26
6539;6937;38;MANDRILLS BKB_38_20210128_id38_femadu_(2).jpg;398
7416;6939;38;MANDRILLS BKB_38_20210130_id38_femadu_(1).jpg;477
7140;6939;38;MANDRILLS BKB_38_20210130_id38_femadu_(2).jpg;201
7453;6939;38;MANDRILLS BKB_38_20210130_id38_femadu_(3).jpg;514
7142;6939;38;MANDRILLS BKB_38_20210130_id38_femadu_(4).jpg;203
7222;6939;38;MANDRILLS BKB_38_20210130_id38_femadu_(5).jpg;283
7237;6939;38;MANDRILLS BKB_38_20210130_id38_femadu_(6).jpg;298
7103;6943;38;MANDRILLS BKB_38_20210203_id38_femadu_(1).jpg;160
6992;6943;38;MANDRILLS BKB_38_20210203_id38_femadu_(2).jpg;49
7098;6943;38;MANDRILLS BKB_38_20210203_id38_femadu_(3).jpg;155
5859;6950;38;MANDRILLS BKB_38_20210210_id38_femadu_(1).jpg;1091
5498;6950;38;MANDRILLS BKB_38_20210210_id38_femadu_(2).jpg;1452
5668;6950;38;MANDRILLS BKB_38_20210210_id38_femadu_(3).jpg;1282
6711;6957;38;MANDRILLS BKB_38_20210217_id38_femadu.jpg;246
7255;6958;38;MANDRILLS BKB_38_20210218_id38_femadu.jpg;297
7104;6966;38;MANDRILLS BKB_38_20210226_id38_femadu.jpg;138
7161;6976;38;MANDRILLS BKB_38_20210308_id38_femadu.jpg;185
6692;7000;38;MANDRILLS BKB_38_20210401_id38_femadu.jpg;308
7066;7001;38;MANDRILLS BKB_38_20210402_id38_femadu_(1).jpg;65
7176;7001;38;MANDRILLS BKB_38_20210402_id38_femadu_(2).jpg;175
7262;7001;38;MANDRILLS BKB_38_20210402_id38_femadu_(3).jpg;261
7158;7022;38;MANDRILLS BKB_38_20210423_id38_femadu_(1).jpg;136
7034;7022;38;MANDRILLS BKB_38_20210423_id38_femadu_(2).jpg;12
6340;7161;38;MANDRILLS BKB_38_20210909_id38_femadu (1).jpg;821
6577;7161;38;MANDRILLS BKB_38_20210909_id38_femadu (2).jpg;584
6723;7168;38;MANDRILLS BKB_38_20210916_id38_femadu.jpg;445
6825;7175;38;MANDRILLS BKB_38_20210923_id38_femadu.jpg;350
6944;7187;38;MANDRILLS BKB_38_20211005_id38_femadu_(1).jpg;243
7198;7187;38;MANDRILLS BKB_38_20211005_id38_femadu_(2).jpg;11
6616;7188;38;MANDRILLS BKB_38_20211006_id38_femadu.jpg;572
6896;7211;38;MANDRILLS BKB_38_20211029_id38_femadu_(2).jpg;315
7251;7224;38;MANDRILLS BKB_38_20211111_id38_femadu.jpg;27
7275;7237;38;MANDRILLS BKB_38_20211124_id38_femadu_(1).jpg;38
6691;7247;38;MANDRILLS BKB_38_20211204_ID38_femadu.jpg;556
7161;7260;38;MANDRILLS BKB_38_20211217_id38_femadu.jpg;99
7352;7262;38;MANDRILLS BKB_38_20211219_id38_femadu.jpg;90
7262;7269;38;MANDRILLS BKB_38_20211226_id38_femadu_(1).jpg;7
6910;7269;38;MANDRILLS BKB_38_20211226_id38_femadu_(2).jpg;359
7516;7269;38;MANDRILLS BKB_38_20211226_id38_femadu_(3).jpg;247
6836;7296;38;MANDRILLS BKB_38_20220122_id38 (1).jpg;460
6760;7296;38;MANDRILLS BKB_38_20220122_id38 (3).jpg;536
6923;7296;38;MANDRILLS BKB_38_20220122_id38 (4).jpg;373
6764;7296;38;MANDRILLS BKB_38_20220122_id38 (6).jpg;532
6732;7321;38;MANDRILLS BKB_38_20220216_id38femadu (1).jpg;589
7303;7321;38;MANDRILLS BKB_38_20220216_id38femadu (2).jpg;18
7452;7356;38;MANDRILLS BKB_38_20220323_id38 (2).jpg;96
7453;7356;38;MANDRILLS BKB_38_20220323_id38.jpg;97
6575;7391;38;MANDRILLS BKB_38_20220427_id38_femadu.jpg;816
6659;7397;38;MANDRILLS BKB_38_20220503_id38_femadu.jpg;738
7392;7410;38;MANDRILLS BKB_38_20220516_id38_femadu (1).jpg;18
7303;7410;38;MANDRILLS BKB_38_20220516_id38_femadu (2).jpg;107
6851;7412;38;MANDRILLS BKB_38_20220518_id38_femadu.jpg;561
7006;7426;38;MANDRILLS BKB_38_20220601_id38_femadu.jpg;420
7240;7444;38;MANDRILLS BKB_38_20220619_id38_femadu.jpg;204
6736;7454;38;MANDRILLS BKB_38_20220629_id38 (1).jpg;718
6604;7454;38;MANDRILLS BKB_38_20220629_id38 (2).jpg;850
6906;7454;38;MANDRILLS BKB_38_20220629_id38 (3).jpg;548
6752;7454;38;MANDRILLS BKB_38_20220629_id38 (4).jpg;702
7263;7454;38;MANDRILLS BKB_38_20220629_id38.jpg;191
7500;7456;38;MANDRILLS BKB_38_20220701_id38 (2).jpg;44
7438;7456;38;MANDRILLS BKB_38_20220701_id38 (3).jpg;18
6981;7456;38;MANDRILLS BKB_38_20220701_id38.jpg;475
7287;7461;38;MANDRILLS BKB_38_20220706_id38 (2).jpg;174
7321;7461;38;MANDRILLS BKB_38_20220706_id38 (3).jpg;140
7435;7461;38;MANDRILLS BKB_38_20220706_id38.jpg;26
7089;7466;38;MANDRILLS BKB_38_20220711_id38.jpg;377
7362;7469;38;MANDRILLS BKB_38_20220714_id38_femadu.jpg;107
6867;7472;38;MANDRILLS BKB_38_20220717_id38 (1).jpg;605
7467;7473;38;MANDRILLS BKB_38_20220718_id38.jpg;6
7366;7484;38;MANDRILLS BKB_38_20220729_id38.jpg;118
7319;7512;38;MANDRILLS BKB_38_20220826_id38.jpg;193
7310;7529;38;MANDRILLS BKB_38_20220912_id38.jpg;219
7318;7535;38;MANDRILLS BKB_38_20220918_id38.jpg;217
5804;7550;38;MANDRILLS BKB_38_20221003_id38.jpg;1746
7581;7552;38;MANDRILLS BKB_38_20221005_id38 (1).jpg;29
7556;7552;38;MANDRILLS BKB_38_20221005_id38 (2).jpg;4
7313;7552;38;MANDRILLS BKB_38_20221005_id38 (3).jpg;239
6787;7558;38;MANDRILLS BKB_38_20221011_id38.jpg;771
7317;7569;38;MANDRILLS BKB_38_20221022_id38 (1).jpg;252
6901;7569;38;MANDRILLS BKB_38_20221022_id38 (2).jpg;668
7245;7576;38;MANDRILLS BKB_38_20221029_id38.jpg;331
7405;7578;38;MANDRILLS BKB_38_20221031_id38.jpg;173
7287;7587;38;MANDRILLS BKB_38_20221109_id38.jpg;300
6972;7595;38;MANDRILLS BKB_38_20221117_id38 (2).jpg;623
7462;7595;38;MANDRILLS BKB_38_20221117_id38.jpg;133
7399;7608;38;MANDRILLS BKB_38_20221130_id38 (2).jpg;209
7461;7608;38;MANDRILLS BKB_38_20221130_id38 (3).jpg;147
7689;7608;38;MANDRILLS BKB_38_20221130_id38.jpg;81
5611;7620;38;MANDRILLS BKB_38_20221212_id38.jpg;2009
6550;7632;38;MANDRILLS BKB_38_20221224_id38.jpg;1082
56;69;4059;MANDRILLS BKB_4059_20190604_id4059_malinf.jpg;13
218;113;4059;MANDRILLS BKB_4059_20190718_id4059_malinf_(10).jpg;105
142;113;4059;MANDRILLS BKB_4059_20190718_id4059_malinf_DROITE_(1).jpg;29
81;113;4059;MANDRILLS BKB_4059_20190718_id4059_malinf_GAUCHE.jpg;32
214;131;4059;MANDRILLS BKB_4059_20190805_id4059_malinf.jpg;83
91;131;4059;MANDRILLS BKB_4059_20190805_id4059_malinf_GAUCHE.jpg;40
198;168;4059;MANDRILLS BKB_4059_20190911_id4059_malinf_(10).jpg;30
241;168;4059;MANDRILLS BKB_4059_20190911_id4059_malinf_(12).jpg;73
190;168;4059;MANDRILLS BKB_4059_20190911_id4059_malinf_(13).jpg;22
233;168;4059;MANDRILLS BKB_4059_20190911_id4059_malinf_(14).jpg;65
288;168;4059;MANDRILLS BKB_4059_20190911_id4059_malinf_(15).jpg;120
169;168;4059;MANDRILLS BKB_4059_20190911_id4059_malinf_(16).jpg;1
162;168;4059;MANDRILLS BKB_4059_20190911_id4059_malinf_(3).jpg;6
231;168;4059;MANDRILLS BKB_4059_20190911_id4059_malinf_(6).jpg;63
171;175;4059;MANDRILLS BKB_4059_20190918_id4059_malinf.jpg;4
233;183;4059;MANDRILLS BKB_4059_20190926_id4059_malinf.jpg;50
314;231;4059;MANDRILLS BKB_4059_20191113_id4059_malinf.jpg;83
376;249;4059;MANDRILLS BKB_4059_20191201_id4059_malinf.jpg;127
436;328;4059;MANDRILLS BKB_4059_20200218_id4059_malinf.jpg;108
437;401;4059;MANDRILLS BKB_4059_20200501_id4059_maljuv_(1).jpg;36
444;401;4059;MANDRILLS BKB_4059_20200501_id4059_maljuv_(2).jpg;43
383;401;4059;MANDRILLS BKB_4059_20200501_id4059_maljuv_(3).jpg;18
438;406;4059;MANDRILLS BKB_4059_20200506_id4059_femjuv_(1).jpg;32
445;406;4059;MANDRILLS BKB_4059_20200506_id4059_femjuv_(2).jpg;39
39;10;4162;MANDRILLS BKB_4162_20190128_id4162_inf_BAS_(1)_ORIGINAL.jpg;29
44;10;4162;MANDRILLS BKB_4162_20190128_id4162_inf_BAS_(2)_ORIGINAL.jpg;34
30;10;4162;MANDRILLS BKB_4162_20190128_id4162_inf_BAS_(5)_ORIGINAL.jpg;20
30;10;4162;MANDRILLS BKB_4162_20190128_id4162_inf_BAS_(6)_ORIGINAL.jpg;20
44;10;4162;MANDRILLS BKB_4162_20190128_id4162_inf_GAUCHE_(1)_ORIGINAL.jpg;34
51;10;4162;MANDRILLS BKB_4162_20190128_id4162_inf_GAUCHE_(2)_ORIGINAL.jpg;41
46;10;4162;MANDRILLS BKB_4162_20190128_id4162_inf_GAUCHE_(3)_ORIGINAL.jpg;36
58;10;4162;MANDRILLS BKB_4162_20190128_id4162_inf_GAUCHE_(4)_ORIGINAL.jpg;48
55;10;4162;MANDRILLS BKB_4162_20190128_id4162_inf_GAUCHE_(5)_ORIGINAL.jpg;45
25;20;4162;MANDRILLS BKB_4162_20190207_id4162_malinf_DROITE_(10)_ORIGINAL.jpg;5
25;20;4162;MANDRILLS BKB_4162_20190207_id4162_malinf_DROITE_(11)_ORIGINAL.jpg;5
26;20;4162;MANDRILLS BKB_4162_20190207_id4162_malinf_DROITE_(12)_ORIGINAL.jpg;6
36;20;4162;MANDRILLS BKB_4162_20190207_id4162_malinf_DROITE_(13)_ORIGINAL.jpg;16
38;20;4162;MANDRILLS BKB_4162_20190207_id4162_malinf_DROITE_(14)_ORIGINAL.jpg;18
36;20;4162;MANDRILLS BKB_4162_20190207_id4162_malinf_DROITE_(15)_ORIGINAL.jpg;16
39;20;4162;MANDRILLS BKB_4162_20190207_id4162_malinf_DROITE_(8)_ORIGINAL.jpg;19
30;20;4162;MANDRILLS BKB_4162_20190207_id4162_malinf_DROITE_(9)_ORIGINAL.jpg;10
66;46;4162;MANDRILLS BKB_4162_20190305_id4162_malinf_BAS_ORIGINAL.jpg;20
84;56;4162;MANDRILLS BKB_4162_20190315_id4162_malinf_(1).jpg;28
86;56;4162;MANDRILLS BKB_4162_20190315_id4162_malinf_(2).jpg;30
54;56;4162;MANDRILLS BKB_4162_20190315_id4162_malinf_(3).jpg;2
90;56;4162;MANDRILLS BKB_4162_20190315_id4162_malinf_(4).jpg;34
86;56;4162;MANDRILLS BKB_4162_20190315_id4162_malinf_(5).jpg;30
96;56;4162;MANDRILLS BKB_4162_20190315_id4162_malinf_(6).jpg;40
201;56;4162;MANDRILLS BKB_4162_20190315_id4162_malinf_BAS.jpg;145
112;56;4162;MANDRILLS BKB_4162_20190315_id4162_malinf_DROITE_(1).jpg;56
160;56;4162;MANDRILLS BKB_4162_20190315_id4162_malinf_DROITE_(2).jpg;104
74;56;4162;MANDRILLS BKB_4162_20190315_id4162_malinf_GAUCHE_(1).jpg;18
105;56;4162;MANDRILLS BKB_4162_20190315_id4162_malinf_GAUCHE_(2).jpg;49
203;122;4162;MANDRILLS BKB_4162_20190520_id4162_malinf_BLESSURE_(1).jpg;81
218;122;4162;MANDRILLS BKB_4162_20190520_id4162_malinf_BLESSURE_(3).jpg;96
175;122;4162;MANDRILLS BKB_4162_20190520_id4162_malinf_BLESSURE_(4).jpg;53
181;122;4162;MANDRILLS BKB_4162_20190520_id4162_malinf_BLESSURE_(5).jpg;59
231;169;4162;MANDRILLS BKB_4162_20190706_id4162_feminf_(12).jpg;62
244;169;4162;MANDRILLS BKB_4162_20190706_id4162_feminf_(13).jpg;75
256;169;4162;MANDRILLS BKB_4162_20190706_id4162_feminf_(14).jpg;87
230;169;4162;MANDRILLS BKB_4162_20190706_id4162_feminf_(15).jpg;61
245;169;4162;MANDRILLS BKB_4162_20190706_id4162_feminf_(2).jpg;76
234;169;4162;MANDRILLS BKB_4162_20190706_id4162_feminf_(3).jpg;65
244;169;4162;MANDRILLS BKB_4162_20190706_id4162_feminf_(5).jpg;75
249;169;4162;MANDRILLS BKB_4162_20190706_id4162_feminf_(6).jpg;80
274;169;4162;MANDRILLS BKB_4162_20190706_id4162_feminf_(7).jpg;105
263;200;4162;MANDRILLS BKB_4162_20190806_id4162_feminf.jpg;63
450;388;4162;MANDRILLS BKB_4162_20200210_id4162_maljuv_(1).jpg;62
480;388;4162;MANDRILLS BKB_4162_20200210_id4162_maljuv_(2).jpg;92
466;388;4162;MANDRILLS BKB_4162_20200210_id4162_maljuv_(3).jpg;78
6818;4284;48;MANDRILLS BKB_48_20120718_id48_femaduDROITE_(1)_ORIGINAL.jpg;2534
6237;4284;48;MANDRILLS BKB_48_20120718_id48_femaduDROITE_(2)_ORIGINAL.jpg;1953
7030;4284;48;MANDRILLS BKB_48_20120718_id48_femaduDROITE_(3)_ORIGINAL.jpg;2746
3441;4348;48;MANDRILLS BKB_48_20120920_id48_femadu_(1)_ORIGINAL.jpg;907
3442;4348;48;MANDRILLS BKB_48_20120920_id48_femadu_(2)_ORIGINAL.jpg;906
3253;4997;48;MANDRILLS BKB_48_20140701_id48_femadu_(2)_ORIGINAL.jpg;1744
3594;4997;48;MANDRILLS BKB_48_20140701_id48_femadu_(3)_ORIGINAL.jpg;1403
3812;4997;48;MANDRILLS BKB_48_20140701_id48_femadu_(5)_ORIGINAL.jpg;1185
2999;5051;48;MANDRILLS BKB_48_20140824_id48_femadu_(2)_ORIGINAL.jpg;2052
5300;5317;48;MANDRILLS BKB_48_20150517_id48_femadu_ORIGINAL.jpg;17
4677;5516;48;MANDRILLS BKB_48_20151202_id48_femadu_(1)_ORIGINAL.jpg;839
4473;5516;48;MANDRILLS BKB_48_20151202_id48_femadu_(2)_ORIGINAL.jpg;1043
4391;5516;48;MANDRILLS BKB_48_20151202_id48_femadu_(3)_ORIGINAL.jpg;1125
5728;6339;48;MANDRILLS BKB_48_20180304_id48_femadu_(1)_ORIGINAL.jpg;611
5700;6339;48;MANDRILLS BKB_48_20180304_id48_femadu_(10)_ORIGINAL.jpg;639
6006;6339;48;MANDRILLS BKB_48_20180304_id48_femadu_(2)_ORIGINAL.jpg;333
5311;6339;48;MANDRILLS BKB_48_20180304_id48_femadu_(3)_ORIGINAL.jpg;1028
4349;6339;48;MANDRILLS BKB_48_20180304_id48_femadu_(4)_ORIGINAL.jpg;1990
5994;6339;48;MANDRILLS BKB_48_20180304_id48_femadu_(5)_ORIGINAL.jpg;345
5884;6339;48;MANDRILLS BKB_48_20180304_id48_femadu_(6)_ORIGINAL.jpg;455
6027;6339;48;MANDRILLS BKB_48_20180304_id48_femadu_(7)_ORIGINAL.jpg;312
5723;6339;48;MANDRILLS BKB_48_20180304_id48_femadu_(8)_ORIGINAL.jpg;616
5422;6339;48;MANDRILLS BKB_48_20180304_id48_femadu_(9)_ORIGINAL.jpg;917
6899;6443;48;MANDRILLS BKB_48_20180616_id48_femadu_(1)_ORIGINAL.jpg;456
4356;6443;48;MANDRILLS BKB_48_20180616_id48_femadu_(2)_ORIGINAL.jpg;2087
6574;6443;48;MANDRILLS BKB_48_20180616_id48_femadu_(4)_ORIGINAL.jpg;131
6486;6443;48;MANDRILLS BKB_48_20180616_id48_femadu_(5)_ORIGINAL.jpg;43
6528;6443;48;MANDRILLS BKB_48_20180616_id48_femadu_(6)_ORIGINAL.jpg;85
6319;6475;48;MANDRILLS BKB_48_20180718_id48_femadu_(1)_ORIGINAL.jpg;156
6338;6475;48;MANDRILLS BKB_48_20180718_id48_femadu_(10)_ORIGINAL.jpg;137
6682;6475;48;MANDRILLS BKB_48_20180718_id48_femadu_(11)_ORIGINAL.jpg;207
6587;6475;48;MANDRILLS BKB_48_20180718_id48_femadu_(12)_ORIGINAL.jpg;112
6136;6475;48;MANDRILLS BKB_48_20180718_id48_femadu_(13)_ORIGINAL.jpg;339
6315;6475;48;MANDRILLS BKB_48_20180718_id48_femadu_(14)_ORIGINAL.jpg;160
6236;6475;48;MANDRILLS BKB_48_20180718_id48_femadu_(3)_ORIGINAL.jpg;239
6175;6475;48;MANDRILLS BKB_48_20180718_id48_femadu_(4)_ORIGINAL.jpg;300
5446;6475;48;MANDRILLS BKB_48_20180718_id48_femadu_(5)_ORIGINAL.jpg;1029
6248;6475;48;MANDRILLS BKB_48_20180718_id48_femadu_(6)_ORIGINAL.jpg;227
5814;6475;48;MANDRILLS BKB_48_20180718_id48_femadu_(7)_ORIGINAL.jpg;661
6100;6475;48;MANDRILLS BKB_48_20180718_id48_femadu_(8)_ORIGINAL.jpg;375
6107;6475;48;MANDRILLS BKB_48_20180718_id48_femadu_(9)_ORIGINAL.jpg;368
6166;6481;48;MANDRILLS BKB_48_20180724_id48_femaduCENTRE_ORIGINAL.jpg;315
6086;6482;48;MANDRILLS BKB_48_20180725_id48_femadu_(1)_ORIGINAL.jpg;396
5845;6482;48;MANDRILLS BKB_48_20180725_id48_femadu_(2)_ORIGINAL.jpg;637
5321;6511;48;MANDRILLS BKB_48_20180823_id48_femadu_(1)_ORIGINAL.jpg;1190
4717;6511;48;MANDRILLS BKB_48_20180823_id48_femadu_(2)_ORIGINAL.jpg;1794
5390;6511;48;MANDRILLS BKB_48_20180823_id48_femadu_(3)_ORIGINAL.jpg;1121
4985;6511;48;MANDRILLS BKB_48_20180823_id48_femadu_(4)_ORIGINAL.jpg;1526
5015;6511;48;MANDRILLS BKB_48_20180823_id48_femadu_(5)_ORIGINAL.jpg;1496
5450;6511;48;MANDRILLS BKB_48_20180823_id48_femadu_(6)_ORIGINAL.jpg;1061
5476;6511;48;MANDRILLS BKB_48_20180823_id48_femadu_(7)_ORIGINAL.jpg;1035
5029;6511;48;MANDRILLS BKB_48_20180823_id48_femadu_(8)_ORIGINAL.jpg;1482
5782;6526;48;MANDRILLS BKB_48_20180907_id48_femadu_(1)_ORIGINAL.jpg;744
6671;6526;48;MANDRILLS BKB_48_20180907_id48_femadu_(10)_ORIGINAL.jpg;145
6057;6526;48;MANDRILLS BKB_48_20180907_id48_femadu_(11)_ORIGINAL.jpg;469
6162;6526;48;MANDRILLS BKB_48_20180907_id48_femadu_(12)_ORIGINAL.jpg;364
5818;6526;48;MANDRILLS BKB_48_20180907_id48_femadu_(3)_ORIGINAL.jpg;708
6136;6526;48;MANDRILLS BKB_48_20180907_id48_femadu_(4)_ORIGINAL.jpg;390
5465;6526;48;MANDRILLS BKB_48_20180907_id48_femadu_(5)_ORIGINAL.jpg;1061
6120;6526;48;MANDRILLS BKB_48_20180907_id48_femadu_(6)_ORIGINAL.jpg;406
6003;6526;48;MANDRILLS BKB_48_20180907_id48_femadu_(7)_ORIGINAL.jpg;523
4248;6526;48;MANDRILLS BKB_48_20180907_id48_femadu_(8)_ORIGINAL.jpg;2278
6445;6526;48;MANDRILLS BKB_48_20180907_id48_femadu_(9)_ORIGINAL.jpg;81
5381;6699;48;MANDRILLS BKB_48_20190227_id48_femadu_DROITE_(2)_ORIGINAL.jpg;1318
5914;6705;48;MANDRILLS BKB_48_20190305_id48_femadu_DROITE_(16)_ORIGINAL.jpg;791
6408;6705;48;MANDRILLS BKB_48_20190305_id48_femadu_DROITE_(17)_ORIGINAL.jpg;297
6547;6705;48;MANDRILLS BKB_48_20190305_id48_femadu_DROITE_(18)_ORIGINAL.jpg;158
6820;6705;48;MANDRILLS BKB_48_20190305_id48_femadu_DROITE_(3)_ORIGINAL.jpg;115
5670;6796;48;MANDRILLS BKB_48_20190604_id48_femadu_(1).jpg;1126
6389;6796;48;MANDRILLS BKB_48_20190604_id48_femadu_(2).jpg;407
6639;6796;48;MANDRILLS BKB_48_20190604_id48_femadu_(3).jpg;157
5847;6796;48;MANDRILLS BKB_48_20190604_id48_femadu_(4).jpg;949
2772;6840;48;MANDRILLS BKB_48_20190718_id48_femadu_HAUT.jpg;4068
6333;6910;48;MANDRILLS BKB_48_20190926_id48_femadu_HAUT_(1).jpg;577
6644;6910;48;MANDRILLS BKB_48_20190926_id48_femadu_HAUT_(2).jpg;266
6356;6963;48;MANDRILLS BKB_48_20191118_id48_femadu.jpg;607
6692;7047;48;MANDRILLS BKB_48_20200210_id48_femadu_(1).jpg;355
4517;7047;48;MANDRILLS BKB_48_20200210_id48_femadu_(2).jpg;2530
6358;7089;48;MANDRILLS BKB_48_20200323_id48_femadu_(1).jpg;731
6309;7089;48;MANDRILLS BKB_48_20200323_id48_femadu_(2).jpg;780
6414;7089;48;MANDRILLS BKB_48_20200323_id48_femadu_(3).jpg;675
5690;7133;48;MANDRILLS BKB_48_20200506_id48_femadu_(1).jpg;1443
5682;7133;48;MANDRILLS BKB_48_20200506_id48_femadu_(3).jpg;1451
7029;7297;48;MANDRILLS BKB_48_20201017_id48_femadu_(1).jpg;268
6351;7297;48;MANDRILLS BKB_48_20201017_id48_femadu_(2).jpg;946
6767;7299;48;MANDRILLS BKB_48_20201019_id48_femadu.jpg;532
6325;7302;48;MANDRILLS BKB_48_20201022_id48_femadu.jpg;977
6725;7314;48;MANDRILLS BKB_48_20201103_id48_femadu_(1).jpg;589
6634;7314;48;MANDRILLS BKB_48_20201103_id48_femadu_(2).jpg;680
6387;7314;48;MANDRILLS BKB_48_20201103_id48_femadu_(3).jpg;927
6883;7314;48;MANDRILLS BKB_48_20201103_id48_femadu_(4).jpg;431
7074;7314;48;MANDRILLS BKB_48_20201103_id48_femadu_(5).jpg;240
6732;7314;48;MANDRILLS BKB_48_20201103_id48_femadu_(6).jpg;582
6758;7314;48;MANDRILLS BKB_48_20201103_id48_femadu_(7).jpg;556
6611;7314;48;MANDRILLS BKB_48_20201103_id48_femadu_(8).jpg;703
6419;7318;48;MANDRILLS BKB_48_20201107_id48_femadu.jpg;899
6142;7354;48;MANDRILLS BKB_48_20201213_id48_femadu_(1).jpg;1212
6570;7354;48;MANDRILLS BKB_48_20201213_id48_femadu_(2).jpg;784
6228;7354;48;MANDRILLS BKB_48_20201213_id48_femadu_(3).jpg;1126
5699;7356;48;MANDRILLS BKB_48_20201215_id48_femadu_(1).jpg;1657
6460;7356;48;MANDRILLS BKB_48_20201215_id48_femadu_(10).jpg;896
6824;7356;48;MANDRILLS BKB_48_20201215_id48_femadu_(11).jpg;532
6634;7356;48;MANDRILLS BKB_48_20201215_id48_femadu_(12).jpg;722
6584;7356;48;MANDRILLS BKB_48_20201215_id48_femadu_(13).jpg;772
6246;7356;48;MANDRILLS BKB_48_20201215_id48_femadu_(17).jpg;1110
6287;7356;48;MANDRILLS BKB_48_20201215_id48_femadu_(2).jpg;1069
6146;7356;48;MANDRILLS BKB_48_20201215_id48_femadu_(20).jpg;1210
6420;7356;48;MANDRILLS BKB_48_20201215_id48_femadu_(21).jpg;936
6445;7356;48;MANDRILLS BKB_48_20201215_id48_femadu_(3).jpg;911
6655;7356;48;MANDRILLS BKB_48_20201215_id48_femadu_(4).jpg;701
5821;7356;48;MANDRILLS BKB_48_20201215_id48_femadu_(6).jpg;1535
6250;7356;48;MANDRILLS BKB_48_20201215_id48_femadu_(7).jpg;1106
6328;7356;48;MANDRILLS BKB_48_20201215_id48_femadu_(8).jpg;1028
6315;7356;48;MANDRILLS BKB_48_20201215_id48_femadu_(9).jpg;1041
6647;7380;48;MANDRILLS BKB_48_20210108_id48_femadu.jpg;733
6611;7404;48;MANDRILLS BKB_48_20210201_id48_femadu_(1).jpg;793
6962;7404;48;MANDRILLS BKB_48_20210201_id48_femadu_(2).jpg;442
6961;7409;48;MANDRILLS BKB_48_20210206_id48_femadu.jpg;448
6670;7412;48;MANDRILLS BKB_48_20210209_id48_femadu.jpg;742
6832;7415;48;MANDRILLS BKB_48_20210212_id48_femadu_(1).jpg;583
6056;7415;48;MANDRILLS BKB_48_20210212_id48_femadu_(2).jpg;1359
7099;7429;48;MANDRILLS BKB_48_20210226_id48_femadu_(1).jpg;330
7141;7429;48;MANDRILLS BKB_48_20210226_id48_femadu_(2).jpg;288
7404;7429;48;MANDRILLS BKB_48_20210226_id48_femadu_(3).jpg;25
6412;7463;48;MANDRILLS BKB_48_20210401_id48_femadu.jpg;1051
6447;7467;48;MANDRILLS BKB_48_20210405_id48_femadu.jpg;1020
6812;7632;48;MANDRILLS BKB_48_20210917_id48_femadu (1).jpg;820
6502;7632;48;MANDRILLS BKB_48_20210917_id48_femadu (2).jpg;1130
6637;7661;48;MANDRILLS BKB_48_20211016_id48_femadu_(1).jpg;1024
6401;7661;48;MANDRILLS BKB_48_20211016_id48_femadu_(2).jpg;1260
6356;7667;48;MANDRILLS BKB_48_20211022_id48_femadu.jpg;1311
6352;7678;48;MANDRILLS BKB_48_20211102_id48_femadu_(1).jpg;1326
6679;7678;48;MANDRILLS BKB_48_20211102_id48_femadu_(2).jpg;999
6209;7698;48;MANDRILLS BKB_48_20211122_id48_femadu.jpg;1489
6525;7723;48;MANDRILLS BKB_48_20211217_id48_femadu.jpg;1198
3200;7725;48;MANDRILLS BKB_48_20211219_id48_femadu.jpg;4525
6345;7727;48;MANDRILLS BKB_48_20211221_id48_femadu.jpg;1382
6492;7767;48;MANDRILLS BKB_48_20220130_id48 (2).jpg;1275
6457;7767;48;MANDRILLS BKB_48_20220130_id48 (4).jpg;1310
6782;7767;48;MANDRILLS BKB_48_20220130_id48 (6).jpg;985
6438;7767;48;MANDRILLS BKB_48_20220130_id48.jpg;1329
4037;7767;48;MANDRILLS BKB_48_20220130_id48_femadu (2).jpg;3730
6161;7767;48;MANDRILLS BKB_48_20220130_id48_femadu (3).jpg;1606
5185;7767;48;MANDRILLS BKB_48_20220130_id48_femadu.jpg;2582
7125;7785;48;MANDRILLS BKB_48_20220217_id48_femadu (1).jpg;660
6921;7785;48;MANDRILLS BKB_48_20220217_id48_femadu (2).jpg;864
3368;7785;48;MANDRILLS BKB_48_20220217_id48_femadu (3).jpg;4417
4229;7826;48;MANDRILLS BKB_48_20220330_id48_femadu.jpg;3597
6336;7828;48;MANDRILLS BKB_48_20220401_id48_femadu (1).jpg;1492
5989;7828;48;MANDRILLS BKB_48_20220401_id48_femadu (2).jpg;1839
6228;7828;48;MANDRILLS BKB_48_20220401_id48_femadu (3).jpg;1600
6315;7828;48;MANDRILLS BKB_48_20220401_id48_femadu (4).jpg;1513
6158;7861;48;MANDRILLS BKB_48_20220504_id48_femadu.jpg;1703
6819;7895;48;MANDRILLS BKB_48_20220607_id48_femadu (1).jpg;1076
6653;7895;48;MANDRILLS BKB_48_20220607_id48_femadu (2).jpg;1242
5026;7895;48;MANDRILLS BKB_48_20220607_id48_femadu.jpg;2869
6698;7917;48;MANDRILLS BKB_48_20220629_id48.jpg;1219
5109;7924;48;MANDRILLS BKB_48_20220706_id48.jpg;2815
7274;7932;48;MANDRILLS BKB_48_20220714_id48_femadu.jpg;658
6963;7942;48;MANDRILLS BKB_48_20220724_id48 (2).jpg;979
5938;7942;48;MANDRILLS BKB_48_20220724_id48 (3).jpg;2004
6775;7942;48;MANDRILLS BKB_48_20220724_id48.jpg;1167
7015;7943;48;MANDRILLS BKB_48_20220725_id48.jpg;928
7475;7944;48;MANDRILLS BKB_48_20220726_id48.jpg;469
6780;7947;48;MANDRILLS BKB_48_20220729_id48.jpg;1167
7026;7961;48;MANDRILLS BKB_48_20220812_id48.jpg;935
8106;7964;48;MANDRILLS BKB_48_20220815_id48.jpg;142
7154;7967;48;MANDRILLS BKB_48_20220818_id48 (1).jpg;813
7157;7967;48;MANDRILLS BKB_48_20220818_id48 (2).jpg;810
7252;7972;48;MANDRILLS BKB_48_20220823_id48.jpg;720
7464;7984;48;MANDRILLS BKB_48_20220904_id48 (2).jpg;520
7271;7984;48;MANDRILLS BKB_48_20220904_id48 (3).jpg;713
7199;8004;48;MANDRILLS BKB_48_20220924_id48.jpg;805
7356;8015;48;MANDRILLS BKB_48_20221005_id48.jpg;659
7512;8029;48;MANDRILLS BKB_48_20221019_id48.jpg;517
6909;8050;48;MANDRILLS BKB_48_20221109_id48.jpg;1141
50;39;5040;MANDRILLS BKB_5040_20191227_id5040_malinf.jpg;11
88;81;5040;MANDRILLS BKB_5040_20200207_id5040_malinf.jpg;7
106;92;5040;MANDRILLS BKB_5040_20200218_id5040_malinf.jpg;14
102;93;5040;MANDRILLS BKB_5040_20200219_id5040_malinf_(1).jpg;9
88;93;5040;MANDRILLS BKB_5040_20200219_id5040_malinf_(3).jpg;5
93;93;5040;MANDRILLS BKB_5040_20200219_id5040_malinf_(4).jpg;0
109;93;5040;MANDRILLS BKB_5040_20200219_id5040_malinf_(5).jpg;16
131;98;5040;MANDRILLS BKB_5040_20200224_id5040_malinf_(1).jpg;33
144;98;5040;MANDRILLS BKB_5040_20200224_id5040_malinf_(2).jpg;46
2;15;5047;MANDRILLS BKB_5047_20200207_id5047_malinf.jpg;13
34;18;5047;MANDRILLS BKB_5047_20200210_id5047_malinf.jpg;16
30;27;5047;MANDRILLS BKB_5047_20200219_id5047_malinf_(1).jpg;3
10;27;5047;MANDRILLS BKB_5047_20200219_id5047_malinf_(2).jpg;17
3;31;5047;MANDRILLS BKB_5047_20200223_id5047_malinf_(1).jpg;28
39;31;5047;MANDRILLS BKB_5047_20200223_id5047_malinf_(2).jpg;8
35;31;5047;MANDRILLS BKB_5047_20200223_id5047_malinf_(3).jpg;4
251;280;5047;MANDRILLS BKB_5047_20201029_id5047_malinf_(1).jpg;29
250;280;5047;MANDRILLS BKB_5047_20201029_id5047_malinf_(10).jpg;30
242;280;5047;MANDRILLS BKB_5047_20201029_id5047_malinf_(11).jpg;38
203;280;5047;MANDRILLS BKB_5047_20201029_id5047_malinf_(12).jpg;77
351;280;5047;MANDRILLS BKB_5047_20201029_id5047_malinf_(2).jpg;71
312;280;5047;MANDRILLS BKB_5047_20201029_id5047_malinf_(3).jpg;32
316;280;5047;MANDRILLS BKB_5047_20201029_id5047_malinf_(4).jpg;36
271;280;5047;MANDRILLS BKB_5047_20201029_id5047_malinf_(5).jpg;9
252;280;5047;MANDRILLS BKB_5047_20201029_id5047_malinf_(6).jpg;28
291;280;5047;MANDRILLS BKB_5047_20201029_id5047_malinf_(7).jpg;11
400;280;5047;MANDRILLS BKB_5047_20201029_id5047_malinf_(8).jpg;120
275;280;5047;MANDRILLS BKB_5047_20201029_id5047_malinf_(9).jpg;5
326;288;5047;MANDRILLS BKB_5047_20201106_id5047_malinf_(1).jpg;38
293;288;5047;MANDRILLS BKB_5047_20201106_id5047_malinf_(2).jpg;5
362;288;5047;MANDRILLS BKB_5047_20201106_id5047_malinf_(3).jpg;74
383;288;5047;MANDRILLS BKB_5047_20201106_id5047_malinf_(4).jpg;95
293;288;5047;MANDRILLS BKB_5047_20201106_id5047_malinf_(5).jpg;5
256;288;5047;MANDRILLS BKB_5047_20201106_id5047_malinf_(6).jpg;32
310;288;5047;MANDRILLS BKB_5047_20201106_id5047_malinf_(7).jpg;22
352;349;5047;MANDRILLS BKB_5047_20210106_id5047_malinf.jpg;3
398;356;5047;MANDRILLS BKB_5047_20210113_id5047_malinf_(1).jpg;42
413;356;5047;MANDRILLS BKB_5047_20210113_id5047_malinf_(2).jpg;57
385;356;5047;MANDRILLS BKB_5047_20210113_id5047_malinf_(3).jpg;29
386;356;5047;MANDRILLS BKB_5047_20210113_id5047_malinf_(4).jpg;30
397;356;5047;MANDRILLS BKB_5047_20210113_id5047_malinf_(5).jpg;41
352;356;5047;MANDRILLS BKB_5047_20210113_id5047_malinf_(6).jpg;4
493;356;5047;MANDRILLS BKB_5047_20210113_id5047_malinf_(7).jpg;137
394;356;5047;MANDRILLS BKB_5047_20210113_id5047_malinf_(8).jpg;38
488;372;5047;MANDRILLS BKB_5047_20210129_id5047_maljuv_(1).jpg;116
382;372;5047;MANDRILLS BKB_5047_20210129_id5047_maljuv_(2).jpg;10
545;380;5047;MANDRILLS BKB_5047_20210206_id5047_maljuv_(1).jpg;165
305;380;5047;MANDRILLS BKB_5047_20210206_id5047_maljuv_(2).jpg;75
547;410;5047;MANDRILLS BKB_5047_20210308_id5047_maljuv_(1).jpg;137
449;410;5047;MANDRILLS BKB_5047_20210308_id5047_maljuv_(2).jpg;39
460;443;5047;MANDRILLS BKB_5047_20210410_id5047_maljuv.jpg;17
620;621;5047;MANDRILLS BKB_5047_20211005_id5047_maljuv_(1).jpg;1
803;740;5047;MANDRILLS BKB_5047_20220201_id5047_maljuv (1).jpg;63
1013;740;5047;MANDRILLS BKB_5047_20220201_id5047_maljuv (2).jpg;273
921;837;5047;MANDRILLS BKB_5047_20220509_id5047_maljuv (1).jpg;84
714;837;5047;MANDRILLS BKB_5047_20220509_id5047_maljuv (2).jpg;123
807;837;5047;MANDRILLS BKB_5047_20220509_id5047_maljuv (3).jpg;30
767;846;5047;MANDRILLS BKB_5047_20220518_id5047_maljuv (1).jpg;79
979;846;5047;MANDRILLS BKB_5047_20220518_id5047_maljuv (2).jpg;133
1085;852;5047;MANDRILLS BKB_5047_20220524_id5047_maljuv (1).jpg;233
980;852;5047;MANDRILLS BKB_5047_20220524_id5047_maljuv (2).jpg;128
1012;852;5047;MANDRILLS BKB_5047_20220524_id5047_maljuv (4).jpg;160
1150;903;5047;MANDRILLS BKB_5047_20220714_id5047_maljuv (1).jpg;247
1047;903;5047;MANDRILLS BKB_5047_20220714_id5047_maljuv (2).jpg;144
1093;903;5047;MANDRILLS BKB_5047_20220714_id5047_maljuv (3).jpg;190
1024;903;5047;MANDRILLS BKB_5047_20220714_id5047_maljuv.jpg;121
1109;905;5047;MANDRILLS BKB_5047_20220716_id5047_maljuv (1).jpg;204
1136;905;5047;MANDRILLS BKB_5047_20220716_id5047_maljuv (2).jpg;231
1149;905;5047;MANDRILLS BKB_5047_20220716_id5047_maljuv (3).jpg;244
1004;929;5047;MANDRILLS BKB_5047_20220809_id5047 (1).jpg;75
900;929;5047;MANDRILLS BKB_5047_20220809_id5047 (2).jpg;29
1019;955;5047;MANDRILLS BKB_5047_20220904_id5047.jpg;64
1156;969;5047;MANDRILLS BKB_5047_20220918_id5047 (1).jpg;187
1051;969;5047;MANDRILLS BKB_5047_20220918_id5047 (2).jpg;82
1077;969;5047;MANDRILLS BKB_5047_20220918_id5047 (3).jpg;108
1099;969;5047;MANDRILLS BKB_5047_20220918_id5047 (4).jpg;130
1366;1008;5047;MANDRILLS BKB_5047_20221027_id5047.jpg;358
37;30;5110;MANDRILLS BKB_5110_20200114_id5110_feminf.jpg;7
45;37;5110;MANDRILLS BKB_5110_20200121_id5110_feminf_(1).jpg;8
35;37;5110;MANDRILLS BKB_5110_20200121_id5110_feminf_(2).jpg;2
39;37;5110;MANDRILLS BKB_5110_20200121_id5110_feminf_(3).jpg;2
30;37;5110;MANDRILLS BKB_5110_20200121_id5110_feminf_(4).jpg;7
62;61;5110;MANDRILLS BKB_5110_20200214_id5110_feminf_(1).jpg;1
65;61;5110;MANDRILLS BKB_5110_20200214_id5110_feminf_(2).jpg;4
62;61;5110;MANDRILLS BKB_5110_20200214_id5110_feminf_(3).jpg;1
83;66;5110;MANDRILLS BKB_5110_20200219_id5110_feminf_(2).jpg;17
104;140;5110;MANDRILLS BKB_5110_20200503_id5110_feminf.jpg;36
291;308;5110;MANDRILLS BKB_5110_20201018_id5110_feminf_(1).jpg;17
212;308;5110;MANDRILLS BKB_5110_20201018_id5110_feminf_(2).jpg;96
221;308;5110;MANDRILLS BKB_5110_20201018_id5110_feminf_(3).jpg;87
242;308;5110;MANDRILLS BKB_5110_20201018_id5110_feminf_(4).jpg;66
245;308;5110;MANDRILLS BKB_5110_20201018_id5110_feminf_(5).jpg;63
234;308;5110;MANDRILLS BKB_5110_20201018_id5110_feminf_(6).jpg;74
245;308;5110;MANDRILLS BKB_5110_20201018_id5110_feminf_(7).jpg;63
249;308;5110;MANDRILLS BKB_5110_20201018_id5110_feminf_(8).jpg;59
276;312;5110;MANDRILLS BKB_5110_20201022_id5110_feminf.jpg;36
292;364;5110;MANDRILLS BKB_5110_20201213_id5110_feminf_(1).jpg;72
369;364;5110;MANDRILLS BKB_5110_20201213_id5110_feminf_(2).jpg;5
424;364;5110;MANDRILLS BKB_5110_20201213_id5110_feminf_(3).jpg;60
407;366;5110;MANDRILLS BKB_5110_20201215_id5110_feminf.jpg;41
261;378;5110;MANDRILLS BKB_5110_20201227_id5110_femjuv_(1).jpg;117
271;378;5110;MANDRILLS BKB_5110_20201227_id5110_femjuv_(2).jpg;107
407;386;5110;MANDRILLS BKB_5110_20210104_id5110_femjuv_(1).jpg;21
377;386;5110;MANDRILLS BKB_5110_20210104_id5110_femjuv_(2).jpg;9
337;395;5110;MANDRILLS BKB_5110_20210113_id5110_femjuv.jpg;58
365;399;5110;MANDRILLS BKB_5110_20210117_id5110_femjuv_(1).jpg;34
347;399;5110;MANDRILLS BKB_5110_20210117_id5110_femjuv_(2).jpg;52
336;399;5110;MANDRILLS BKB_5110_20210117_id5110_femjuv_(3).jpg;63
327;399;5110;MANDRILLS BKB_5110_20210117_id5110_femjuv_(4).jpg;72
334;399;5110;MANDRILLS BKB_5110_20210117_id5110_femjuv_(5).jpg;65
265;399;5110;MANDRILLS BKB_5110_20210117_id5110_femjuv_(6).jpg;134
337;422;5110;MANDRILLS BKB_5110_20210209_id5110_femjuv.jpg;85
374;439;5110;MANDRILLS BKB_5110_20210226_id5110_femjuv.jpg;65
661;705;5110;MANDRILLS BKB_5110_20211119_id5110_femjuv_(1).jpg;44
593;705;5110;MANDRILLS BKB_5110_20211119_id5110_femjuv_(3).jpg;112
877;737;5110;MANDRILLS BKB_5110_20211221_id5110_femjuv.jpg;140
791;743;5110;MANDRILLS BKB_5110_20211227_id5110_femjuv.jpg;48
604;793;5110;MANDRILLS BKB_5110_20220215_id5110_femjuv (1).jpg;189
719;793;5110;MANDRILLS BKB_5110_20220215_id5110_femjuv (2).jpg;74
657;828;5110;MANDRILLS BKB_5110_20220322_id5110_femjuv.jpg;171
705;830;5110;MANDRILLS BKB_5110_20220324_id5110_femjuv.jpg;125
762;862;5110;MANDRILLS BKB_5110_20220425_id5110_femjuv.jpg;100
793;864;5110;MANDRILLS BKB_5110_20220427_5110_femjuv.jpg;71
875;899;5110;MANDRILLS BKB_5110_20220601_id5110_femjuv.jpg;24
730;939;5110;MANDRILLS BKB_5110_20220711_id5110.jpg;209
1127;942;5110;MANDRILLS BKB_5110_20220714_id5110.jpg;185
845;944;5110;MANDRILLS BKB_5110_20220716_id5110 (1).jpg;99
848;944;5110;MANDRILLS BKB_5110_20220716_id5110 (2).jpg;96
753;944;5110;MANDRILLS BKB_5110_20220716_id5110_femjuv (1).jpg;191
644;944;5110;MANDRILLS BKB_5110_20220716_id5110_femjuv (2).jpg;300
768;944;5110;MANDRILLS BKB_5110_20220716_id5110_femjuv (3).jpg;176
754;945;5110;MANDRILLS BKB_5110_20220717_id5110 (2).jpg;191
694;949;5110;MANDRILLS BKB_5110_20220721_id5110 (1).jpg;255
661;949;5110;MANDRILLS BKB_5110_20220721_id5110 (2).jpg;288
902;971;5110;MANDRILLS BKB_5110_20220812_id5110 (1).jpg;69
892;971;5110;MANDRILLS BKB_5110_20220812_id5110 (2).jpg;79
897;995;5110;MANDRILLS BKB_5110_20220905_id5110.jpg;98
1012;1041;5110;MANDRILLS BKB_5110_20221021_id5110 (1).jpg;29
852;1041;5110;MANDRILLS BKB_5110_20221021_id5110 (2).jpg;189
931;1041;5110;MANDRILLS BKB_5110_20221021_id5110.jpg;110
26;11;5139;MANDRILLS BKB_5139_20191231_id5139_malinf_(2).jpg;15
38;18;5139;MANDRILLS BKB_5139_20200107_id5139_malinf_(1).jpg;20
37;18;5139;MANDRILLS BKB_5139_20200107_id5139_malinf_(2).jpg;19
42;18;5139;MANDRILLS BKB_5139_20200107_id5139_malinf_(3).jpg;24
42;18;5139;MANDRILLS BKB_5139_20200107_id5139_malinf_(4).jpg;24
47;19;5139;MANDRILLS BKB_5139_20200108_id5139_malinf.jpg;28
78;81;5139;MANDRILLS BKB_5139_20200310_id5139_malinf_(1).jpg;3
93;81;5139;MANDRILLS BKB_5139_20200310_id5139_malinf_(2).jpg;12
78;81;5139;MANDRILLS BKB_5139_20200310_id5139_malinf_(3).jpg;3
101;102;5139;MANDRILLS BKB_5139_20200331_id5139_malinf_(1).jpg;1
95;102;5139;MANDRILLS BKB_5139_20200331_id5139_malinf_(2).jpg;7
107;102;5139;MANDRILLS BKB_5139_20200331_id5139_malinf_(3).jpg;5
103;102;5139;MANDRILLS BKB_5139_20200331_id5139_malinf_(4).jpg;1
123;138;5139;MANDRILLS BKB_5139_20200506_id5139_malinf_(1).jpg;15
149;138;5139;MANDRILLS BKB_5139_20200506_id5139_malinf_(2).jpg;11
153;138;5139;MANDRILLS BKB_5139_20200506_id5139_malinf_(3).jpg;15
150;138;5139;MANDRILLS BKB_5139_20200506_id5139_malinf_(4).jpg;12
168;138;5139;MANDRILLS BKB_5139_20200506_id5139_malinf_(5).jpg;30
176;138;5139;MANDRILLS BKB_5139_20200506_id5139_malinf_(6).jpg;38
226;305;5139;MANDRILLS BKB_5139_20201020_id5139_malinf.jpg;79
276;307;5139;MANDRILLS BKB_5139_20201022_id5139_malinf.jpg;31
305;314;5139;MANDRILLS BKB_5139_20201029_id5139_malinf_(1).jpg;9
261;314;5139;MANDRILLS BKB_5139_20201029_id5139_malinf_(2).jpg;53
298;319;5139;MANDRILLS BKB_5139_20201103_id5139_malinf_(1).jpg;21
281;319;5139;MANDRILLS BKB_5139_20201103_id5139_malinf_(2).jpg;38
272;319;5139;MANDRILLS BKB_5139_20201103_id5139_malinf_(3).jpg;47
327;319;5139;MANDRILLS BKB_5139_20201103_id5139_malinf_(4).jpg;8
295;319;5139;MANDRILLS BKB_5139_20201103_id5139_malinf_(5).jpg;24
319;340;5139;MANDRILLS BKB_5139_20201124_id5139_malinf.jpg;21
33;15;5168;MANDRILLS BKB_5168_20191231_id5168_malinf_(1).jpg;18
-7;15;5168;MANDRILLS BKB_5168_20191231_id5168_malinf_(2).jpg;22
27;23;5168;MANDRILLS BKB_5168_20200108_id5168_malinf_(1).jpg;4
30;23;5168;MANDRILLS BKB_5168_20200108_id5168_malinf_(2).jpg;7
19;23;5168;MANDRILLS BKB_5168_20200108_id5168_malinf_(3).jpg;4
49;23;5168;MANDRILLS BKB_5168_20200108_id5168_malinf_(4).jpg;26
126;141;5168;MANDRILLS BKB_5168_20200505_id5168_malinf.jpg;15
182;142;5168;MANDRILLS BKB_5168_20200506_id5168_malinf.jpg;40
437;307;5168;MANDRILLS BKB_5168_20201018_id5168_malinf_(1).jpg;130
395;307;5168;MANDRILLS BKB_5168_20201018_id5168_malinf_(2).jpg;88
314;311;5168;MANDRILLS BKB_5168_20201022_id5168_malinf_(1).jpg;3
255;311;5168;MANDRILLS BKB_5168_20201022_id5168_malinf_(10).jpg;56
282;311;5168;MANDRILLS BKB_5168_20201022_id5168_malinf_(2).jpg;29
347;311;5168;MANDRILLS BKB_5168_20201022_id5168_malinf_(3).jpg;36
317;311;5168;MANDRILLS BKB_5168_20201022_id5168_malinf_(4).jpg;6
329;311;5168;MANDRILLS BKB_5168_20201022_id5168_malinf_(5).jpg;18
332;311;5168;MANDRILLS BKB_5168_20201022_id5168_malinf_(6).jpg;21
437;311;5168;MANDRILLS BKB_5168_20201022_id5168_malinf_(7).jpg;126
355;311;5168;MANDRILLS BKB_5168_20201022_id5168_malinf_(8).jpg;44
390;311;5168;MANDRILLS BKB_5168_20201022_id5168_malinf_(9).jpg;79
354;318;5168;MANDRILLS BKB_5168_20201029_id5168_malinf_(1).jpg;36
268;318;5168;MANDRILLS BKB_5168_20201029_id5168_malinf_(2).jpg;50
293;318;5168;MANDRILLS BKB_5168_20201029_id5168_malinf_(3).jpg;25
296;318;5168;MANDRILLS BKB_5168_20201029_id5168_malinf_(4).jpg;22
332;318;5168;MANDRILLS BKB_5168_20201029_id5168_malinf_(5).jpg;14
313;318;5168;MANDRILLS BKB_5168_20201029_id5168_malinf_(6).jpg;5
338;318;5168;MANDRILLS BKB_5168_20201029_id5168_malinf_(7).jpg;20
284;318;5168;MANDRILLS BKB_5168_20201029_id5168_malinf_(8).jpg;34
330;318;5168;MANDRILLS BKB_5168_20201029_id5168_malinf_(9).jpg;12
421;326;5168;MANDRILLS BKB_5168_20201106_id5168_malinf_(1).jpg;95
383;326;5168;MANDRILLS BKB_5168_20201106_id5168_malinf_(2).jpg;57
416;326;5168;MANDRILLS BKB_5168_20201106_id5168_malinf_(3).jpg;90
367;326;5168;MANDRILLS BKB_5168_20201106_id5168_malinf_(4).jpg;41
417;326;5168;MANDRILLS BKB_5168_20201106_id5168_malinf_(5).jpg;91
314;326;5168;MANDRILLS BKB_5168_20201106_id5168_malinf_(6).jpg;12
333;326;5168;MANDRILLS BKB_5168_20201106_id5168_malinf_(7).jpg;7
410;326;5168;MANDRILLS BKB_5168_20201106_id5168_malinf_(8).jpg;84
372;330;5168;MANDRILLS BKB_5168_20201110_id5168_malinf.jpg;42
442;334;5168;MANDRILLS BKB_5168_20201114_id5168_malinf_(1).jpg;108
415;334;5168;MANDRILLS BKB_5168_20201114_id5168_malinf_(2).jpg;81
423;334;5168;MANDRILLS BKB_5168_20201114_id5168_malinf_(3).jpg;89
516;345;5168;MANDRILLS BKB_5168_20201125_id5168_maljuv.jpg;171
347;372;5168;MANDRILLS BKB_5168_20201222_id5168_maljuv.jpg;25
363;397;5168;MANDRILLS BKB_5168_20210116_id5168_maljuv_(1).jpg;34
482;397;5168;MANDRILLS BKB_5168_20210116_id5168_maljuv_(2).jpg;85
419;397;5168;MANDRILLS BKB_5168_20210116_id5168_maljuv_(3).jpg;22
460;402;5168;MANDRILLS BKB_5168_20210121_id5168_maljuv.jpg;58
664;406;5168;MANDRILLS BKB_5168_20210125_id5168_maljuv_(1).jpg;258
844;406;5168;MANDRILLS BKB_5168_20210125_id5168_maljuv_(2).jpg;438
513;409;5168;MANDRILLS BKB_5168_20210128_id5168_maljuv_(1).jpg;104
349;409;5168;MANDRILLS BKB_5168_20210128_id5168_maljuv_(2).jpg;60
254;409;5168;MANDRILLS BKB_5168_20210128_id5168_maljuv_(3).jpg;155
339;409;5168;MANDRILLS BKB_5168_20210128_id5168_maljuv_(4).jpg;70
433;409;5168;MANDRILLS BKB_5168_20210128_id5168_maljuv_(5).jpg;24
425;409;5168;MANDRILLS BKB_5168_20210128_id5168_maljuv_(6).jpg;16
353;409;5168;MANDRILLS BKB_5168_20210128_id5168_maljuv_(7).jpg;56
473;410;5168;MANDRILLS BKB_5168_20210129_id5168_maljuv.jpg;63
501;472;5168;MANDRILLS BKB_5168_20210401_id5168_maljuv_(1).jpg;29
454;472;5168;MANDRILLS BKB_5168_20210401_id5168_maljuv_(2).jpg;18
489;472;5168;MANDRILLS BKB_5168_20210401_id5168_maljuv_(3).jpg;17
599;493;5168;MANDRILLS BKB_5168_20210422_id5168_maljuv_(1).jpg;106
642;493;5168;MANDRILLS BKB_5168_20210422_id5168_maljuv_(2).jpg;149
506;493;5168;MANDRILLS BKB_5168_20210422_id5168_maljuv_(3).jpg;13
490;493;5168;MANDRILLS BKB_5168_20210422_id5168_maljuv_(4).jpg;3
456;493;5168;MANDRILLS BKB_5168_20210422_id5168_maljuv_(5).jpg;37
360;539;5168;MANDRILLS BKB_5168_20210607_id5168_maljuv_(1).jpg;179
440;539;5168;MANDRILLS BKB_5168_20210607_id5168_maljuv_(2).jpg;99
423;539;5168;MANDRILLS BKB_5168_20210607_id5168_maljuv_(3).jpg;116
444;648;5168;MANDRILLS BKB_5168_20210924_id5168_maljuv (1).jpg;204
668;648;5168;MANDRILLS BKB_5168_20210924_id5168_maljuv (2).jpg;20
695;778;5168;MANDRILLS BKB_5168_20220201_id5168_maljuv (1).jpg;83
683;778;5168;MANDRILLS BKB_5168_20220201_id5168_maljuv (2).jpg;95
741;778;5168;MANDRILLS BKB_5168_20220201_id5168_maljuv (3).jpg;37
707;778;5168;MANDRILLS BKB_5168_20220201_id5168_maljuv (4).jpg;71
953;793;5168;MANDRILLS BKB_5168_20220216_id5168_maljuv.jpg;160
777;812;5168;MANDRILLS BKB_5168_20220307_id5168_maljuv (1).jpg;35
904;812;5168;MANDRILLS BKB_5168_20220307_id5168_maljuv (2).jpg;92
736;812;5168;MANDRILLS BKB_5168_20220307_id5168_maljuv (3).jpg;76
795;832;5168;MANDRILLS BKB_5168_20220327_id5168_maljuv (1).jpg;37
846;832;5168;MANDRILLS BKB_5168_20220327_id5168_maljuv.jpg;14
904;835;5168;MANDRILLS BKB_5168_20220330_id5168 (1).jpg;69
813;835;5168;MANDRILLS BKB_5168_20220330_id5168 (2).jpg;22
935;892;5168;MANDRILLS BKB_5168_20220526_id5168_maljuv.jpg;43
678;930;5168;MANDRILLS BKB_5168_20220703_id5168.jpg;252
973;941;5168;MANDRILLS BKB_5168_20220714_id5168_maljuv.jpg;32
927;943;5168;MANDRILLS BKB_5168_20220716_id5168_maljuv (1).jpg;16
978;943;5168;MANDRILLS BKB_5168_20220716_id5168_maljuv (2).jpg;35
906;946;5168;MANDRILLS BKB_5168_20220719_id5168 (1).jpg;40
1018;946;5168;MANDRILLS BKB_5168_20220719_id5168.jpg;72
815;959;5168;MANDRILLS BKB_5168_20220801_id5168.jpg;144
1109;1024;5168;MANDRILLS BKB_5168_20221005_id5168 (1).jpg;85
927;1024;5168;MANDRILLS BKB_5168_20221005_id5168 (2).jpg;97
1068;1038;5168;MANDRILLS BKB_5168_20221019_id5168.jpg;30
986;1073;5168;MANDRILLS BKB_5168_20221123_id5168 (2).jpg;87
950;1073;5168;MANDRILLS BKB_5168_20221123_id5168 (3).jpg;123
1153;1075;5168;MANDRILLS BKB_5168_20221125_id5168.jpg;78
986;1080;5168;MANDRILLS BKB_5168_20221130_id5168.jpg;94
39;3;5174;MANDRILLS BKB_5174_20200107_id5174_malinf.jpg;36
10;8;5174;MANDRILLS BKB_5174_20200112_id5174_malinf_(1).jpg;2
-18;8;5174;MANDRILLS BKB_5174_20200112_id5174_malinf_(2).jpg;26
3;8;5174;MANDRILLS BKB_5174_20200112_id5174_malinf_(3).jpg;5
33;37;5174;MANDRILLS BKB_5174_20200210_id5174_malinf.jpg;4
52;37;5174;MANDRILLS BKB_5174_20200210_id5174_malinf_(1).jpg;15
52;37;5174;MANDRILLS BKB_5174_20200210_id5174_malinf_(1)_(2).jpg;15
77;37;5174;MANDRILLS BKB_5174_20200210_id5174_malinf_(2).jpg;40
46;37;5174;MANDRILLS BKB_5174_20200210_id5174_malinf_(3).jpg;9
52;60;5174;MANDRILLS BKB_5174_20200304_id5174_malinf_(1).jpg;8
61;60;5174;MANDRILLS BKB_5174_20200304_id5174_malinf_(2).jpg;1
138;87;5174;MANDRILLS BKB_5174_20200331_id5174_malinf.jpg;51
117;118;5174;MANDRILLS BKB_5174_20200501_id5174_malinf_(1).jpg;1
122;118;5174;MANDRILLS BKB_5174_20200501_id5174_malinf_(4).jpg;4
128;118;5174;MANDRILLS BKB_5174_20200501_id5174_malinf_(5).jpg;10
112;118;5174;MANDRILLS BKB_5174_20200501_id5174_malinf_(6).jpg;6
128;118;5174;MANDRILLS BKB_5174_20200501_id5174_malinf_(7).jpg;10
118;118;5174;MANDRILLS BKB_5174_20200501_id5174_malinf_(8).jpg;0
112;123;5174;MANDRILLS BKB_5174_20200506_id5174_malinf_(1).jpg;11
96;123;5174;MANDRILLS BKB_5174_20200506_id5174_malinf_(2).jpg;27
132;123;5174;MANDRILLS BKB_5174_20200506_id5174_malinf_(3).jpg;9
135;123;5174;MANDRILLS BKB_5174_20200506_id5174_malinf_(4).jpg;12
130;123;5174;MANDRILLS BKB_5174_20200506_id5174_malinf_(5).jpg;7
333;288;5174;MANDRILLS BKB_5174_20201018_id5174_malinf_(1).jpg;45
247;288;5174;MANDRILLS BKB_5174_20201018_id5174_malinf_(2).jpg;41
255;288;5174;MANDRILLS BKB_5174_20201018_id5174_malinf_(3).jpg;33
404;288;5174;MANDRILLS BKB_5174_20201018_id5174_malinf_(4).jpg;116
279;288;5174;MANDRILLS BKB_5174_20201018_id5174_malinf_(5).jpg;9
220;288;5174;MANDRILLS BKB_5174_20201018_id5174_malinf_(6).jpg;68
353;288;5174;MANDRILLS BKB_5174_20201018_id5174_malinf_(7).jpg;65
268;288;5174;MANDRILLS BKB_5174_20201018_id5174_malinf_(8).jpg;20
324;288;5174;MANDRILLS BKB_5174_20201018_id5174_malinf_(9).jpg;36
194;289;5174;MANDRILLS BKB_5174_20201019_id5174_malinf.jpg;95
280;290;5174;MANDRILLS BKB_5174_20201020_id5174_malinf.jpg;10
292;292;5174;MANDRILLS BKB_5174_20201022_id5174_malinf_(1).jpg;0
212;292;5174;MANDRILLS BKB_5174_20201022_id5174_malinf_(2).jpg;80
377;298;5174;MANDRILLS BKB_5174_20201028_id5174_malinf_(1).jpg;79
232;298;5174;MANDRILLS BKB_5174_20201028_id5174_malinf_(3).jpg;66
207;298;5174;MANDRILLS BKB_5174_20201028_id5174_malinf_(4).jpg;91
235;302;5174;MANDRILLS BKB_5174_20201101_id5174_malinf_(1).jpg;67
243;302;5174;MANDRILLS BKB_5174_20201101_id5174_malinf_(2).jpg;59
343;302;5174;MANDRILLS BKB_5174_20201101_id5174_malinf_(3).jpg;41
328;302;5174;MANDRILLS BKB_5174_20201101_id5174_malinf_(4).jpg;26
330;302;5174;MANDRILLS BKB_5174_20201101_id5174_malinf_(5).jpg;28
279;302;5174;MANDRILLS BKB_5174_20201101_id5174_malinf_(6).jpg;23
201;303;5174;MANDRILLS BKB_5174_20201102_id5174_malinf.jpg;102
307;344;5174;MANDRILLS BKB_5174_20201213_id5174_malinf_(1).jpg;37
274;344;5174;MANDRILLS BKB_5174_20201213_id5174_malinf_(2).jpg;70
315;346;5174;MANDRILLS BKB_5174_20201215_id5174_malinf.jpg;31
354;351;5174;MANDRILLS BKB_5174_20201220_id5174_malinf_(1).jpg;3
293;351;5174;MANDRILLS BKB_5174_20201220_id5174_malinf_(2).jpg;58
310;359;5174;MANDRILLS BKB_5174_20201228_id5174_malinf.jpg;49
259;361;5174;MANDRILLS BKB_5174_20201230_id5174_malinf_(1).jpg;102
373;361;5174;MANDRILLS BKB_5174_20201230_id5174_malinf_(2).jpg;12
300;361;5174;MANDRILLS BKB_5174_20201230_id5174_malinf_(3).jpg;61
279;361;5174;MANDRILLS BKB_5174_20201230_id5174_malinf_(4).jpg;82
221;361;5174;MANDRILLS BKB_5174_20201230_id5174_malinf_(5).jpg;140
396;362;5174;MANDRILLS BKB_5174_20201231_id5174_malinf.jpg;34
242;382;5174;MANDRILLS BKB_5174_20210120_id5174_maljuv_(1).jpg;140
291;382;5174;MANDRILLS BKB_5174_20210120_id5174_maljuv_(2).jpg;91
270;382;5174;MANDRILLS BKB_5174_20210120_id5174_maljuv_(3).jpg;112
478;398;5174;MANDRILLS BKB_5174_20210205_id5174_maljuv_(1).jpg;80
449;398;5174;MANDRILLS BKB_5174_20210205_id5174_maljuv_(2).jpg;51
352;398;5174;MANDRILLS BKB_5174_20210205_id5174_maljuv_(3).jpg;46
340;398;5174;MANDRILLS BKB_5174_20210205_id5174_maljuv_(4).jpg;58
322;398;5174;MANDRILLS BKB_5174_20210205_id5174_maljuv_(5).jpg;76
351;398;5174;MANDRILLS BKB_5174_20210205_id5174_maljuv_(6).jpg;47
262;398;5174;MANDRILLS BKB_5174_20210205_id5174_maljuv_(7).jpg;136
297;398;5174;MANDRILLS BKB_5174_20210205_id5174_maljuv_(8).jpg;101
356;398;5174;MANDRILLS BKB_5174_20210205_id5174_maljuv_(9).jpg;42
309;402;5174;MANDRILLS BKB_5174_20210209_id5174_maljuv.jpg;93
483;457;5174;MANDRILLS BKB_5174_20210405_id5174_maljuv_(1).jpg;26
459;457;5174;MANDRILLS BKB_5174_20210405_id5174_maljuv_(2).jpg;2
419;471;5174;MANDRILLS BKB_5174_20210419_id5174_maljuv.jpg;52
368;641;5174;MANDRILLS BKB_5174_20211006_id5174_maljuv.jpg;273
571;701;5174;MANDRILLS BKB_5174_20211205_id5174_maljuv.jpg;130
655;709;5174;MANDRILLS BKB_5174_20211213_id5174_maljuv.jpg;54
759;773;5174;MANDRILLS BKB_5174_20220215_id5174_maljuv.jpg;14
818;779;5174;MANDRILLS BKB_5174_20220221_id5174_maljuv.jpg;39
729;797;5174;MANDRILLS BKB_5174_20220311_id5174_maljuv (1).jpg;68
770;797;5174;MANDRILLS BKB_5174_20220311_id5174_maljuv (2).jpg;27
683;827;5174;MANDRILLS BKB_5174_20220410_id5174_maljuv (1).jpg;144
839;827;5174;MANDRILLS BKB_5174_20220410_id5174_maljuv (3).jpg;12
733;827;5174;MANDRILLS BKB_5174_20220410_id5174_maljuv.jpg;94
754;856;5174;MANDRILLS BKB_5174_20220509_id5174_maljuv (1).jpg;102
734;856;5174;MANDRILLS BKB_5174_20220509_id5174_maljuv (2).jpg;122
839;901;5174;MANDRILLS BKB_5174_20220623_id5174_maljuv(4).jpg;62
689;911;5174;MANDRILLS BKB_5174_20220703_id5174 (1).jpg;222
573;911;5174;MANDRILLS BKB_5174_20220703_id5174 (2).jpg;338
764;924;5174;MANDRILLS BKB_5174_20220716_id5174_maljuv.jpg;160
986;965;5174;MANDRILLS BKB_5174_20220826_id5174.jpg;21
1205;969;5174;MANDRILLS BKB_5174_20220830_id5174 (1).jpg;236
862;969;5174;MANDRILLS BKB_5174_20220830_id5174 (2).jpg;107
721;969;5174;MANDRILLS BKB_5174_20220830_id5174 (3).jpg;248
931;974;5174;MANDRILLS BKB_5174_20220904_id5174 (1).jpg;43
919;974;5174;MANDRILLS BKB_5174_20220904_id5174 (2).jpg;55
1009;1005;5174;MANDRILLS BKB_5174_20221005_id5174.jpg;4
949;1022;5174;MANDRILLS BKB_5174_20221022_id5174.jpg;73
707;1030;5174;MANDRILLS BKB_5174_20221030_id5174.jpg;323
1079;1054;5174;MANDRILLS BKB_5174_20221123_id5174.jpg;25
1186;1061;5174;MANDRILLS BKB_5174_20221130_id5174.jpg;125
1042;1070;5174;MANDRILLS BKB_5174_20221209_id5174.jpg;28
1262;1079;5174;MANDRILLS BKB_5174_20221218_id5174.jpg;183
6229;4048;56;MANDRILLS BKB_56_20120301_id56_femaduDROITE_(1)_ORIGINAL.jpg;2181
4685;4048;56;MANDRILLS BKB_56_20120301_id56_femaduDROITE_(5)_ORIGINAL.jpg;637
5349;4048;56;MANDRILLS BKB_56_20120301_id56_femadu_(26)_ORIGINAL.jpg;1301
6265;4048;56;MANDRILLS BKB_56_20120301_id56_femadu_(27)_ORIGINAL.jpg;2217
6235;4048;56;MANDRILLS BKB_56_20120301_id56_femadu_(28)_ORIGINAL.jpg;2187
5913;4048;56;MANDRILLS BKB_56_20120301_id56_femadu_(30)_ORIGINAL.jpg;1865
5018;4048;56;MANDRILLS BKB_56_20120301_id56_femadu_(31)_ORIGINAL.jpg;970
4847;4048;56;MANDRILLS BKB_56_20120301_id56_femadu_(32)_ORIGINAL.jpg;799
6402;4048;56;MANDRILLS BKB_56_20120301_id56_femadu_(33)_ORIGINAL.jpg;2354
5679;4048;56;MANDRILLS BKB_56_20120301_id56_femadu_(35)_ORIGINAL.jpg;1631
5721;4048;56;MANDRILLS BKB_56_20120301_id56_femadu_(36)_ORIGINAL.jpg;1673
6228;4048;56;MANDRILLS BKB_56_20120301_id56_femadu_(37)_ORIGINAL.jpg;2180
4979;4048;56;MANDRILLS BKB_56_20120301_id56_femadu_(40)_ORIGINAL.jpg;931
6143;4048;56;MANDRILLS BKB_56_20120301_id56_femadu_(41)_ORIGINAL.jpg;2095
5075;4048;56;MANDRILLS BKB_56_20120301_id56_femadu_(42)_ORIGINAL.jpg;1027
5034;4048;56;MANDRILLS BKB_56_20120301_id56_femadu_(45)_ORIGINAL.jpg;986
5593;4048;56;MANDRILLS BKB_56_20120301_id56_femadu_(46)_ORIGINAL.jpg;1545
6727;4081;56;MANDRILLS BKB_56_20120403_id56_femaduDEVANT_(1)_ORIGINAL.jpg;2646
6384;4081;56;MANDRILLS BKB_56_20120403_id56_femaduDEVANT_(2)_ORIGINAL.jpg;2303
6816;4081;56;MANDRILLS BKB_56_20120403_id56_femaduDEVANT_(3)_ORIGINAL.jpg;2735
6924;4081;56;MANDRILLS BKB_56_20120403_id56_femaduDEVANT_(4)_ORIGINAL.jpg;2843
6781;4081;56;MANDRILLS BKB_56_20120403_id56_femaduDEVANT_(5)_ORIGINAL.jpg;2700
6583;4081;56;MANDRILLS BKB_56_20120403_id56_femaduGAUCHE_ORIGINAL.jpg;2502
6739;4081;56;MANDRILLS BKB_56_20120403_id56_femadu_(6)_ORIGINAL.jpg;2658
6903;4081;56;MANDRILLS BKB_56_20120403_id56_femadu_(7)_ORIGINAL.jpg;2822
6451;4081;56;MANDRILLS BKB_56_20120403_id56_femadu_ORIGINAL.jpg;2370
3915;4253;56;MANDRILLS BKB_56_20120922_id56_femadu_(1)_ORIGINAL.jpg;338
5903;4907;56;MANDRILLS BKB_56_20140708_id56_femadu_(2)_ORIGINAL.jpg;996
6316;4907;56;MANDRILLS BKB_56_20140708_id56_femadu_(3)_ORIGINAL.jpg;1409
5929;4954;56;MANDRILLS BKB_56_20140824_id56_femadu_(1)_ORIGINAL.jpg;975
6097;4954;56;MANDRILLS BKB_56_20140824_id56_femadu_(2)_ORIGINAL.jpg;1143
6170;5227;56;MANDRILLS BKB_56_20150524_id56_femadu_ORIGINAL.jpg;943
5384;5943;56;MANDRILLS BKB_56_20170509_id56_femadu_(13)_ORIGINAL.jpg;559
5645;5943;56;MANDRILLS BKB_56_20170509_id56_femadu_(14)_ORIGINAL.jpg;298
5834;5943;56;MANDRILLS BKB_56_20170509_id56_femadu_(15)_ORIGINAL.jpg;109
5965;5943;56;MANDRILLS BKB_56_20170509_id56_femadu_(16)_ORIGINAL.jpg;22
5721;5943;56;MANDRILLS BKB_56_20170509_id56_femadu_(17)_ORIGINAL.jpg;222
6211;5943;56;MANDRILLS BKB_56_20170509_id56_femadu_(19)_ORIGINAL.jpg;268
5660;5943;56;MANDRILLS BKB_56_20170509_id56_femadu_(2)_ORIGINAL.jpg;283
5844;5943;56;MANDRILLS BKB_56_20170509_id56_femadu_(21)_ORIGINAL.jpg;99
5729;5943;56;MANDRILLS BKB_56_20170509_id56_femadu_(22)_ORIGINAL.jpg;214
5924;5943;56;MANDRILLS BKB_56_20170509_id56_femadu_(23)_ORIGINAL.jpg;19
6150;5943;56;MANDRILLS BKB_56_20170509_id56_femadu_(26)_ORIGINAL.jpg;207
6183;5943;56;MANDRILLS BKB_56_20170509_id56_femadu_(27)_ORIGINAL.jpg;240
6096;5943;56;MANDRILLS BKB_56_20170509_id56_femadu_(28)_ORIGINAL.jpg;153
5785;5943;56;MANDRILLS BKB_56_20170509_id56_femadu_(29)_ORIGINAL.jpg;158
6254;5943;56;MANDRILLS BKB_56_20170509_id56_femadu_(3)_ORIGINAL.jpg;311
5350;5943;56;MANDRILLS BKB_56_20170509_id56_femadu_(30)_ORIGINAL.jpg;593
5608;5943;56;MANDRILLS BKB_56_20170509_id56_femadu_(32)_ORIGINAL.jpg;335
5207;5943;56;MANDRILLS BKB_56_20170509_id56_femadu_(33)_ORIGINAL.jpg;736
5250;5943;56;MANDRILLS BKB_56_20170509_id56_femadu_(34)_ORIGINAL.jpg;693
4800;5943;56;MANDRILLS BKB_56_20170509_id56_femadu_(36)_ORIGINAL.jpg;1143
5346;5943;56;MANDRILLS BKB_56_20170509_id56_femadu_(39)_ORIGINAL.jpg;597
5068;5943;56;MANDRILLS BKB_56_20170509_id56_femadu_(40)_ORIGINAL.jpg;875
5106;5943;56;MANDRILLS BKB_56_20170509_id56_femadu_(41)_ORIGINAL.jpg;837
5234;5943;56;MANDRILLS BKB_56_20170509_id56_femadu_(42)_ORIGINAL.jpg;709
5634;5943;56;MANDRILLS BKB_56_20170509_id56_femadu_(43)_ORIGINAL.jpg;309
5776;5943;56;MANDRILLS BKB_56_20170509_id56_femadu_(46)_ORIGINAL.jpg;167
6059;5943;56;MANDRILLS BKB_56_20170509_id56_femadu_(47)_ORIGINAL.jpg;116
6165;5943;56;MANDRILLS BKB_56_20170509_id56_femadu_(49)_ORIGINAL.jpg;222
6791;5943;56;MANDRILLS BKB_56_20170509_id56_femadu_(50)_ORIGINAL.jpg;848
6002;5943;56;MANDRILLS BKB_56_20170509_id56_femadu_(6)_ORIGINAL.jpg;59
6037;5943;56;MANDRILLS BKB_56_20170509_id56_femadu_(7)_ORIGINAL.jpg;94
5998;5943;56;MANDRILLS BKB_56_20170509_id56_femadu_(8)_ORIGINAL.jpg;55
5950;5946;56;MANDRILLS BKB_56_20170512_id56_femadu_(1)_ORIGINAL.jpg;4
6184;5946;56;MANDRILLS BKB_56_20170512_id56_femadu_(2)_ORIGINAL.jpg;238
6375;5946;56;MANDRILLS BKB_56_20170512_id56_femadu_(3)_ORIGINAL.jpg;429
6251;5946;56;MANDRILLS BKB_56_20170512_id56_femadu_(4)_ORIGINAL.jpg;305
6220;5946;56;MANDRILLS BKB_56_20170512_id56_femadu_(6)_ORIGINAL.jpg;274
5250;5946;56;MANDRILLS BKB_56_20170512_id56_femadu_(7)_ORIGINAL.jpg;696
6276;5946;56;MANDRILLS BKB_56_20170512_id56_femadu_(8)_ORIGINAL.jpg;330
5379;5946;56;MANDRILLS BKB_56_20170512_id56_femadu_(9)_ORIGINAL.jpg;567
5860;5946;56;MANDRILLS BKB_56_20170512_id56_femadu_ORIGINAL.jpg;86
6503;6352;56;MANDRILLS BKB_56_20180622_id56_femadu_(1)_ORIGINAL.jpg;151
6172;6352;56;MANDRILLS BKB_56_20180622_id56_femadu_(10)_ORIGINAL.jpg;180
6551;6352;56;MANDRILLS BKB_56_20180622_id56_femadu_(11)_ORIGINAL.jpg;199
6160;6352;56;MANDRILLS BKB_56_20180622_id56_femadu_(12)_ORIGINAL.jpg;192
6216;6352;56;MANDRILLS BKB_56_20180622_id56_femadu_(13)_ORIGINAL.jpg;136
6322;6352;56;MANDRILLS BKB_56_20180622_id56_femadu_(14)_ORIGINAL.jpg;30
6010;6352;56;MANDRILLS BKB_56_20180622_id56_femadu_(15)_ORIGINAL.jpg;342
6077;6352;56;MANDRILLS BKB_56_20180622_id56_femadu_(16)_ORIGINAL.jpg;275
6077;6352;56;MANDRILLS BKB_56_20180622_id56_femadu_(17)_ORIGINAL.jpg;275
6062;6352;56;MANDRILLS BKB_56_20180622_id56_femadu_(18)_ORIGINAL.jpg;290
5898;6352;56;MANDRILLS BKB_56_20180622_id56_femadu_(19)_ORIGINAL.jpg;454
6389;6352;56;MANDRILLS BKB_56_20180622_id56_femadu_(2)_ORIGINAL.jpg;37
5815;6352;56;MANDRILLS BKB_56_20180622_id56_femadu_(20)_ORIGINAL.jpg;537
6014;6352;56;MANDRILLS BKB_56_20180622_id56_femadu_(22)_ORIGINAL.jpg;338
5955;6352;56;MANDRILLS BKB_56_20180622_id56_femadu_(23)_ORIGINAL.jpg;397
6053;6352;56;MANDRILLS BKB_56_20180622_id56_femadu_(24)_ORIGINAL.jpg;299
6589;6352;56;MANDRILLS BKB_56_20180622_id56_femadu_(3)_ORIGINAL.jpg;237
6605;6352;56;MANDRILLS BKB_56_20180622_id56_femadu_(4)_ORIGINAL.jpg;253
6641;6352;56;MANDRILLS BKB_56_20180622_id56_femadu_(7)_ORIGINAL.jpg;289
6506;6352;56;MANDRILLS BKB_56_20180622_id56_femadu_(8)_ORIGINAL.jpg;154
6004;6352;56;MANDRILLS BKB_56_20180622_id56_femadu_(9)_ORIGINAL.jpg;348
6397;6355;56;MANDRILLS BKB_56_20180625_id56_femaduMINI_(1)_ORIGINAL.jpg;42
5557;6355;56;MANDRILLS BKB_56_20180625_id56_femaduMINI_(3)_ORIGINAL.jpg;798
6238;6355;56;MANDRILLS BKB_56_20180625_id56_femaduMINI_(4)_ORIGINAL.jpg;117
5693;6355;56;MANDRILLS BKB_56_20180625_id56_femaduMINI_(5)_ORIGINAL.jpg;662
6481;6357;56;MANDRILLS BKB_56_20180627_id56_femadu_(1)_ORIGINAL.jpg;124
6200;6357;56;MANDRILLS BKB_56_20180627_id56_femadu_(2)_ORIGINAL.jpg;157
6103;6359;56;MANDRILLS BKB_56_20180629_id56_femadu_ORIGINAL.jpg;256
6044;6367;56;MANDRILLS BKB_56_20180707_id56_femadu_(1)_ORIGINAL.jpg;323
5997;6367;56;MANDRILLS BKB_56_20180707_id56_femadu_(10)_ORIGINAL.jpg;370
5856;6367;56;MANDRILLS BKB_56_20180707_id56_femadu_(13)_ORIGINAL.jpg;511
5834;6367;56;MANDRILLS BKB_56_20180707_id56_femadu_(14)_ORIGINAL.jpg;533
5945;6367;56;MANDRILLS BKB_56_20180707_id56_femadu_(15)_ORIGINAL.jpg;422
5584;6367;56;MANDRILLS BKB_56_20180707_id56_femadu_(16)_ORIGINAL.jpg;783
5708;6367;56;MANDRILLS BKB_56_20180707_id56_femadu_(17)_ORIGINAL.jpg;659
5946;6367;56;MANDRILLS BKB_56_20180707_id56_femadu_(18)_ORIGINAL.jpg;421
5444;6367;56;MANDRILLS BKB_56_20180707_id56_femadu_(19)_ORIGINAL.jpg;923
5930;6367;56;MANDRILLS BKB_56_20180707_id56_femadu_(2)_ORIGINAL.jpg;437
5827;6367;56;MANDRILLS BKB_56_20180707_id56_femadu_(20)_ORIGINAL.jpg;540
5908;6367;56;MANDRILLS BKB_56_20180707_id56_femadu_(21)_ORIGINAL.jpg;459
5266;6367;56;MANDRILLS BKB_56_20180707_id56_femadu_(22)_ORIGINAL.jpg;1101
5437;6367;56;MANDRILLS BKB_56_20180707_id56_femadu_(23)_ORIGINAL.jpg;930
5888;6367;56;MANDRILLS BKB_56_20180707_id56_femadu_(24)_ORIGINAL.jpg;479
6322;6367;56;MANDRILLS BKB_56_20180707_id56_femadu_(3)_ORIGINAL.jpg;45
5528;6367;56;MANDRILLS BKB_56_20180707_id56_femadu_(4)_ORIGINAL.jpg;839
5238;6367;56;MANDRILLS BKB_56_20180707_id56_femadu_(5)_ORIGINAL.jpg;1129
6371;6367;56;MANDRILLS BKB_56_20180707_id56_femadu_(6)_ORIGINAL.jpg;4
6277;6367;56;MANDRILLS BKB_56_20180707_id56_femadu_(7)_ORIGINAL.jpg;90
5489;6367;56;MANDRILLS BKB_56_20180707_id56_femadu_(8)_ORIGINAL.jpg;878
5916;6367;56;MANDRILLS BKB_56_20180707_id56_femadu_(9)_ORIGINAL.jpg;451
6112;6378;56;MANDRILLS BKB_56_20180718_id56_femadu_(1)_ORIGINAL.jpg;266
5615;6378;56;MANDRILLS BKB_56_20180718_id56_femadu_(2)_ORIGINAL.jpg;763
6122;6378;56;MANDRILLS BKB_56_20180718_id56_femadu_(3)_ORIGINAL.jpg;256
5868;6507;56;MANDRILLS BKB_56_20181124_id56_femadu_(1)_ORIGINAL.jpg;639
6446;6507;56;MANDRILLS BKB_56_20181124_id56_femadu_(10)_ORIGINAL.jpg;61
6055;6507;56;MANDRILLS BKB_56_20181124_id56_femadu_(12)_ORIGINAL.jpg;452
6195;6507;56;MANDRILLS BKB_56_20181124_id56_femadu_(17)_ORIGINAL.jpg;312
5874;6507;56;MANDRILLS BKB_56_20181124_id56_femadu_(3)_ORIGINAL.jpg;633
5817;6507;56;MANDRILLS BKB_56_20181124_id56_femadu_(4)_ORIGINAL.jpg;690
5488;6507;56;MANDRILLS BKB_56_20181124_id56_femadu_(5)_ORIGINAL.jpg;1019
5542;6507;56;MANDRILLS BKB_56_20181124_id56_femadu_(6)_ORIGINAL.jpg;965
5691;6507;56;MANDRILLS BKB_56_20181124_id56_femadu_(7)_ORIGINAL.jpg;816
5582;6507;56;MANDRILLS BKB_56_20181124_id56_femadu_(8)_ORIGINAL.jpg;925
5698;6507;56;MANDRILLS BKB_56_20181124_id56_femadu_(9)_ORIGINAL.jpg;809
6277;6620;56;MANDRILLS BKB_56_20190317_id56_femadu_GAUCHE_(1).jpg;343
5977;6620;56;MANDRILLS BKB_56_20190317_id56_femadu_GAUCHE_(2).jpg;643
6187;6620;56;MANDRILLS BKB_56_20190317_id56_femadu_GAUCHE_(3).jpg;433
6377;6620;56;MANDRILLS BKB_56_20190317_id56_femadu_GAUCHE_(5).jpg;243
5860;6620;56;MANDRILLS BKB_56_20190317_id56_femadu_GAUCHE_(6).jpg;760
6697;6622;56;MANDRILLS BKB_56_20190319_id56_femadu_(1).jpg;75
6715;6622;56;MANDRILLS BKB_56_20190319_id56_femadu_(2).jpg;93
6317;6622;56;MANDRILLS BKB_56_20190319_id56_femadu_(3).jpg;305
6494;6761;56;MANDRILLS BKB_56_20190805_id56_femadu_(5).jpg;267
6212;6774;56;MANDRILLS BKB_56_20190818_id56_femadu_(1).jpg;562
6875;6796;56;MANDRILLS BKB_56_20190909_id56_femadu_(1).jpg;79
6412;6796;56;MANDRILLS BKB_56_20190909_id56_femadu_(2).jpg;384
6692;6796;56;MANDRILLS BKB_56_20190909_id56_femadu_(3).jpg;104
5771;6798;56;MANDRILLS BKB_56_20190911_id56_femadu_(1).jpg;1027
7026;6798;56;MANDRILLS BKB_56_20190911_id56_femadu_(3).jpg;228
6465;6798;56;MANDRILLS BKB_56_20190911_id56_femadu_(4).jpg;333
6458;6798;56;MANDRILLS BKB_56_20190911_id56_femadu_(8).jpg;340
6850;6862;56;MANDRILLS BKB_56_20191114_id56_femadu.jpg;12
6288;6893;56;MANDRILLS BKB_56_20191215_id56_femadu.jpg;605
6512;6893;56;MANDRILLS BKB_56_20191215_id56_femadu_(2).jpg;381
6472;7201;56;MANDRILLS BKB_56_20201018_id56_femadu_(2).jpg;729
6938;7201;56;MANDRILLS BKB_56_20201018_id56_femadu_(5).jpg;263
6539;7201;56;MANDRILLS BKB_56_20201018_id56_femadu_(6).jpg;662
7073;7202;56;MANDRILLS BKB_56_20201019_id56_femadu_(1).jpg;129
6755;7202;56;MANDRILLS BKB_56_20201019_id56_femadu_(2).jpg;447
6597;7202;56;MANDRILLS BKB_56_20201019_id56_femadu_(3).jpg;605
6983;7202;56;MANDRILLS BKB_56_20201019_id56_femadu_(5).jpg;219
7094;7202;56;MANDRILLS BKB_56_20201019_id56_femadu_(6).jpg;108
7140;7205;56;MANDRILLS BKB_56_20201022_id56_femadu_(1).jpg;65
6873;7205;56;MANDRILLS BKB_56_20201022_id56_femadu_(2).jpg;332
6814;7205;56;MANDRILLS BKB_56_20201022_id56_femadu_(3).jpg;391
6614;7211;56;MANDRILLS BKB_56_20201028_id56_femadu.jpg;597
6215;7221;56;MANDRILLS BKB_56_20201107_id56_femadu.jpg;1006
6546;7235;56;MANDRILLS BKB_56_20201121_id56_femadu_(2).jpg;689
6703;7235;56;MANDRILLS BKB_56_20201121_id56_femadu_(3).jpg;532
6987;7235;56;MANDRILLS BKB_56_20201121_id56_femadu_(4).jpg;248
7035;7235;56;MANDRILLS BKB_56_20201121_id56_femadu_(5).jpg;200
6916;7235;56;MANDRILLS BKB_56_20201121_id56_femadu_(6).jpg;319
6795;7239;56;MANDRILLS BKB_56_20201125_id56_femadu_(1).jpg;444
6218;7239;56;MANDRILLS BKB_56_20201125_id56_femadu_(2).jpg;1021
6543;7260;56;MANDRILLS BKB_56_20201216_id56_femadu_(1).jpg;717
6679;7260;56;MANDRILLS BKB_56_20201216_id56_femadu_(2).jpg;581
6654;7260;56;MANDRILLS BKB_56_20201216_id56_femadu_(3).jpg;606
6879;7260;56;MANDRILLS BKB_56_20201216_id56_femadu_(4).jpg;381
6549;7260;56;MANDRILLS BKB_56_20201216_id56_femadu_(5).jpg;711
6909;7275;56;MANDRILLS BKB_56_20201231_id56_femadu_(1).jpg;366
6630;7275;56;MANDRILLS BKB_56_20201231_id56_femadu_(2).jpg;645
6990;7275;56;MANDRILLS BKB_56_20201231_id56_femadu_(3).jpg;285
6908;7275;56;MANDRILLS BKB_56_20201231_id56_femadu_(4).jpg;367
7109;7275;56;MANDRILLS BKB_56_20201231_id56_femadu_(5).jpg;166
6606;7275;56;MANDRILLS BKB_56_20201231_id56_femadu_(6).jpg;669
6613;7304;56;MANDRILLS BKB_56_20210129_id56_femadu_(1).jpg;691
6540;7304;56;MANDRILLS BKB_56_20210129_id56_femadu_(2).jpg;764
6534;7304;56;MANDRILLS BKB_56_20210129_id56_femadu_(3).jpg;770
6815;7304;56;MANDRILLS BKB_56_20210129_id56_femadu_(4).jpg;489
6948;7323;56;MANDRILLS BKB_56_20210217_id56_femadu_(2).jpg;375
6691;7323;56;MANDRILLS BKB_56_20210217_id56_femadu_(3).jpg;632
6879;7363;56;MANDRILLS BKB_56_20210329_id56_femadu.jpg;484
7032;7388;56;MANDRILLS BKB_56_20210423_id56_femadu.jpg;356
6791;7516;56;MANDRILLS BKB_56_20210829_id56_femadu.jpg;725
6959;7534;56;MANDRILLS BKB_56_20210916_id56_femadu.jpg;575
6707;7535;56;MANDRILLS BKB_56_20210917_id56_femadu.jpg;828
6954;7537;56;MANDRILLS BKB_56_20210919_id56_femadu (1).jpg;583
6799;7537;56;MANDRILLS BKB_56_20210919_id56_femadu (2).jpg;738
6545;7541;56;MANDRILLS BKB_56_20210923_id56_femadu.jpg;996
6786;7564;56;MANDRILLS BKB_56_20211016_id56_femadu_(2).jpg;778
7162;7564;56;MANDRILLS BKB_56_20211016_id56_femadu_(3).jpg;402
6641;7565;56;MANDRILLS BKB_56_20211017_id56_femadu.jpg;924
6750;7568;56;MANDRILLS BKB_56_20211020_id56_femadu.jpg;818
6349;7581;56;MANDRILLS BKB_56_20211102_id56_femadu_(1).jpg;1232
6795;7581;56;MANDRILLS BKB_56_20211102_id56_femadu_(2).jpg;786
6561;7605;56;MANDRILLS BKB_56_20211126_56_femadu.jpg;1044
6419;7606;56;MANDRILLS BKB_56_20211127_56_femadu.jpg;1187
6775;7625;56;MANDRILLS BKB_56_20211216_ID56_femadu.jpg;850
6903;7628;56;MANDRILLS BKB_56_20211219_id56_femadu.jpg;725
6539;7635;56;MANDRILLS BKB_56_20211226_id56_femadu_(1).jpg;1096
6846;7635;56;MANDRILLS BKB_56_20211226_id56_femadu_(2).jpg;789
6524;7635;56;MANDRILLS BKB_56_20211226_id56_femadu_(3).jpg;1111
7196;7635;56;MANDRILLS BKB_56_20211226_id56_femadu_(5).jpg;439
7006;7635;56;MANDRILLS BKB_56_20211226_id56_femadu_(6).jpg;629
6960;7635;56;MANDRILLS BKB_56_20211226_id56_femadu_(7).jpg;675
6871;7635;56;MANDRILLS BKB_56_20211226_id56_femadu_(8).jpg;764
7011;7708;56;MANDRILLS BKB_56_20220309_id56_femadu (1).jpg;697
6989;7708;56;MANDRILLS BKB_56_20220309_id56_femadu (2).jpg;719
6905;7708;56;MANDRILLS BKB_56_20220309_id56_femadu (3).jpg;803
6983;7740;56;MANDRILLS BKB_56_20220410_id56_femadu (1).jpg;757
6770;7740;56;MANDRILLS BKB_56_20220410_id56_femadu (2).jpg;970
6705;7754;56;MANDRILLS BKB_56_20220424_id56_femadu (1).jpg;1049
6494;7754;56;MANDRILLS BKB_56_20220424_id56_femadu (2).jpg;1260
6586;7756;56;MANDRILLS BKB_56_20220426_id56_femadu.jpg;1170
7096;7763;56;MANDRILLS BKB_56_20220503_id56_femadu (1).jpg;667
7094;7763;56;MANDRILLS BKB_56_20220503_id56_femadu (2).jpg;669
7213;7789;56;MANDRILLS BKB_56_20220529_id56_femadu.jpg;576
7029;7808;56;MANDRILLS BKB_56_20220617_id56_femadu.jpg;779
6768;7820;56;MANDRILLS BKB_56_20220629_id56.jpg;1052
7057;7832;56;MANDRILLS BKB_56_20220711_id56 (2).jpg;775
7126;7832;56;MANDRILLS BKB_56_20220711_id56 (4).jpg;706
7128;7832;56;MANDRILLS BKB_56_20220711_id56 (5).jpg;704
7191;7832;56;MANDRILLS BKB_56_20220711_id56.jpg;641
5965;7833;56;MANDRILLS BKB_56_20220712_id56.jpg;1868
7093;7835;56;MANDRILLS BKB_56_20220714_id56_femadu (1).jpg;742
7164;7835;56;MANDRILLS BKB_56_20220714_id56_femadu (2).jpg;671
6931;7838;56;MANDRILLS BKB_56_20220717_id56 (1).jpg;907
6559;7838;56;MANDRILLS BKB_56_20220717_id56 (2).jpg;1279
7333;7847;56;MANDRILLS BKB_56_20220726_id56.jpg;514
7070;7870;56;MANDRILLS BKB_56_20220818_id56.jpg;800
6962;7875;56;MANDRILLS BKB_56_20220823_id56 (3).jpg;913
7281;7875;56;MANDRILLS BKB_56_20220823_id56 (4).jpg;594
6418;7875;56;MANDRILLS BKB_56_20220823_id56 (5).jpg;1457
7284;7875;56;MANDRILLS BKB_56_20220823_id56.jpg;591
7050;7878;56;MANDRILLS BKB_56_20220826_id56.jpg;828
7051;7879;56;MANDRILLS BKB_56_20220827_id56.jpg;828
6970;7887;56;MANDRILLS BKB_56_20220904_id56.jpg;917
7198;7888;56;MANDRILLS BKB_56_20220905_id56.jpg;690
7254;7895;56;MANDRILLS BKB_56_20220912_id56.jpg;641
7153;7901;56;MANDRILLS BKB_56_20220918_id56.jpg;748
7287;7904;56;MANDRILLS BKB_56_20220921_id56.jpg;617
6774;7909;56;MANDRILLS BKB_56_20220926_id56.jpg;1135
6890;7932;56;MANDRILLS BKB_56_20221019_id56.jpg;1042
7471;7940;56;MANDRILLS BKB_56_20221027_id56.jpg;469
7061;7965;56;MANDRILLS BKB_56_20221121_id56.jpg;904
6990;7969;56;MANDRILLS BKB_56_20221125_id56 (1).jpg;979
7373;7983;56;MANDRILLS BKB_56_20221209_ID56.jpg;610
7212;7986;56;MANDRILLS BKB_56_20221212_id56 (2).jpg;774
7343;7986;56;MANDRILLS BKB_56_20221212_id56.jpg;643
7305;7995;56;MANDRILLS BKB_56_20221221_id56.jpg;690
6978;7998;56;MANDRILLS BKB_56_20221224_id56.jpg;1020
76;62;6006;MANDRILLS BKB_6006_20210721_id6006_feminf_(1).jpg;14
76;62;6006;MANDRILLS BKB_6006_20210721_id6006_feminf_(2).jpg;14
121;129;6006;MANDRILLS BKB_6006_20210926_id6006_feminf (1).jpg;8
100;129;6006;MANDRILLS BKB_6006_20210926_id6006_feminf (2).jpg;29
100;138;6006;MANDRILLS BKB_6006_20211005_id6006_feminf_(1).jpg;38
145;138;6006;MANDRILLS BKB_6006_20211005_id6006_feminf_(2).jpg;7
136;138;6006;MANDRILLS BKB_6006_20211005_id6006_feminf_(3).jpg;2
102;138;6006;MANDRILLS BKB_6006_20211005_id6006_feminf_(4).jpg;36
125;138;6006;MANDRILLS BKB_6006_20211005_id6006_feminf_(5).jpg;13
216;183;6006;MANDRILLS BKB_6006_20211119_id6006_feminf_(2).jpg;33
302;257;6006;MANDRILLS BKB_6006_20220201_id6006_feminf (1).jpg;45
275;257;6006;MANDRILLS BKB_6006_20220201_id6006_feminf (2).jpg;18
248;257;6006;MANDRILLS BKB_6006_20220201_id6006_feminf (3).jpg;9
234;264;6006;MANDRILLS BKB_6006_20220208_id6006_feminf (1).jpg;30
248;264;6006;MANDRILLS BKB_6006_20220208_id6006_feminf (2).jpg;16
252;272;6006;MANDRILLS BKB_6006_20220216_id6006_feminf.jpg;20
288;291;6006;MANDRILLS BKB_6006_20220307_id6006_feminf.jpg;3
318;361;6006;MANDRILLS BKB_6006_20220516_id6006_feminf.jpg;43
374;369;6006;MANDRILLS BKB_6006_20220524_id6006_femjuv (1).jpg;5
385;369;6006;MANDRILLS BKB_6006_20220524_id6006_femjuv (2).jpg;16
290;369;6006;MANDRILLS BKB_6006_20220524_id6006_femjuv (3).jpg;79
367;372;6006;MANDRILLS BKB_6006_20220527_id6006_femjuv.jpg;5
300;378;6006;MANDRILLS BKB_6006_20220602_id6006_femadu.jpg;78
293;378;6006;MANDRILLS BKB_6006_20220602_id6006_femjuv (3).jpg;85
307;378;6006;MANDRILLS BKB_6006_20220602_id6006_femjuv (4).jpg;71
303;378;6006;MANDRILLS BKB_6006_20220602_id6006_femjuv (5).jpg;75
274;378;6006;MANDRILLS BKB_6006_20220602_id6006_femjuv.jpg;104
337;395;6006;MANDRILLS BKB_6006_20220619_id6006_femjuv (1).jpg;58
244;395;6006;MANDRILLS BKB_6006_20220619_id6006_femjuv (2).jpg;151
275;395;6006;MANDRILLS BKB_6006_20220619_id6006_femjuv (3).jpg;120
309;399;6006;MANDRILLS BKB_6006_20220623_id6006_femjuv.jpg;90
306;405;6006;MANDRILLS BKB_6006_20220629_id6006 (1).jpg;99
345;405;6006;MANDRILLS BKB_6006_20220629_id6006 (2).jpg;60
341;407;6006;MANDRILLS BKB_6006_20220701_id6006 (2).jpg;66
340;407;6006;MANDRILLS BKB_6006_20220701_id6006.jpg;67
369;420;6006;MANDRILLS BKB_6006_20220714_id6006_femjuv (1).jpg;51
393;420;6006;MANDRILLS BKB_6006_20220714_id6006_femjuv (2).jpg;27
417;422;6006;MANDRILLS BKB_6006_20220716_id6006_femjuv (1).jpg;5
392;422;6006;MANDRILLS BKB_6006_20220716_id6006_femjuv (2).jpg;30
360;422;6006;MANDRILLS BKB_6006_20220716_id6006_femjuv (3).jpg;62
399;422;6006;MANDRILLS BKB_6006_20220716_id6006_femjuv (4).jpg;23
467;422;6006;MANDRILLS BKB_6006_20220716_id6006_femjuv (5).jpg;45
341;423;6006;MANDRILLS BKB_6006_20220717_id6006.jpg;82
409;463;6006;MANDRILLS BKB_6006_20220826_id6006 (1).jpg;54
383;463;6006;MANDRILLS BKB_6006_20220826_id6006 (2).jpg;80
346;473;6006;MANDRILLS BKB_6006_20220905_id6006 (1).jpg;127
436;473;6006;MANDRILLS BKB_6006_20220905_id6006 (2).jpg;37
373;486;6006;MANDRILLS BKB_6006_20220918_id6006 (1).jpg;113
355;486;6006;MANDRILLS BKB_6006_20220918_id6006 (2).jpg;131
403;486;6006;MANDRILLS BKB_6006_20220918_id6006 (3).jpg;83
418;486;6006;MANDRILLS BKB_6006_20220918_id6006 (4).jpg;68
475;503;6006;MANDRILLS BKB_6006_20221005_id6006 (1).jpg;28
439;503;6006;MANDRILLS BKB_6006_20221005_id6006 (2).jpg;64
469;519;6006;MANDRILLS BKB_6006_20221021_id6006 (1).jpg;50
510;519;6006;MANDRILLS BKB_6006_20221021_id6006 (2).jpg;9
502;519;6006;MANDRILLS BKB_6006_20221021_id6006 (3).jpg;17
514;525;6006;MANDRILLS BKB_6006_20221027_id6006 (1).jpg;11
430;525;6006;MANDRILLS BKB_6006_20221027_id6006 (2).jpg;95
422;525;6006;MANDRILLS BKB_6006_20221027_id6006.jpg;103
455;528;6006;MANDRILLS BKB_6006_20221030_id6006 (1).jpg;73
448;528;6006;MANDRILLS BKB_6006_20221030_id6006 (2).jpg;80
448;552;6006;MANDRILLS BKB_6006_20221123_id6006.jpg;104
563;559;6006;MANDRILLS BKB_6006_20221130_id6006 (2).jpg;4
535;559;6006;MANDRILLS BKB_6006_20221130_id6006.jpg;24
580;568;6006;MANDRILLS BKB_6006_20221209_id6006 (1).jpg;12
517;568;6006;MANDRILLS BKB_6006_20221209_id6006.jpg;51
475;569;6006;MANDRILLS BKB_6006_20221210_id6006.jpg;94
412;580;6006;MANDRILLS BKB_6006_20221221_id6006.jpg;168
43;29;6018;MANDRILLS BKB_6018_20201121_id6018_feminf_(1).jpg;14
86;29;6018;MANDRILLS BKB_6018_20201121_id6018_feminf_(10).jpg;57
54;29;6018;MANDRILLS BKB_6018_20201121_id6018_feminf_(11).jpg;25
61;29;6018;MANDRILLS BKB_6018_20201121_id6018_feminf_(12).jpg;32
74;29;6018;MANDRILLS BKB_6018_20201121_id6018_feminf_(13).jpg;45
49;29;6018;MANDRILLS BKB_6018_20201121_id6018_feminf_(2).jpg;20
46;29;6018;MANDRILLS BKB_6018_20201121_id6018_feminf_(3).jpg;17
68;29;6018;MANDRILLS BKB_6018_20201121_id6018_feminf_(4).jpg;39
50;29;6018;MANDRILLS BKB_6018_20201121_id6018_feminf_(5).jpg;21
55;29;6018;MANDRILLS BKB_6018_20201121_id6018_feminf_(6).jpg;26
28;29;6018;MANDRILLS BKB_6018_20201121_id6018_feminf_(7).jpg;1
49;29;6018;MANDRILLS BKB_6018_20201121_id6018_feminf_(8).jpg;20
48;29;6018;MANDRILLS BKB_6018_20201121_id6018_feminf_(9).jpg;19
56;31;6018;MANDRILLS BKB_6018_20201123_id6018_feminf_(1).jpg;25
37;31;6018;MANDRILLS BKB_6018_20201123_id6018_feminf_(2).jpg;6
64;32;6018;MANDRILLS BKB_6018_20201124_id6018_feminf_(1).jpg;32
41;32;6018;MANDRILLS BKB_6018_20201124_id6018_feminf_(1)_(2).jpg;9
39;32;6018;MANDRILLS BKB_6018_20201124_id6018_feminf_(2).jpg;7
33;32;6018;MANDRILLS BKB_6018_20201124_id6018_feminf_(2)_(2).jpg;1
31;32;6018;MANDRILLS BKB_6018_20201124_id6018_feminf_(3).jpg;1
50;32;6018;MANDRILLS BKB_6018_20201124_id6018_feminf_(4).jpg;18
70;32;6018;MANDRILLS BKB_6018_20201124_id6018_feminf_(5).jpg;38
40;32;6018;MANDRILLS BKB_6018_20201124_id6018_feminf_(6).jpg;8
66;33;6018;MANDRILLS BKB_6018_20201125_id6018_feminf.jpg;33
78;33;6018;MANDRILLS BKB_6018_20201125_id6018_feminf_(1).jpg;45
69;33;6018;MANDRILLS BKB_6018_20201125_id6018_feminf_(2).jpg;36
78;33;6018;MANDRILLS BKB_6018_20201125_id6018_feminf_(3).jpg;45
88;33;6018;MANDRILLS BKB_6018_20201125_id6018_feminf_(4).jpg;55
87;51;6018;MANDRILLS BKB_6018_20201213_id6018_feminf.jpg;36
56;54;6018;MANDRILLS BKB_6018_20201216_id6018_feminf_(1).jpg;2
52;54;6018;MANDRILLS BKB_6018_20201216_id6018_feminf_(2).jpg;2
81;54;6018;MANDRILLS BKB_6018_20201216_id6018_feminf_(3).jpg;27
125;54;6018;MANDRILLS BKB_6018_20201216_id6018_feminf_(4).jpg;71
126;54;6018;MANDRILLS BKB_6018_20201216_id6018_feminf_(5).jpg;72
116;54;6018;MANDRILLS BKB_6018_20201216_id6018_feminf_(6).jpg;62
123;55;6018;MANDRILLS BKB_6018_20201217_id6018_feminf.jpg;68
109;73;6018;MANDRILLS BKB_6018_20210104_id6018_feminf_(1).jpg;36
82;73;6018;MANDRILLS BKB_6018_20210104_id6018_feminf_(2).jpg;9
71;76;6018;MANDRILLS BKB_6018_20210107_id6018_feminf_(1).jpg;5
76;76;6018;MANDRILLS BKB_6018_20210107_id6018_feminf_(2).jpg;0
72;76;6018;MANDRILLS BKB_6018_20210107_id6018_feminf_(3).jpg;4
70;76;6018;MANDRILLS BKB_6018_20210107_id6018_feminf_(4).jpg;6
79;82;6018;MANDRILLS BKB_6018_20210113_id6018_feminf_(1).jpg;3
95;82;6018;MANDRILLS BKB_6018_20210113_id6018_feminf_(2).jpg;13
99;82;6018;MANDRILLS BKB_6018_20210113_id6018_feminf_(3).jpg;17
102;82;6018;MANDRILLS BKB_6018_20210113_id6018_feminf_(4).jpg;20
105;82;6018;MANDRILLS BKB_6018_20210113_id6018_feminf_(5).jpg;23
108;82;6018;MANDRILLS BKB_6018_20210113_id6018_feminf_(6).jpg;26
114;85;6018;MANDRILLS BKB_6018_20210116_id6018_feminf.jpg;29
59;86;6018;MANDRILLS BKB_6018_20210117_id6018_feminf_(1).jpg;27
95;86;6018;MANDRILLS BKB_6018_20210117_id6018_feminf_(2).jpg;9
86;98;6018;MANDRILLS BKB_6018_20210129_id6018_feminf_(1).jpg;12
73;98;6018;MANDRILLS BKB_6018_20210129_id6018_feminf_(2).jpg;25
89;98;6018;MANDRILLS BKB_6018_20210129_id6018_feminf_(3).jpg;9
85;98;6018;MANDRILLS BKB_6018_20210129_id6018_feminf_(4).jpg;13
104;98;6018;MANDRILLS BKB_6018_20210129_id6018_feminf_(5).jpg;6
97;98;6018;MANDRILLS BKB_6018_20210129_id6018_feminf_(6).jpg;1
109;117;6018;MANDRILLS BKB_6018_20210217_id6018_feminf.jpg;8
141;126;6018;MANDRILLS BKB_6018_20210226_id6018_feminf_(1).jpg;15
221;126;6018;MANDRILLS BKB_6018_20210226_id6018_feminf_(2).jpg;95
232;133;6018;MANDRILLS BKB_6018_20210305_id6018_feminf_(1).jpg;99
288;133;6018;MANDRILLS BKB_6018_20210305_id6018_feminf_(2).jpg;155
37;11;6041;MANDRILLS BKB_6041_20201102_id6041_malinf_(1).jpg;26
22;11;6041;MANDRILLS BKB_6041_20201102_id6041_malinf_(10).jpg;11
24;11;6041;MANDRILLS BKB_6041_20201102_id6041_malinf_(11).jpg;13
23;11;6041;MANDRILLS BKB_6041_20201102_id6041_malinf_(12).jpg;12
29;11;6041;MANDRILLS BKB_6041_20201102_id6041_malinf_(2).jpg;18
17;11;6041;MANDRILLS BKB_6041_20201102_id6041_malinf_(3).jpg;6
31;11;6041;MANDRILLS BKB_6041_20201102_id6041_malinf_(4).jpg;20
25;11;6041;MANDRILLS BKB_6041_20201102_id6041_malinf_(5).jpg;14
25;11;6041;MANDRILLS BKB_6041_20201102_id6041_malinf_(6).jpg;14
25;11;6041;MANDRILLS BKB_6041_20201102_id6041_malinf_(7).jpg;14
49;11;6041;MANDRILLS BKB_6041_20201102_id6041_malinf_(8).jpg;38
37;11;6041;MANDRILLS BKB_6041_20201102_id6041_malinf_(9).jpg;26
62;57;6041;MANDRILLS BKB_6041_20201218_id6041_malinf_(1).jpg;5
54;57;6041;MANDRILLS BKB_6041_20201218_id6041_malinf_(2).jpg;3
59;57;6041;MANDRILLS BKB_6041_20201218_id6041_malinf_(3).jpg;2
51;57;6041;MANDRILLS BKB_6041_20201218_id6041_malinf_(4).jpg;6
107;77;6041;MANDRILLS BKB_6041_20210107_id6041_malinf.jpg;30
114;99;6041;MANDRILLS BKB_6041_20210129_id6041_malinf_(2).jpg;15
121;99;6041;MANDRILLS BKB_6041_20210129_id6041_malinf_(3).jpg;22
102;99;6041;MANDRILLS BKB_6041_20210129_id6041_malinf_(4).jpg;3
178;99;6041;MANDRILLS BKB_6041_20210129_id6041_malinf_(5).jpg;79
156;111;6041;MANDRILLS BKB_6041_20210210_id6041_malinf_(1).jpg;45
140;111;6041;MANDRILLS BKB_6041_20210210_id6041_malinf_(10).jpg;29
144;111;6041;MANDRILLS BKB_6041_20210210_id6041_malinf_(11).jpg;33
188;111;6041;MANDRILLS BKB_6041_20210210_id6041_malinf_(12).jpg;77
173;111;6041;MANDRILLS BKB_6041_20210210_id6041_malinf_(13).jpg;62
123;111;6041;MANDRILLS BKB_6041_20210210_id6041_malinf_(14).jpg;12
196;111;6041;MANDRILLS BKB_6041_20210210_id6041_malinf_(15).jpg;85
120;111;6041;MANDRILLS BKB_6041_20210210_id6041_malinf_(16).jpg;9
165;111;6041;MANDRILLS BKB_6041_20210210_id6041_malinf_(17).jpg;54
124;111;6041;MANDRILLS BKB_6041_20210210_id6041_malinf_(18).jpg;13
115;111;6041;MANDRILLS BKB_6041_20210210_id6041_malinf_(19).jpg;4
196;111;6041;MANDRILLS BKB_6041_20210210_id6041_malinf_(2).jpg;85
220;111;6041;MANDRILLS BKB_6041_20210210_id6041_malinf_(3).jpg;109
272;111;6041;MANDRILLS BKB_6041_20210210_id6041_malinf_(4).jpg;161
83;111;6041;MANDRILLS BKB_6041_20210210_id6041_malinf_(5).jpg;28
170;111;6041;MANDRILLS BKB_6041_20210210_id6041_malinf_(6).jpg;59
140;111;6041;MANDRILLS BKB_6041_20210210_id6041_malinf_(7).jpg;29
165;111;6041;MANDRILLS BKB_6041_20210210_id6041_malinf_(8).jpg;54
190;111;6041;MANDRILLS BKB_6041_20210210_id6041_malinf_(9).jpg;79
142;113;6041;MANDRILLS BKB_6041_20210212_id6041_malinf.jpg;29
90;119;6041;MANDRILLS BKB_6041_20210218_id6041_malinf_(1).jpg;29
80;119;6041;MANDRILLS BKB_6041_20210218_id6041_malinf_(2).jpg;39
97;119;6041;MANDRILLS BKB_6041_20210218_id6041_malinf_(3).jpg;22
87;119;6041;MANDRILLS BKB_6041_20210218_id6041_malinf_(4).jpg;32
89;119;6041;MANDRILLS BKB_6041_20210218_id6041_malinf_(5).jpg;30
106;119;6041;MANDRILLS BKB_6041_20210218_id6041_malinf_(6).jpg;13
102;119;6041;MANDRILLS BKB_6041_20210218_id6041_malinf_(7).jpg;17
282;183;6041;MANDRILLS BKB_6041_20210423_id6041_malinf_(2).jpg;99
202;183;6041;MANDRILLS BKB_6041_20210423_id6041_malinf_(3).jpg;19
256;225;6041;MANDRILLS BKB_6041_20210604_id6041_malinf_(1).jpg;31
274;225;6041;MANDRILLS BKB_6041_20210604_id6041_malinf_(2).jpg;49
241;225;6041;MANDRILLS BKB_6041_20210604_id6041_malinf_(3).jpg;16
345;241;6041;MANDRILLS BKB_6041_20210620_id6041_malinf_(1).jpg;104
311;241;6041;MANDRILLS BKB_6041_20210620_id6041_malinf_(2).jpg;70
322;279;6041;MANDRILLS BKB_6041_20210728_id6041_malinf_(1).jpg;43
371;317;6041;MANDRILLS BKB_6041_20210904_id6041_malinf (1).jpg;54
334;317;6041;MANDRILLS BKB_6041_20210904_id6041_malinf (2).jpg;17
350;317;6041;MANDRILLS BKB_6041_20210904_id6041_malinf (3).jpg;33
371;317;6041;MANDRILLS BKB_6041_20210904_id6041_malinf (4).jpg;54
386;320;6041;MANDRILLS BKB_6041_20210907_id6041_malinf (1).jpg;66
372;320;6041;MANDRILLS BKB_6041_20210907_id6041_malinf (2).jpg;52
273;324;6041;MANDRILLS BKB_6041_20210911_id6041_malinf.jpg;51
475;365;6041;MANDRILLS BKB_6041_20211022_id6041_malinf.jpg;110
444;380;6041;MANDRILLS BKB_6041_20211106_id6041_maljuv.jpg;64
431;382;6041;MANDRILLS BKB_6041_20211108_id6041_maljuv_(1).jpg;49
456;382;6041;MANDRILLS BKB_6041_20211108_id6041_maljuv_(3).jpg;74
431;382;6041;MANDRILLS BKB_6041_20211108_id6041_maljuv_(4).jpg;49
542;417;6041;MANDRILLS BKB_6041_20211213_id6041_maljuv.jpg;125
561;421;6041;MANDRILLS BKB_6041_20211217_id6041_maljuv_(1).jpg;140
491;421;6041;MANDRILLS BKB_6041_20211217_id6041_maljuv_(2).jpg;70
532;464;6041;MANDRILLS BKB_6041_20220129_id6041.jpg;68
777;467;6041;MANDRILLS BKB_6041_20220201_id6041_maljuv (1).jpg;310
511;467;6041;MANDRILLS BKB_6041_20220201_id6041_maljuv (10).jpg;44
605;467;6041;MANDRILLS BKB_6041_20220201_id6041_maljuv (11).jpg;138
671;467;6041;MANDRILLS BKB_6041_20220201_id6041_maljuv (12).jpg;204
763;467;6041;MANDRILLS BKB_6041_20220201_id6041_maljuv (2).jpg;296
686;467;6041;MANDRILLS BKB_6041_20220201_id6041_maljuv (3).jpg;219
677;467;6041;MANDRILLS BKB_6041_20220201_id6041_maljuv (4).jpg;210
614;467;6041;MANDRILLS BKB_6041_20220201_id6041_maljuv (5).jpg;147
535;467;6041;MANDRILLS BKB_6041_20220201_id6041_maljuv (6).jpg;68
613;467;6041;MANDRILLS BKB_6041_20220201_id6041_maljuv (7).jpg;146
555;467;6041;MANDRILLS BKB_6041_20220201_id6041_maljuv (8).jpg;88
581;467;6041;MANDRILLS BKB_6041_20220201_id6041_maljuv (9).jpg;114
717;505;6041;MANDRILLS BKB_6041_20220311_id6041_maljuv (1).jpg;212
647;505;6041;MANDRILLS BKB_6041_20220311_id6041_maljuv (2).jpg;142
406;505;6041;MANDRILLS BKB_6041_20220311_id6041_maljuv (3).jpg;99
599;521;6041;MANDRILLS BKB_6041_20220327_id6041_maljuv.jpg;78
558;535;6041;MANDRILLS BKB_6041_20220410_id6041_maljuv.jpg;23
542;545;6041;MANDRILLS BKB_6041_20220420_id6041_maljuv.jpg;3
1141;550;6041;MANDRILLS BKB_6041_20220425_id6041_maljuv (1).jpg;591
631;550;6041;MANDRILLS BKB_6041_20220425_id6041_maljuv (2).jpg;81
544;552;6041;MANDRILLS BKB_6041_20220427_id6041_maljuv (1).jpg;8
558;552;6041;MANDRILLS BKB_6041_20220427_id6041_maljuv (2).jpg;6
530;552;6041;MANDRILLS BKB_6041_20220427_id6041_maljuv (3).jpg;22
671;552;6041;MANDRILLS BKB_6041_20220427_id6041_maljuv (4).jpg;119
651;581;6041;MANDRILLS BKB_6041_20220526_id6041_maljuv (1).jpg;70
712;581;6041;MANDRILLS BKB_6041_20220526_id6041_maljuv (2).jpg;131
682;592;6041;MANDRILLS BKB_6041_20220606_id6041_maljuv (1).jpg;90
846;592;6041;MANDRILLS BKB_6041_20220606_id6041_maljuv (2).jpg;254
587;592;6041;MANDRILLS BKB_6041_20220606_id6041_maljuv (3).jpg;5
823;592;6041;MANDRILLS BKB_6041_20220606_id6041_maljuv (5).jpg;231
754;593;6041;MANDRILLS BKB_6041_20220607_id6041_maljuv.jpg;161
641;615;6041;MANDRILLS BKB_6041_20220629_id6041 (1).jpg;26
728;615;6041;MANDRILLS BKB_6041_20220629_id6041 (2).jpg;113
697;615;6041;MANDRILLS BKB_6041_20220629_id6041 (3).jpg;82
661;615;6041;MANDRILLS BKB_6041_20220629_id6041 (4).jpg;46
665;615;6041;MANDRILLS BKB_6041_20220629_id6041 (5).jpg;50
623;615;6041;MANDRILLS BKB_6041_20220629_id6041 (6).jpg;8
795;630;6041;MANDRILLS BKB_6041_20220714_id6041_maljuv.jpg;165
975;632;6041;MANDRILLS BKB_6041_20220716_id6041.jpg;343
795;632;6041;MANDRILLS BKB_6041_20220716_id6041_maljuv (1).jpg;163
701;632;6041;MANDRILLS BKB_6041_20220716_id6041_maljuv (2).jpg;69
721;632;6041;MANDRILLS BKB_6041_20220716_id6041_maljuv (3).jpg;89
734;640;6041;MANDRILLS BKB_6041_20220724_id6041.jpg;94
719;648;6041;MANDRILLS BKB_6041_20220801_id6041 (1).jpg;71
731;648;6041;MANDRILLS BKB_6041_20220801_id6041 (2).jpg;83
696;649;6041;MANDRILLS BKB_6041_20220802_id6041 (1).jpg;47
606;649;6041;MANDRILLS BKB_6041_20220802_id6041 (2).jpg;43
865;649;6041;MANDRILLS BKB_6041_20220802_id6041.jpg;216
700;659;6041;MANDRILLS BKB_6041_20220812_id6041.jpg;41
893;665;6041;MANDRILLS BKB_6041_20220818_id6041.jpg;228
656;673;6041;MANDRILLS BKB_6041_20220826_id6041.jpg;17
574;682;6041;MANDRILLS BKB_6041_20220904_id6041.jpg;108
747;696;6041;MANDRILLS BKB_6041_20220918_id6041 (1).jpg;51
745;696;6041;MANDRILLS BKB_6041_20220918_id6041 (2).jpg;49
930;699;6041;MANDRILLS BKB_6041_20220921_id6041.jpg;231
809;729;6041;MANDRILLS BKB_6041_20221021_id6041 (1).jpg;80
628;729;6041;MANDRILLS BKB_6041_20221021_id6041 (2).jpg;101
776;729;6041;MANDRILLS BKB_6041_20221021_id6041 (4).jpg;47
768;729;6041;MANDRILLS BKB_6041_20221021_id6041 (5).jpg;39
915;779;6041;MANDRILLS BKB_6041_20221210_id6041 (1).jpg;136
1103;779;6041;MANDRILLS BKB_6041_20221210_id6041 (2).jpg;324
928;779;6041;MANDRILLS BKB_6041_20221210_id6041 (3).jpg;149
768;783;6041;MANDRILLS BKB_6041_20221214_id6041 (1).jpg;15
852;783;6041;MANDRILLS BKB_6041_20221214_id6041 (2).jpg;69
610;793;6041;MANDRILLS BKB_6041_20221224_id6041.jpg;183
15;25;6043;MANDRILLS BKB_6043_20201123_id6043_malinf.jpg;10
10;26;6043;MANDRILLS BKB_6043_20201124_id6043_malinf_(1).jpg;16
15;26;6043;MANDRILLS BKB_6043_20201124_id6043_malinf_(2).jpg;11
3;26;6043;MANDRILLS BKB_6043_20201124_id6043_malinf_(3).jpg;23
54;45;6043;MANDRILLS BKB_6043_20201213_id6043_malinf.jpg;9
57;48;6043;MANDRILLS BKB_6043_20201216_id6043_malinf_(1).jpg;9
57;48;6043;MANDRILLS BKB_6043_20201216_id6043_malinf_(10).jpg;9
56;48;6043;MANDRILLS BKB_6043_20201216_id6043_malinf_(11).jpg;8
44;48;6043;MANDRILLS BKB_6043_20201216_id6043_malinf_(12).jpg;4
61;48;6043;MANDRILLS BKB_6043_20201216_id6043_malinf_(13).jpg;13
65;48;6043;MANDRILLS BKB_6043_20201216_id6043_malinf_(14).jpg;17
55;48;6043;MANDRILLS BKB_6043_20201216_id6043_malinf_(15).jpg;7
53;48;6043;MANDRILLS BKB_6043_20201216_id6043_malinf_(16).jpg;5
53;48;6043;MANDRILLS BKB_6043_20201216_id6043_malinf_(17).jpg;5
43;48;6043;MANDRILLS BKB_6043_20201216_id6043_malinf_(18).jpg;5
66;48;6043;MANDRILLS BKB_6043_20201216_id6043_malinf_(2).jpg;18
61;48;6043;MANDRILLS BKB_6043_20201216_id6043_malinf_(3).jpg;13
52;48;6043;MANDRILLS BKB_6043_20201216_id6043_malinf_(4).jpg;4
39;48;6043;MANDRILLS BKB_6043_20201216_id6043_malinf_(5).jpg;9
40;48;6043;MANDRILLS BKB_6043_20201216_id6043_malinf_(6).jpg;8
38;48;6043;MANDRILLS BKB_6043_20201216_id6043_malinf_(7).jpg;10
35;48;6043;MANDRILLS BKB_6043_20201216_id6043_malinf_(8).jpg;13
47;48;6043;MANDRILLS BKB_6043_20201216_id6043_malinf_(9).jpg;1
66;56;6043;MANDRILLS BKB_6043_20201224_id6043_malinf_(1).jpg;10
77;56;6043;MANDRILLS BKB_6043_20201224_id6043_malinf_(2).jpg;21
30;92;6043;MANDRILLS BKB_6043_20210129_id6043_malinf.jpg;62
189;160;6043;MANDRILLS BKB_6043_20210407_id6043_malinf.jpg;29
212;173;6043;MANDRILLS BKB_6043_20210420_id6043_malinf_(1).jpg;39
242;173;6043;MANDRILLS BKB_6043_20210420_id6043_malinf_(2).jpg;69
293;317;6043;MANDRILLS BKB_6043_20210911_id6043_malinf.jpg;24
268;358;6043;MANDRILLS BKB_6043_20211022_id6043_malinf_(1).jpg;90
296;358;6043;MANDRILLS BKB_6043_20211022_id6043_malinf_(2).jpg;62
455;424;6043;MANDRILLS BKB_6043_20211227_id6043_maljuv.jpg;31
346;460;6043;MANDRILLS BKB_6043_20220201_id6043_maljuv (1).jpg;114
509;460;6043;MANDRILLS BKB_6043_20220201_id6043_maljuv (2).jpg;49
361;460;6043;MANDRILLS BKB_6043_20220201_id6043_maljuv (3).jpg;99
489;460;6043;MANDRILLS BKB_6043_20220201_id6043_maljuv (4).jpg;29
472;460;6043;MANDRILLS BKB_6043_20220201_id6043_maljuv (5).jpg;12
512;474;6043;MANDRILLS BKB_6043_20220215_id6043_maljuv.jpg;38
459;475;6043;MANDRILLS BKB_6043_20220216_id6043_maljuv (1).jpg;16
429;475;6043;MANDRILLS BKB_6043_20220216_id6043_maljuv (3).jpg;46
404;475;6043;MANDRILLS BKB_6043_20220216_id6043_maljuv (4).jpg;71
473;475;6043;MANDRILLS BKB_6043_20220216_id6043_maljuv (5).jpg;2
428;485;6043;MANDRILLS BKB_6043_20220226_id6043_maljuv (1).jpg;57
476;485;6043;MANDRILLS BKB_6043_20220226_id6043_maljuv (2).jpg;9
359;485;6043;MANDRILLS BKB_6043_20220226_id6043_maljuv (3).jpg;126
406;485;6043;MANDRILLS BKB_6043_20220226_id6043_maljuv (4).jpg;79
407;485;6043;MANDRILLS BKB_6043_20220226_id6043_maljuv (5).jpg;78
386;485;6043;MANDRILLS BKB_6043_20220226_id6043_maljuv (6).jpg;99
364;485;6043;MANDRILLS BKB_6043_20220226_id6043_maljuv (7).jpg;121
485;506;6043;MANDRILLS BKB_6043_20220319_id6043_maljuv (1).jpg;21
573;506;6043;MANDRILLS BKB_6043_20220319_id6043_maljuv (2).jpg;67
541;514;6043;MANDRILLS BKB_6043_20220327_id6043_maljuv (1).jpg;27
497;514;6043;MANDRILLS BKB_6043_20220327_id6043_maljuv (2).jpg;17
460;517;6043;MANDRILLS BKB_6043_20220330_id6043_maljuv.jpg;57
489;522;6043;MANDRILLS BKB_6043_20220404_id6043_maljuv.jpg;33
376;574;6043;MANDRILLS BKB_6043_20220526_id6043_maljuv.jpg;198
476;580;6043;MANDRILLS BKB_6043_20220601_id6043_maljuv.jpg;104
474;582;6043;MANDRILLS BKB_6043_20220603_id6043_maljuv (10).jpg;108
490;582;6043;MANDRILLS BKB_6043_20220603_id6043_maljuv (11).jpg;92
500;582;6043;MANDRILLS BKB_6043_20220603_id6043_maljuv (6).jpg;82
474;582;6043;MANDRILLS BKB_6043_20220603_id6043_maljuv (7).jpg;108
478;582;6043;MANDRILLS BKB_6043_20220603_id6043_maljuv (8).jpg;104
590;608;6043;MANDRILLS BKB_6043_20220629_id6043 (1).jpg;18
614;608;6043;MANDRILLS BKB_6043_20220629_id6043 (2).jpg;6
642;608;6043;MANDRILLS BKB_6043_20220629_id6043 (3).jpg;34
544;608;6043;MANDRILLS BKB_6043_20220629_id6043 (4).jpg;64
418;608;6043;MANDRILLS BKB_6043_20220629_id6043 (5).jpg;190
567;608;6043;MANDRILLS BKB_6043_20220629_id6043.jpg;41
584;612;6043;MANDRILLS BKB_6043_20220703_id6043.jpg;28
622;623;6043;MANDRILLS BKB_6043_20220714_id6043_maljuv (1).jpg;1
561;623;6043;MANDRILLS BKB_6043_20220714_id6043_maljuv (2).jpg;62
613;625;6043;MANDRILLS BKB_6043_20220716_id6043_maljuv (1).jpg;12
623;625;6043;MANDRILLS BKB_6043_20220716_id6043_maljuv (2).jpg;2
540;642;6043;MANDRILLS BKB_6043_20220802_id6043 (1).jpg;102
657;642;6043;MANDRILLS BKB_6043_20220802_id6043 (2).jpg;15
532;652;6043;MANDRILLS BKB_6043_20220812_id6043 (1).jpg;120
673;652;6043;MANDRILLS BKB_6043_20220812_id6043 (2).jpg;21
575;652;6043;MANDRILLS BKB_6043_20220812_id6043.jpg;77
682;663;6043;MANDRILLS BKB_6043_20220823_id6043.jpg;19
738;675;6043;MANDRILLS BKB_6043_20220904_id6043.jpg;63
705;676;6043;MANDRILLS BKB_6043_20220905_id6043 (1).jpg;29
659;676;6043;MANDRILLS BKB_6043_20220905_id6043 (2).jpg;17
688;676;6043;MANDRILLS BKB_6043_20220905_id6043.jpg;12
676;683;6043;MANDRILLS BKB_6043_20220912_id6043 (1).jpg;7
625;683;6043;MANDRILLS BKB_6043_20220912_id6043 (2).jpg;58
507;686;6043;MANDRILLS BKB_6043_20220915_id6043 (1).jpg;179
579;686;6043;MANDRILLS BKB_6043_20220915_id6043 (2).jpg;107
634;686;6043;MANDRILLS BKB_6043_20220915_id6043 (3).jpg;52
603;706;6043;MANDRILLS BKB_6043_20221005_id6043.jpg;103
858;723;6043;MANDRILLS BKB_6043_20221022_id6043 (1).jpg;135
914;723;6043;MANDRILLS BKB_6043_20221022_id6043 (2).jpg;191
958;723;6043;MANDRILLS BKB_6043_20221022_id6043 (3).jpg;235
875;723;6043;MANDRILLS BKB_6043_20221022_id6043 (4).jpg;152
816;723;6043;MANDRILLS BKB_6043_20221022_id6043.jpg;93
650;728;6043;MANDRILLS BKB_6043_20221027_id6043 (1).jpg;78
566;728;6043;MANDRILLS BKB_6043_20221027_id6043 (2).jpg;162
696;728;6043;MANDRILLS BKB_6043_20221027_id6043 (3).jpg;32
704;730;6043;MANDRILLS BKB_6043_20221029_id6043.jpg;26
842;757;6043;MANDRILLS BKB_6043_20221125_id6043 (1).jpg;85
781;757;6043;MANDRILLS BKB_6043_20221125_id6043 (2).jpg;24
830;757;6043;MANDRILLS BKB_6043_20221125_id6043 (3).jpg;73
665;762;6043;MANDRILLS BKB_6043_20221130_id6043 (2).jpg;97
741;771;6043;MANDRILLS BKB_6043_20221209_id6043.jpg;30
21;25;6048;MANDRILLS BKB_6048_20210201_id6048_malinf_(1).jpg;4
34;25;6048;MANDRILLS BKB_6048_20210201_id6048_malinf_(2).jpg;9
26;30;6048;MANDRILLS BKB_6048_20210206_id6048_malinf_(1).jpg;4
26;30;6048;MANDRILLS BKB_6048_20210206_id6048_malinf_(10).jpg;4
35;30;6048;MANDRILLS BKB_6048_20210206_id6048_malinf_(2).jpg;5
38;30;6048;MANDRILLS BKB_6048_20210206_id6048_malinf_(3).jpg;8
28;30;6048;MANDRILLS BKB_6048_20210206_id6048_malinf_(4).jpg;2
36;30;6048;MANDRILLS BKB_6048_20210206_id6048_malinf_(5).jpg;6
37;30;6048;MANDRILLS BKB_6048_20210206_id6048_malinf_(6).jpg;7
26;30;6048;MANDRILLS BKB_6048_20210206_id6048_malinf_(7).jpg;4
24;30;6048;MANDRILLS BKB_6048_20210206_id6048_malinf_(8).jpg;6
30;30;6048;MANDRILLS BKB_6048_20210206_id6048_malinf_(9).jpg;0
10;36;6048;MANDRILLS BKB_6048_20210212_id6048_malinf_(1).jpg;26
20;36;6048;MANDRILLS BKB_6048_20210212_id6048_malinf_(2).jpg;16
23;36;6048;MANDRILLS BKB_6048_20210212_id6048_malinf_(3).jpg;13
11;36;6048;MANDRILLS BKB_6048_20210212_id6048_malinf_(4).jpg;25
10;36;6048;MANDRILLS BKB_6048_20210212_id6048_malinf_(5).jpg;26
31;38;6048;MANDRILLS BKB_6048_20210214_id6048_malinf_(1).jpg;7
25;38;6048;MANDRILLS BKB_6048_20210214_id6048_malinf_(2).jpg;13
20;50;6048;MANDRILLS BKB_6048_20210226_id6048_malinf_(1).jpg;30
26;50;6048;MANDRILLS BKB_6048_20210226_id6048_malinf_(2).jpg;24
106;84;6048;MANDRILLS BKB_6048_20210401_id6048_malinf.jpg;22
37;90;6048;MANDRILLS BKB_6048_20210407_id6048_malinf_(1).jpg;53
38;90;6048;MANDRILLS BKB_6048_20210407_id6048_malinf_(2).jpg;52
80;90;6048;MANDRILLS BKB_6048_20210407_id6048_malinf_(3).jpg;10
60;90;6048;MANDRILLS BKB_6048_20210407_id6048_malinf_(4).jpg;30
65;90;6048;MANDRILLS BKB_6048_20210407_id6048_malinf_(5).jpg;25
55;0;6073;MANDRILLS BKB_6073_20201213_id6073_feminf_(1).jpg;55
23;0;6073;MANDRILLS BKB_6073_20201213_id6073_feminf_(2).jpg;23
48;0;6073;MANDRILLS BKB_6073_20201213_id6073_feminf_(3).jpg;48
25;0;6073;MANDRILLS BKB_6073_20201213_id6073_feminf_(4).jpg;25
26;0;6073;MANDRILLS BKB_6073_20201213_id6073_feminf_(5).jpg;26
25;0;6073;MANDRILLS BKB_6073_20201213_id6073_feminf_(6).jpg;25
54;22;6073;MANDRILLS BKB_6073_20210104_id6073_feminf.jpg;32
68;31;6073;MANDRILLS BKB_6073_20210113_id6073_feminf_(1).jpg;37
61;31;6073;MANDRILLS BKB_6073_20210113_id6073_feminf_(2).jpg;30
64;31;6073;MANDRILLS BKB_6073_20210113_id6073_feminf_(3).jpg;33
101;61;6073;MANDRILLS BKB_6073_20210212_id6073_feminf_(1).jpg;40
142;61;6073;MANDRILLS BKB_6073_20210212_id6073_feminf_(2).jpg;81
103;61;6073;MANDRILLS BKB_6073_20210212_id6073_feminf_(3).jpg;42
90;61;6073;MANDRILLS BKB_6073_20210212_id6073_feminf_(4).jpg;29
94;61;6073;MANDRILLS BKB_6073_20210212_id6073_feminf_(5).jpg;33
90;61;6073;MANDRILLS BKB_6073_20210212_id6073_feminf_(6).jpg;29
92;66;6073;MANDRILLS BKB_6073_20210217_id6073_feminf_(1).jpg;26
96;66;6073;MANDRILLS BKB_6073_20210217_id6073_feminf_(2).jpg;30
87;66;6073;MANDRILLS BKB_6073_20210217_id6073_feminf_(3).jpg;21
92;66;6073;MANDRILLS BKB_6073_20210217_id6073_feminf_(4).jpg;26
85;66;6073;MANDRILLS BKB_6073_20210217_id6073_feminf_(5).jpg;19
120;82;6073;MANDRILLS BKB_6073_20210305_id6073_feminf_(1).jpg;38
120;82;6073;MANDRILLS BKB_6073_20210305_id6073_feminf_(2).jpg;38
122;82;6073;MANDRILLS BKB_6073_20210305_id6073_feminf_(3).jpg;40
122;82;6073;MANDRILLS BKB_6073_20210305_id6073_feminf_(4).jpg;40
107;110;6073;MANDRILLS BKB_6073_20210402_id6073_feminf_(1).jpg;3
121;110;6073;MANDRILLS BKB_6073_20210402_id6073_feminf_(10).jpg;11
154;110;6073;MANDRILLS BKB_6073_20210402_id6073_feminf_(11).jpg;44
185;110;6073;MANDRILLS BKB_6073_20210402_id6073_feminf_(12).jpg;75
160;110;6073;MANDRILLS BKB_6073_20210402_id6073_feminf_(13).jpg;50
132;110;6073;MANDRILLS BKB_6073_20210402_id6073_feminf_(2).jpg;22
163;110;6073;MANDRILLS BKB_6073_20210402_id6073_feminf_(3).jpg;53
128;110;6073;MANDRILLS BKB_6073_20210402_id6073_feminf_(4).jpg;18
170;110;6073;MANDRILLS BKB_6073_20210402_id6073_feminf_(5).jpg;60
142;110;6073;MANDRILLS BKB_6073_20210402_id6073_feminf_(6).jpg;32
115;110;6073;MANDRILLS BKB_6073_20210402_id6073_feminf_(7).jpg;5
157;110;6073;MANDRILLS BKB_6073_20210402_id6073_feminf_(8).jpg;47
130;110;6073;MANDRILLS BKB_6073_20210402_id6073_feminf_(9).jpg;20
246;212;6073;MANDRILLS BKB_6073_20210713_id6073_feminf.jpg;34
250;222;6073;MANDRILLS BKB_6073_20210723_id6073_feminf_(1).jpg;28
338;222;6073;MANDRILLS BKB_6073_20210723_id6073_feminf_(10).jpg;116
288;222;6073;MANDRILLS BKB_6073_20210723_id6073_feminf_(11).jpg;66
198;222;6073;MANDRILLS BKB_6073_20210723_id6073_feminf_(2).jpg;24
300;272;6073;MANDRILLS BKB_6073_20210911_id6073_feminf.jpg;28
426;280;6073;MANDRILLS BKB_6073_20210919_id6073_feminf.jpg;146
260;284;6073;MANDRILLS BKB_6073_20210923_id6073_feminf (1).jpg;24
338;284;6073;MANDRILLS BKB_6073_20210923_id6073_feminf (2).jpg;54
298;284;6073;MANDRILLS BKB_6073_20210923_id6073_feminf (3).jpg;14
302;313;6073;MANDRILLS BKB_6073_20211022_id6073_feminf.jpg;11
328;315;6073;MANDRILLS BKB_6073_20211024_id6073_feminf_(1).jpg;13
274;315;6073;MANDRILLS BKB_6073_20211024_id6073_feminf_(2).jpg;41
423;315;6073;MANDRILLS BKB_6073_20211024_id6073_feminf_(3).jpg;108
343;362;6073;MANDRILLS BKB_6073_20211210_id6073_feminf_(1).jpg;19
302;362;6073;MANDRILLS BKB_6073_20211210_id6073_feminf_(2).jpg;60
398;406;6073;MANDRILLS BKB_6073_20220123_id6073 (1).jpg;8
358;406;6073;MANDRILLS BKB_6073_20220123_id6073 (2).jpg;48
393;406;6073;MANDRILLS BKB_6073_20220123_id6073 (3).jpg;13
497;415;6073;MANDRILLS BKB_6073_20220201_id6073_femjuv (1).jpg;82
510;415;6073;MANDRILLS BKB_6073_20220201_id6073_femjuv (2).jpg;95
494;415;6073;MANDRILLS BKB_6073_20220201_id6073_femjuv (3).jpg;79
499;415;6073;MANDRILLS BKB_6073_20220201_id6073_femjuv (4).jpg;84
478;415;6073;MANDRILLS BKB_6073_20220201_id6073_femjuv (5).jpg;63
465;415;6073;MANDRILLS BKB_6073_20220201_id6073_femjuv (6).jpg;50
452;415;6073;MANDRILLS BKB_6073_20220201_id6073_femjuv (7).jpg;37
434;430;6073;MANDRILLS BKB_6073_20220216_id6073_femjuv (1).jpg;4
324;430;6073;MANDRILLS BKB_6073_20220216_id6073_femjuv (2).jpg;106
353;430;6073;MANDRILLS BKB_6073_20220216_id6073_femjuv (3).jpg;77
390;430;6073;MANDRILLS BKB_6073_20220216_id6073_femjuv (4).jpg;40
598;430;6073;MANDRILLS BKB_6073_20220216_id6073_femjuv (5).jpg;168
400;430;6073;MANDRILLS BKB_6073_20220216_id6073_femjuv (6).jpg;30
380;430;6073;MANDRILLS BKB_6073_20220216_id6073_femjuv (7).jpg;50
488;456;6073;MANDRILLS BKB_6073_20220314_id6073 (1).jpg;32
540;456;6073;MANDRILLS BKB_6073_20220314_id6073 (2).jpg;84
471;456;6073;MANDRILLS BKB_6073_20220314_id6073 (3).jpg;15
493;463;6073;MANDRILLS BKB_6073_20220321_id6073_femjuv (1).jpg;30
439;463;6073;MANDRILLS BKB_6073_20220321_id6073_femjuv (2).jpg;24
440;463;6073;MANDRILLS BKB_6073_20220321_id6073_femjuv (3).jpg;23
414;463;6073;MANDRILLS BKB_6073_20220321_id6073_femjuv (4).jpg;49
424;463;6073;MANDRILLS BKB_6073_20220321_id6073_femjuv (5).jpg;39
375;472;6073;MANDRILLS BKB_6073_20220330_id6073_femljuv.jpg;97
464;474;6073;MANDRILLS BKB_6073_20220401_id6073_femjuv (1).jpg;10
427;474;6073;MANDRILLS BKB_6073_20220401_id6073_femjuv (2).jpg;47
523;474;6073;MANDRILLS BKB_6073_20220401_id6073_femjuv (3).jpg;49
537;474;6073;MANDRILLS BKB_6073_20220401_id6073_femjuv (4).jpg;63
426;474;6073;MANDRILLS BKB_6073_20220401_id6073_femjuv (5).jpg;48
509;474;6073;MANDRILLS BKB_6073_20220401_id6073_femjuv (6).jpg;35
434;474;6073;MANDRILLS BKB_6073_20220401_id6073_femjuv (7).jpg;40
428;474;6073;MANDRILLS BKB_6073_20220401_id6073_femjuv (8).jpg;46
403;493;6073;MANDRILLS BKB_6073_20220420_id6073_femjuv (2).jpg;90
402;493;6073;MANDRILLS BKB_6073_20220420_id6073_femjuv (5).jpg;91
507;493;6073;MANDRILLS BKB_6073_20220420_id6073_femjuv (6).jpg;14
588;493;6073;MANDRILLS BKB_6073_20220420_id6073_femjuv (7).jpg;95
386;493;6073;MANDRILLS BKB_6073_20220420_id6073_femjuv (8).jpg;107
451;493;6073;MANDRILLS BKB_6073_20220420_id6073_femjuv (9).jpg;42
420;493;6073;MANDRILLS BKB_6073_20220420_id6073_femjuv.jpg;73
481;500;6073;MANDRILLS BKB_6073_20220427_id6073_femjuv (1).jpg;19
473;500;6073;MANDRILLS BKB_6073_20220427_id6073_femjuv (2).jpg;27
587;500;6073;MANDRILLS BKB_6073_20220427_id6073_femjuv (3).jpg;87
487;500;6073;MANDRILLS BKB_6073_20220427_id6073_femjuv (4).jpg;13
486;500;6073;MANDRILLS BKB_6073_20220427_id6073_femjuv (5).jpg;14
504;500;6073;MANDRILLS BKB_6073_20220427_id6073_femjuv (6).jpg;4
435;500;6073;MANDRILLS BKB_6073_20220427_id6073_femjuv (7).jpg;65
464;500;6073;MANDRILLS BKB_6073_20220427_id6073_femjuv (8).jpg;36
520;512;6073;MANDRILLS BKB_6073_20220509_id6073_femjuv.jpg;8
530;529;6073;MANDRILLS BKB_6073_20220526_id6073_femjuv (5).jpg;1
522;529;6073;MANDRILLS BKB_6073_20220526_id6073_femjuv (6).jpg;7
468;529;6073;MANDRILLS BKB_6073_20220526_id6073_femjuv (7).jpg;61
513;529;6073;MANDRILLS BKB_6073_20220526_id6073_femjuv (9).jpg;16
587;532;6073;MANDRILLS BKB_6073_20220529_id6073_femjuv (2).jpg;55
440;532;6073;MANDRILLS BKB_6073_20220529_id6073_femjuv (4).jpg;92
605;532;6073;MANDRILLS BKB_6073_20220529_id6073_femjuv (5).jpg;73
517;532;6073;MANDRILLS BKB_6073_20220529_id6073_femjuv (7).jpg;15
441;533;6073;MANDRILLS BKB_6073_20220530_id6073_femjuv (1).jpg;92
529;533;6073;MANDRILLS BKB_6073_20220530_id6073_femjuv (2).jpg;4
511;555;6073;MANDRILLS BKB_6073_20220621_id6073_femjuv.jpg;44
468;570;6073;MANDRILLS BKB_6073_20220706_id6073 (1).jpg;102
534;570;6073;MANDRILLS BKB_6073_20220706_id6073 (2).jpg;36
552;580;6073;MANDRILLS BKB_6073_20220716_id6073_femjuv (1).jpg;28
605;580;6073;MANDRILLS BKB_6073_20220716_id6073_femjuv (2).jpg;25
571;583;6073;MANDRILLS BKB_6073_20220719_id6073.jpg;12
731;596;6073;MANDRILLS BKB_6073_20220801_id6073.jpg;135
751;597;6073;MANDRILLS BKB_6073_20220802_id6073 (1).jpg;154
539;597;6073;MANDRILLS BKB_6073_20220802_id6073 (2).jpg;58
725;597;6073;MANDRILLS BKB_6073_20220802_id6073 (3).jpg;128
504;597;6073;MANDRILLS BKB_6073_20220802_id6073 (4).jpg;93
596;604;6073;MANDRILLS BKB_6073_20220809_id6073 (1).jpg;8
573;604;6073;MANDRILLS BKB_6073_20220809_id6073 (2).jpg;31
654;607;6073;MANDRILLS BKB_6073_20220812_id6073 (1).jpg;47
595;607;6073;MANDRILLS BKB_6073_20220812_id6073 (2).jpg;12
595;607;6073;MANDRILLS BKB_6073_20220812_id6073.jpg;12
820;641;6073;MANDRILLS BKB_6073_20220915_id6073.jpg;179
650;644;6073;MANDRILLS BKB_6073_20220918_id6073 (1).jpg;6
726;644;6073;MANDRILLS BKB_6073_20220918_id6073 (2).jpg;82
699;650;6073;MANDRILLS BKB_6073_20220924_id6073.jpg;49
648;675;6073;MANDRILLS BKB_6073_20221019_id6073 (2).jpg;27
633;675;6073;MANDRILLS BKB_6073_20221019_id6073 (3).jpg;42
672;675;6073;MANDRILLS BKB_6073_20221019_id6073 (4).jpg;3
836;683;6073;MANDRILLS BKB_6073_20221027_id6073.jpg;153
802;710;6073;MANDRILLS BKB_6073_20221123_id6073 (1).jpg;92
818;710;6073;MANDRILLS BKB_6073_20221123_id6073 (2).jpg;108
988;710;6073;MANDRILLS BKB_6073_20221123_id6073 (3).jpg;278
661;717;6073;MANDRILLS BKB_6073_20221130_id6073 (1).jpg;56
593;717;6073;MANDRILLS BKB_6073_20221130_id6073 (2).jpg;124
36;20;6100;MANDRILLS BKB_6100_20210407_id6100_malinf.jpg;16
232;204;6100;MANDRILLS BKB_6100_20211008_id6100_malinf.jpg;28
197;213;6100;MANDRILLS BKB_6100_20211017_id6100_malinf_(1).jpg;16
226;213;6100;MANDRILLS BKB_6100_20211017_id6100_malinf_(2).jpg;13
223;213;6100;MANDRILLS BKB_6100_20211017_id6100_malinf_(3).jpg;10
222;213;6100;MANDRILLS BKB_6100_20211017_id6100_malinf_(4).jpg;9
190;213;6100;MANDRILLS BKB_6100_20211017_id6100_malinf_(6).jpg;23
224;215;6100;MANDRILLS BKB_6100_20211019_id6100_malinf_(1).jpg;9
221;215;6100;MANDRILLS BKB_6100_20211019_id6100_malinf_(2).jpg;6
247;220;6100;MANDRILLS BKB_6100_20211024_id6100_malinf_(1).jpg;27
242;220;6100;MANDRILLS BKB_6100_20211024_id6100_malinf_(2).jpg;22
306;308;6100;MANDRILLS BKB_6100_20220120_id6100.jpg;2
309;337;6100;MANDRILLS BKB_6100_20220218_id6100_malinf.jpg;28
308;351;6100;MANDRILLS BKB_6100_20220304_id6100_malinf (1).jpg;43
356;351;6100;MANDRILLS BKB_6100_20220304_id6100_malinf (2).jpg;5
344;351;6100;MANDRILLS BKB_6100_20220304_id6100_malinf (3).jpg;7
364;351;6100;MANDRILLS BKB_6100_20220304_id6100_malinf (4).jpg;13
33;21;6147;MANDRILLS BKB_6147_20201124_id6147_feminf_(5).jpg;12
41;21;6147;MANDRILLS BKB_6147_20201124_id6147_feminf_(7).jpg;20
21;21;6147;MANDRILLS BKB_6147_20201124_id6147_feminf_(8).jpg;0
35;21;6147;MANDRILLS BKB_6147_20201124_id6147_feminf_(9).jpg;14
77;79;6147;MANDRILLS BKB_6147_20210121_id6147_feminf_(1).jpg;2
43;79;6147;MANDRILLS BKB_6147_20210121_id6147_feminf_(2).jpg;36
75;79;6147;MANDRILLS BKB_6147_20210121_id6147_feminf_(3).jpg;4
65;79;6147;MANDRILLS BKB_6147_20210121_id6147_feminf_(4).jpg;14
75;79;6147;MANDRILLS BKB_6147_20210121_id6147_feminf_(5).jpg;4
80;79;6147;MANDRILLS BKB_6147_20210121_id6147_feminf_(6).jpg;1
106;101;6147;MANDRILLS BKB_6147_20210212_id6147_(1).jpg;5
113;101;6147;MANDRILLS BKB_6147_20210212_id6147_(2).jpg;12
106;101;6147;MANDRILLS BKB_6147_20210212_id6147_(3).jpg;5
74;101;6147;MANDRILLS BKB_6147_20210212_id6147_(4).jpg;27
201;170;6147;MANDRILLS BKB_6147_20210422_id6147_feminf_(1).jpg;31
172;170;6147;MANDRILLS BKB_6147_20210422_id6147_feminf_(2).jpg;2
281;350;6147;MANDRILLS BKB_6147_20211019_id6147_feminf_(1).jpg;69
269;350;6147;MANDRILLS BKB_6147_20211019_id6147_feminf_(2).jpg;81
285;350;6147;MANDRILLS BKB_6147_20211019_id6147_feminf_(3).jpg;65
21;26;6156;MANDRILLS BKB_6156_20201222_id6156_feminf.jpg;5
44;32;6156;MANDRILLS BKB_6156_20201228_id6156_feminf_(1).jpg;12
45;32;6156;MANDRILLS BKB_6156_20201228_id6156_feminf_(2).jpg;13
39;32;6156;MANDRILLS BKB_6156_20201228_id6156_feminf_(3).jpg;7
66;32;6156;MANDRILLS BKB_6156_20201228_id6156_feminf_(4).jpg;34
44;37;6156;MANDRILLS BKB_6156_20210102_id6156_feminf_(1).jpg;7
34;37;6156;MANDRILLS BKB_6156_20210102_id6156_feminf_(2).jpg;3
74;37;6156;MANDRILLS BKB_6156_20210102_id6156_feminf_(3).jpg;37
27;39;6156;MANDRILLS BKB_6156_20210104_id6156_feminf_(1).jpg;12
26;39;6156;MANDRILLS BKB_6156_20210104_id6156_feminf_(2).jpg;13
33;41;6156;MANDRILLS BKB_6156_20210106_id6156_feminf_(1).jpg;8
40;41;6156;MANDRILLS BKB_6156_20210106_id6156_feminf_(2).jpg;1
37;41;6156;MANDRILLS BKB_6156_20210106_id6156_feminf_(3).jpg;4
26;41;6156;MANDRILLS BKB_6156_20210106_id6156_feminf_(4).jpg;15
37;44;6156;MANDRILLS BKB_6156_20210109_id6156_feminf_(1).jpg;7
44;44;6156;MANDRILLS BKB_6156_20210109_id6156_feminf_(2).jpg;0
60;51;6156;MANDRILLS BKB_6156_20210116_id6156_feminf.jpg;9
56;52;6156;MANDRILLS BKB_6156_20210117_id6156_feminf_(1).jpg;4
69;52;6156;MANDRILLS BKB_6156_20210117_id6156_feminf_(2).jpg;17
76;52;6156;MANDRILLS BKB_6156_20210117_id6156_feminf_(3).jpg;24
74;52;6156;MANDRILLS BKB_6156_20210117_id6156_feminf_(4).jpg;22
57;61;6156;MANDRILLS BKB_6156_20210126_id6156_feminf.jpg;4
81;63;6156;MANDRILLS BKB_6156_20210128_id6156_feminf_(1).jpg;18
54;63;6156;MANDRILLS BKB_6156_20210128_id6156_feminf_(10).jpg;9
78;63;6156;MANDRILLS BKB_6156_20210128_id6156_feminf_(2).jpg;15
84;63;6156;MANDRILLS BKB_6156_20210128_id6156_feminf_(3).jpg;21
60;63;6156;MANDRILLS BKB_6156_20210128_id6156_feminf_(4).jpg;3
51;63;6156;MANDRILLS BKB_6156_20210128_id6156_feminf_(5).jpg;12
54;63;6156;MANDRILLS BKB_6156_20210128_id6156_feminf_(6).jpg;9
80;63;6156;MANDRILLS BKB_6156_20210128_id6156_feminf_(7).jpg;17
48;63;6156;MANDRILLS BKB_6156_20210128_id6156_feminf_(8).jpg;15
46;63;6156;MANDRILLS BKB_6156_20210128_id6156_feminf_(9).jpg;17
43;81;6156;MANDRILLS BKB_6156_20210215_id6156_feminf_(1).jpg;38
37;81;6156;MANDRILLS BKB_6156_20210215_id6156_feminf_(2).jpg;44
66;95;6156;MANDRILLS BKB_6156_20210301_id6156_feminf_(1).jpg;29
55;95;6156;MANDRILLS BKB_6156_20210301_id6156_feminf_(2).jpg;40
61;95;6156;MANDRILLS BKB_6156_20210301_id6156_feminf_(3).jpg;34
89;126;6156;MANDRILLS BKB_6156_20210401_id6156_feminf_(1).jpg;37
112;126;6156;MANDRILLS BKB_6156_20210401_id6156_feminf_(2).jpg;14
76;126;6156;MANDRILLS BKB_6156_20210401_id6156_feminf_(3).jpg;50
95;126;6156;MANDRILLS BKB_6156_20210401_id6156_feminf_(4).jpg;31
99;126;6156;MANDRILLS BKB_6156_20210401_id6156_feminf_(5).jpg;27
116;145;6156;MANDRILLS BKB_6156_20210420_id6156_feminf_(1).jpg;29
134;145;6156;MANDRILLS BKB_6156_20210420_id6156_feminf_(2).jpg;11
135;145;6156;MANDRILLS BKB_6156_20210420_id6156_feminf_(3).jpg;10
288;330;6156;MANDRILLS BKB_6156_20211022_id6156_feminf.jpg;42
431;395;6156;MANDRILLS BKB_6156_20211226_id6156_femjuv_(2).jpg;36
376;395;6156;MANDRILLS BKB_6156_20211226_id6156_femjuv_(3).jpg;19
436;395;6156;MANDRILLS BKB_6156_20211226_id6156_femjuv_(4).jpg;41
467;432;6156;MANDRILLS BKB_6156_20220201_id6156_femjuv.jpg;35
411;447;6156;MANDRILLS BKB_6156_20220216_id6156_femjuv (1).jpg;36
371;447;6156;MANDRILLS BKB_6156_20220216_id6156_femjuv (2).jpg;76
428;457;6156;MANDRILLS BKB_6156_20220226_id6156_femjuv (1).jpg;29
407;457;6156;MANDRILLS BKB_6156_20220226_id6156_femjuv (2).jpg;50
384;457;6156;MANDRILLS BKB_6156_20220226_id6156_femjuv (3).jpg;73
375;457;6156;MANDRILLS BKB_6156_20220226_id6156_femjuv (4).jpg;82
395;463;6156;MANDRILLS BKB_6156_20220304_id6156_femjuv (1).jpg;68
505;463;6156;MANDRILLS BKB_6156_20220304_id6156_femjuv (2).jpg;42
486;473;6156;MANDRILLS BKB_6156_20220314_id6156_femjuv (1).jpg;13
395;473;6156;MANDRILLS BKB_6156_20220314_id6156_femjuv (2).jpg;78
501;491;6156;MANDRILLS BKB_6156_20220401_id6156_femjuv (1).jpg;10
473;491;6156;MANDRILLS BKB_6156_20220401_id6156_femjuv (2).jpg;18
511;515;6156;MANDRILLS BKB_6156_20220425_id6156_femjuv (2).jpg;4
402;515;6156;MANDRILLS BKB_6156_20220425_id6156_femjuv (3).jpg;113
387;515;6156;MANDRILLS BKB_6156_20220425_id6156_femjuv (4).jpg;128
409;515;6156;MANDRILLS BKB_6156_20220425_id6156_femjuv (5).jpg;106
453;515;6156;MANDRILLS BKB_6156_20220425_id6156_femjuv (6).jpg;62
532;515;6156;MANDRILLS BKB_6156_20220425_id6156_femjuv (7).jpg;17
481;515;6156;MANDRILLS BKB_6156_20220425_id6156_femjuv (8).jpg;34
511;544;6156;MANDRILLS BKB_6156_20220524_id6156_femjuv (1).jpg;33
377;544;6156;MANDRILLS BKB_6156_20220524_id6156_femjuv (2).jpg;167
385;557;6156;MANDRILLS BKB_6156_20220606_id6156_femjuv (1).jpg;172
530;557;6156;MANDRILLS BKB_6156_20220606_id6156_femjuv (2).jpg;27
427;575;6156;MANDRILLS BKB_6156_20220624_id6156_femjuv (1).jpg;148
430;575;6156;MANDRILLS BKB_6156_20220624_id6156_femjuv (2).jpg;145
511;575;6156;MANDRILLS BKB_6156_20220624_id6156_femjuv (3).jpg;64
386;575;6156;MANDRILLS BKB_6156_20220624_id6156_femjuv (4).jpg;189
501;575;6156;MANDRILLS BKB_6156_20220624_id6156_femjuv (5).jpg;74
472;575;6156;MANDRILLS BKB_6156_20220624_id6156_femjuv (6).jpg;103
524;582;6156;MANDRILLS BKB_6156_20220701_id6156 (2).jpg;58
492;597;6156;MANDRILLS BKB_6156_20220716_id6156_femjuv (1).jpg;105
510;597;6156;MANDRILLS BKB_6156_20220716_id6156_femjuv (2).jpg;87
446;597;6156;MANDRILLS BKB_6156_20220716_id6156_femjuv (3).jpg;151
581;600;6156;MANDRILLS BKB_6156_20220719_id6156 (2).jpg;19
555;600;6156;MANDRILLS BKB_6156_20220719_id6156 (3).jpg;45
492;600;6156;MANDRILLS BKB_6156_20220719_id6156 (5).jpg;108
567;615;6156;MANDRILLS BKB_6156_20220803_id6156 (1).jpg;48
491;615;6156;MANDRILLS BKB_6156_20220803_id6156 (3).jpg;124
489;624;6156;MANDRILLS BKB_6156_20220812_id6156 (1).jpg;135
469;624;6156;MANDRILLS BKB_6156_20220812_id6156 (2).jpg;155
568;624;6156;MANDRILLS BKB_6156_20220812_id6156 (3).jpg;56
585;638;6156;MANDRILLS BKB_6156_20220826_id6156.jpg;53
704;648;6156;MANDRILLS BKB_6156_20220905_id6156 (1).jpg;56
651;648;6156;MANDRILLS BKB_6156_20220905_id6156 (2).jpg;3
647;654;6156;MANDRILLS BKB_6156_20220911_id6156.jpg;7
525;655;6156;MANDRILLS BKB_6156_20220912_id6156.jpg;130
696;678;6156;MANDRILLS BKB_6156_20221005_id6156.jpg;18
771;725;6156;MANDRILLS BKB_6156_20221121_id6156 (1).jpg;46
739;725;6156;MANDRILLS BKB_6156_20221121_id6156 (2).jpg;14
787;725;6156;MANDRILLS BKB_6156_20221121_id6156 (3).jpg;62
726;727;6156;MANDRILLS BKB_6156_20221123_id6156 (1).jpg;1
708;727;6156;MANDRILLS BKB_6156_20221123_id6156 (2).jpg;19
636;744;6156;MANDRILLS BKB_6156_20221210_id6156.jpg;108
657;755;6156;MANDRILLS BKB_6156_20221221_id6156.jpg;98
42;0;6193;MANDRILLS BKB_6193_20201217_id6193_malinf_(1).jpg;42
40;0;6193;MANDRILLS BKB_6193_20201217_id6193_malinf_(2).jpg;40
53;0;6193;MANDRILLS BKB_6193_20201217_id6193_malinf_(3).jpg;53
44;0;6193;MANDRILLS BKB_6193_20201217_id6193_malinf_(4).jpg;44
32;0;6193;MANDRILLS BKB_6193_20201217_id6193_malinf_(5).jpg;32
37;0;6193;MANDRILLS BKB_6193_20201217_id6193_malinf_(6).jpg;37
36;0;6193;MANDRILLS BKB_6193_20201217_id6193_malinf_(7).jpg;36
16;0;6193;MANDRILLS BKB_6193_20201217_id6193_malinf_(8).jpg;16
20;18;6193;MANDRILLS BKB_6193_20210104_id6193_malinf_(1).jpg;2
21;18;6193;MANDRILLS BKB_6193_20210104_id6193_malinf_(10).jpg;3
17;18;6193;MANDRILLS BKB_6193_20210104_id6193_malinf_(2).jpg;1
-1;18;6193;MANDRILLS BKB_6193_20210104_id6193_malinf_(3).jpg;19
29;18;6193;MANDRILLS BKB_6193_20210104_id6193_malinf_(4).jpg;11
24;18;6193;MANDRILLS BKB_6193_20210104_id6193_malinf_(5).jpg;6
49;18;6193;MANDRILLS BKB_6193_20210104_id6193_malinf_(6).jpg;31
17;18;6193;MANDRILLS BKB_6193_20210104_id6193_malinf_(7).jpg;1
40;18;6193;MANDRILLS BKB_6193_20210104_id6193_malinf_(8).jpg;22
37;18;6193;MANDRILLS BKB_6193_20210104_id6193_malinf_(9).jpg;19
27;23;6193;MANDRILLS BKB_6193_20210109_id6193_mailinf_(1).jpg;4
15;23;6193;MANDRILLS BKB_6193_20210109_id6193_mailinf_(2).jpg;8
33;27;6193;MANDRILLS BKB_6193_20210113_id6193_malinf_(1).jpg;6
74;27;6193;MANDRILLS BKB_6193_20210113_id6193_malinf_(2).jpg;47
60;27;6193;MANDRILLS BKB_6193_20210113_id6193_malinf_(3).jpg;33
10;27;6193;MANDRILLS BKB_6193_20210113_id6193_malinf_(4).jpg;17
16;27;6193;MANDRILLS BKB_6193_20210113_id6193_malinf_(5).jpg;11
39;27;6193;MANDRILLS BKB_6193_20210113_id6193_malinf_(6).jpg;12
26;34;6193;MANDRILLS BKB_6193_20210120_id6193_malinf_(1).jpg;8
57;34;6193;MANDRILLS BKB_6193_20210120_id6193_malinf_(2).jpg;23
114;42;6193;MANDRILLS BKB_6193_20210128_id6193_malinf_(1).jpg;72
43;42;6193;MANDRILLS BKB_6193_20210128_id6193_malinf_(2).jpg;1
32;42;6193;MANDRILLS BKB_6193_20210128_id6193_malinf_(3).jpg;10
38;43;6193;MANDRILLS BKB_6193_20210129_id6193_malinf_(2).jpg;5
69;43;6193;MANDRILLS BKB_6193_20210129_id6193_malinf_(3).jpg;26
42;43;6193;MANDRILLS BKB_6193_20210129_id6193_malinf_(4).jpg;1
41;43;6193;MANDRILLS BKB_6193_20210129_id6193_malinf_(5).jpg;2
117;61;6193;MANDRILLS BKB_6193_20210216_id6193_malinf.jpg;56
139;78;6193;MANDRILLS BKB_6193_20210305_id6193_malinf.jpg;61
134;105;6193;MANDRILLS BKB_6193_20210401_id6193_malinf_(1).jpg;29
106;105;6193;MANDRILLS BKB_6193_20210401_id6193_malinf_(2).jpg;1
94;105;6193;MANDRILLS BKB_6193_20210401_id6193_malinf_(3).jpg;11
145;105;6193;MANDRILLS BKB_6193_20210401_id6193_malinf_(4).jpg;40
138;105;6193;MANDRILLS BKB_6193_20210401_id6193_malinf_(5).jpg;33
152;106;6193;MANDRILLS BKB_6193_20210402_id6193_malinf.jpg;46
195;124;6193;MANDRILLS BKB_6193_20210420_id6193_malinf_(1).jpg;71
224;124;6193;MANDRILLS BKB_6193_20210420_id6193_malinf_(2).jpg;100
218;124;6193;MANDRILLS BKB_6193_20210420_id6193_malinf_(3).jpg;94
223;124;6193;MANDRILLS BKB_6193_20210420_id6193_malinf_(4).jpg;99
168;124;6193;MANDRILLS BKB_6193_20210420_id6193_malinf_(5).jpg;44
142;124;6193;MANDRILLS BKB_6193_20210420_id6193_malinf_(6).jpg;18
145;124;6193;MANDRILLS BKB_6193_20210420_id6193_malinf_(7).jpg;21
196;124;6193;MANDRILLS BKB_6193_20210420_id6193_malinf_(8).jpg;72
288;208;6193;MANDRILLS BKB_6193_20210713_id6193_malinf_(1).jpg;80
270;208;6193;MANDRILLS BKB_6193_20210713_id6193_malinf_(2).jpg;62
356;212;6193;MANDRILLS BKB_6193_20210717_id6193_malinf_(1).jpg;144
234;212;6193;MANDRILLS BKB_6193_20210717_id6193_malinf_(2).jpg;22
290;223;6193;MANDRILLS BKB_6193_20210728_id6193_malinf_(1).jpg;67
270;223;6193;MANDRILLS BKB_6193_20210728_id6193_malinf_(2).jpg;47
464;366;6193;MANDRILLS BKB_6193_20211218_id6193_maljuv.jpg;98
431;370;6193;MANDRILLS BKB_6193_20211222_id6193_maljuv.jpg;61
625;411;6193;MANDRILLS BKB_6193_20220201_id6193 (1).jpg;214
453;411;6193;MANDRILLS BKB_6193_20220201_id6193 (2).jpg;42
398;411;6193;MANDRILLS BKB_6193_20220201_id6193 (3).jpg;13
586;411;6193;MANDRILLS BKB_6193_20220201_id6193 (4).jpg;175
729;411;6193;MANDRILLS BKB_6193_20220201_id6193 (5).jpg;318
768;411;6193;MANDRILLS BKB_6193_20220201_id6193 (6).jpg;357
500;426;6193;MANDRILLS BKB_6193_20220216_id6193_maljuv (1).jpg;74
498;426;6193;MANDRILLS BKB_6193_20220216_id6193_maljuv (2).jpg;72
508;426;6193;MANDRILLS BKB_6193_20220216_id6193_maljuv (4).jpg;82
646;449;6193;MANDRILLS BKB_6193_20220311_id6193_maljuv (1).jpg;197
637;449;6193;MANDRILLS BKB_6193_20220311_id6193_maljuv (2).jpg;188
604;449;6193;MANDRILLS BKB_6193_20220311_id6193_maljuv (3).jpg;155
741;449;6193;MANDRILLS BKB_6193_20220311_id6193_maljuv (4).jpg;292
529;496;6193;MANDRILLS BKB_6193_20220427_id6193_maljuv (1).jpg;33
536;496;6193;MANDRILLS BKB_6193_20220427_id6193_maljuv (2).jpg;40
569;496;6193;MANDRILLS BKB_6193_20220427_id6193_maljuv (3).jpg;73
620;508;6193;MANDRILLS BKB_6193_20220509_id6193_maljuv (2).jpg;112
559;515;6193;MANDRILLS BKB_6193_20220516_id6193_maljuv (1).jpg;44
663;515;6193;MANDRILLS BKB_6193_20220516_id6193_maljuv (2).jpg;148
767;515;6193;MANDRILLS BKB_6193_20220516_id6193_maljuv (3).jpg;252
649;515;6193;MANDRILLS BKB_6193_20220516_id6193_maljuv (4).jpg;134
493;515;6193;MANDRILLS BKB_6193_20220516_id6193_maljuv (5).jpg;22
554;515;6193;MANDRILLS BKB_6193_20220516_id6193_maljuv (6).jpg;39
563;529;6193;MANDRILLS BKB_6193_20220530_id6193_maljuv (1).jpg;34
569;529;6193;MANDRILLS BKB_6193_20220530_id6193_maljuv (2).jpg;40
648;551;6193;MANDRILLS BKB_6193_20220621_id6193_maljuv (1).jpg;97
517;551;6193;MANDRILLS BKB_6193_20220621_id6193_maljuv (2).jpg;34
629;551;6193;MANDRILLS BKB_6193_20220621_id6193_maljuv (3).jpg;78
560;551;6193;MANDRILLS BKB_6193_20220621_id6193_maljuv (5).jpg;9
498;551;6193;MANDRILLS BKB_6193_20220621_id6193_maljuv (6).jpg;53
636;551;6193;MANDRILLS BKB_6193_20220621_id6193_maljuv (7).jpg;85
575;559;6193;MANDRILLS BKB_6193_20220629_id6193 (1).jpg;16
479;559;6193;MANDRILLS BKB_6193_20220629_id6193 (2).jpg;80
718;574;6193;MANDRILLS BKB_6193_20220714_id6193_maljuv (1).jpg;144
538;574;6193;MANDRILLS BKB_6193_20220714_id6193_maljuv (2).jpg;36
616;585;6193;MANDRILLS BKB_6193_20220725_id6193 (1).jpg;31
600;585;6193;MANDRILLS BKB_6193_20220725_id6193.jpg;15
619;594;6193;MANDRILLS BKB_6193_20220803_id6193.jpg;25
641;617;6193;MANDRILLS BKB_6193_20220826_id6193 (1).jpg;24
691;617;6193;MANDRILLS BKB_6193_20220826_id6193 (2).jpg;74
526;618;6193;MANDRILLS BKB_6193_20220827_id6193.jpg;92
763;626;6193;MANDRILLS BKB_6193_20220904_id6193.jpg;137
743;627;6193;MANDRILLS BKB_6193_20220905_id6193 (1).jpg;116
741;627;6193;MANDRILLS BKB_6193_20220905_id6193 (3).jpg;114
566;630;6193;MANDRILLS BKB_6193_20220908_id6193 (1).jpg;64
679;630;6193;MANDRILLS BKB_6193_20220908_id6193 (3).jpg;49
621;630;6193;MANDRILLS BKB_6193_20220908_id6193 (4).jpg;9
632;638;6193;MANDRILLS BKB_6193_20220916_id6193.jpg;6
680;650;6193;MANDRILLS BKB_6193_20220928_id6193.jpg;30
750;671;6193;MANDRILLS BKB_6193_20221019_id6193 (2).jpg;79
652;671;6193;MANDRILLS BKB_6193_20221019_id6193.jpg;19
683;679;6193;MANDRILLS BKB_6193_20221027_id6193 (1).jpg;4
670;679;6193;MANDRILLS BKB_6193_20221027_id6193 (2).jpg;9
843;679;6193;MANDRILLS BKB_6193_20221027_id6193 (3).jpg;164
624;679;6193;MANDRILLS BKB_6193_20221027_id6193 (4).jpg;55
779;679;6193;MANDRILLS BKB_6193_20221027_id6193 (5).jpg;100
713;679;6193;MANDRILLS BKB_6193_20221027_id6193 (6).jpg;34
619;681;6193;MANDRILLS BKB_6193_20221029_id6193.jpg;62
749;682;6193;MANDRILLS BKB_6193_20221030_id6193 (1).jpg;67
747;682;6193;MANDRILLS BKB_6193_20221030_id6193 (2).jpg;65
768;683;6193;MANDRILLS BKB_6193_20221031_id6193 (1).jpg;85
786;683;6193;MANDRILLS BKB_6193_20221031_id6193 (3).jpg;103
631;683;6193;MANDRILLS BKB_6193_20221031_id6193 (4).jpg;52
741;683;6193;MANDRILLS BKB_6193_20221031_id6193 (5).jpg;58
787;683;6193;MANDRILLS BKB_6193_20221031_id6193 (7).jpg;104
894;713;6193;MANDRILLS BKB_6193_20221130_id6193 (1).jpg;181
837;713;6193;MANDRILLS BKB_6193_20221130_id6193 (2).jpg;124
800;713;6193;MANDRILLS BKB_6193_20221130_id6193 (3).jpg;87
874;713;6193;MANDRILLS BKB_6193_20221130_id6193 (4).jpg;161
21;0;6210;MANDRILLS BKB_6210_20210204_id6210_feminf_(1).jpg;21
20;0;6210;MANDRILLS BKB_6210_20210204_id6210_feminf_(2).jpg;20
31;0;6210;MANDRILLS BKB_6210_20210204_id6210_feminf_(3).jpg;31
33;0;6210;MANDRILLS BKB_6210_20210204_id6210_feminf_(4).jpg;33
-8;0;6210;MANDRILLS BKB_6210_20210204_id6210_feminf_(5).jpg;8
29;0;6210;MANDRILLS BKB_6210_20210204_id6210_feminf_(6).jpg;29
38;0;6210;MANDRILLS BKB_6210_20210204_id6210_feminf_(7).jpg;38
23;0;6210;MANDRILLS BKB_6210_20210204_id6210_feminf_(8).jpg;23
1;1;6210;MANDRILLS BKB_6210_20210205_id6210_feminf_(1).jpg;0
-10;1;6210;MANDRILLS BKB_6210_20210205_id6210_feminf_(2).jpg;11
14;1;6210;MANDRILLS BKB_6210_20210205_id6210_feminf_(3).jpg;13
19;1;6210;MANDRILLS BKB_6210_20210205_id6210_feminf_(4).jpg;18
7;1;6210;MANDRILLS BKB_6210_20210205_id6210_feminf_(5).jpg;6
18;1;6210;MANDRILLS BKB_6210_20210205_id6210_feminf_(6).jpg;17
12;1;6210;MANDRILLS BKB_6210_20210205_id6210_feminf_(7).jpg;11
25;1;6210;MANDRILLS BKB_6210_20210205_id6210_feminf_(8).jpg;24
30;1;6210;MANDRILLS BKB_6210_20210205_id6210_feminf_(9).jpg;29
0;2;6210;MANDRILLS BKB_6210_20210206_id6210_feminf_(1).jpg;2
15;2;6210;MANDRILLS BKB_6210_20210206_id6210_feminf_(2).jpg;13
21;5;6210;MANDRILLS BKB_6210_20210209_id6210_feminf.jpg;16
-1;6;6210;MANDRILLS BKB_6210_20210210_id6210_feminf.jpg;7
8;12;6210;MANDRILLS BKB_6210_20210216_id6210_feminf_(1).jpg;4
10;12;6210;MANDRILLS BKB_6210_20210216_id6210_feminf_(2).jpg;2
15;12;6210;MANDRILLS BKB_6210_20210216_id6210_feminf_(4).jpg;3
16;12;6210;MANDRILLS BKB_6210_20210216_id6210_feminf_(5).jpg;4
25;12;6210;MANDRILLS BKB_6210_20210216_id6210_feminf_(6).jpg;13
25;12;6210;MANDRILLS BKB_6210_20210216_id6210_feminf_(7).jpg;13
36;25;6210;MANDRILLS BKB_6210_20210301_id6210_feminf.jpg;11
41;29;6210;MANDRILLS BKB_6210_20210305_id6210_feminf_(1).jpg;12
25;29;6210;MANDRILLS BKB_6210_20210305_id6210_feminf_(2).jpg;4
53;29;6210;MANDRILLS BKB_6210_20210305_id6210_feminf_(3).jpg;24
65;56;6210;MANDRILLS BKB_6210_20210401_id6210_feminf.jpg;9
59;57;6210;MANDRILLS BKB_6210_20210402_id6210_feminf_(1).jpg;2
62;57;6210;MANDRILLS BKB_6210_20210402_id6210_feminf_(2).jpg;5
73;57;6210;MANDRILLS BKB_6210_20210402_id6210_feminf_(3).jpg;16
61;57;6210;MANDRILLS BKB_6210_20210402_id6210_feminf_(4).jpg;4
53;65;6210;MANDRILLS BKB_6210_20210410_id6210_feminf_(1).jpg;12
71;65;6210;MANDRILLS BKB_6210_20210410_id6210_feminf_(2).jpg;6
81;75;6210;MANDRILLS BKB_6210_20210420_id6210_feminf_(1).jpg;6
92;75;6210;MANDRILLS BKB_6210_20210420_id6210_feminf_(2).jpg;17
100;78;6210;MANDRILLS BKB_6210_20210423_id6210_feminf_(1).jpg;22
103;78;6210;MANDRILLS BKB_6210_20210423_id6210_feminf_(2).jpg;25
143;138;6210;MANDRILLS BKB_6210_20210622_id6210_feminf_(1).jpg;5
329;257;6210;MANDRILLS BKB_6210_20211019_id6210_feminf.jpg;72
311;346;6210;MANDRILLS BKB_6210_20220116_id6210_feminf.jpg;35
400;359;6210;MANDRILLS BKB_6210_20220129_id6210_1.jpg;41
451;359;6210;MANDRILLS BKB_6210_20220129_id6210_2.jpg;92
447;359;6210;MANDRILLS BKB_6210_20220129_id6210_3.jpg;88
431;359;6210;MANDRILLS BKB_6210_20220129_id6210_4.jpg;72
517;362;6210;MANDRILLS BKB_6210_20220201_id6210_femjuv (1).jpg;155
591;362;6210;MANDRILLS BKB_6210_20220201_id6210_femjuv (2).jpg;229
545;362;6210;MANDRILLS BKB_6210_20220201_id6210_femjuv (3).jpg;183
478;377;6210;MANDRILLS BKB_6210_20220216_id6210_femjuv (1).jpg;101
414;377;6210;MANDRILLS BKB_6210_20220216_id6210_femjuv (2).jpg;37
513;377;6210;MANDRILLS BKB_6210_20220216_id6210_femjuv (3).jpg;136
490;393;6210;MANDRILLS BKB_6210_20220304_id6210_femjuv.jpg;97
394;418;6210;MANDRILLS BKB_6210_20220329_id6210_femjuv.jpg;24
420;447;6210;MANDRILLS BKB_6210_20220427_id6210_femjuv (1).jpg;27
494;447;6210;MANDRILLS BKB_6210_20220427_id6210_femjuv (2).jpg;47
459;447;6210;MANDRILLS BKB_6210_20220427_id6210_femjuv (3).jpg;12
477;459;6210;MANDRILLS BKB_6210_20220509_id6210_femjuv.jpg;18
413;466;6210;MANDRILLS BKB_6210_20220516_id6210_femjuv.jpg;53
465;476;6210;MANDRILLS BKB_6210_20220526_id6210 (1).jpg;11
603;476;6210;MANDRILLS BKB_6210_20220526_id6210 (2).jpg;127
537;476;6210;MANDRILLS BKB_6210_20220526_id6210 (3).jpg;61
483;480;6210;MANDRILLS BKB_6210_20220530_id6210_femjuv (1).jpg;3
582;480;6210;MANDRILLS BKB_6210_20220530_id6210_femjuv (2).jpg;102
471;480;6210;MANDRILLS BKB_6210_20220530_id6210_femjuv.jpg;9
515;488;6210;MANDRILLS BKB_6210_20220607_id6210_femjuv (1).jpg;27
522;488;6210;MANDRILLS BKB_6210_20220607_id6210_femjuv (2).jpg;34
481;500;6210;MANDRILLS BKB_6210_20220619_id6210_femjuv (1).jpg;19
452;500;6210;MANDRILLS BKB_6210_20220619_id6210_femjuv (2).jpg;48
558;500;6210;MANDRILLS BKB_6210_20220619_id6210_femjuv (3).jpg;58
567;510;6210;MANDRILLS BKB_6210_20220629_id6210.jpg;57
470;512;6210;MANDRILLS BKB_6210_20220701_id6210.jpg;42
460;519;6210;MANDRILLS BKB_6210_20220708_id6210.jpg;59
634;525;6210;MANDRILLS BKB_6210_20220714_id6210_femjuv.jpg;109
647;539;6210;MANDRILLS BKB_6210_20220728_id6210.jpg;108
541;540;6210;MANDRILLS BKB_6210_20220729_id6210.jpg;1
570;545;6210;MANDRILLS BKB_6210_20220803_id6210 (1).jpg;25
536;545;6210;MANDRILLS BKB_6210_20220803_id6210 (2).jpg;9
616;545;6210;MANDRILLS BKB_6210_20220803_id6210 (3).jpg;71
584;545;6210;MANDRILLS BKB_6210_20220803_id6210 (4).jpg;39
594;545;6210;MANDRILLS BKB_6210_20220803_id6210 (5).jpg;49
571;545;6210;MANDRILLS BKB_6210_20220803_id6210 (6).jpg;26
557;551;6210;MANDRILLS BKB_6210_20220809_id6210 (1).jpg;6
509;551;6210;MANDRILLS BKB_6210_20220809_id6210 (2).jpg;42
598;569;6210;MANDRILLS BKB_6210_20220827_id6210.jpg;29
458;572;6210;MANDRILLS BKB_6210_20220830_id6210.jpg;114
549;577;6210;MANDRILLS BKB_6210_20220904_id6210 (1).jpg;28
677;577;6210;MANDRILLS BKB_6210_20220904_id6210 (2).jpg;100
592;578;6210;MANDRILLS BKB_6210_20220905_id6210 (1).jpg;14
551;578;6210;MANDRILLS BKB_6210_20220905_id6210 (3).jpg;27
823;584;6210;MANDRILLS BKB_6210_20220911_id6210.jpg;239
623;608;6210;MANDRILLS BKB_6210_20221005_id6210 (2).jpg;15
622;608;6210;MANDRILLS BKB_6210_20221005_id6210 (3).jpg;14
685;625;6210;MANDRILLS BKB_6210_20221022_id6210 (1).jpg;60
677;625;6210;MANDRILLS BKB_6210_20221022_id6210 (2).jpg;52
846;625;6210;MANDRILLS BKB_6210_20221022_id6210 (3).jpg;221
622;630;6210;MANDRILLS BKB_6210_20221027_id6210.jpg;8
598;633;6210;MANDRILLS BKB_6210_20221030_id6210 (2).jpg;35
744;651;6210;MANDRILLS BKB_6210_20221117_id6210 (1).jpg;93
813;651;6210;MANDRILLS BKB_6210_20221117_id6210 (2).jpg;162
620;651;6210;MANDRILLS BKB_6210_20221117_id6210 (4).jpg;31
388;659;6210;MANDRILLS BKB_6210_20221125_id6210.jpg;271
720;678;6210;MANDRILLS BKB_6210_20221214_id6210.jpg;42
693;682;6210;MANDRILLS BKB_6210_20221218_id6210.jpg;11
996;688;6210;MANDRILLS BKB_6210_20221224_id6210.jpg;308
30;35;6211;MANDRILLS BKB_6211_20210924_id6211_malinf.jpg;5
44;46;6211;MANDRILLS BKB_6211_20211005_id6211_malinf_(1).jpg;2
51;46;6211;MANDRILLS BKB_6211_20211005_id6211_malinf_(2).jpg;5
64;47;6211;MANDRILLS BKB_6211_20211006_id6211_malinf_(1).jpg;17
50;47;6211;MANDRILLS BKB_6211_20211006_id6211_malinf_(2).jpg;3
81;58;6211;MANDRILLS BKB_6211_20211017_id6211_malinf_(1).jpg;23
83;58;6211;MANDRILLS BKB_6211_20211017_id6211_malinf_(2).jpg;25
73;62;6211;MANDRILLS BKB_6211_20211021_id6211_malinf_(1).jpg;11
60;62;6211;MANDRILLS BKB_6211_20211021_id6211_malinf_(2).jpg;2
80;62;6211;MANDRILLS BKB_6211_20211021_id6211_malinf_(3).jpg;18
49;63;6211;MANDRILLS BKB_6211_20211022_id6211_malinf.jpg;14
82;78;6211;MANDRILLS BKB_6211_20211106_id6211_malinf_(1).jpg;4
82;78;6211;MANDRILLS BKB_6211_20211106_id6211_malinf_(2).jpg;4
68;78;6211;MANDRILLS BKB_6211_20211106_id6211_malinf_(3).jpg;10
89;78;6211;MANDRILLS BKB_6211_20211106_id6211_malinf_(4).jpg;11
88;78;6211;MANDRILLS BKB_6211_20211106_id6211_malinf_(5).jpg;10
78;78;6211;MANDRILLS BKB_6211_20211106_id6211_malinf_(6).jpg;0
65;78;6211;MANDRILLS BKB_6211_20211106_id6211_malinf_(7).jpg;13
70;78;6211;MANDRILLS BKB_6211_20211106_id6211_malinf_(8).jpg;8
44;78;6211;MANDRILLS BKB_6211_20211106_id6211_malinf_(9).jpg;34
72;80;6211;MANDRILLS BKB_6211_20211108_id6211_malinf_(1).jpg;8
118;80;6211;MANDRILLS BKB_6211_20211108_id6211_malinf_(2).jpg;38
93;80;6211;MANDRILLS BKB_6211_20211108_id6211_malinf_(3).jpg;13
69;88;6211;MANDRILLS BKB_6211_20211116_id6211_malinf_(1).jpg;19
99;88;6211;MANDRILLS BKB_6211_20211116_id6211_malinf_(2).jpg;11
75;88;6211;MANDRILLS BKB_6211_20211116_id6211_malinf_(3).jpg;13
85;112;6211;MANDRILLS BKB_6211_20211210_id6211_malinf.jpg;27
46;119;6211;MANDRILLS BKB_6211_20211217_id6211_malinf_(1).jpg;73
92;119;6211;MANDRILLS BKB_6211_20211217_id6211_malinf_(2).jpg;27
62;119;6211;MANDRILLS BKB_6211_20211217_id6211_malinf_(3).jpg;57
59;119;6211;MANDRILLS BKB_6211_20211217_id6211_malinf_(4).jpg;60
121;119;6211;MANDRILLS BKB_6211_20211217_id6211_malinf_(5).jpg;2
91;119;6211;MANDRILLS BKB_6211_20211217_id6211_malinf_(6).jpg;28
63;119;6211;MANDRILLS BKB_6211_20211217_id6211_malinf_(7).jpg;56
56;128;6211;MANDRILLS BKB_6211_20211226_id6211_malinf_(1).jpg;72
87;128;6211;MANDRILLS BKB_6211_20211226_id6211_malinf_(2).jpg;41
88;128;6211;MANDRILLS BKB_6211_20211226_id6211_malinf_(3).jpg;40
86;128;6211;MANDRILLS BKB_6211_20211226_id6211_malinf_(4).jpg;42
87;128;6211;MANDRILLS BKB_6211_20211226_id6211_malinf_(5).jpg;41
96;128;6211;MANDRILLS BKB_6211_20211226_id6211_malinf_(7).jpg;32
103;128;6211;MANDRILLS BKB_6211_20211226_id6211_malinf_(8).jpg;25
60;129;6211;MANDRILLS BKB_6211_20211227_id6211_malinf_(2).jpg;69
57;129;6211;MANDRILLS BKB_6211_20211227_id6211_malinf_(3).jpg;72
113;129;6211;MANDRILLS BKB_6211_20211227_id6211_malinf_(4).jpg;16
121;163;6211;MANDRILLS BKB_6211_20220130_id6211_malinf (2).jpg;42
111;163;6211;MANDRILLS BKB_6211_20220130_id6211_malinf.jpg;52
123;165;6211;MANDRILLS BKB_6211_20220201_id6211_malinf (1).jpg;42
152;165;6211;MANDRILLS BKB_6211_20220201_id6211_malinf (10).jpg;13
145;165;6211;MANDRILLS BKB_6211_20220201_id6211_malinf (11).jpg;20
112;165;6211;MANDRILLS BKB_6211_20220201_id6211_malinf (2).jpg;53
113;165;6211;MANDRILLS BKB_6211_20220201_id6211_malinf (3).jpg;52
170;165;6211;MANDRILLS BKB_6211_20220201_id6211_malinf (6).jpg;5
227;165;6211;MANDRILLS BKB_6211_20220201_id6211_malinf (7).jpg;62
263;165;6211;MANDRILLS BKB_6211_20220201_id6211_malinf (8).jpg;98
132;165;6211;MANDRILLS BKB_6211_20220201_id6211_malinf (9).jpg;33
616;172;6211;MANDRILLS BKB_6211_20220208_id6211_malinf (1).jpg;444
202;172;6211;MANDRILLS BKB_6211_20220208_id6211_malinf (2).jpg;30
100;172;6211;MANDRILLS BKB_6211_20220208_id6211_malinf (3).jpg;72
139;172;6211;MANDRILLS BKB_6211_20220208_id6211_malinf (4).jpg;33
139;180;6211;MANDRILLS BKB_6211_20220216_id6211_malinf (1).jpg;41
129;180;6211;MANDRILLS BKB_6211_20220216_id6211_malinf (2).jpg;51
153;180;6211;MANDRILLS BKB_6211_20220216_id6211_malinf (3).jpg;27
169;180;6211;MANDRILLS BKB_6211_20220216_id6211_malinf (4).jpg;11
113;180;6211;MANDRILLS BKB_6211_20220216_id6211_malinf (5).jpg;67
149;185;6211;MANDRILLS BKB_6211_20220221_id6211_malinf (1).jpg;36
222;185;6211;MANDRILLS BKB_6211_20220221_id6211_malinf (2).jpg;37
164;196;6211;MANDRILLS BKB_6211_20220304_id6211_malinf (1).jpg;32
177;196;6211;MANDRILLS BKB_6211_20220304_id6211_malinf (2).jpg;19
133;196;6211;MANDRILLS BKB_6211_20220304_id6211_malinf (3).jpg;63
161;196;6211;MANDRILLS BKB_6211_20220304_id6211_malinf (4).jpg;35
184;196;6211;MANDRILLS BKB_6211_20220304_id6211_malinf (5).jpg;12
157;196;6211;MANDRILLS BKB_6211_20220304_id6211_malinf (6).jpg;39
142;206;6211;MANDRILLS BKB_6211_20220314_id6211_malinf (1).jpg;64
211;206;6211;MANDRILLS BKB_6211_20220314_id6211_malinf (2).jpg;5
226;240;6211;MANDRILLS BKB_6211_20220417_id6211_malinf (2).jpg;14
180;240;6211;MANDRILLS BKB_6211_20220417_id6211_malinf (3).jpg;60
168;240;6211;MANDRILLS BKB_6211_20220417_id6211_malinf (4).jpg;72
218;248;6211;MANDRILLS BKB_6211_20220425_id6211_malinf (3).jpg;30
211;248;6211;MANDRILLS BKB_6211_20220425_id6211_malinf (4).jpg;37
183;248;6211;MANDRILLS BKB_6211_20220425_id6211_malinf (5).jpg;65
206;248;6211;MANDRILLS BKB_6211_20220425_id6211_malinf (6).jpg;42
214;248;6211;MANDRILLS BKB_6211_20220425_id6211_malinf (7).jpg;34
206;248;6211;MANDRILLS BKB_6211_20220425_id6211_malinf (8).jpg;42
205;248;6211;MANDRILLS BKB_6211_20220425_id6211_malinf (9).jpg;43
236;249;6211;MANDRILLS BKB_6211_20220426_id6211_malinf (1).jpg;13
233;249;6211;MANDRILLS BKB_6211_20220426_id6211_malinf (2).jpg;16
254;249;6211;MANDRILLS BKB_6211_20220426_id6211_malinf (3).jpg;5
203;249;6211;MANDRILLS BKB_6211_20220426_id6211_malinf.jpg;46
208;250;6211;MANDRILLS BKB_6211_20220427_id6211_malinf (1).jpg;42
182;250;6211;MANDRILLS BKB_6211_20220427_id6211_malinf (2).jpg;68
225;262;6211;MANDRILLS BKB_6211_20220509_id6211_malinf (1).jpg;37
238;262;6211;MANDRILLS BKB_6211_20220509_id6211_malinf (2).jpg;24
180;262;6211;MANDRILLS BKB_6211_20220509_id6211_malinf (3).jpg;82
180;262;6211;MANDRILLS BKB_6211_20220509_id6211_malinf (4).jpg;82
192;262;6211;MANDRILLS BKB_6211_20220509_id6211_malinf.jpg;70
284;269;6211;MANDRILLS BKB_6211_20220516_id6211_malinf (1).jpg;15
224;269;6211;MANDRILLS BKB_6211_20220516_id6211_malinf (2).jpg;45
282;269;6211;MANDRILLS BKB_6211_20220516_id6211_malinf (3).jpg;13
285;279;6211;MANDRILLS BKB_6211_20220526_id6211_malinf.jpg;6
230;280;6211;MANDRILLS BKB_6211_20220527_id6211_malinf (1).jpg;50
218;280;6211;MANDRILLS BKB_6211_20220527_id6211_malinf (2).jpg;62
181;305;6211;MANDRILLS BKB_6211_20220621_id6211_malinf (2).jpg;124
271;306;6211;MANDRILLS BKB_6211_20220622_id6211_malinf (1).jpg;35
267;306;6211;MANDRILLS BKB_6211_20220622_id6211_malinf (2).jpg;39
245;306;6211;MANDRILLS BKB_6211_20220622_id6211_malinf (3).jpg;61
281;313;6211;MANDRILLS BKB_6211_20220629_id6211 (1).jpg;32
241;313;6211;MANDRILLS BKB_6211_20220629_id6211 (2).jpg;72
212;313;6211;MANDRILLS BKB_6211_20220629_id6211 (3).jpg;101
243;317;6211;MANDRILLS BKB_6211_20220703_id6211 (1).jpg;74
251;317;6211;MANDRILLS BKB_6211_20220703_id6211 (2).jpg;66
349;320;6211;MANDRILLS BKB_6211_20220706_id6211 (1).jpg;29
178;320;6211;MANDRILLS BKB_6211_20220706_id6211 (2).jpg;142
270;320;6211;MANDRILLS BKB_6211_20220706_id6211.jpg;50
250;322;6211;MANDRILLS BKB_6211_20220708_id6211.jpg;72
209;325;6211;MANDRILLS BKB_6211_20220711_id6211 (1).jpg;116
309;325;6211;MANDRILLS BKB_6211_20220711_id6211 (2).jpg;16
257;328;6211;MANDRILLS BKB_6211_20220714_id6211_malinf (1).jpg;71
245;328;6211;MANDRILLS BKB_6211_20220714_id6211_malinf (3).jpg;83
226;328;6211;MANDRILLS BKB_6211_20220714_id6211_malinf (4).jpg;102
235;328;6211;MANDRILLS BKB_6211_20220714_id6211_malinf (5).jpg;93
271;328;6211;MANDRILLS BKB_6211_20220714_id6211_malinf (7).jpg;57
313;328;6211;MANDRILLS BKB_6211_20220714_id6211_malinf.jpg;15
296;330;6211;MANDRILLS BKB_6211_20220716_id6211_malinf.jpg;34
298;333;6211;MANDRILLS BKB_6211_20220719_id6211 (2).jpg;35
278;333;6211;MANDRILLS BKB_6211_20220719_id6211.jpg;55
306;340;6211;MANDRILLS BKB_6211_20220726_id6211 (2).jpg;34
296;340;6211;MANDRILLS BKB_6211_20220726_id6211 (3).jpg;44
259;340;6211;MANDRILLS BKB_6211_20220726_id6211.jpg;81
362;343;6211;MANDRILLS BKB_6211_20220729_id6211.jpg;19
223;347;6211;MANDRILLS BKB_6211_20220802_id6211 (1).jpg;124
293;347;6211;MANDRILLS BKB_6211_20220802_id6211 (2).jpg;54
226;347;6211;MANDRILLS BKB_6211_20220802_id6211 (3).jpg;121
255;357;6211;MANDRILLS BKB_6211_20220812_id6211 (1).jpg;102
358;357;6211;MANDRILLS BKB_6211_20220812_id6211 (2).jpg;1
255;357;6211;MANDRILLS BKB_6211_20220812_id6211 (3).jpg;102
244;357;6211;MANDRILLS BKB_6211_20220812_id6211 (4).jpg;113
305;357;6211;MANDRILLS BKB_6211_20220812_id6211 (5).jpg;52
288;371;6211;MANDRILLS BKB_6211_20220826_id6211.jpg;83
310;380;6211;MANDRILLS BKB_6211_20220904_id6211 (1).jpg;70
308;380;6211;MANDRILLS BKB_6211_20220904_id6211 (2).jpg;72
298;380;6211;MANDRILLS BKB_6211_20220904_id6211 (3).jpg;82
245;384;6211;MANDRILLS BKB_6211_20220908_id6211 (1).jpg;139
267;384;6211;MANDRILLS BKB_6211_20220908_id6211 (2).jpg;117
223;391;6211;MANDRILLS BKB_6211_20220915_id6211 (1).jpg;168
232;391;6211;MANDRILLS BKB_6211_20220915_id6211 (2).jpg;159
267;391;6211;MANDRILLS BKB_6211_20220915_id6211 (3).jpg;124
207;391;6211;MANDRILLS BKB_6211_20220915_id6211 (4).jpg;184
215;411;6211;MANDRILLS BKB_6211_20221005_id6211 (2).jpg;196
341;411;6211;MANDRILLS BKB_6211_20221005_id6211 (3).jpg;70
307;411;6211;MANDRILLS BKB_6211_20221005_id6211 (5).jpg;104
393;425;6211;MANDRILLS BKB_6211_20221019_id6211.jpg;32
310;427;6211;MANDRILLS BKB_6211_20221021_id6211 (1).jpg;117
363;427;6211;MANDRILLS BKB_6211_20221021_id6211 (2).jpg;64
326;433;6211;MANDRILLS BKB_6211_20221027_id6211 (2).jpg;107
380;433;6211;MANDRILLS BKB_6211_20221027_id6211.jpg;53
377;460;6211;MANDRILLS BKB_6211_20221123_id6211 (2).jpg;83
417;467;6211;MANDRILLS BKB_6211_20221130_id6211 (2).jpg;50
394;467;6211;MANDRILLS BKB_6211_20221130_id6211 (3).jpg;73
367;467;6211;MANDRILLS BKB_6211_20221130_id6211 (4).jpg;100
357;467;6211;MANDRILLS BKB_6211_20221130_id6211 (5).jpg;110
296;476;6211;MANDRILLS BKB_6211_20221209_id6211 (1).jpg;180
385;476;6211;MANDRILLS BKB_6211_20221209_id6211 (4).jpg;91
330;477;6211;MANDRILLS BKB_6211_20221210_id6211.jpg;147
31;0;6213;MANDRILLS BKB_6213_20210215_id6213_feminf_(1).jpg;31
12;0;6213;MANDRILLS BKB_6213_20210215_id6213_feminf_(2).jpg;12
-14;0;6213;MANDRILLS BKB_6213_20210215_id6213_feminf_(3).jpg;14
27;0;6213;MANDRILLS BKB_6213_20210215_id6213_feminf_(4).jpg;27
13;0;6213;MANDRILLS BKB_6213_20210215_id6213_feminf_(5).jpg;13
37;0;6213;MANDRILLS BKB_6213_20210215_id6213_feminf_(6).jpg;37
31;1;6220;MANDRILLS BKB_6220_20210405_id6220_malinf.jpg;30
47;6;6220;MANDRILLS BKB_6220_20210410_id6220_malinf_(1).jpg;41
46;6;6220;MANDRILLS BKB_6220_20210410_id6220_malinf_(2).jpg;40
39;6;6220;MANDRILLS BKB_6220_20210410_id6220_malinf_(3).jpg;33
31;6;6220;MANDRILLS BKB_6220_20210410_id6220_malinf_(4).jpg;25
32;6;6220;MANDRILLS BKB_6220_20210410_id6220_malinf_(5).jpg;26
20;6;6220;MANDRILLS BKB_6220_20210410_id6220_malinf_(6).jpg;14
15;6;6220;MANDRILLS BKB_6220_20210410_id6220_malinf_(7).jpg;9
19;6;6220;MANDRILLS BKB_6220_20210410_id6220_malinf_(8).jpg;13
110;6;6220;MANDRILLS BKB_6220_20210410_id6220_malinf_(9).jpg;104
24;14;6220;MANDRILLS BKB_6220_20210418_id6220_malinf_(1).jpg;10
66;14;6220;MANDRILLS BKB_6220_20210418_id6220_malinf_(2).jpg;52
153;184;6220;MANDRILLS BKB_6220_20211005_id6220_malinf_(1).jpg;31
196;184;6220;MANDRILLS BKB_6220_20211005_id6220_malinf_(2).jpg;12
177;184;6220;MANDRILLS BKB_6220_20211005_id6220_malinf_(3).jpg;7
144;201;6220;MANDRILLS BKB_6220_20211022_id6220_malinf_(1).jpg;57
133;201;6220;MANDRILLS BKB_6220_20211022_id6220_malinf_(2).jpg;68
187;218;6220;MANDRILLS BKB_6220_20211108_id6220_malinf_(1).jpg;31
165;218;6220;MANDRILLS BKB_6220_20211108_id6220_malinf_(2).jpg;53
240;334;6220;MANDRILLS BKB_6220_20220304_id6220_malinf (1).jpg;94
256;334;6220;MANDRILLS BKB_6220_20220304_id6220_malinf (2).jpg;78
222;334;6220;MANDRILLS BKB_6220_20220304_id6220_malinf (3).jpg;112
371;334;6220;MANDRILLS BKB_6220_20220304_id6220_malinf (4).jpg;37
288;341;6220;MANDRILLS BKB_6220_20220311_id6220_malinf.jpg;53
293;357;6220;MANDRILLS BKB_6220_20220327_id6220_malinf (3).jpg;64
317;357;6220;MANDRILLS BKB_6220_20220327_id6220_malinf.jpg;40
264;359;6220;MANDRILLS BKB_6220_20220329_id6220_malinf.jpg;95
356;332;6220;MANDRILLS BKB_6220_2022032_id6220_malinf (3).jpg;24
269;386;6220;MANDRILLS BKB_6220_20220425_id6220_maljuv (1).jpg;117
312;386;6220;MANDRILLS BKB_6220_20220425_id6220_maljuv (2).jpg;74
299;386;6220;MANDRILLS BKB_6220_20220425_id6220_maljuv (4).jpg;87
339;386;6220;MANDRILLS BKB_6220_20220425_id6220_maljuv (5).jpg;47
246;443;6220;MANDRILLS BKB_6220_20220621_id6220_maljuv.jpg;197
434;444;6220;MANDRILLS BKB_6220_20220622_id6220 (1).jpg;10
474;444;6220;MANDRILLS BKB_6220_20220622_id6220 (2).jpg;30
305;446;6220;MANDRILLS BKB_6220_20220624_id6220_maljuv.jpg;141
444;481;6220;MANDRILLS BKB_6220_20220729_id6220.jpg;37
359;495;6220;MANDRILLS BKB_6220_20220812_id6220.jpg;136
428;501;6220;MANDRILLS BKB_6220_20220818_id6220.jpg;73
413;506;6220;MANDRILLS BKB_6220_20220823_id6220 (1).jpg;93
556;506;6220;MANDRILLS BKB_6220_20220823_id6220 (2).jpg;50
371;506;6220;MANDRILLS BKB_6220_20220823_id6220 (3).jpg;135
446;506;6220;MANDRILLS BKB_6220_20220823_id6220 (4).jpg;60
368;509;6220;MANDRILLS BKB_6220_20220826_id6220.jpg;141
438;525;6220;MANDRILLS BKB_6220_20220911_id6220.jpg;87
524;532;6220;MANDRILLS BKB_6220_20220918_id6220.jpg;8
489;563;6220;MANDRILLS BKB_6220_20221019_id6220 (1).jpg;74
429;563;6220;MANDRILLS BKB_6220_20221019_id6220 (2).jpg;134
510;575;6220;MANDRILLS BKB_6220_20221031_id6220 (1).jpg;65
572;575;6220;MANDRILLS BKB_6220_20221031_id6220 (2).jpg;3
459;598;6220;MANDRILLS BKB_6220_20221123_id6220 (1).jpg;139
518;598;6220;MANDRILLS BKB_6220_20221123_id6220 (2).jpg;80
457;598;6220;MANDRILLS BKB_6220_20221123_id6220 (3).jpg;141
551;598;6220;MANDRILLS BKB_6220_20221123_id6220 (4).jpg;47
463;598;6220;MANDRILLS BKB_6220_20221123_id6220 (5).jpg;135
489;605;6220;MANDRILLS BKB_6220_20221130_id6220.jpg;116
454;614;6220;MANDRILLS BKB_6220_20221209_id6220 (1).jpg;160
510;614;6220;MANDRILLS BKB_6220_20221209_id6220 (3).jpg;104
12;0;6221;MANDRILLS BKB_6221_20210212_id6221_malinf_(1).jpg;12
59;0;6221;MANDRILLS BKB_6221_20210212_id6221_malinf_(2).jpg;59
71;2;6221;MANDRILLS BKB_6221_20210214_id6221_malinf_(1).jpg;69
22;2;6221;MANDRILLS BKB_6221_20210214_id6221_malinf_(2).jpg;20
47;2;6221;MANDRILLS BKB_6221_20210214_id6221_malinf_(3).jpg;45
10;4;6221;MANDRILLS BKB_6221_20210216_id6221_malinf.jpg;6
-4;14;6221;MANDRILLS BKB_6221_20210226_id6221_malinf_(1).jpg;18
25;14;6221;MANDRILLS BKB_6221_20210226_id6221_malinf_(2).jpg;11
-3;14;6221;MANDRILLS BKB_6221_20210226_id6221_malinf_(3).jpg;17
10;14;6221;MANDRILLS BKB_6221_20210226_id6221_malinf_(4).jpg;4
15;14;6221;MANDRILLS BKB_6221_20210226_id6221_malinf_(5).jpg;1
19;17;6221;MANDRILLS BKB_6221_20210301_id6221_malinf.jpg;2
23;21;6221;MANDRILLS BKB_6221_20210305_id6221_malinf_(1).jpg;2
34;21;6221;MANDRILLS BKB_6221_20210305_id6221_malinf_(2).jpg;13
44;45;6221;MANDRILLS BKB_6221_20210329_id6221_malinf_(1).jpg;1
27;45;6221;MANDRILLS BKB_6221_20210329_id6221_malinf_(2).jpg;18
59;45;6221;MANDRILLS BKB_6221_20210329_id6221_malinf_(3).jpg;14
46;52;6221;MANDRILLS BKB_6221_20210405_id6221_malinf_(1).jpg;6
57;52;6221;MANDRILLS BKB_6221_20210405_id6221_malinf_(2).jpg;5
77;67;6221;MANDRILLS BKB_6221_20210420_id6221_malinf_(1).jpg;10
78;67;6221;MANDRILLS BKB_6221_20210420_id6221_malinf_(2).jpg;11
151;149;6221;MANDRILLS BKB_6221_20210711_id6221_malinf_(1).jpg;2
150;149;6221;MANDRILLS BKB_6221_20210711_id6221_malinf_(2).jpg;1
150;159;6221;MANDRILLS BKB_6221_20210721_id6221_malinf_(1).jpg;9
147;159;6221;MANDRILLS BKB_6221_20210721_id6221_malinf_(2).jpg;12
144;164;6221;MANDRILLS BKB_6221_20210726_id6221_malinf_(1).jpg;20
164;164;6221;MANDRILLS BKB_6221_20210726_id6221_malinf_(2).jpg;0
172;168;6221;MANDRILLS BKB_6221_20210730_id6221_malinf_(1).jpg;4
165;168;6221;MANDRILLS BKB_6221_20210730_id6221_malinf_(2).jpg;3
194;168;6221;MANDRILLS BKB_6221_20210730_id6221_malinf_(3).jpg;26
174;168;6221;MANDRILLS BKB_6221_20210730_id6221_malinf_(4).jpg;6
269;269;6221;MANDRILLS BKB_6221_20211108_id6221_malinf_(1).jpg;0
253;269;6221;MANDRILLS BKB_6221_20211108_id6221_malinf_(2).jpg;16
305;287;6221;MANDRILLS BKB_6221_20211126_id6221_malinf_(1).jpg;18
241;287;6221;MANDRILLS BKB_6221_20211126_id6221_malinf_(2).jpg;46
258;342;6221;MANDRILLS BKB_6221_20220120_id6221.jpg;84
360;353;6221;MANDRILLS BKB_6221_20220131_id6221.jpg;7
259;354;6221;MANDRILLS BKB_6221_20220201_id6221_maljuv.jpg;95
249;369;6221;MANDRILLS BKB_6221_20220216_id6221_maljuv (1).jpg;120
289;369;6221;MANDRILLS BKB_6221_20220216_id6221_maljuv (2).jpg;80
389;369;6221;MANDRILLS BKB_6221_20220216_id6221_maljuv.jpg;20
411;376;6221;MANDRILLS BKB_6221_20220223_id6221_maljuv.jpg;35
376;392;6221;MANDRILLS BKB_6221_20220311_id6221_maljuv (1).jpg;16
352;392;6221;MANDRILLS BKB_6221_20220311_id6221_maljuv (2).jpg;40
290;392;6221;MANDRILLS BKB_6221_20220311_id6221_maljuv (3).jpg;102
362;408;6221;MANDRILLS BKB_6221_20220327_id6221_maljuv (1).jpg;46
310;408;6221;MANDRILLS BKB_6221_20220327_id6221_maljuv (2).jpg;98
325;408;6221;MANDRILLS BKB_6221_20220327_id6221_maljuv (3).jpg;83
311;408;6221;MANDRILLS BKB_6221_20220327_id6221_maljuv (4).jpg;97
529;429;6221;MANDRILLS BKB_6221_20220417_id6221_maljuv (1).jpg;100
423;429;6221;MANDRILLS BKB_6221_20220417_id6221_maljuv (2).jpg;6
365;429;6221;MANDRILLS BKB_6221_20220417_id6221_maljuv (3).jpg;64
481;438;6221;MANDRILLS BKB_6221_20220426_id6221_maljuv (1).jpg;43
432;438;6221;MANDRILLS BKB_6221_20220426_id6221_maljuv (2).jpg;6
355;438;6221;MANDRILLS BKB_6221_20220426_id6221_maljuv.jpg;83
372;445;6221;MANDRILLS BKB_6221_20220503_id6221_maljuv (1).jpg;73
377;445;6221;MANDRILLS BKB_6221_20220503_id6221_maljuv (2).jpg;68
400;445;6221;MANDRILLS BKB_6221_20220503_id6221_maljuv (4).jpg;45
473;467;6221;MANDRILLS BKB_6221_20220525_id6221_maljuv (1).jpg;6
476;467;6221;MANDRILLS BKB_6221_20220525_id6221_maljuv (2).jpg;9
434;467;6221;MANDRILLS BKB_6221_20220525_id6221_maljuv (3).jpg;33
347;480;6221;MANDRILLS BKB_6221_20220607_id6221_maljuv (1).jpg;133
426;480;6221;MANDRILLS BKB_6221_20220607_id6221_maljuv (2).jpg;54
453;492;6221;MANDRILLS BKB_6221_20220619_id6221_maljuv.jpg;39
392;496;6221;MANDRILLS BKB_6221_20220623_id6221.jpg;104
453;502;6221;MANDRILLS BKB_6221_20220629_id6221 (1).jpg;49
335;502;6221;MANDRILLS BKB_6221_20220629_id6221 (2).jpg;167
379;502;6221;MANDRILLS BKB_6221_20220629_id6221.jpg;123
526;517;6221;MANDRILLS BKB_6221_20220714_id6221_maljuv (1).jpg;9
492;517;6221;MANDRILLS BKB_6221_20220714_id6221_maljuv (2).jpg;25
422;517;6221;MANDRILLS BKB_6221_20220714_id6221_maljuv (3).jpg;95
556;519;6221;MANDRILLS BKB_6221_20220716_id6221 (1).jpg;37
590;519;6221;MANDRILLS BKB_6221_20220716_id6221 (2).jpg;71
438;519;6221;MANDRILLS BKB_6221_20220716_id6221_maljuv (1).jpg;81
451;519;6221;MANDRILLS BKB_6221_20220716_id6221_maljuv (2).jpg;68
453;519;6221;MANDRILLS BKB_6221_20220716_id6221_maljuv (3).jpg;66
462;527;6221;MANDRILLS BKB_6221_20220724_id6221 (1).jpg;65
468;527;6221;MANDRILLS BKB_6221_20220724_id6221 (2).jpg;59
457;546;6221;MANDRILLS BKB_6221_20220812_id6221 (2).jpg;89
431;546;6221;MANDRILLS BKB_6221_20220812_id6221 (3).jpg;115
455;546;6221;MANDRILLS BKB_6221_20220812_id6221.jpg;91
505;552;6221;MANDRILLS BKB_6221_20220818_id6221.jpg;47
532;569;6221;MANDRILLS BKB_6221_20220904_id6221.jpg;37
586;614;6221;MANDRILLS BKB_6221_20221019_id6221.jpg;28
517;616;6221;MANDRILLS BKB_6221_20221021_id6221 (1).jpg;99
518;616;6221;MANDRILLS BKB_6221_20221021_id6221 (2).jpg;98
468;625;6221;MANDRILLS BKB_6221_20221030_id6221 (1).jpg;157
522;625;6221;MANDRILLS BKB_6221_20221030_id6221 (2).jpg;103
515;656;6221;MANDRILLS BKB_6221_20221130_id6221.jpg;141
755;666;6221;MANDRILLS BKB_6221_20221210_id6221.jpg;89
25;21;6223;MANDRILLS BKB_6223_20210419_id6223_feminf_(1).jpg;4
3;21;6223;MANDRILLS BKB_6223_20210419_id6223_feminf_(2).jpg;18
25;21;6223;MANDRILLS BKB_6223_20210419_id6223_feminf_(3).jpg;4
22;21;6223;MANDRILLS BKB_6223_20210419_id6223_feminf_(4).jpg;1
24;21;6223;MANDRILLS BKB_6223_20210419_id6223_feminf_(5).jpg;3
11;21;6223;MANDRILLS BKB_6223_20210419_id6223_feminf_(6).jpg;10
22;22;6223;MANDRILLS BKB_6223_20210420_id6223_feminf_(1).jpg;0
50;22;6223;MANDRILLS BKB_6223_20210420_id6223_feminf_(2).jpg;28
23;22;6223;MANDRILLS BKB_6223_20210420_id6223_feminf_(3).jpg;1
31;22;6223;MANDRILLS BKB_6223_20210420_id6223_feminf_(4).jpg;9
8;24;6223;MANDRILLS BKB_6223_20210422_id6223_feminf.jpg;16
115;188;6223;MANDRILLS BKB_6223_20211003_id6223_feminf_(1).jpg;73
200;188;6223;MANDRILLS BKB_6223_20211003_id6223_feminf_(2).jpg;12
180;190;6223;MANDRILLS BKB_6223_20211005_id6223_feminf_(3).jpg;10
95;192;6223;MANDRILLS BKB_6223_20211007_id6223_feminf.jpg;97
134;193;6223;MANDRILLS BKB_6223_20211008_id6223_feminf_(1).jpg;59
98;193;6223;MANDRILLS BKB_6223_20211008_id6223_feminf_(3).jpg;95
136;204;6223;MANDRILLS BKB_6223_20211019_id6223_feminf_(1).jpg;68
141;204;6223;MANDRILLS BKB_6223_20211019_id6223_feminf_(2).jpg;63
106;209;6223;MANDRILLS BKB_6223_20211024_id6223_feminf_(1).jpg;103
121;209;6223;MANDRILLS BKB_6223_20211024_id6223_feminf_(3).jpg;88
123;209;6223;MANDRILLS BKB_6223_20211024_id6223_feminf_(4).jpg;86
151;222;6223;MANDRILLS BKB_6223_20211106_id6223_feminf_(1).jpg;71
134;222;6223;MANDRILLS BKB_6223_20211106_id6223_feminf_(2).jpg;88
134;222;6223;MANDRILLS BKB_6223_20211106_id6223_feminf_(3).jpg;88
129;222;6223;MANDRILLS BKB_6223_20211106_id6223_feminf_(4).jpg;93
220;224;6223;MANDRILLS BKB_6223_20211108_id6223_feminf_(1).jpg;4
160;224;6223;MANDRILLS BKB_6223_20211108_id6223_feminf_(2).jpg;64
137;224;6223;MANDRILLS BKB_6223_20211108_id6223_feminf_(3).jpg;87
158;224;6223;MANDRILLS BKB_6223_20211108_id6223_feminf_(4).jpg;66
112;224;6223;MANDRILLS BKB_6223_20211108_id6223_feminf_(5).jpg;112
117;224;6223;MANDRILLS BKB_6223_20211108_id6223_feminf_(6).jpg;107
202;224;6223;MANDRILLS BKB_6223_20211108_id6223_feminf_(7).jpg;22
149;240;6223;MANDRILLS BKB_6223_20211124_id6223_feminf_(1).jpg;91
140;240;6223;MANDRILLS BKB_6223_20211124_id6223_feminf_(2).jpg;100
138;240;6223;MANDRILLS BKB_6223_20211124_id6223_feminf_(3).jpg;102
178;263;6223;MANDRILLS BKB_6223_20211217_id6223_feminf_(1).jpg;85
178;263;6223;MANDRILLS BKB_6223_20211217_id6223_feminf_(2).jpg;85
143;272;6223;MANDRILLS BKB_6223_20211226_id6223_feminf_(1).jpg;129
261;309;6223;MANDRILLS BKB_6223_20220201_id6223_femjuv (1).jpg;48
208;309;6223;MANDRILLS BKB_6223_20220201_id6223_femjuv (2).jpg;101
163;309;6223;MANDRILLS BKB_6223_20220201_id6223_femjuv (3).jpg;146
176;309;6223;MANDRILLS BKB_6223_20220201_id6223_femjuv (4).jpg;133
218;309;6223;MANDRILLS BKB_6223_20220201_id6223_femjuv (5).jpg;91
242;350;6223;MANDRILLS BKB_6223_20220314_id6223_femjuv (1).jpg;108
244;350;6223;MANDRILLS BKB_6223_20220314_id6223_femjuv (2).jpg;106
222;350;6223;MANDRILLS BKB_6223_20220314_id6223_femjuv (3).jpg;128
330;359;6223;MANDRILLS BKB_6223_20220323_id6223_femjuv.jpg;29
261;360;6223;MANDRILLS BKB_6223_20220324_id6223_feminf (1).jpg;99
268;360;6223;MANDRILLS BKB_6223_20220324_id6223_feminf (2).jpg;92
274;360;6223;MANDRILLS BKB_6223_20220324_id6223_feminf (3).jpg;86
277;360;6223;MANDRILLS BKB_6223_20220324_id6223_feminf (4).jpg;83
255;360;6223;MANDRILLS BKB_6223_20220324_id6223_feminf (5).jpg;105
233;365;6223;MANDRILLS BKB_6223_20220329_id6223_femjuv.jpg;132
233;366;6223;MANDRILLS BKB_6223_20220330_id6223_femjuv (1).jpg;133
249;366;6223;MANDRILLS BKB_6223_20220330_id6223_femjuv (2).jpg;117
265;368;6223;MANDRILLS BKB_6223_20220401_id6223_femjuv (1).jpg;103
192;368;6223;MANDRILLS BKB_6223_20220401_id6223_femjuv (2).jpg;176
246;392;6223;MANDRILLS BKB_6223_20220425_id6223_femjuv (2).jpg;146
337;392;6223;MANDRILLS BKB_6223_20220425_id6223_femjuv (3).jpg;55
258;392;6223;MANDRILLS BKB_6223_20220425_id6223_femjuv (5).jpg;134
283;392;6223;MANDRILLS BKB_6223_20220425_id6223_femjuv (6).jpg;109
324;392;6223;MANDRILLS BKB_6223_20220425_id6223_femjuv (7).jpg;68
216;406;6223;MANDRILLS BKB_6223_20220509_id6223_femjuv (1).jpg;190
270;406;6223;MANDRILLS BKB_6223_20220509_id6223_femjuv (2).jpg;136
243;423;6223;MANDRILLS BKB_6223_20220526_id6223_femjuv.jpg;180
209;427;6223;MANDRILLS BKB_6223_20220530_id6223_femjuv (3).jpg;218
269;427;6223;MANDRILLS BKB_6223_20220530_id6223_femjuv (6).jpg;158
394;427;6223;MANDRILLS BKB_6223_20220530_id6223_femjuv (7).jpg;33
265;451;6223;MANDRILLS BKB_6223_20220623_id6223.jpg;186
363;457;6223;MANDRILLS BKB_6223_20220629_id6223.jpg;94
236;459;6223;MANDRILLS BKB_6223_20220701_id6223 (1).jpg;223
290;459;6223;MANDRILLS BKB_6223_20220701_id6223 (2).jpg;169
261;459;6223;MANDRILLS BKB_6223_20220701_id6223.jpg;198
226;469;6223;MANDRILLS BKB_6223_20220711_id6223 (2).jpg;243
244;469;6223;MANDRILLS BKB_6223_20220711_id6223.jpg;225
326;472;6223;MANDRILLS BKB_6223_20220714_id6223 (1).jpg;146
343;472;6223;MANDRILLS BKB_6223_20220714_id6223 (2).jpg;129
316;472;6223;MANDRILLS BKB_6223_20220714_id6223_femjuv.jpg;156
393;479;6223;MANDRILLS BKB_6223_20220721_id6223 (2).jpg;86
256;479;6223;MANDRILLS BKB_6223_20220721_id6223 (3).jpg;223
271;479;6223;MANDRILLS BKB_6223_20220721_id6223 (5).jpg;208
221;479;6223;MANDRILLS BKB_6223_20220721_id6223.jpg;258
274;486;6223;MANDRILLS BKB_6223_20220728_id6223.jpg;212
309;487;6223;MANDRILLS BKB_6223_20220729_id6223.jpg;178
26;4;7039;MANDRILLS BKB_7039_20211218_id7039_feminf_(1).jpg;22
14;4;7039;MANDRILLS BKB_7039_20211218_id7039_feminf_(10).jpg;10
-4;4;7039;MANDRILLS BKB_7039_20211218_id7039_feminf_(11).jpg;8
12;4;7039;MANDRILLS BKB_7039_20211218_id7039_feminf_(3).jpg;8
18;4;7039;MANDRILLS BKB_7039_20211218_id7039_feminf_(4).jpg;14
-4;4;7039;MANDRILLS BKB_7039_20211218_id7039_feminf_(5).jpg;8
6;4;7039;MANDRILLS BKB_7039_20211218_id7039_feminf_(6).jpg;2
-6;4;7039;MANDRILLS BKB_7039_20211218_id7039_feminf_(7).jpg;10
-1;4;7039;MANDRILLS BKB_7039_20211218_id7039_feminf_(8).jpg;5
38;4;7039;MANDRILLS BKB_7039_20211218_id7039_feminf_(9).jpg;34
10;5;7039;MANDRILLS BKB_7039_20211219_id7039_feminf.jpg;5
10;6;7039;MANDRILLS BKB_7039_20211220_ID7039_feminf.jpg;4
15;8;7039;MANDRILLS BKB_7039_20211222_id7039_feminf_(1).jpg;7
-10;8;7039;MANDRILLS BKB_7039_20211222_id7039_feminf_(10).jpg;18
28;8;7039;MANDRILLS BKB_7039_20211222_id7039_feminf_(11).jpg;20
38;8;7039;MANDRILLS BKB_7039_20211222_id7039_feminf_(12).jpg;30
53;8;7039;MANDRILLS BKB_7039_20211222_id7039_feminf_(15).jpg;45
36;8;7039;MANDRILLS BKB_7039_20211222_id7039_feminf_(16).jpg;28
38;8;7039;MANDRILLS BKB_7039_20211222_id7039_feminf_(17).jpg;30
51;8;7039;MANDRILLS BKB_7039_20211222_id7039_feminf_(2).jpg;43
43;8;7039;MANDRILLS BKB_7039_20211222_id7039_feminf_(3).jpg;35
33;8;7039;MANDRILLS BKB_7039_20211222_id7039_feminf_(4).jpg;25
69;8;7039;MANDRILLS BKB_7039_20211222_id7039_feminf_(5).jpg;61
10;8;7039;MANDRILLS BKB_7039_20211222_id7039_feminf_(6).jpg;2
3;8;7039;MANDRILLS BKB_7039_20211222_id7039_feminf_(7).jpg;5
34;8;7039;MANDRILLS BKB_7039_20211222_id7039_feminf_(8).jpg;26
36;8;7039;MANDRILLS BKB_7039_20211222_id7039_feminf_(9).jpg;28
55;12;7039;MANDRILLS BKB_7039_20211226_id7039_feminf_(1).jpg;43
13;12;7039;MANDRILLS BKB_7039_20211226_id7039_feminf_(2).jpg;1
61;37;7039;MANDRILLS BKB_7039_20220120_id7039.jpg;24
57;39;7039;MANDRILLS BKB_7039_20220122_id7039 (1).jpg;18
46;39;7039;MANDRILLS BKB_7039_20220122_id7039 (10).jpg;7
95;39;7039;MANDRILLS BKB_7039_20220122_id7039 (12).jpg;56
79;39;7039;MANDRILLS BKB_7039_20220122_id7039 (14).jpg;40
48;39;7039;MANDRILLS BKB_7039_20220122_id7039 (2).jpg;9
46;39;7039;MANDRILLS BKB_7039_20220122_id7039 (5).jpg;7
44;39;7039;MANDRILLS BKB_7039_20220122_id7039 (6).jpg;5
48;39;7039;MANDRILLS BKB_7039_20220122_id7039 (7).jpg;9
52;39;7039;MANDRILLS BKB_7039_20220122_id7039 (9).jpg;13
66;49;7039;MANDRILLS BKB_7039_20220201_id7039_feminf (1).jpg;17
79;49;7039;MANDRILLS BKB_7039_20220201_id7039_feminf (2).jpg;30
66;49;7039;MANDRILLS BKB_7039_20220201_id7039_feminf (3).jpg;17
112;49;7039;MANDRILLS BKB_7039_20220201_id7039_feminf (4).jpg;63
73;49;7039;MANDRILLS BKB_7039_20220201_id7039_feminf (5).jpg;24
69;49;7039;MANDRILLS BKB_7039_20220201_id7039_feminf.jpg;20
72;59;7039;MANDRILLS BKB_7039_20220211_id7039_feminf (2).jpg;13
64;59;7039;MANDRILLS BKB_7039_20220211_id7039_feminf.jpg;5
77;74;7039;MANDRILLS BKB_7039_20220226_id7039_feminf (1).jpg;3
59;74;7039;MANDRILLS BKB_7039_20220226_id7039_feminf (2).jpg;15
75;74;7039;MANDRILLS BKB_7039_20220226_id7039_feminf (3).jpg;1
77;80;7039;MANDRILLS BKB_7039_20220304_id7039_feminf (1).jpg;3
103;80;7039;MANDRILLS BKB_7039_20220304_id7039_feminf (2).jpg;23
60;80;7039;MANDRILLS BKB_7039_20220304_id7039_feminf (3).jpg;20
81;86;7039;MANDRILLS BKB_7039_20220310_id7039_feminf (1).jpg;5
87;86;7039;MANDRILLS BKB_7039_20220310_id7039_feminf (2).jpg;1
109;90;7039;MANDRILLS BKB_7039_20220314_id7039_feminf (1).jpg;19
88;90;7039;MANDRILLS BKB_7039_20220314_id7039_feminf (2).jpg;2
75;90;7039;MANDRILLS BKB_7039_20220314_id7039_feminf (3).jpg;15
80;90;7039;MANDRILLS BKB_7039_20220314_id7039_feminf (4).jpg;10
107;90;7039;MANDRILLS BKB_7039_20220314_id7039_feminf (5).jpg;17
144;95;7039;MANDRILLS BKB_7039_20220319_id7039_feminf (2).jpg;49
97;95;7039;MANDRILLS BKB_7039_20220319_id7039_feminf (3).jpg;2
140;99;7039;MANDRILLS BKB_7039_20220323_id7039_feminf (1).jpg;41
86;99;7039;MANDRILLS BKB_7039_20220323_id7039_feminf (2).jpg;13
119;112;7039;MANDRILLS BKB_7039_20220405_id7039_feminf (1).jpg;7
144;112;7039;MANDRILLS BKB_7039_20220405_id7039_feminf (2).jpg;32
139;112;7039;MANDRILLS BKB_7039_20220405_id7039_feminf (3).jpg;27
90;112;7039;MANDRILLS BKB_7039_20220405_id7039_feminf (4).jpg;22
98;112;7039;MANDRILLS BKB_7039_20220405_id7039_feminf (5).jpg;14
105;112;7039;MANDRILLS BKB_7039_20220405_id7039_feminf (6).jpg;7
132;112;7039;MANDRILLS BKB_7039_20220405_id7039_feminf (7).jpg;20
164;132;7039;MANDRILLS BKB_7039_20220425_id7039_feminf (1).jpg;32
123;132;7039;MANDRILLS BKB_7039_20220425_id7039_feminf (2).jpg;9
126;132;7039;MANDRILLS BKB_7039_20220425_id7039_feminf (3).jpg;6
180;132;7039;MANDRILLS BKB_7039_20220425_id7039_feminf (8).jpg;48
171;153;7039;MANDRILLS BKB_7039_20220516_id7039_feminf (2).jpg;18
173;155;7039;MANDRILLS BKB_7039_20220518_id7039_feminf (1).jpg;18
206;155;7039;MANDRILLS BKB_7039_20220518_id7039_feminf (2).jpg;51
163;161;7039;MANDRILLS BKB_7039_20220524_id7039_feminf (1).jpg;2
184;161;7039;MANDRILLS BKB_7039_20220524_id7039_feminf (2).jpg;23
200;161;7039;MANDRILLS BKB_7039_20220524_id7039_feminf (3).jpg;39
204;167;7039;MANDRILLS BKB_7039_20220530_id7039_feminf (1).jpg;37
198;167;7039;MANDRILLS BKB_7039_20220530_id7039_feminf (2).jpg;31
207;167;7039;MANDRILLS BKB_7039_20220530_id7039_feminf (3).jpg;40
193;167;7039;MANDRILLS BKB_7039_20220530_id7039_feminf (4).jpg;26
205;167;7039;MANDRILLS BKB_7039_20220530_id7039_feminf (5).jpg;38
209;167;7039;MANDRILLS BKB_7039_20220530_id7039_feminf (6).jpg;42
207;167;7039;MANDRILLS BKB_7039_20220530_id7039_feminf (7).jpg;40
192;167;7039;MANDRILLS BKB_7039_20220530_id7039_feminf (8).jpg;25
269;167;7039;MANDRILLS BKB_7039_20220530_id7039_feminf.jpg;102
216;171;7039;MANDRILLS BKB_7039_20220603_id7039_feminf.jpg;45
191;175;7039;MANDRILLS BKB_7039_20220607_id7039_feminf (2).jpg;16
202;187;7039;MANDRILLS BKB_7039_20220619_id7039_feminf (1).jpg;15
200;187;7039;MANDRILLS BKB_7039_20220619_id7039_feminf (2).jpg;13
220;187;7039;MANDRILLS BKB_7039_20220619_id7039_feminf (3).jpg;33
209;187;7039;MANDRILLS BKB_7039_20220619_id7039_feminf (4).jpg;22
266;190;7039;MANDRILLS BKB_7039_20220622_id7039.jpg;76
197;192;7039;MANDRILLS BKB_7039_20220624_id7039_feminf (1).jpg;5
224;192;7039;MANDRILLS BKB_7039_20220624_id7039_feminf (3).jpg;32
193;192;7039;MANDRILLS BKB_7039_20220624_id7039_feminf (4).jpg;1
216;192;7039;MANDRILLS BKB_7039_20220624_id7039_feminf (5).jpg;24
261;192;7039;MANDRILLS BKB_7039_20220624_id7039_feminf (6).jpg;69
232;192;7039;MANDRILLS BKB_7039_20220624_id7039_feminf (7).jpg;40
221;192;7039;MANDRILLS BKB_7039_20220624_id7039_feminf (8).jpg;29
194;192;7039;MANDRILLS BKB_7039_20220624_id7039_feminf (9).jpg;2
231;192;7039;MANDRILLS BKB_7039_20220624_id7039_feminf.jpg;39
207;197;7039;MANDRILLS BKB_7039_20220629_id7039 (1).jpg;10
216;197;7039;MANDRILLS BKB_7039_20220629_id7039 (2).jpg;19
241;197;7039;MANDRILLS BKB_7039_20220629_id7039 (3).jpg;44
202;197;7039;MANDRILLS BKB_7039_20220629_id7039 (4).jpg;5
253;197;7039;MANDRILLS BKB_7039_20220629_id7039 (5).jpg;56
278;197;7039;MANDRILLS BKB_7039_20220629_id7039 (6).jpg;81
263;197;7039;MANDRILLS BKB_7039_20220629_id7039 (7).jpg;66
295;197;7039;MANDRILLS BKB_7039_20220629_id7039 (8).jpg;98
353;197;7039;MANDRILLS BKB_7039_20220629_id7039 (9).jpg;156
236;197;7039;MANDRILLS BKB_7039_20220629_id7039.jpg;39
257;209;7039;MANDRILLS BKB_7039_20220711_id7039 (1).jpg;48
278;209;7039;MANDRILLS BKB_7039_20220711_id7039 (2).jpg;69
284;209;7039;MANDRILLS BKB_7039_20220711_id7039 (3).jpg;75
244;209;7039;MANDRILLS BKB_7039_20220711_id7039 (4).jpg;35
236;209;7039;MANDRILLS BKB_7039_20220711_id7039 (5).jpg;27
191;209;7039;MANDRILLS BKB_7039_20220711_id7039.jpg;18
196;210;7039;MANDRILLS BKB_7039_20220712_id7039 (1).jpg;14
208;210;7039;MANDRILLS BKB_7039_20220712_id7039 (2).jpg;2
233;210;7039;MANDRILLS BKB_7039_20220712_id7039 (4).jpg;23
197;210;7039;MANDRILLS BKB_7039_20220712_id7039.jpg;13
263;212;7039;MANDRILLS BKB_7039_20220714_id7039.jpg;51
300;212;7039;MANDRILLS BKB_7039_20220714_id7039_feminf (4).jpg;88
241;212;7039;MANDRILLS BKB_7039_20220714_id7039_feminf (5).jpg;29
268;212;7039;MANDRILLS BKB_7039_20220714_id7039_feminf (6).jpg;56
230;212;7039;MANDRILLS BKB_7039_20220714_id7039_feminf (7).jpg;18
239;212;7039;MANDRILLS BKB_7039_20220714_id7039_feminf (8).jpg;27
246;212;7039;MANDRILLS BKB_7039_20220714_id7039_feminf (9).jpg;34
226;215;7039;MANDRILLS BKB_7039_20220717_id7039.jpg;11
211;217;7039;MANDRILLS BKB_7039_20220719_id7039 (1).jpg;6
240;217;7039;MANDRILLS BKB_7039_20220719_id7039 (2).jpg;23
268;217;7039;MANDRILLS BKB_7039_20220719_id7039 (3).jpg;51
286;217;7039;MANDRILLS BKB_7039_20220719_id7139 (2).jpg;69
279;217;7039;MANDRILLS BKB_7039_20220719_id7139 (3).jpg;62
298;217;7039;MANDRILLS BKB_7039_20220719_id7139.jpg;81
282;219;7039;MANDRILLS BKB_7039_20220721_id7039.jpg;63
321;226;7039;MANDRILLS BKB_7039_20220728_id7039.jpg;95
282;227;7039;MANDRILLS BKB_7039_20220729_id7039.jpg;55
305;230;7039;MANDRILLS BKB_7039_20220801_id7039 (1).jpg;75
160;230;7039;MANDRILLS BKB_7039_20220801_id7039 (2).jpg;70
202;230;7039;MANDRILLS BKB_7039_20220801_id7039 (5).jpg;28
325;231;7039;MANDRILLS BKB_7039_20220802_id7039 (1).jpg;94
226;231;7039;MANDRILLS BKB_7039_20220802_id7039 (2).jpg;5
275;231;7039;MANDRILLS BKB_7039_20220802_id7039 (3).jpg;44
204;232;7039;MANDRILLS BKB_7039_20220803_id7039 (2).jpg;28
261;232;7039;MANDRILLS BKB_7039_20220803_id7039.jpg;29
261;233;7039;MANDRILLS BKB_7039_20220804_id7039 (2).jpg;28
280;233;7039;MANDRILLS BKB_7039_20220804_id7039 (3).jpg;47
237;233;7039;MANDRILLS BKB_7039_20220804_id7039.jpg;4
270;241;7039;MANDRILLS BKB_7039_20220812_id7039.jpg;29
367;257;7039;MANDRILLS BKB_7039_20220828_id7039 (1).jpg;110
292;257;7039;MANDRILLS BKB_7039_20220828_id7039 (2).jpg;35
279;264;7039;MANDRILLS BKB_7039_20220904_id7039.jpg;15
308;265;7039;MANDRILLS BKB_7039_20220905_id7039 (1).jpg;43
329;265;7039;MANDRILLS BKB_7039_20220905_id7039 (2).jpg;64
359;268;7039;MANDRILLS BKB_7039_20220908_id7039 (2).jpg;91
284;268;7039;MANDRILLS BKB_7039_20220908_id7039.jpg;16
323;288;7039;MANDRILLS BKB_7039_20220928_id7039.jpg;35
317;301;7039;MANDRILLS BKB_7039_20221011_id7039.jpg;16
303;320;7039;MANDRILLS BKB_7039_20221030_id7039 (1).jpg;17
259;320;7039;MANDRILLS BKB_7039_20221030_id7039 (2).jpg;61
397;344;7039;MANDRILLS BKB_7039_20221123_id7039.jpg;53
385;351;7039;MANDRILLS BKB_7039_20221130_id7039.jpg;34
429;365;7039;MANDRILLS BKB_7039_20221214_id7039 (1).jpg;64
478;365;7039;MANDRILLS BKB_7039_20221214_id7039 (2).jpg;113
435;372;7039;MANDRILLS BKB_7039_20221221_id7039 (2).jpg;63
345;372;7039;MANDRILLS BKB_7039_20221221_id7039.jpg;27
5;0;8056;MANDRILLS BKB_8056_20221212_id8056 (1).jpg;5
-7;0;8056;MANDRILLS BKB_8056_20221212_id8056 (2).jpg;7
19;6;8100;MANDRILLS BKB_8100_20221116_id8100.jpg;13
24;7;8100;MANDRILLS BKB_8100_20221117_id8100 (1).jpg;17
75;7;8100;MANDRILLS BKB_8100_20221117_id8100 (2).jpg;68
23;7;8100;MANDRILLS BKB_8100_20221117_id8100 (3).jpg;16
20;7;8100;MANDRILLS BKB_8100_20221117_id8100 (4).jpg;13
7;7;8100;MANDRILLS BKB_8100_20221117_id8100 (5).jpg;0
29;7;8100;MANDRILLS BKB_8100_20221117_id8100 (6).jpg;22
42;7;8100;MANDRILLS BKB_8100_20221117_id8100 (7).jpg;35
21;7;8100;MANDRILLS BKB_8100_20221117_id8100 (8).jpg;14
34;11;8100;MANDRILLS BKB_8100_20221121_id8100 (1).jpg;23
14;11;8100;MANDRILLS BKB_8100_20221121_id8100 (4).jpg;3
18;11;8100;MANDRILLS BKB_8100_20221121_id8100 (5).jpg;7
38;11;8100;MANDRILLS BKB_8100_20221121_id8100 (6).jpg;27
-2;11;8100;MANDRILLS BKB_8100_20221121_id8100 (7).jpg;13
26;11;8100;MANDRILLS BKB_8100_20221121_id8100 (8).jpg;15
16;11;8100;MANDRILLS BKB_8100_20221121_id8100 (9).jpg;5
-1;20;8100;MANDRILLS BKB_8100_20221130_id8100 (1).jpg;21
26;20;8100;MANDRILLS BKB_8100_20221130_id8100 (3).jpg;6
46;20;8100;MANDRILLS BKB_8100_20221130_id8100 (4).jpg;26
30;20;8100;MANDRILLS BKB_8100_20221130_id8100 (5).jpg;10
42;26;8105;MANDRILLS BKB_8105_20221215_id8105.jpg;16
39;16;8157;MANDRILLS BKB_8157_20221214_id8157 (1).jpg;23
19;16;8157;MANDRILLS BKB_8157_20221214_id8157 (2).jpg;3
20;17;8157;MANDRILLS BKB_8157_20221215_id8157 (2).jpg;3
21;17;8157;MANDRILLS BKB_8157_20221215_id8157 (3).jpg;4
60;11;8174;MANDRILLS BKB_8174_20221115_id8174 (1).jpg;49
14;13;8174;MANDRILLS BKB_8174_20221117_id8174 (1).jpg;1
55;26;8174;MANDRILLS BKB_8174_20221130_id8174 (2).jpg;29
75;26;8174;MANDRILLS BKB_8174_20221130_id8174 (3).jpg;49
67;26;8174;MANDRILLS BKB_8174_20221130_id8174.jpg;41
50;36;8174;MANDRILLS BKB_8174_20221210_id8174 (2).jpg;14
56;36;8174;MANDRILLS BKB_8174_20221210_id8174.jpg;20
39;38;8174;MANDRILLS BKB_8174_20221212_id8174.jpg;1
59;40;8174;MANDRILLS BKB_8174_20221214_id8174 (2).jpg;19
57;40;8174;MANDRILLS BKB_8174_20221214_id8174.jpg;17
10;13;8222;MANDRILLS BKB_8222_20221114_id8222.jpg;3
6;16;8222;MANDRILLS BKB_8222_20221117_id8222 (1).jpg;10
22;16;8222;MANDRILLS BKB_8222_20221117_id8222 (3).jpg;6
34;16;8222;MANDRILLS BKB_8222_20221117_id8222 (4).jpg;18
43;16;8222;MANDRILLS BKB_8222_20221117_id8222 (5).jpg;27
20;20;8222;MANDRILLS BKB_8222_20221121_id8222 (1).jpg;0
11;20;8222;MANDRILLS BKB_8222_20221121_id8222 (2).jpg;9
26;20;8222;MANDRILLS BKB_8222_20221121_id8222 (3).jpg;6
19;20;8222;MANDRILLS BKB_8222_20221121_id8222 (4).jpg;1
32;29;8222;MANDRILLS BKB_8222_20221130_id8222.jpg;3
51;35;8222;MANDRILLS BKB_8222_20221206_id8222 (3).jpg;16
119;35;8222;MANDRILLS BKB_8222_20221206_id8222 (5).jpg;84
48;35;8222;MANDRILLS BKB_8222_20221206_id8222 (6).jpg;13
34;35;8222;MANDRILLS BKB_8222_20221206_id8222 (8).jpg;1
28;35;8222;MANDRILLS BKB_8222_20221206_id8222.jpg;7
78;39;8222;MANDRILLS BKB_8222_20221210_id8222 (1).jpg;39
71;39;8222;MANDRILLS BKB_8222_20221210_id8222 (4).jpg;32
35;43;8222;MANDRILLS BKB_8222_20221214_id8222 (1).jpg;8
-7;43;8222;MANDRILLS BKB_8222_20221214_id8222 (2).jpg;50
38;43;8222;MANDRILLS BKB_8222_20221214_id8222 (3).jpg;5
240;349;916;MANDRILLS BKB_916_20140224_id916_feminfDEVANT_(1)_ORIGINAL.jpg;109
264;349;916;MANDRILLS BKB_916_20140224_id916_feminfDEVANT_(2)_ORIGINAL.jpg;85
249;349;916;MANDRILLS BKB_916_20140224_id916_feminfDEVANT_(3)_ORIGINAL.jpg;100
513;349;916;MANDRILLS BKB_916_20140224_id916_feminf_(1)_ORIGINAL.jpg;164
297;349;916;MANDRILLS BKB_916_20140224_id916_feminf_(10)_ORIGINAL.jpg;52
324;349;916;MANDRILLS BKB_916_20140224_id916_feminf_(11)_ORIGINAL.jpg;25
270;349;916;MANDRILLS BKB_916_20140224_id916_feminf_(12)_ORIGINAL.jpg;79
270;349;916;MANDRILLS BKB_916_20140224_id916_feminf_(13)_ORIGINAL.jpg;79
284;349;916;MANDRILLS BKB_916_20140224_id916_feminf_(14)_ORIGINAL.jpg;65
331;349;916;MANDRILLS BKB_916_20140224_id916_feminf_(15)_ORIGINAL.jpg;18
271;349;916;MANDRILLS BKB_916_20140224_id916_feminf_(16)_ORIGINAL.jpg;78
299;349;916;MANDRILLS BKB_916_20140224_id916_feminf_(17)_ORIGINAL.jpg;50
285;349;916;MANDRILLS BKB_916_20140224_id916_feminf_(18)_ORIGINAL.jpg;64
308;349;916;MANDRILLS BKB_916_20140224_id916_feminf_(19)_ORIGINAL.jpg;41
289;349;916;MANDRILLS BKB_916_20140224_id916_feminf_(2)_ORIGINAL.jpg;60
315;349;916;MANDRILLS BKB_916_20140224_id916_feminf_(20)_ORIGINAL.jpg;34
328;349;916;MANDRILLS BKB_916_20140224_id916_feminf_(21)_ORIGINAL.jpg;21
252;349;916;MANDRILLS BKB_916_20140224_id916_feminf_(22)_ORIGINAL.jpg;97
322;349;916;MANDRILLS BKB_916_20140224_id916_feminf_(24)_ORIGINAL.jpg;27
248;349;916;MANDRILLS BKB_916_20140224_id916_feminf_(25)_ORIGINAL.jpg;101
314;349;916;MANDRILLS BKB_916_20140224_id916_feminf_(26)_ORIGINAL.jpg;35
277;349;916;MANDRILLS BKB_916_20140224_id916_feminf_(6)_ORIGINAL.jpg;72
280;349;916;MANDRILLS BKB_916_20140224_id916_feminf_(7)_ORIGINAL.jpg;69
233;349;916;MANDRILLS BKB_916_20140224_id916_feminf_(8)_ORIGINAL.jpg;116
274;349;916;MANDRILLS BKB_916_20140224_id916_feminf_(9)_ORIGINAL.jpg;75
530;796;916;MANDRILLS BKB_916_20150517_id916_femjuvDEVANT_ORIGINAL.jpg;266
890;1220;916;MANDRILLS BKB_916_20160714_id916_femjuv_ORIGINAL.jpg;330
980;1246;916;MANDRILLS BKB_916_20160809_id916_femjuv_ORIGINAL.jpg;266
844;1249;916;MANDRILLS BKB_916_20160812_id916_femjuv_ORIGINAL.jpg;405
891;1313;916;MANDRILLS BKB_916_20161015_id916_femjuv_ORIGINAL.jpg;422
1546;1920;916;MANDRILLS BKB_916_20180614_id916_femadu_(2)_ORIGINAL.jpg;374
1605;1927;916;MANDRILLS BKB_916_20180621_id916_femadu_(1)_ORIGINAL.jpg;322
1405;1927;916;MANDRILLS BKB_916_20180621_id916_femadu_(2)_ORIGINAL.jpg;522
1332;1927;916;MANDRILLS BKB_916_20180621_id916_femadu_(3)_ORIGINAL.jpg;595
1540;1927;916;MANDRILLS BKB_916_20180621_id916_femadu_(4)_ORIGINAL.jpg;387
1760;1927;916;MANDRILLS BKB_916_20180621_id916_femadu_(5)_ORIGINAL.jpg;167
1500;1927;916;MANDRILLS BKB_916_20180621_id916_femadu_(6)_ORIGINAL.jpg;427
1644;1927;916;MANDRILLS BKB_916_20180621_id916_femadu_(7)_ORIGINAL.jpg;283
1727;1927;916;MANDRILLS BKB_916_20180621_id916_femadu_(8)_ORIGINAL.jpg;200
1611;1927;916;MANDRILLS BKB_916_20180621_id916_femadu_(9)_ORIGINAL.jpg;316
1616;1947;916;MANDRILLS BKB_916_20180711_id916_femadu_(1)_ORIGINAL.jpg;331
1439;1947;916;MANDRILLS BKB_916_20180711_id916_femadu_(10)_ORIGINAL.jpg;508
1430;1947;916;MANDRILLS BKB_916_20180711_id916_femadu_(11)_ORIGINAL.jpg;517
1297;1947;916;MANDRILLS BKB_916_20180711_id916_femadu_(12)_ORIGINAL.jpg;650
1578;1947;916;MANDRILLS BKB_916_20180711_id916_femadu_(13)_ORIGINAL.jpg;369
1484;1947;916;MANDRILLS BKB_916_20180711_id916_femadu_(14)_ORIGINAL.jpg;463
1424;1947;916;MANDRILLS BKB_916_20180711_id916_femadu_(15)_ORIGINAL.jpg;523
1407;1947;916;MANDRILLS BKB_916_20180711_id916_femadu_(16)_ORIGINAL.jpg;540
1396;1947;916;MANDRILLS BKB_916_20180711_id916_femadu_(17)_ORIGINAL.jpg;551
1738;1947;916;MANDRILLS BKB_916_20180711_id916_femadu_(2)_ORIGINAL.jpg;209
1457;1947;916;MANDRILLS BKB_916_20180711_id916_femadu_(21)_ORIGINAL.jpg;490
1375;1947;916;MANDRILLS BKB_916_20180711_id916_femadu_(3)_ORIGINAL.jpg;572
1354;1947;916;MANDRILLS BKB_916_20180711_id916_femadu_(4)_ORIGINAL.jpg;593
1458;1947;916;MANDRILLS BKB_916_20180711_id916_femadu_(5)_ORIGINAL.jpg;489
1411;1947;916;MANDRILLS BKB_916_20180711_id916_femadu_(6)_ORIGINAL.jpg;536
1451;1947;916;MANDRILLS BKB_916_20180711_id916_femadu_(7)_ORIGINAL.jpg;496
1469;1947;916;MANDRILLS BKB_916_20180711_id916_femadu_(8)_ORIGINAL.jpg;478
1514;1947;916;MANDRILLS BKB_916_20180711_id916_femadu_(9)_ORIGINAL.jpg;433
1613;1954;916;MANDRILLS BKB_916_20180718_id916_femadu_(1)_ORIGINAL.jpg;341
1630;1954;916;MANDRILLS BKB_916_20180718_id916_femadu_(2)_ORIGINAL.jpg;324
1773;1954;916;MANDRILLS BKB_916_20180718_id916_femadu_(3)_ORIGINAL.jpg;181
1614;1954;916;MANDRILLS BKB_916_20180718_id916_femadu_(4)_ORIGINAL.jpg;340
1646;1954;916;MANDRILLS BKB_916_20180718_id916_femadu_(5)_ORIGINAL.jpg;308
1617;1954;916;MANDRILLS BKB_916_20180718_id916_femadu_(6)_ORIGINAL.jpg;337
1545;1954;916;MANDRILLS BKB_916_20180718_id916_femadu_(7)_ORIGINAL.jpg;409
1579;1954;916;MANDRILLS BKB_916_20180718_id916_femadu_(8)_ORIGINAL.jpg;375
1862;2128;916;MANDRILLS BKB_916_20190108_id916_femadu_(1)_ORIGINAL.jpg;266
1876;2128;916;MANDRILLS BKB_916_20190108_id916_femadu_(2)_ORIGINAL.jpg;252
1718;2132;916;MANDRILLS BKB_916_20190112_id916_femadu_HAUT_(1)_ORIGINAL.jpg;414
1782;2132;916;MANDRILLS BKB_916_20190112_id916_femadu_HAUT_(10)_ORIGINAL.jpg;350
1729;2132;916;MANDRILLS BKB_916_20190112_id916_femadu_HAUT_(11)_ORIGINAL.jpg;403
1671;2132;916;MANDRILLS BKB_916_20190112_id916_femadu_HAUT_(12)_ORIGINAL.jpg;461
1690;2132;916;MANDRILLS BKB_916_20190112_id916_femadu_HAUT_(13)_ORIGINAL.jpg;442
1598;2132;916;MANDRILLS BKB_916_20190112_id916_femadu_HAUT_(14)_ORIGINAL.jpg;534
1630;2132;916;MANDRILLS BKB_916_20190112_id916_femadu_HAUT_(15)_ORIGINAL.jpg;502
1642;2132;916;MANDRILLS BKB_916_20190112_id916_femadu_HAUT_(16)_ORIGINAL.jpg;490
1670;2132;916;MANDRILLS BKB_916_20190112_id916_femadu_HAUT_(17)_ORIGINAL.jpg;462
1600;2132;916;MANDRILLS BKB_916_20190112_id916_femadu_HAUT_(18)_ORIGINAL.jpg;532
1731;2132;916;MANDRILLS BKB_916_20190112_id916_femadu_HAUT_(19)_ORIGINAL.jpg;401
1498;2132;916;MANDRILLS BKB_916_20190112_id916_femadu_HAUT_(2)_ORIGINAL.jpg;634
1605;2132;916;MANDRILLS BKB_916_20190112_id916_femadu_HAUT_(20)_ORIGINAL.jpg;527
1769;2132;916;MANDRILLS BKB_916_20190112_id916_femadu_HAUT_(21)_ORIGINAL.jpg;363
1661;2132;916;MANDRILLS BKB_916_20190112_id916_femadu_HAUT_(22)_ORIGINAL.jpg;471
1779;2132;916;MANDRILLS BKB_916_20190112_id916_femadu_HAUT_(23)_ORIGINAL.jpg;353
1481;2132;916;MANDRILLS BKB_916_20190112_id916_femadu_HAUT_(3)_ORIGINAL.jpg;651
1586;2132;916;MANDRILLS BKB_916_20190112_id916_femadu_HAUT_(4)_ORIGINAL.jpg;546
1579;2132;916;MANDRILLS BKB_916_20190112_id916_femadu_HAUT_(5)_ORIGINAL.jpg;553
1592;2132;916;MANDRILLS BKB_916_20190112_id916_femadu_HAUT_(6)_ORIGINAL.jpg;540
1663;2132;916;MANDRILLS BKB_916_20190112_id916_femadu_HAUT_(7)_ORIGINAL.jpg;469
1653;2132;916;MANDRILLS BKB_916_20190112_id916_femadu_HAUT_(8)_ORIGINAL.jpg;479
1655;2132;916;MANDRILLS BKB_916_20190112_id916_femadu_HAUT_(9)_ORIGINAL.jpg;477
1739;2140;916;MANDRILLS BKB_916_20190120_id916_femadu_DROITE_(1)_ORIGINAL.jpg;401
1707;2140;916;MANDRILLS BKB_916_20190120_id916_femadu_DROITE_(10)_ORIGINAL.jpg;433
1704;2140;916;MANDRILLS BKB_916_20190120_id916_femadu_DROITE_(11)_ORIGINAL.jpg;436
1679;2140;916;MANDRILLS BKB_916_20190120_id916_femadu_DROITE_(12)_ORIGINAL.jpg;461
1752;2140;916;MANDRILLS BKB_916_20190120_id916_femadu_DROITE_(13)_ORIGINAL.jpg;388
1908;2140;916;MANDRILLS BKB_916_20190120_id916_femadu_DROITE_(20)_ORIGINAL.jpg;232
1724;2140;916;MANDRILLS BKB_916_20190120_id916_femadu_DROITE_(21)_ORIGINAL.jpg;416
1685;2140;916;MANDRILLS BKB_916_20190120_id916_femadu_DROITE_(22)_ORIGINAL.jpg;455
1725;2140;916;MANDRILLS BKB_916_20190120_id916_femadu_DROITE_(23)_ORIGINAL.jpg;415
1598;2140;916;MANDRILLS BKB_916_20190120_id916_femadu_DROITE_(24)_ORIGINAL.jpg;542
1671;2140;916;MANDRILLS BKB_916_20190120_id916_femadu_DROITE_(25)_ORIGINAL.jpg;469
1620;2140;916;MANDRILLS BKB_916_20190120_id916_femadu_DROITE_(26)_ORIGINAL.jpg;520
1624;2140;916;MANDRILLS BKB_916_20190120_id916_femadu_DROITE_(3)_ORIGINAL.jpg;516
1566;2140;916;MANDRILLS BKB_916_20190120_id916_femadu_DROITE_(4)_ORIGINAL.jpg;574
1585;2140;916;MANDRILLS BKB_916_20190120_id916_femadu_DROITE_(5)_ORIGINAL.jpg;555
1613;2140;916;MANDRILLS BKB_916_20190120_id916_femadu_DROITE_(6)_ORIGINAL.jpg;527
1598;2140;916;MANDRILLS BKB_916_20190120_id916_femadu_DROITE_(7)_ORIGINAL.jpg;542
1516;2140;916;MANDRILLS BKB_916_20190120_id916_femadu_DROITE_(8)_ORIGINAL.jpg;624
1787;2140;916;MANDRILLS BKB_916_20190120_id916_femadu_DROITE_(9)_ORIGINAL.jpg;353
1795;2184;916;MANDRILLS BKB_916_20190305_id916_femadu_(1)_ORIGINAL.jpg;389
1754;2184;916;MANDRILLS BKB_916_20190305_id916_femadu_(2)_ORIGINAL.jpg;430
1567;2184;916;MANDRILLS BKB_916_20190305_id916_femadu_DROITE_(1)_ORIGINAL.jpg;617
1720;2184;916;MANDRILLS BKB_916_20190305_id916_femadu_DROITE_(10)_ORIGINAL.jpg;464
1558;2184;916;MANDRILLS BKB_916_20190305_id916_femadu_DROITE_(11)_ORIGINAL.jpg;626
1600;2184;916;MANDRILLS BKB_916_20190305_id916_femadu_DROITE_(12)_ORIGINAL.jpg;584
1557;2184;916;MANDRILLS BKB_916_20190305_id916_femadu_DROITE_(13)_ORIGINAL.jpg;627
1593;2184;916;MANDRILLS BKB_916_20190305_id916_femadu_DROITE_(14)_ORIGINAL.jpg;591
1797;2184;916;MANDRILLS BKB_916_20190305_id916_femadu_DROITE_(15)_ORIGINAL.jpg;387
1678;2184;916;MANDRILLS BKB_916_20190305_id916_femadu_DROITE_(16)_ORIGINAL.jpg;506
1742;2184;916;MANDRILLS BKB_916_20190305_id916_femadu_DROITE_(17)_ORIGINAL.jpg;442
1706;2184;916;MANDRILLS BKB_916_20190305_id916_femadu_DROITE_(18)_ORIGINAL.jpg;478
1930;2184;916;MANDRILLS BKB_916_20190305_id916_femadu_DROITE_(19)_ORIGINAL.jpg;254
1677;2184;916;MANDRILLS BKB_916_20190305_id916_femadu_DROITE_(2)_ORIGINAL.jpg;507
1755;2184;916;MANDRILLS BKB_916_20190305_id916_femadu_DROITE_(20)_ORIGINAL.jpg;429
1700;2184;916;MANDRILLS BKB_916_20190305_id916_femadu_DROITE_(21)_ORIGINAL.jpg;484
1748;2184;916;MANDRILLS BKB_916_20190305_id916_femadu_DROITE_(22)_ORIGINAL.jpg;436
1587;2184;916;MANDRILLS BKB_916_20190305_id916_femadu_DROITE_(23)_ORIGINAL.jpg;597
1776;2184;916;MANDRILLS BKB_916_20190305_id916_femadu_DROITE_(24)_ORIGINAL.jpg;408
1771;2184;916;MANDRILLS BKB_916_20190305_id916_femadu_DROITE_(25)_ORIGINAL.jpg;413
1878;2184;916;MANDRILLS BKB_916_20190305_id916_femadu_DROITE_(26)_ORIGINAL.jpg;306
1731;2184;916;MANDRILLS BKB_916_20190305_id916_femadu_DROITE_(27)_ORIGINAL.jpg;453
1622;2184;916;MANDRILLS BKB_916_20190305_id916_femadu_DROITE_(28)_ORIGINAL.jpg;562
1672;2184;916;MANDRILLS BKB_916_20190305_id916_femadu_DROITE_(29)_ORIGINAL.jpg;512
1631;2184;916;MANDRILLS BKB_916_20190305_id916_femadu_DROITE_(3)_ORIGINAL.jpg;553
1616;2184;916;MANDRILLS BKB_916_20190305_id916_femadu_DROITE_(30)_ORIGINAL.jpg;568
1608;2184;916;MANDRILLS BKB_916_20190305_id916_femadu_DROITE_(31)_ORIGINAL.jpg;576
1678;2184;916;MANDRILLS BKB_916_20190305_id916_femadu_DROITE_(32)_ORIGINAL.jpg;506
1688;2184;916;MANDRILLS BKB_916_20190305_id916_femadu_DROITE_(33)_ORIGINAL.jpg;496
1700;2184;916;MANDRILLS BKB_916_20190305_id916_femadu_DROITE_(34)_ORIGINAL.jpg;484
1657;2184;916;MANDRILLS BKB_916_20190305_id916_femadu_DROITE_(35)_ORIGINAL.jpg;527
1607;2184;916;MANDRILLS BKB_916_20190305_id916_femadu_DROITE_(36)_ORIGINAL.jpg;577
1607;2184;916;MANDRILLS BKB_916_20190305_id916_femadu_DROITE_(37)_ORIGINAL.jpg;577
1743;2184;916;MANDRILLS BKB_916_20190305_id916_femadu_DROITE_(4)_ORIGINAL.jpg;441
1785;2184;916;MANDRILLS BKB_916_20190305_id916_femadu_DROITE_(5)_ORIGINAL.jpg;399
1741;2184;916;MANDRILLS BKB_916_20190305_id916_femadu_DROITE_(6)_ORIGINAL.jpg;443
1761;2184;916;MANDRILLS BKB_916_20190305_id916_femadu_DROITE_(7)_ORIGINAL.jpg;423
1586;2184;916;MANDRILLS BKB_916_20190305_id916_femadu_DROITE_(8)_ORIGINAL.jpg;598
1566;2184;916;MANDRILLS BKB_916_20190305_id916_femadu_DROITE_(9)_ORIGINAL.jpg;618
1723;2191;916;MANDRILLS BKB_916_20190312_id916_femadu_(1).jpg;468
1857;2191;916;MANDRILLS BKB_916_20190312_id916_femadu_(2).jpg;334
1857;2191;916;MANDRILLS BKB_916_20190312_id916_femadu_(3).jpg;334
1929;2191;916;MANDRILLS BKB_916_20190312_id916_femadu_(4).jpg;262
1668;2192;916;MANDRILLS BKB_916_20190313_id916_femadu.jpg;524
1906;2192;916;MANDRILLS BKB_916_20190313_id916_femadu_HAUT_(1).jpg;286
1672;2192;916;MANDRILLS BKB_916_20190313_id916_femadu_HAUT_(2).jpg;520
1694;2194;916;MANDRILLS BKB_916_20190315_id916_femadu.jpg;500
1949;2194;916;MANDRILLS BKB_916_20190315_id916_femadu_HAUT_(1).jpg;245
1394;2194;916;MANDRILLS BKB_916_20190315_id916_femadu_HAUT_(2).jpg;800
1977;2194;916;MANDRILLS BKB_916_20190315_id916_femadu_HAUT_(3).jpg;217
1973;2194;916;MANDRILLS BKB_916_20190315_id916_femadu_HAUT_(4).jpg;221
1770;2194;916;MANDRILLS BKB_916_20190315_id916_femadu_HAUT_(5).jpg;424
1742;2194;916;MANDRILLS BKB_916_20190315_id916_femadu_HAUT_(6).jpg;452
1803;2194;916;MANDRILLS BKB_916_20190315_id916_femadu_HAUT_(7).jpg;391
1678;2196;916;MANDRILLS BKB_916_20190317_id916_femadu.jpg;518
1622;2196;916;MANDRILLS BKB_916_20190317_id916_femadu_DROITE_(1).jpg;574
1850;2196;916;MANDRILLS BKB_916_20190317_id916_femadu_DROITE_(2).jpg;346
1726;2196;916;MANDRILLS BKB_916_20190317_id916_femadu_HAUT.jpg;470
1922;2198;916;MANDRILLS BKB_916_20190319_id916_femadu_(1).jpg;276
1988;2198;916;MANDRILLS BKB_916_20190319_id916_femadu_(10).jpg;210
1658;2198;916;MANDRILLS BKB_916_20190319_id916_femadu_(2).jpg;540
1874;2198;916;MANDRILLS BKB_916_20190319_id916_femadu_(3).jpg;324
1685;2198;916;MANDRILLS BKB_916_20190319_id916_femadu_(4).jpg;513
1593;2198;916;MANDRILLS BKB_916_20190319_id916_femadu_(6).jpg;605
1747;2198;916;MANDRILLS BKB_916_20190319_id916_femadu_(7).jpg;451
1524;2198;916;MANDRILLS BKB_916_20190319_id916_femadu_(8).jpg;674
1509;2198;916;MANDRILLS BKB_916_20190319_id916_femadu_DROITE.jpg;689
1923;2198;916;MANDRILLS BKB_916_20190319_id916_femadu_HAUT_(1).jpg;275
1696;2198;916;MANDRILLS BKB_916_20190319_id916_femadu_HAUT_(2).jpg;502
1764;2199;916;MANDRILLS BKB_916_20190320_id916_femadu_HAUT.jpg;435
1608;2240;916;MANDRILLS BKB_916_20190430_id916_femadu.jpg;632
1802;2258;916;MANDRILLS BKB_916_20190518_id916_femadu_BLESSURE_(3).jpg;456
347;157;93;MANDRILLS BKB_93_20140702_id93_feminf_(1)_ORIGINAL.jpg;190
305;157;93;MANDRILLS BKB_93_20140702_id93_feminf_(2)_ORIGINAL.jpg;148
319;157;93;MANDRILLS BKB_93_20140702_id93_feminf_(3)_ORIGINAL.jpg;162
2368;1534;93;MANDRILLS BKB_93_20180409_id93_femadu_(1)_ORIGINAL.jpg;834
2229;1534;93;MANDRILLS BKB_93_20180409_id93_femadu_(10)_ORIGINAL.jpg;695
2180;1534;93;MANDRILLS BKB_93_20180409_id93_femadu_(11)_ORIGINAL.jpg;646
2114;1534;93;MANDRILLS BKB_93_20180409_id93_femadu_(12)_ORIGINAL.jpg;580
2227;1534;93;MANDRILLS BKB_93_20180409_id93_femadu_(13)_ORIGINAL.jpg;693
2059;1534;93;MANDRILLS BKB_93_20180409_id93_femadu_(14)_ORIGINAL.jpg;525
2255;1534;93;MANDRILLS BKB_93_20180409_id93_femadu_(15)_ORIGINAL.jpg;721
2405;1534;93;MANDRILLS BKB_93_20180409_id93_femadu_(16)_ORIGINAL.jpg;871
2086;1534;93;MANDRILLS BKB_93_20180409_id93_femadu_(17)_ORIGINAL.jpg;552
2181;1534;93;MANDRILLS BKB_93_20180409_id93_femadu_(18)_ORIGINAL.jpg;647
2095;1534;93;MANDRILLS BKB_93_20180409_id93_femadu_(2)_ORIGINAL.jpg;561
1965;1534;93;MANDRILLS BKB_93_20180409_id93_femadu_(3)_ORIGINAL.jpg;431
2358;1534;93;MANDRILLS BKB_93_20180409_id93_femadu_(4)_ORIGINAL.jpg;824
2354;1534;93;MANDRILLS BKB_93_20180409_id93_femadu_(5)_ORIGINAL.jpg;820
2184;1534;93;MANDRILLS BKB_93_20180409_id93_femadu_(6)_ORIGINAL.jpg;650
2209;1534;93;MANDRILLS BKB_93_20180409_id93_femadu_(7)_ORIGINAL.jpg;675
2166;1534;93;MANDRILLS BKB_93_20180409_id93_femadu_(8)_ORIGINAL.jpg;632
2204;1534;93;MANDRILLS BKB_93_20180409_id93_femadu_(9)_ORIGINAL.jpg;670
2028;1623;93;MANDRILLS BKB_93_20180707_id93_femadu_(1)_ORIGINAL.jpg;405
2030;1623;93;MANDRILLS BKB_93_20180707_id93_femadu_(10)_ORIGINAL.jpg;407
2011;1623;93;MANDRILLS BKB_93_20180707_id93_femadu_(11)_ORIGINAL.jpg;388
1945;1623;93;MANDRILLS BKB_93_20180707_id93_femadu_(12)_ORIGINAL.jpg;322
2013;1623;93;MANDRILLS BKB_93_20180707_id93_femadu_(2)_ORIGINAL.jpg;390
1967;1623;93;MANDRILLS BKB_93_20180707_id93_femadu_(3)_ORIGINAL.jpg;344
1859;1623;93;MANDRILLS BKB_93_20180707_id93_femadu_(4)_ORIGINAL.jpg;236
1934;1623;93;MANDRILLS BKB_93_20180707_id93_femadu_(5)_ORIGINAL.jpg;311
1947;1623;93;MANDRILLS BKB_93_20180707_id93_femadu_(6)_ORIGINAL.jpg;324
2270;1623;93;MANDRILLS BKB_93_20180707_id93_femadu_(7)_ORIGINAL.jpg;647
2239;1623;93;MANDRILLS BKB_93_20180707_id93_femadu_(8)_ORIGINAL.jpg;616
1926;1623;93;MANDRILLS BKB_93_20180707_id93_femadu_(9)_ORIGINAL.jpg;303
1976;1632;93;MANDRILLS BKB_93_20180716_id93_femadu_(1)_ORIGINAL.jpg;344
1876;1632;93;MANDRILLS BKB_93_20180716_id93_femadu_(14)_ORIGINAL.jpg;244
1754;1632;93;MANDRILLS BKB_93_20180716_id93_femadu_(15)_ORIGINAL.jpg;122
1878;1632;93;MANDRILLS BKB_93_20180716_id93_femadu_(16)_ORIGINAL.jpg;246
2129;1632;93;MANDRILLS BKB_93_20180716_id93_femadu_(2)_ORIGINAL.jpg;497
1975;1632;93;MANDRILLS BKB_93_20180716_id93_femadu_(3)_ORIGINAL.jpg;343
1852;1632;93;MANDRILLS BKB_93_20180716_id93_femadu_(4)_ORIGINAL.jpg;220
2096;1632;93;MANDRILLS BKB_93_20180716_id93_femadu_(5)_ORIGINAL.jpg;464
1964;1632;93;MANDRILLS BKB_93_20180716_id93_femadu_(6)_ORIGINAL.jpg;332
1706;1632;93;MANDRILLS BKB_93_20180716_id93_femadu_(7)_ORIGINAL.jpg;74
1826;1632;93;MANDRILLS BKB_93_20180716_id93_femadu_(8)_ORIGINAL.jpg;194
2075;1632;93;MANDRILLS BKB_93_20180716_id93_femadu_(9)_ORIGINAL.jpg;443
2040;1642;93;MANDRILLS BKB_93_20180726_id93_femaduGAUCHE_ORIGINAL.jpg;398
2206;1642;93;MANDRILLS BKB_93_20180726_id93_femadu_(10)_ORIGINAL.jpg;564
2100;1642;93;MANDRILLS BKB_93_20180726_id93_femadu_(11)_ORIGINAL.jpg;458
1965;1642;93;MANDRILLS BKB_93_20180726_id93_femadu_(12)_ORIGINAL.jpg;323
1392;1642;93;MANDRILLS BKB_93_20180726_id93_femadu_(13)_ORIGINAL.jpg;250
2035;1642;93;MANDRILLS BKB_93_20180726_id93_femadu_(15)_ORIGINAL.jpg;393
2167;1642;93;MANDRILLS BKB_93_20180726_id93_femadu_(6)_ORIGINAL.jpg;525
2172;1642;93;MANDRILLS BKB_93_20180726_id93_femadu_(7)_ORIGINAL.jpg;530
2214;1642;93;MANDRILLS BKB_93_20180726_id93_femadu_(8)_ORIGINAL.jpg;572
2223;1642;93;MANDRILLS BKB_93_20180726_id93_femadu_(9)_ORIGINAL.jpg;581
2157;1647;93;MANDRILLS BKB_93_20180731_id93_femadu_(1)_ORIGINAL.jpg;510
1867;1647;93;MANDRILLS BKB_93_20180731_id93_femadu_(10)_ORIGINAL.jpg;220
2050;1647;93;MANDRILLS BKB_93_20180731_id93_femadu_(11)_ORIGINAL.jpg;403
2280;1647;93;MANDRILLS BKB_93_20180731_id93_femadu_(2)_ORIGINAL.jpg;633
1934;1647;93;MANDRILLS BKB_93_20180731_id93_femadu_(4)_ORIGINAL.jpg;287
2115;1647;93;MANDRILLS BKB_93_20180731_id93_femadu_(5)_ORIGINAL.jpg;468
2072;1647;93;MANDRILLS BKB_93_20180731_id93_femadu_(6)_ORIGINAL.jpg;425
2136;1647;93;MANDRILLS BKB_93_20180731_id93_femadu_(8)_ORIGINAL.jpg;489
2096;1647;93;MANDRILLS BKB_93_20180731_id93_femadu_(9)_ORIGINAL.jpg;449
2561;1878;93;MANDRILLS BKB_93_20190319_id93_femadu_(2).jpg;683
2348;1878;93;MANDRILLS BKB_93_20190319_id93_femadu_(3).jpg;470
2713;2016;93;MANDRILLS BKB_93_20190804_id93_femadu_(1).jpg;697
2233;2016;93;MANDRILLS BKB_93_20190804_id93_femadu_(11).jpg;217
2257;2016;93;MANDRILLS BKB_93_20190804_id93_femadu_(12).jpg;241
2515;2016;93;MANDRILLS BKB_93_20190804_id93_femadu_(13).jpg;499
2333;2016;93;MANDRILLS BKB_93_20190804_id93_femadu_(14).jpg;317
2569;2016;93;MANDRILLS BKB_93_20190804_id93_femadu_(23).jpg;553
2559;2016;93;MANDRILLS BKB_93_20190804_id93_femadu_(24).jpg;543
2657;2016;93;MANDRILLS BKB_93_20190804_id93_femadu_(25).jpg;641
2513;2016;93;MANDRILLS BKB_93_20190804_id93_femadu_(26).jpg;497
2413;2016;93;MANDRILLS BKB_93_20190804_id93_femadu_(27).jpg;397
2048;2016;93;MANDRILLS BKB_93_20190804_id93_femadu_(28).jpg;32
2480;2016;93;MANDRILLS BKB_93_20190804_id93_femadu_(29).jpg;464
2501;2016;93;MANDRILLS BKB_93_20190804_id93_femadu_(30).jpg;485
2297;2016;93;MANDRILLS BKB_93_20190804_id93_femadu_(31).jpg;281
2387;2016;93;MANDRILLS BKB_93_20190804_id93_femadu_(32).jpg;371
2567;2016;93;MANDRILLS BKB_93_20190804_id93_femadu_(33).jpg;551
2256;2016;93;MANDRILLS BKB_93_20190804_id93_femadu_(34).jpg;240
2635;2016;93;MANDRILLS BKB_93_20190804_id93_femadu_(35).jpg;619
2305;2016;93;MANDRILLS BKB_93_20190804_id93_femadu_(36).jpg;289
1704;2016;93;MANDRILLS BKB_93_20190804_id93_femadu_(37).jpg;312
2546;2016;93;MANDRILLS BKB_93_20190804_id93_femadu_(39).jpg;530
2486;2016;93;MANDRILLS BKB_93_20190804_id93_femadu_(41).jpg;470
2880;2016;93;MANDRILLS BKB_93_20190804_id93_femadu_(5).jpg;864
2630;2016;93;MANDRILLS BKB_93_20190804_id93_femadu_(6).jpg;614
2497;2030;93;MANDRILLS BKB_93_20190818_id93_femadu_(10).jpg;467
2472;2030;93;MANDRILLS BKB_93_20190818_id93_femadu_(11).jpg;442
2655;2030;93;MANDRILLS BKB_93_20190818_id93_femadu_(4).jpg;625
2001;2030;93;MANDRILLS BKB_93_20190818_id93_femadu_(8).jpg;29
2090;2030;93;MANDRILLS BKB_93_20190818_id93_femadu_(9).jpg;60
2716;2069;93;MANDRILLS BKB_93_20190926_id93_femadu_DROITE_(2).jpg;647
2713;2069;93;MANDRILLS BKB_93_20190926_id93_femadu_DROITE_(3).jpg;644
2751;2069;93;MANDRILLS BKB_93_20190926_id93_femadu_DROITE_(4).jpg;682
2511;2144;93;MANDRILLS BKB_93_20191210_id93_femadu_(1).jpg;367
2547;2144;93;MANDRILLS BKB_93_20191210_id93_femadu_(2).jpg;403
2730;2149;93;MANDRILLS BKB_93_20191215_id93_femadu.jpg;581
2483;2182;93;MANDRILLS BKB_93_20200117_id93_femadu.jpg;301
2701;2220;93;MANDRILLS BKB_93_20200224_id93_femadu_(1).jpg;481
2523;2292;93;MANDRILLS BKB_93_20200506_id93_femadu.jpg;231
2509;2460;93;MANDRILLS BKB_93_20201021_id93_femadu_(1).jpg;49
2936;2460;93;MANDRILLS BKB_93_20201021_id93_femadu_(2).jpg;476
2916;2460;93;MANDRILLS BKB_93_20201021_id93_femadu_(3).jpg;456
2831;2460;93;MANDRILLS BKB_93_20201021_id93_femadu_(4).jpg;371
2756;2460;93;MANDRILLS BKB_93_20201021_id93_femadu_(5).jpg;296
2353;2460;93;MANDRILLS BKB_93_20201021_id93_femadu_(6).jpg;107
3060;2461;93;MANDRILLS BKB_93_20201022_id93_femadu_(1).jpg;599
3066;2461;93;MANDRILLS BKB_93_20201022_id93_femadu_(2).jpg;605
2947;2461;93;MANDRILLS BKB_93_20201022_id93_femadu_(3).jpg;486
2876;2461;93;MANDRILLS BKB_93_20201022_id93_femadu_(4).jpg;415
2893;2461;93;MANDRILLS BKB_93_20201022_id93_femadu_(5).jpg;432
2928;2461;93;MANDRILLS BKB_93_20201022_id93_femadu_(6).jpg;467
2853;2461;93;MANDRILLS BKB_93_20201022_id93_femadu_(7).jpg;392
3077;2462;93;MANDRILLS BKB_93_20201023_id93_femadu_(1).jpg;615
2682;2462;93;MANDRILLS BKB_93_20201023_id93_femadu_(2).jpg;220
3014;2462;93;MANDRILLS BKB_93_20201023_id93_femadu_(3).jpg;552
2538;2462;93;MANDRILLS BKB_93_20201023_id93_femadu_(4).jpg;76
2625;2467;93;MANDRILLS BKB_93_20201028_id93_femadu_(1).jpg;158
2299;2467;93;MANDRILLS BKB_93_20201028_id93_femadu_(2).jpg;168
2836;2467;93;MANDRILLS BKB_93_20201028_id93_femadu_(3).jpg;369
2865;2477;93;MANDRILLS BKB_93_20201107_id93_femadu_(2).jpg;388
2810;2477;93;MANDRILLS BKB_93_20201107_id93_femadu_(3).jpg;333
2791;2494;93;MANDRILLS BKB_93_20201124_id93_femadu_(1).jpg;297
3034;2494;93;MANDRILLS BKB_93_20201124_id93_femadu_(1b).jpg;540
3038;2494;93;MANDRILLS BKB_93_20201124_id93_femadu_(2).jpg;544
2947;2494;93;MANDRILLS BKB_93_20201124_id93_femadu_(2b).jpg;453
3115;2494;93;MANDRILLS BKB_93_20201124_id93_femadu_(3).jpg;621
2971;2513;93;MANDRILLS BKB_93_20201213_id93_femadu_(1).jpg;458
2294;2513;93;MANDRILLS BKB_93_20201213_id93_femadu_(2).jpg;219
3002;2513;93;MANDRILLS BKB_93_20201213_id93_femadu_(3).jpg;489
3038;2513;93;MANDRILLS BKB_93_20201213_id93_femadu_(4).jpg;525
3160;2513;93;MANDRILLS BKB_93_20201213_id93_femadu_(5).jpg;647
3059;2513;93;MANDRILLS BKB_93_20201213_id93_femadu_(6).jpg;546
2953;2517;93;MANDRILLS BKB_93_20201217_id93_femadu_(1).jpg;436
2826;2517;93;MANDRILLS BKB_93_20201217_id93_femadu_(2).jpg;309
2940;2517;93;MANDRILLS BKB_93_20201217_id93_femadu_(3).jpg;423
3073;2517;93;MANDRILLS BKB_93_20201217_id93_femadu_(4).jpg;556
2466;2535;93;MANDRILLS BKB_93_20210104_id93_femadu.jpg;69
2852;2538;93;MANDRILLS BKB_93_20210107_id93_femadu_(1).jpg;314
2911;2538;93;MANDRILLS BKB_93_20210107_id93_femadu_(2).jpg;373
3060;2538;93;MANDRILLS BKB_93_20210107_id93_femadu_(3).jpg;522
3021;2538;93;MANDRILLS BKB_93_20210107_id93_femadu_(4).jpg;483
2993;2538;93;MANDRILLS BKB_93_20210107_id93_femadu_(5).jpg;455
2924;2538;93;MANDRILLS BKB_93_20210107_id93_femadu_(6).jpg;386
2885;2538;93;MANDRILLS BKB_93_20210107_id93_femadu_(7).jpg;347
3049;2560;93;MANDRILLS BKB_93_20210129_id93_femadu_(1).jpg;489
3141;2560;93;MANDRILLS BKB_93_20210129_id93_femadu_(2).jpg;581
3083;2560;93;MANDRILLS BKB_93_20210129_id93_femadu_(3).jpg;523
2849;2560;93;MANDRILLS BKB_93_20210129_id93_femadu_(4).jpg;289
2267;2560;93;MANDRILLS BKB_93_20210129_id93_femadu_(5).jpg;293
2632;2560;93;MANDRILLS BKB_93_20210129_id93_femadu_(6).jpg;72
2909;2565;93;MANDRILLS BKB_93_20210203_id93_femadu.jpg;344
2575;2565;93;MANDRILLS BKB_93_20210203_id93_femadu_(1).jpg;10
3023;2565;93;MANDRILLS BKB_93_20210203_id93_femadu_(2).jpg;458
2808;2574;93;MANDRILLS BKB_93_20210212_id93_femadu_(1).jpg;234
2807;2574;93;MANDRILLS BKB_93_20210212_id93_femadu_(2).jpg;233
3086;2588;93;MANDRILLS BKB_93_20210226_id93_femadu.jpg;498
2963;2619;93;MANDRILLS BKB_93_20210329_id93_femadu.jpg;344
2688;2626;93;MANDRILLS BKB_93_20210405_id93_femadu_(1).jpg;62
2956;2626;93;MANDRILLS BKB_93_20210405_id93_femadu_(2).jpg;330
2684;2631;93;MANDRILLS BKB_93_20210410_id93_femadu.jpg;53
3122;2644;93;MANDRILLS BKB_93_20210423_id93_femadu.jpg;478
2984;2809;93;MANDRILLS BKB_93_20211005_id93_femadu_(1).jpg;175
2646;2810;93;MANDRILLS BKB_93_20211006_id93_femadu.jpg;164
3123;2833;93;MANDRILLS BKB_93_20211029_id93_femadu.jpg;290
3220;2837;93;MANDRILLS BKB_93_20211102_id93_femadu_(1).jpg;383
3238;2837;93;MANDRILLS BKB_93_20211102_id93_femadu_(2).jpg;401
3415;2869;93;MANDRILLS BKB_93_20211204_ID93_femadu_(1).jpg;546
3125;2869;93;MANDRILLS BKB_93_20211204_ID93_femadu_(3).jpg;256
3298;2882;93;MANDRILLS BKB_93_20211217_id93_femadu_(1).jpg;416
3229;2882;93;MANDRILLS BKB_93_20211217_id93_femadu_(2).jpg;347
3253;2882;93;MANDRILLS BKB_93_20211217_id93_femadu_(3).jpg;371
2622;2887;93;MANDRILLS BKB_93_20211222_id93_femadu.jpg;265
3261;2928;93;MANDRILLS BKB_93_20220201_id93_femadu (2).jpg;333
3238;2928;93;MANDRILLS BKB_93_20220201_id93_femadu (3).jpg;310
3310;2928;93;MANDRILLS BKB_93_20220201_id93_femadu (4).jpg;382
3155;2928;93;MANDRILLS BKB_93_20220201_id93_femadu.jpg;227
3315;2943;93;MANDRILLS BKB_93_20220216_id93_femadu (3).jpg;372
3324;2953;93;MANDRILLS BKB_93_20220226_id93_femadu (1).jpg;371
3461;2953;93;MANDRILLS BKB_93_20220226_id93_femadu (2).jpg;508
3376;2953;93;MANDRILLS BKB_93_20220226_id93_femadu (3).jpg;423
3269;2953;93;MANDRILLS BKB_93_20220226_id93_femadu (4).jpg;316
3047;2953;93;MANDRILLS BKB_93_20220226_id93_femadu.jpg;94
3469;2977;93;MANDRILLS BKB_93_20220322_id93_femadu (1).jpg;492
3608;2977;93;MANDRILLS BKB_93_20220322_id93_femadu (2).jpg;631
3099;2978;93;MANDRILLS BKB_93_20220323_id93_femadu.jpg;121
3478;2985;93;MANDRILLS BKB_93_20220330_id93_femadu.jpg;493
3442;3012;93;MANDRILLS BKB_93_20220426_id93_femadu (1).jpg;430
2824;3012;93;MANDRILLS BKB_93_20220426_id93_femadu (2).jpg;188
3346;3025;93;MANDRILLS BKB_93_20220509_id93_femadu.jpg;321
2999;3032;93;MANDRILLS BKB_93_20220516_id93_femadu (1).jpg;33
3341;3032;93;MANDRILLS BKB_93_20220516_id93_femadu.jpg;309
3108;3034;93;MANDRILLS BKB_93_20220518_id93_femadu.jpg;74
3367;3040;93;MANDRILLS BKB_93_20220524_id93_femadu (2).jpg;327
3338;3040;93;MANDRILLS BKB_93_20220524_id93_femadu.jpg;298
3378;3067;93;MANDRILLS BKB_93_20220620_id93_femadu (1).jpg;311
3309;3067;93;MANDRILLS BKB_93_20220620_id93_femadu (2).jpg;242
3244;3068;93;MANDRILLS BKB_93_20220621_id93_femadu.jpg;176
3296;3076;93;MANDRILLS BKB_93_20220629_id93.jpg;220
3058;3078;93;MANDRILLS BKB_93_20220701_id93.jpg;20
3347;3083;93;MANDRILLS BKB_93_20220706_id93.jpg;264
2973;3093;93;MANDRILLS BKB_93_20220716_id93 (2).jpg;120
3106;3093;93;MANDRILLS BKB_93_20220716_id93.jpg;13
3338;3093;93;MANDRILLS BKB_93_20220716_id93_femadu.jpg;245
3273;3102;93;MANDRILLS BKB_93_20220725_id93.jpg;171
3474;3103;93;MANDRILLS BKB_93_20220726_id93.jpg;371
3426;3110;93;MANDRILLS BKB_93_20220802_id93.jpg;316
2835;3111;93;MANDRILLS BKB_93_20220803_id93 (2).jpg;276
3397;3111;93;MANDRILLS BKB_93_20220803_id93 (4).jpg;286
3090;3113;93;MANDRILLS BKB_93_20220805_id93 (2).jpg;23
3164;3117;93;MANDRILLS BKB_93_20220809_id93.jpg;47
3175;3120;93;MANDRILLS BKB_93_20220812_id93 (1).jpg;55
3752;3120;93;MANDRILLS BKB_93_20220812_id93 (2).jpg;632
3072;3120;93;MANDRILLS BKB_93_20220812_id93.jpg;48
2698;3144;93;MANDRILLS BKB_93_20220905_id93.jpg;446
3347;3150;93;MANDRILLS BKB_93_20220911_id93.jpg;197
3209;3151;93;MANDRILLS BKB_93_20220912_id93.jpg;58
3174;3157;93;MANDRILLS BKB_93_20220918_id93 (1).jpg;17
3298;3157;93;MANDRILLS BKB_93_20220918_id93 (2).jpg;141
2912;3159;93;MANDRILLS BKB_93_20220920_id93.jpg;247
3268;3165;93;MANDRILLS BKB_93_20220926_id93.jpg;103
3232;3188;93;MANDRILLS BKB_93_20221019_id93 (1).jpg;44
3197;3188;93;MANDRILLS BKB_93_20221019_id93 (2).jpg;9
3137;3196;93;MANDRILLS BKB_93_20221027_id93.jpg;59
3279;3236;93;MANDRILLS BKB_93_20221206_id93 (1).jpg;43
3271;3248;93;MANDRILLS BKB_93_20221218_id93.jpg;23
3083;3252;93;MANDRILLS BKB_93_20221222_id93.jpg;169
554;529;101;MANDRILLS BKB_101_20140703_id101_maljuv_(1)_ORIGINAL.jpg;25
470;529;101;MANDRILLS BKB_101_20140703_id101_maljuv_(2)_ORIGINAL.jpg;59
510;529;101;MANDRILLS BKB_101_20140703_id101_maljuv_(3)_ORIGINAL.jpg;19
521;529;101;MANDRILLS BKB_101_20140703_id101_maljuv_(4)_ORIGINAL.jpg;8
1985;1963;101;MANDRILLS BKB_101_20180606_id101_malado_(1)_ORIGINAL.jpg;22
2095;1963;101;MANDRILLS BKB_101_20180606_id101_malado_(3)_ORIGINAL.jpg;132
2012;2003;101;MANDRILLS BKB_101_20180716_id101_malado_(1)_ORIGINAL.jpg;9
2090;2003;101;MANDRILLS BKB_101_20180716_id101_malado_(10)_ORIGINAL.jpg;87
2077;2003;101;MANDRILLS BKB_101_20180716_id101_malado_(12)_ORIGINAL.jpg;74
2085;2003;101;MANDRILLS BKB_101_20180716_id101_malado_(13)_ORIGINAL.jpg;82
2111;2003;101;MANDRILLS BKB_101_20180716_id101_malado_(16)_ORIGINAL.jpg;108
2166;2003;101;MANDRILLS BKB_101_20180716_id101_malado_(17)_ORIGINAL.jpg;163
1946;2003;101;MANDRILLS BKB_101_20180716_id101_malado_(3)_ORIGINAL.jpg;57
1994;2003;101;MANDRILLS BKB_101_20180716_id101_malado_(4)_ORIGINAL.jpg;9
2029;2003;101;MANDRILLS BKB_101_20180716_id101_malado_(5)_ORIGINAL.jpg;26
2065;2003;101;MANDRILLS BKB_101_20180716_id101_malado_(9)_ORIGINAL.jpg;62
2195;2087;101;MANDRILLS BKB_101_20181008_id101_malado_(1)_ORIGINAL.jpg;108
2056;2087;101;MANDRILLS BKB_101_20181008_id101_malado_(2)_ORIGINAL.jpg;31
2100;2087;101;MANDRILLS BKB_101_20181008_id101_malado_(3)_ORIGINAL.jpg;13
2207;2087;101;MANDRILLS BKB_101_20181008_id101_malado_(4)_ORIGINAL.jpg;120
2247;2087;101;MANDRILLS BKB_101_20181008_id101_malado_(5)_ORIGINAL.jpg;160
2232;2087;101;MANDRILLS BKB_101_20181008_id101_malado_(6)_ORIGINAL.jpg;145
2227;2087;101;MANDRILLS BKB_101_20181008_id101_malado_(7)_ORIGINAL.jpg;140
2224;2087;101;MANDRILLS BKB_101_20181008_id101_malado_(8)_ORIGINAL.jpg;137
2228;2146;101;MANDRILLS BKB_101_20181206_id101_malado_(1)_ORIGINAL.jpg;82
2236;2146;101;MANDRILLS BKB_101_20181206_id101_malado_(2)_ORIGINAL.jpg;90
2337;2146;101;MANDRILLS BKB_101_20181206_id101_malado_(3)_ORIGINAL.jpg;191
2266;2146;101;MANDRILLS BKB_101_20181206_id101_malado_(4)_ORIGINAL.jpg;120
2298;2146;101;MANDRILLS BKB_101_20181206_id101_malado_(5)_ORIGINAL.jpg;152
2439;2247;101;MANDRILLS BKB_101_20190317_id101_malado_(1).jpg;192
2316;2247;101;MANDRILLS BKB_101_20190317_id101_malado_(2).jpg;69
2459;2247;101;MANDRILLS BKB_101_20190317_id101_malado_(3).jpg;212
2183;2247;101;MANDRILLS BKB_101_20190317_id101_malado_(4).jpg;64
2408;2247;101;MANDRILLS BKB_101_20190317_id101_malado_(5).jpg;161
2406;2360;101;MANDRILLS BKB_101_20190708_id101_malado_(15).jpg;46
2575;2360;101;MANDRILLS BKB_101_20190708_id101_malado_(16).jpg;215
2620;2360;101;MANDRILLS BKB_101_20190708_id101_malado_(17).jpg;260
2644;2360;101;MANDRILLS BKB_101_20190708_id101_malado_(18).jpg;284
2539;2360;101;MANDRILLS BKB_101_20190708_id101_malado_(19).jpg;179
2230;2360;101;MANDRILLS BKB_101_20190708_id101_malado_(20).jpg;130
2248;2360;101;MANDRILLS BKB_101_20190708_id101_malado_(21).jpg;112
2398;2360;101;MANDRILLS BKB_101_20190708_id101_malado_(22).jpg;38
2361;2360;101;MANDRILLS BKB_101_20190708_id101_malado_(24).jpg;1
2482;2360;101;MANDRILLS BKB_101_20190708_id101_malado_(25).jpg;122
2366;2360;101;MANDRILLS BKB_101_20190708_id101_malado_(26).jpg;6
2381;2360;101;MANDRILLS BKB_101_20190708_id101_malado_(27).jpg;21
2416;2360;101;MANDRILLS BKB_101_20190708_id101_malado_(28).jpg;56
2555;2360;101;MANDRILLS BKB_101_20190708_id101_malado_(29).jpg;195
2397;2360;101;MANDRILLS BKB_101_20190708_id101_malado_(5).jpg;37
2481;2360;101;MANDRILLS BKB_101_20190708_id101_malado_(9).jpg;121
2458;2489;101;MANDRILLS BKB_101_20191114_id101_malado.jpg;31
2715;2663;101;MANDRILLS BKB_101_20200506_id101_malsub_(1).jpg;52
2583;2663;101;MANDRILLS BKB_101_20200506_id101_malsub_(2).jpg;80
2869;2832;101;MANDRILLS BKB_101_20201022_id101_malsub_(1).jpg;37
2887;2832;101;MANDRILLS BKB_101_20201022_id101_malsub_(2).jpg;55
2847;2845;101;MANDRILLS BKB_101_20201104_id101_malsub_(1).jpg;2
2851;2845;101;MANDRILLS BKB_101_20201104_id101_malsub_(2).jpg;6
3032;2845;101;MANDRILLS BKB_101_20201104_id101_malsub_(3).jpg;187
3047;2845;101;MANDRILLS BKB_101_20201104_id101_malsub_(4).jpg;202
2783;2845;101;MANDRILLS BKB_101_20201104_id101_malsub_(5).jpg;62
640;823;1018;MANDRILLS BKB_1018_20180726_id1018_femjuvDROITE_(1)_ORIGINAL.jpg;183
865;823;1018;MANDRILLS BKB_1018_20180726_id1018_femjuvDROITE_(10)_ORIGINAL.jpg;42
783;823;1018;MANDRILLS BKB_1018_20180726_id1018_femjuvDROITE_(11)_ORIGINAL.jpg;40
782;823;1018;MANDRILLS BKB_1018_20180726_id1018_femjuvDROITE_(12)_ORIGINAL.jpg;41
858;823;1018;MANDRILLS BKB_1018_20180726_id1018_femjuvDROITE_(13)_ORIGINAL.jpg;35
785;823;1018;MANDRILLS BKB_1018_20180726_id1018_femjuvDROITE_(14)_ORIGINAL.jpg;38
791;823;1018;MANDRILLS BKB_1018_20180726_id1018_femjuvDROITE_(15)_ORIGINAL.jpg;32
643;823;1018;MANDRILLS BKB_1018_20180726_id1018_femjuvDROITE_(16)_ORIGINAL.jpg;180
811;823;1018;MANDRILLS BKB_1018_20180726_id1018_femjuvDROITE_(20)_ORIGINAL.jpg;12
811;823;1018;MANDRILLS BKB_1018_20180726_id1018_femjuvDROITE_(9)_ORIGINAL.jpg;12
556;549;104;MANDRILLS BKB_104_20140708_id104_femjuv_(1)_ORIGINAL.jpg;7
534;549;104;MANDRILLS BKB_104_20140708_id104_femjuv_(2)_ORIGINAL.jpg;15
546;549;104;MANDRILLS BKB_104_20140708_id104_femjuv_(3)_ORIGINAL.jpg;3
1170;1211;104;MANDRILLS BKB_104_20160430_id104_femjuv_(1)_ORIGINAL.jpg;41
1368;1211;104;MANDRILLS BKB_104_20160430_id104_femjuv_(2)_ORIGINAL.jpg;157
1434;1378;104;MANDRILLS BKB_104_20161014_id104_femjuv_ORIGINAL.jpg;56
1626;1585;104;MANDRILLS BKB_104_20170509_id104_femadu_(1)_ORIGINAL.jpg;41
1926;1585;104;MANDRILLS BKB_104_20170509_id104_femadu_(10)_ORIGINAL.jpg;341
1880;1585;104;MANDRILLS BKB_104_20170509_id104_femadu_(11)_ORIGINAL.jpg;295
1734;1585;104;MANDRILLS BKB_104_20170509_id104_femadu_(12)_ORIGINAL.jpg;149
1835;1585;104;MANDRILLS BKB_104_20170509_id104_femadu_(13)_ORIGINAL.jpg;250
2613;1585;104;MANDRILLS BKB_104_20170509_id104_femadu_(14)_ORIGINAL.jpg;1028
3477;1585;104;MANDRILLS BKB_104_20170509_id104_femadu_(15)_ORIGINAL.jpg;1892
1970;1585;104;MANDRILLS BKB_104_20170509_id104_femadu_(16)_ORIGINAL.jpg;385
1703;1585;104;MANDRILLS BKB_104_20170509_id104_femadu_(17)_ORIGINAL.jpg;118
1700;1585;104;MANDRILLS BKB_104_20170509_id104_femadu_(18)_ORIGINAL.jpg;115
1661;1585;104;MANDRILLS BKB_104_20170509_id104_femadu_(19)_ORIGINAL.jpg;76
4684;1585;104;MANDRILLS BKB_104_20170509_id104_femadu_(2)_ORIGINAL.jpg;3099
1625;1585;104;MANDRILLS BKB_104_20170509_id104_femadu_(20)_ORIGINAL.jpg;40
1703;1585;104;MANDRILLS BKB_104_20170509_id104_femadu_(21)_ORIGINAL.jpg;118
1644;1585;104;MANDRILLS BKB_104_20170509_id104_femadu_(22)_ORIGINAL.jpg;59
1875;1585;104;MANDRILLS BKB_104_20170509_id104_femadu_(23)_ORIGINAL.jpg;290
1819;1585;104;MANDRILLS BKB_104_20170509_id104_femadu_(24)_ORIGINAL.jpg;234
1736;1585;104;MANDRILLS BKB_104_20170509_id104_femadu_(25)_ORIGINAL.jpg;151
2090;1585;104;MANDRILLS BKB_104_20170509_id104_femadu_(26)_ORIGINAL.jpg;505
1906;1585;104;MANDRILLS BKB_104_20170509_id104_femadu_(27)_ORIGINAL.jpg;321
1794;1585;104;MANDRILLS BKB_104_20170509_id104_femadu_(28)_ORIGINAL.jpg;209
1698;1585;104;MANDRILLS BKB_104_20170509_id104_femadu_(3)_ORIGINAL.jpg;113
2078;1585;104;MANDRILLS BKB_104_20170509_id104_femadu_(4)_ORIGINAL.jpg;493
1733;1585;104;MANDRILLS BKB_104_20170509_id104_femadu_(5)_ORIGINAL.jpg;148
1917;1585;104;MANDRILLS BKB_104_20170509_id104_femadu_(6)_ORIGINAL.jpg;332
1737;1585;104;MANDRILLS BKB_104_20170509_id104_femadu_(7)_ORIGINAL.jpg;152
2097;1585;104;MANDRILLS BKB_104_20170509_id104_femadu_(8)_ORIGINAL.jpg;512
1580;1585;104;MANDRILLS BKB_104_20170509_id104_femadu_(9)_ORIGINAL.jpg;5
1706;1588;104;MANDRILLS BKB_104_20170512_id104_femadu_(1)_ORIGINAL.jpg;118
1736;1588;104;MANDRILLS BKB_104_20170512_id104_femadu_(10)_ORIGINAL.jpg;148
1778;1588;104;MANDRILLS BKB_104_20170512_id104_femadu_(11)_ORIGINAL.jpg;190
1567;1588;104;MANDRILLS BKB_104_20170512_id104_femadu_(12)_ORIGINAL.jpg;21
1664;1588;104;MANDRILLS BKB_104_20170512_id104_femadu_(13)_ORIGINAL.jpg;76
1543;1588;104;MANDRILLS BKB_104_20170512_id104_femadu_(14)_ORIGINAL.jpg;45
1699;1588;104;MANDRILLS BKB_104_20170512_id104_femadu_(15)_ORIGINAL.jpg;111
1651;1588;104;MANDRILLS BKB_104_20170512_id104_femadu_(16)_ORIGINAL.jpg;63
1710;1588;104;MANDRILLS BKB_104_20170512_id104_femadu_(17)_ORIGINAL.jpg;122
1735;1588;104;MANDRILLS BKB_104_20170512_id104_femadu_(18)_ORIGINAL.jpg;147
1629;1588;104;MANDRILLS BKB_104_20170512_id104_femadu_(19)_ORIGINAL.jpg;41
1570;1588;104;MANDRILLS BKB_104_20170512_id104_femadu_(20)_ORIGINAL.jpg;18
1724;1588;104;MANDRILLS BKB_104_20170512_id104_femadu_(21)_ORIGINAL.jpg;136
1623;1588;104;MANDRILLS BKB_104_20170512_id104_femadu_(22)_ORIGINAL.jpg;35
1747;1588;104;MANDRILLS BKB_104_20170512_id104_femadu_(23)_ORIGINAL.jpg;159
1546;1588;104;MANDRILLS BKB_104_20170512_id104_femadu_(24)_ORIGINAL.jpg;42
1595;1588;104;MANDRILLS BKB_104_20170512_id104_femadu_(25)_ORIGINAL.jpg;7
1636;1588;104;MANDRILLS BKB_104_20170512_id104_femadu_(26)_ORIGINAL.jpg;48
1655;1588;104;MANDRILLS BKB_104_20170512_id104_femadu_(27)_ORIGINAL.jpg;67
1673;1588;104;MANDRILLS BKB_104_20170512_id104_femadu_(28)_ORIGINAL.jpg;85
1708;1588;104;MANDRILLS BKB_104_20170512_id104_femadu_(29)_ORIGINAL.jpg;120
1762;1588;104;MANDRILLS BKB_104_20170512_id104_femadu_(30)_ORIGINAL.jpg;174
1715;1588;104;MANDRILLS BKB_104_20170512_id104_femadu_(31)_ORIGINAL.jpg;127
1673;1588;104;MANDRILLS BKB_104_20170512_id104_femadu_(32)_ORIGINAL.jpg;85
1674;1588;104;MANDRILLS BKB_104_20170512_id104_femadu_(33)_ORIGINAL.jpg;86
1649;1588;104;MANDRILLS BKB_104_20170512_id104_femadu_(34)_ORIGINAL.jpg;61
1633;1588;104;MANDRILLS BKB_104_20170512_id104_femadu_(35)_ORIGINAL.jpg;45
1634;1588;104;MANDRILLS BKB_104_20170512_id104_femadu_(36)_ORIGINAL.jpg;46
1615;1588;104;MANDRILLS BKB_104_20170512_id104_femadu_(37)_ORIGINAL.jpg;27
1704;1588;104;MANDRILLS BKB_104_20170512_id104_femadu_(38)_ORIGINAL.jpg;116
1648;1588;104;MANDRILLS BKB_104_20170512_id104_femadu_(39)_ORIGINAL.jpg;60
1622;1588;104;MANDRILLS BKB_104_20170512_id104_femadu_(40)_ORIGINAL.jpg;34
1686;1588;104;MANDRILLS BKB_104_20170512_id104_femadu_(41)_ORIGINAL.jpg;98
1757;1588;104;MANDRILLS BKB_104_20170512_id104_femadu_(42)_ORIGINAL.jpg;169
1748;1588;104;MANDRILLS BKB_104_20170512_id104_femadu_(43)_ORIGINAL.jpg;160
1800;1588;104;MANDRILLS BKB_104_20170512_id104_femadu_(44)_ORIGINAL.jpg;212
1743;1588;104;MANDRILLS BKB_104_20170512_id104_femadu_(45)_ORIGINAL.jpg;155
1840;1588;104;MANDRILLS BKB_104_20170512_id104_femadu_(46)_ORIGINAL.jpg;252
1771;1588;104;MANDRILLS BKB_104_20170512_id104_femadu_(47)_ORIGINAL.jpg;183
1821;1588;104;MANDRILLS BKB_104_20170512_id104_femadu_(48)_ORIGINAL.jpg;233
1736;1588;104;MANDRILLS BKB_104_20170512_id104_femadu_(49)_ORIGINAL.jpg;148
1689;1588;104;MANDRILLS BKB_104_20170512_id104_femadu_(50)_ORIGINAL.jpg;101
1568;1588;104;MANDRILLS BKB_104_20170512_id104_femadu_(51)_ORIGINAL.jpg;20
1783;1588;104;MANDRILLS BKB_104_20170512_id104_femadu_(52)_ORIGINAL.jpg;195
1804;1588;104;MANDRILLS BKB_104_20170512_id104_femadu_(53)_ORIGINAL.jpg;216
1894;1588;104;MANDRILLS BKB_104_20170512_id104_femadu_(54)_ORIGINAL.jpg;306
1758;1588;104;MANDRILLS BKB_104_20170512_id104_femadu_(55)_ORIGINAL.jpg;170
2004;1588;104;MANDRILLS BKB_104_20170512_id104_femadu_(57)_ORIGINAL.jpg;416
1662;1588;104;MANDRILLS BKB_104_20170512_id104_femadu_(58)_ORIGINAL.jpg;74
1888;1588;104;MANDRILLS BKB_104_20170512_id104_femadu_(59)_ORIGINAL.jpg;300
1773;1588;104;MANDRILLS BKB_104_20170512_id104_femadu_(6)_ORIGINAL.jpg;185
1568;1588;104;MANDRILLS BKB_104_20170512_id104_femadu_(60)_ORIGINAL.jpg;20
1678;1588;104;MANDRILLS BKB_104_20170512_id104_femadu_(61)_ORIGINAL.jpg;90
1778;1588;104;MANDRILLS BKB_104_20170512_id104_femadu_(7)_ORIGINAL.jpg;190
1748;1588;104;MANDRILLS BKB_104_20170512_id104_femadu_(8)_ORIGINAL.jpg;160
1653;1588;104;MANDRILLS BKB_104_20170512_id104_femadu_(9)_ORIGINAL.jpg;65
1765;2009;104;MANDRILLS BKB_104_20180707_id104_femadu_(1)_ORIGINAL.jpg;244
1664;2009;104;MANDRILLS BKB_104_20180707_id104_femadu_(10)_ORIGINAL.jpg;345
1820;2009;104;MANDRILLS BKB_104_20180707_id104_femadu_(11)_ORIGINAL.jpg;189
1868;2009;104;MANDRILLS BKB_104_20180707_id104_femadu_(12)_ORIGINAL.jpg;141
1795;2009;104;MANDRILLS BKB_104_20180707_id104_femadu_(15)_ORIGINAL.jpg;214
1806;2009;104;MANDRILLS BKB_104_20180707_id104_femadu_(17)_ORIGINAL.jpg;203
1887;2009;104;MANDRILLS BKB_104_20180707_id104_femadu_(2)_ORIGINAL.jpg;122
1742;2009;104;MANDRILLS BKB_104_20180707_id104_femadu_(21)_ORIGINAL.jpg;267
1812;2009;104;MANDRILLS BKB_104_20180707_id104_femadu_(22)_ORIGINAL.jpg;197
1750;2009;104;MANDRILLS BKB_104_20180707_id104_femadu_(23)_ORIGINAL.jpg;259
1780;2009;104;MANDRILLS BKB_104_20180707_id104_femadu_(24)_ORIGINAL.jpg;229
1726;2009;104;MANDRILLS BKB_104_20180707_id104_femadu_(25)_ORIGINAL.jpg;283
1776;2009;104;MANDRILLS BKB_104_20180707_id104_femadu_(26)_ORIGINAL.jpg;233
1911;2009;104;MANDRILLS BKB_104_20180707_id104_femadu_(27)_ORIGINAL.jpg;98
1681;2009;104;MANDRILLS BKB_104_20180707_id104_femadu_(28)_ORIGINAL.jpg;328
1844;2009;104;MANDRILLS BKB_104_20180707_id104_femadu_(29)_ORIGINAL.jpg;165
1840;2009;104;MANDRILLS BKB_104_20180707_id104_femadu_(3)_ORIGINAL.jpg;169
1642;2009;104;MANDRILLS BKB_104_20180707_id104_femadu_(30)_ORIGINAL.jpg;367
1813;2009;104;MANDRILLS BKB_104_20180707_id104_femadu_(4)_ORIGINAL.jpg;196
1964;2009;104;MANDRILLS BKB_104_20180707_id104_femadu_(5)_ORIGINAL.jpg;45
1759;2009;104;MANDRILLS BKB_104_20180707_id104_femadu_(6)_ORIGINAL.jpg;250
1717;2009;104;MANDRILLS BKB_104_20180707_id104_femadu_(8)_ORIGINAL.jpg;292
1677;2021;104;MANDRILLS BKB_104_20180719_id104_femadu_(1)_ORIGINAL.jpg;344
1791;2021;104;MANDRILLS BKB_104_20180719_id104_femadu_(10)_ORIGINAL.jpg;230
1670;2021;104;MANDRILLS BKB_104_20180719_id104_femadu_(11)_ORIGINAL.jpg;351
1699;2021;104;MANDRILLS BKB_104_20180719_id104_femadu_(12)_ORIGINAL.jpg;322
1751;2021;104;MANDRILLS BKB_104_20180719_id104_femadu_(13)_ORIGINAL.jpg;270
1643;2021;104;MANDRILLS BKB_104_20180719_id104_femadu_(14)_ORIGINAL.jpg;378
1524;2021;104;MANDRILLS BKB_104_20180719_id104_femadu_(15)_ORIGINAL.jpg;497
1985;2021;104;MANDRILLS BKB_104_20180719_id104_femadu_(2)_ORIGINAL.jpg;36
1976;2021;104;MANDRILLS BKB_104_20180719_id104_femadu_(3)_ORIGINAL.jpg;45
1846;2021;104;MANDRILLS BKB_104_20180719_id104_femadu_(4)_ORIGINAL.jpg;175
1796;2021;104;MANDRILLS BKB_104_20180719_id104_femadu_(5)_ORIGINAL.jpg;225
1854;2021;104;MANDRILLS BKB_104_20180719_id104_femadu_(6)_ORIGINAL.jpg;167
1946;2021;104;MANDRILLS BKB_104_20180719_id104_femadu_(7)_ORIGINAL.jpg;75
1694;2021;104;MANDRILLS BKB_104_20180719_id104_femadu_(8)_ORIGINAL.jpg;327
1798;2021;104;MANDRILLS BKB_104_20180719_id104_femadu_(9)_ORIGINAL.jpg;223
1740;2032;104;MANDRILLS BKB_104_20180730_id104_femadu_(1)_ORIGINAL.jpg;292
1680;2032;104;MANDRILLS BKB_104_20180730_id104_femadu_(2)_ORIGINAL.jpg;352
1942;2032;104;MANDRILLS BKB_104_20180730_id104_femadu_(3)_ORIGINAL.jpg;90
1913;2032;104;MANDRILLS BKB_104_20180730_id104_femadu_(4)_ORIGINAL.jpg;119
1724;2032;104;MANDRILLS BKB_104_20180730_id104_femadu_(5)_ORIGINAL.jpg;308
1876;2032;104;MANDRILLS BKB_104_20180730_id104_femadu_(6)_ORIGINAL.jpg;156
1838;2032;104;MANDRILLS BKB_104_20180730_id104_femadu_(8)_ORIGINAL.jpg;194
1928;2227;104;MANDRILLS BKB_104_20190210_id104_femadu_(1)_ORIGINAL.jpg;299
1895;2227;104;MANDRILLS BKB_104_20190210_id104_femadu_(11)_ORIGINAL.jpg;332
1976;2227;104;MANDRILLS BKB_104_20190210_id104_femadu_(12)_ORIGINAL.jpg;251
2204;2227;104;MANDRILLS BKB_104_20190210_id104_femadu_(13)_ORIGINAL.jpg;23
2012;2227;104;MANDRILLS BKB_104_20190210_id104_femadu_(14)_ORIGINAL.jpg;215
1876;2227;104;MANDRILLS BKB_104_20190210_id104_femadu_(15)_ORIGINAL.jpg;351
2091;2227;104;MANDRILLS BKB_104_20190210_id104_femadu_(17)_ORIGINAL.jpg;136
2164;2227;104;MANDRILLS BKB_104_20190210_id104_femadu_(3)_ORIGINAL.jpg;63
2036;2227;104;MANDRILLS BKB_104_20190210_id104_femadu_(5)_ORIGINAL.jpg;191
2166;2227;104;MANDRILLS BKB_104_20190210_id104_femadu_(7)_ORIGINAL.jpg;61
2002;2227;104;MANDRILLS BKB_104_20190210_id104_femadu_(9)_ORIGINAL.jpg;225
2078;2257;104;MANDRILLS BKB_104_20190312_id104_femadu.jpg;179
2191;2262;104;MANDRILLS BKB_104_20190317_id104_femadu.jpg;71
1828;2262;104;MANDRILLS BKB_104_20190317_id104_femadu_HAUT_(1).jpg;434
2162;2264;104;MANDRILLS BKB_104_20190319_id104_femadu_(1).jpg;102
2063;2306;104;MANDRILLS BKB_104_20190430_id104_femadu_(2).jpg;243
2377;2306;104;MANDRILLS BKB_104_20190430_id104_femadu_(3).jpg;71
2300;2306;104;MANDRILLS BKB_104_20190430_id104_femadu_(4).jpg;6
2090;2306;104;MANDRILLS BKB_104_20190430_id104_femadu_(5).jpg;216
2265;2306;104;MANDRILLS BKB_104_20190430_id104_femadu_(6).jpg;41
2460;2396;104;MANDRILLS BKB_104_20190729_id104_femadu_(1).jpg;64
2019;2396;104;MANDRILLS BKB_104_20190729_id104_femadu_(5).jpg;377
2478;2396;104;MANDRILLS BKB_104_20190729_id104_femadu_(7).jpg;82
2230;2408;104;MANDRILLS BKB_104_20190810_id104_femadu_(1).jpg;178
1963;2455;104;MANDRILLS BKB_104_20190926_id104_femadu_(1).jpg;492
2130;2455;104;MANDRILLS BKB_104_20190926_id104_femadu_(2).jpg;325
2291;2487;104;MANDRILLS BKB_104_20191028_id104_femadu_(1).jpg;196
2369;2487;104;MANDRILLS BKB_104_20191028_id104_femadu_(2).jpg;118
2219;2535;104;MANDRILLS BKB_104_20191215_id104_femadu_(1).jpg;316
1803;2551;104;MANDRILLS BKB_104_20191231_id104_femadu_(1).jpg;748
2112;2551;104;MANDRILLS BKB_104_20191231_id104_femadu_(2).jpg;439
5410;2847;104;MANDRILLS BKB_104_20201022_id104_femadu_(1).jpg;2563
2143;2847;104;MANDRILLS BKB_104_20201022_id104_femadu_(3).jpg;704
2055;2863;104;MANDRILLS BKB_104_20201107_id104_femadu.jpg;808
2093;2902;104;MANDRILLS BKB_104_20201216_id104_femadu_(1).jpg;809
2482;2902;104;MANDRILLS BKB_104_20201216_id104_femadu_(2).jpg;420
2346;2902;104;MANDRILLS BKB_104_20201216_id104_femadu_(3).jpg;556
5695;2908;104;MANDRILLS BKB_104_20201222_id104_femadu.jpg;2787
2602;2946;104;MANDRILLS BKB_104_20210129_id104_femadu_(1).jpg;344
1933;2946;104;MANDRILLS BKB_104_20210129_id104_femadu_(3).jpg;1013
2042;2946;104;MANDRILLS BKB_104_20210129_id104_femadu_(4).jpg;904
2366;2974;104;MANDRILLS BKB_104_20210226_id104_femadu_(1).jpg;608
5959;2974;104;MANDRILLS BKB_104_20210226_id104_femadu_(2).jpg;2985
2054;2977;104;MANDRILLS BKB_104_20210301_id104_femadu_(1).jpg;923
1922;2977;104;MANDRILLS BKB_104_20210301_id104_femadu_(2).jpg;1055
2063;2977;104;MANDRILLS BKB_104_20210301_id104_femadu_(3).jpg;914
5982;3009;104;MANDRILLS BKB_104_20210402_id104_femadu_(1).jpg;2973
2209;3009;104;MANDRILLS BKB_104_20210402_id104_femadu_(2).jpg;800
2986;3009;104;MANDRILLS BKB_104_20210402_id104_femadu_(3).jpg;23
5632;3009;104;MANDRILLS BKB_104_20210402_id104_femadu_(4).jpg;2623
2874;3017;104;MANDRILLS BKB_104_20210410_id104_femadu_(1).jpg;143
2386;3017;104;MANDRILLS BKB_104_20210410_id104_femadu_(2).jpg;631
2209;3017;104;MANDRILLS BKB_104_20210410_id104_femadu_(3).jpg;808
2125;3017;104;MANDRILLS BKB_104_20210410_id104_femadu_(4).jpg;892
2531;3090;104;MANDRILLS BKB_104_20210622_id104_femadu_(1).jpg;559
3124;3090;104;MANDRILLS BKB_104_20210622_id104_femadu_(2).jpg;34
2555;3164;104;MANDRILLS BKB_104_20210904_id104_femadu.jpg;609
6000;3172;104;MANDRILLS BKB_104_20210912_id104_femadu.jpg;2828
1695;3196;104;MANDRILLS BKB_104_20211006_id104_femadu_(1).jpg;1501
2345;3196;104;MANDRILLS BKB_104_20211006_id104_femadu_(2).jpg;851
3635;3197;104;MANDRILLS BKB_104_20211007_id104_femadu_(1).jpg;438
2310;3197;104;MANDRILLS BKB_104_20211007_id104_femadu_(2).jpg;887
2218;3212;104;MANDRILLS BKB_104_20211022_id104_femadu.jpg;994
2413;3219;104;MANDRILLS BKB_104_20211029_id104_femadu_(1).jpg;806
2477;3219;104;MANDRILLS BKB_104_20211029_id104_femadu_(2).jpg;742
3007;3232;104;MANDRILLS BKB_104_20211111_id104_femadu.jpg;225
3081;3240;104;MANDRILLS BKB_104_20211119_id104_femadu_(1).jpg;159
2713;3240;104;MANDRILLS BKB_104_20211119_id104_femadu_(2).jpg;527
2610;3247;104;MANDRILLS BKB_104_20211126_id104_femadu.jpg;637
5231;3261;104;MANDRILLS BKB_104_20211210_id104_femadu_(1).jpg;1970
3000;3261;104;MANDRILLS BKB_104_20211210_id104_femadu_(2).jpg;261
3062;3270;104;MANDRILLS BKB_104_20211219_id104_femadu.jpg;208
2864;3271;104;MANDRILLS BKB_104_20211220_id104_femadu.jpg;407
2264;3314;104;MANDRILLS BKB_104_20220201_id104_femadu (1).jpg;1050
2487;3314;104;MANDRILLS BKB_104_20220201_id104_femadu (2).jpg;827
2220;3321;104;MANDRILLS BKB_104_20220208_id104_femadu.jpg;1101
2365;3324;104;MANDRILLS BKB_104_20220211_id104_femadu (1).jpg;959
3282;3324;104;MANDRILLS BKB_104_20220211_id104_femadu (2).jpg;42
3321;3336;104;MANDRILLS BKB_104_20220223_id104_femadu (1).jpg;15
3465;3336;104;MANDRILLS BKB_104_20220223_id104_femadu (2).jpg;129
2798;3336;104;MANDRILLS BKB_104_20220223_id104_femadu (3).jpg;538
2528;3339;104;MANDRILLS BKB_104_20220226_id104_femadu (1).jpg;811
2808;3339;104;MANDRILLS BKB_104_20220226_id104_femadu (2).jpg;531
5734;3350;104;MANDRILLS BKB_104_20220309_id104_femadu (1).jpg;2384
2907;3350;104;MANDRILLS BKB_104_20220309_id104_femadu (2).jpg;443
2271;3367;104;MANDRILLS BKB_104_20220326_id104_femadu.jpg;1096
2182;3398;104;MANDRILLS BKB_104_20220426_id104_femadu (1).jpg;1216
6502;3406;104;MANDRILLS BKB_104_20220504_id104_femadu (2).jpg;3096
2420;3406;104;MANDRILLS BKB_104_20220504_id104_femadu.jpg;986
2542;3427;104;MANDRILLS BKB_104_20220525_id104_femadu.jpg;885
2235;3431;104;MANDRILLS BKB_104_20220529_id104_femadu.jpg;1196
3253;3455;104;MANDRILLS BKB_104_20220622_id104_femadu.jpg;202
2916;3462;104;MANDRILLS BKB_104_20220629_id104 (1).jpg;546
2455;3462;104;MANDRILLS BKB_104_20220629_id104 (2).jpg;1007
3454;3464;104;MANDRILLS BKB_104_20220701_id104 (2).jpg;10
2535;3464;104;MANDRILLS BKB_104_20220701_id104 (3).jpg;929
6893;3464;104;MANDRILLS BKB_104_20220701_id104 (5).jpg;3429
2545;3464;104;MANDRILLS BKB_104_20220701_id104.jpg;919
2591;3472;104;MANDRILLS BKB_104_20220709_id104.jpg;881
2676;3474;104;MANDRILLS BKB_104_20220711_id104.jpg;798
2770;3475;104;MANDRILLS BKB_104_20220712_id104.jpg;705
2558;3477;104;MANDRILLS BKB_104_20220714_id104_femadu.jpg;919
2831;3479;104;MANDRILLS BKB_104_20220716_id104 (2).jpg;648
2854;3479;104;MANDRILLS BKB_104_20220716_id104 (3).jpg;625
3269;3479;104;MANDRILLS BKB_104_20220716_id104.jpg;210
4009;3480;104;MANDRILLS BKB_104_20220717_id104.jpg;529
2560;3484;104;MANDRILLS BKB_104_20220721_id104 (2).jpg;924
3090;3484;104;MANDRILLS BKB_104_20220721_id104 (3).jpg;394
2677;3484;104;MANDRILLS BKB_104_20220721_id104.jpg;807
2881;3492;104;MANDRILLS BKB_104_20220729_id104.jpg;611
2873;3506;104;MANDRILLS BKB_104_20220812_id104 (1).jpg;633
2762;3506;104;MANDRILLS BKB_104_20220812_id104 (2).jpg;744
4259;3512;104;MANDRILLS BKB_104_20220818_id104.jpg;747
2906;3520;104;MANDRILLS BKB_104_20220826_id104.jpg;614
6335;3529;104;MANDRILLS BKB_104_20220904_id104 (1).jpg;2806
2572;3529;104;MANDRILLS BKB_104_20220904_id104 (2).jpg;957
2598;3530;104;MANDRILLS BKB_104_20220905_id104 (1).jpg;932
2309;3530;104;MANDRILLS BKB_104_20220905_id104 (2).jpg;1221
6551;3536;104;MANDRILLS BKB_104_20220911_id104.jpg;3015
3550;3539;104;MANDRILLS BKB_104_20220914_id104.jpg;11
2472;3560;104;MANDRILLS BKB_104_20221005_id104 (1).jpg;1088
2237;3560;104;MANDRILLS BKB_104_20221005_id104 (2).jpg;1323
3590;3577;104;MANDRILLS BKB_104_20221022_id104.jpg;13
2787;3582;104;MANDRILLS BKB_104_20221027_id104.jpg;795
2598;3588;104;MANDRILLS BKB_104_20221102_id104.jpg;990
2609;3616;104;MANDRILLS BKB_104_20221130_id104.jpg;1007
2652;3626;104;MANDRILLS BKB_104_20221210_id104.jpg;974
2683;3634;104;MANDRILLS BKB_104_20221218_id104 (2).jpg;951
2691;3634;104;MANDRILLS BKB_104_20221218_id104 (3).jpg;943
1924;3634;104;MANDRILLS BKB_104_20221218_id104.jpg;1710
6669;3637;104;MANDRILLS BKB_104_20221221_id104.jpg;3032
2998;3061;14;MANDRILLS BKB_14_20120403_id14_femaduDERRIERE_(1)_ORIGINAL.jpg;63
3159;3061;14;MANDRILLS BKB_14_20120403_id14_femaduDERRIERE_(2)_ORIGINAL.jpg;98
3465;3061;14;MANDRILLS BKB_14_20120403_id14_femaduDERRIERE_(3)_ORIGINAL.jpg;404
2871;3061;14;MANDRILLS BKB_14_20120403_id14_femaduDERRIERE_(4)_ORIGINAL.jpg;190
3393;3061;14;MANDRILLS BKB_14_20120403_id14_femaduDERRIERE_(5)_ORIGINAL.jpg;332
2604;3077;14;MANDRILLS BKB_14_20120419_id14_femadu_(1)_ORIGINAL.jpg;473
4334;3077;14;MANDRILLS BKB_14_20120419_id14_femadu_(2)_ORIGINAL.jpg;1257
2964;3077;14;MANDRILLS BKB_14_20120419_id14_femadu_(3)_ORIGINAL.jpg;113
2722;3077;14;MANDRILLS BKB_14_20120419_id14_femadu_(4)_ORIGINAL.jpg;355
2550;3077;14;MANDRILLS BKB_14_20120419_id14_femadu_(5)_ORIGINAL.jpg;527
2793;3077;14;MANDRILLS BKB_14_20120419_id14_femadu_(6)_ORIGINAL.jpg;284
2707;3077;14;MANDRILLS BKB_14_20120419_id14_femadu_(7)_ORIGINAL.jpg;370
6485;5346;14;MANDRILLS BKB_14_20180706_id14_femadu_(2)_ORIGINAL.jpg;1139
6203;5356;14;MANDRILLS BKB_14_20180716_id14_femadu_(1)_ORIGINAL.jpg;847
3188;5356;14;MANDRILLS BKB_14_20180716_id14_femadu_(2)_ORIGINAL.jpg;2168
2727;5356;14;MANDRILLS BKB_14_20180716_id14_femadu_(8)_ORIGINAL.jpg;2629
6969;5358;14;MANDRILLS BKB_14_20180718_id14_femadu_(1)_ORIGINAL.jpg;1611
6524;5358;14;MANDRILLS BKB_14_20180718_id14_femadu_(10)_ORIGINAL.jpg;1166
6596;5358;14;MANDRILLS BKB_14_20180718_id14_femadu_(3)_ORIGINAL.jpg;1238
6311;5358;14;MANDRILLS BKB_14_20180718_id14_femadu_(5)_ORIGINAL.jpg;953
6882;5358;14;MANDRILLS BKB_14_20180718_id14_femadu_(7)_ORIGINAL.jpg;1524
6490;5358;14;MANDRILLS BKB_14_20180718_id14_femadu_(8)_ORIGINAL.jpg;1132
6710;5358;14;MANDRILLS BKB_14_20180718_id14_femadu_(9)_ORIGINAL.jpg;1352
6411;5370;14;MANDRILLS BKB_14_20180730_id14_femaduMINI_(1)_ORIGINAL.jpg;1041
6328;5370;14;MANDRILLS BKB_14_20180730_id14_femaduMINI_(2)_ORIGINAL.jpg;958
6360;5370;14;MANDRILLS BKB_14_20180730_id14_femadu_(3)_ORIGINAL.jpg;990
6399;5370;14;MANDRILLS BKB_14_20180730_id14_femadu_(4)_ORIGINAL.jpg;1029
6251;5372;14;MANDRILLS BKB_14_20180801_id14_femaduDERRIERE_(1)_ORIGINAL.jpg;879
6206;5372;14;MANDRILLS BKB_14_20180801_id14_femaduDERRIERE_(2)_ORIGINAL.jpg;834
6361;5372;14;MANDRILLS BKB_14_20180801_id14_femaduDERRIERE_(3)_ORIGINAL.jpg;989
6227;5372;14;MANDRILLS BKB_14_20180801_id14_femaduDERRIERE_(4)_ORIGINAL.jpg;855
6476;5372;14;MANDRILLS BKB_14_20180801_id14_femaduDERRIERE_(6)_ORIGINAL.jpg;1104
6363;5372;14;MANDRILLS BKB_14_20180801_id14_femaduDERRIERE_(7)_ORIGINAL.jpg;991
6427;5372;14;MANDRILLS BKB_14_20180801_id14_femadu_(1)_ORIGINAL.jpg;1055
6275;5372;14;MANDRILLS BKB_14_20180801_id14_femadu_(10)_ORIGINAL.jpg;903
6320;5372;14;MANDRILLS BKB_14_20180801_id14_femadu_(11)_ORIGINAL.jpg;948
6457;5372;14;MANDRILLS BKB_14_20180801_id14_femadu_(12)_ORIGINAL.jpg;1085
6137;5372;14;MANDRILLS BKB_14_20180801_id14_femadu_(13)_ORIGINAL.jpg;765
6876;5622;14;MANDRILLS BKB_14_20190408_id14_femadu.jpg;1254
6903;5773;14;MANDRILLS BKB_14_20190906_id14_femadu_DROITE.jpg;1130
7145;5904;14;MANDRILLS BKB_14_20200115_id14_femadu.jpg;1241
7308;5961;14;MANDRILLS BKB_14_20200312_id14_femadu_(1).jpg;1347
6439;5961;14;MANDRILLS BKB_14_20200312_id14_femadu_(2).jpg;478
6967;5969;14;MANDRILLS BKB_14_20200320_id14_femadu.jpg;998
6642;6245;14;MANDRILLS BKB_14_20201221_id14_femadu_(1).jpg;397
6932;6245;14;MANDRILLS BKB_14_20201221_id14_femadu_(2).jpg;687
7152;6259;14;MANDRILLS BKB_14_20210104_id14_femadu.jpg;893
6832;6284;14;MANDRILLS BKB_14_20210129_id14_femadu.jpg;548
7178;6517;14;MANDRILLS BKB_14_20210919_id14_femadu (1).jpg;661
6835;6517;14;MANDRILLS BKB_14_20210919_id14_femadu (2).jpg;318
6968;6544;14;MANDRILLS BKB_14_20211016_id14_femadu_(1).jpg;424
7675;6544;14;MANDRILLS BKB_14_20211016_id14_femadu_(2).jpg;1131
6816;6545;14;MANDRILLS BKB_14_20211017_id14_femadu.jpg;271
6976;6548;14;MANDRILLS BKB_14_20211020_id14_femadu_(1).jpg;428
6017;6548;14;MANDRILLS BKB_14_20211020_id14_femadu_(3).jpg;531
7231;6548;14;MANDRILLS BKB_14_20211020_id14_femadu_(4).jpg;683
7849;6578;14;MANDRILLS BKB_14_20211119_id14_femadu.jpg;1271
7458;6585;14;MANDRILLS BKB_14_20211126_id14_femadu.jpg;873
7424;6593;14;MANDRILLS BKB_14_20211204_id14_femadu.jpg;831
7908;6615;14;MANDRILLS BKB_14_20211226_id14_femadu.jpg;1293
4560;6705;14;MANDRILLS BKB_14_20220326_id14_femadu (1).jpg;2145
6908;6705;14;MANDRILLS BKB_14_20220326_id14_femadu (2).jpg;203
3512;6705;14;MANDRILLS BKB_14_20220326_id14_femadu (3).jpg;3193
7055;6705;14;MANDRILLS BKB_14_20220326_id14_femadu (4).jpg;350
3210;6705;14;MANDRILLS BKB_14_20220326_id14_femadu (5).jpg;3495
3202;6749;14;MANDRILLS BKB_14_20220509_id14_femadu (2).jpg;3547
6077;6749;14;MANDRILLS BKB_14_20220509_id14_femadu.jpg;672
4099;6758;14;MANDRILLS BKB_14_20220518_id14_femadu (1).jpg;2659
3685;6758;14;MANDRILLS BKB_14_20220518_id14_femadu (2).jpg;3073
6470;6775;14;MANDRILLS BKB_14_20220604_id14_femadu (1).jpg;305
3863;6775;14;MANDRILLS BKB_14_20220604_id14_femadu (2).jpg;2912
7673;6775;14;MANDRILLS BKB_14_20220604_id14_femadu (3).jpg;898
7656;6775;14;MANDRILLS BKB_14_20220604_id14_femadu (4).jpg;881
8083;6791;14;MANDRILLS BKB_14_20220620_id14_femadu.jpg;1292
7888;6793;14;MANDRILLS BKB_14_20220622_id14_femadu (2).jpg;1095
3416;6815;14;MANDRILLS BKB_14_20220714_id14_femadu.jpg;3399
7728;6850;14;MANDRILLS BKB_14_20220818_id14 (1).jpg;878
7417;6850;14;MANDRILLS BKB_14_20220818_id14 (2).jpg;567
3394;6858;14;MANDRILLS BKB_14_20220826_id14.jpg;3464
4487;6923;14;MANDRILLS BKB_14_20221030_id14.jpg;2436
7324;6933;14;MANDRILLS BKB_14_20221109_id14.jpg;391
7561;6945;14;MANDRILLS BKB_14_20221121_id14.jpg;616
1756;1932;148;MANDRILLS BKB_148_20180613_id148_malado_(1)_ORIGINAL.jpg;176
1765;1932;148;MANDRILLS BKB_148_20180613_id148_malado_(2)_ORIGINAL.jpg;167
2007;1951;148;MANDRILLS BKB_148_20180702_id148_malado_(1)_ORIGINAL.jpg;56
1720;1951;148;MANDRILLS BKB_148_20180702_id148_malado_(10)_ORIGINAL.jpg;231
1920;1951;148;MANDRILLS BKB_148_20180702_id148_malado_(11)_ORIGINAL.jpg;31
1922;1951;148;MANDRILLS BKB_148_20180702_id148_malado_(12)_ORIGINAL.jpg;29
1929;1951;148;MANDRILLS BKB_148_20180702_id148_malado_(13)_ORIGINAL.jpg;22
1849;1951;148;MANDRILLS BKB_148_20180702_id148_malado_(14)_ORIGINAL.jpg;102
1911;1951;148;MANDRILLS BKB_148_20180702_id148_malado_(15)_ORIGINAL.jpg;40
1915;1951;148;MANDRILLS BKB_148_20180702_id148_malado_(16)_ORIGINAL.jpg;36
2107;1951;148;MANDRILLS BKB_148_20180702_id148_malado_(17)_ORIGINAL.jpg;156
1868;1951;148;MANDRILLS BKB_148_20180702_id148_malado_(2)_ORIGINAL.jpg;83
1828;1951;148;MANDRILLS BKB_148_20180702_id148_malado_(3)_ORIGINAL.jpg;123
1801;1951;148;MANDRILLS BKB_148_20180702_id148_malado_(5)_ORIGINAL.jpg;150
1704;1951;148;MANDRILLS BKB_148_20180702_id148_malado_(6)_ORIGINAL.jpg;247
1856;1951;148;MANDRILLS BKB_148_20180702_id148_malado_(7)_ORIGINAL.jpg;95
1740;1951;148;MANDRILLS BKB_148_20180702_id148_malado_(8)_ORIGINAL.jpg;211
1824;1951;148;MANDRILLS BKB_148_20180702_id148_malado_(9)_ORIGINAL.jpg;127
1816;1960;148;MANDRILLS BKB_148_20180711_id148_malado_(11)_ORIGINAL.jpg;144
1735;1960;148;MANDRILLS BKB_148_20180711_id148_malado_(2)_ORIGINAL.jpg;225
1698;1960;148;MANDRILLS BKB_148_20180711_id148_malado_(3)_ORIGINAL.jpg;262
1689;1960;148;MANDRILLS BKB_148_20180711_id148_malado_(4)_ORIGINAL.jpg;271
1807;1960;148;MANDRILLS BKB_148_20180711_id148_malado_(7)_ORIGINAL.jpg;153
1823;1960;148;MANDRILLS BKB_148_20180711_id148_malado_(8)_ORIGINAL.jpg;137
1827;1981;148;MANDRILLS BKB_148_20180801_id148_malado_(1)_ORIGINAL.jpg;154
1857;1981;148;MANDRILLS BKB_148_20180801_id148_malado_(2)_ORIGINAL.jpg;124
1913;1981;148;MANDRILLS BKB_148_20180801_id148_malado_(3)_ORIGINAL.jpg;68
1872;1981;148;MANDRILLS BKB_148_20180801_id148_malado_(4)_ORIGINAL.jpg;109
1831;1983;148;MANDRILLS BKB_148_20180803_id148_maladoDROITE_(1)_ORIGINAL.jpg;152
2061;1983;148;MANDRILLS BKB_148_20180803_id148_maladoDROITE_(2)_ORIGINAL.jpg;78
2104;1983;148;MANDRILLS BKB_148_20180803_id148_maladoDROITE_(3)_ORIGINAL.jpg;121
1739;1983;148;MANDRILLS BKB_148_20180803_id148_maladoDROITE_(4)_ORIGINAL.jpg;244
2063;1983;148;MANDRILLS BKB_148_20180803_id148_maladoDROITE_(6)_ORIGINAL.jpg;80
1894;1983;148;MANDRILLS BKB_148_20180803_id148_maladoDROITE_(7)_ORIGINAL.jpg;89
2008;1983;148;MANDRILLS BKB_148_20180803_id148_maladoDROITE_(9)_ORIGINAL.jpg;25
1652;1983;148;MANDRILLS BKB_148_20180803_id148_malado_(12)_ORIGINAL.jpg;331
1937;1983;148;MANDRILLS BKB_148_20180803_id148_malado_(13)_ORIGINAL.jpg;46
1935;2108;148;MANDRILLS BKB_148_20181206_id148_malado_(1)_ORIGINAL.jpg;173
1841;2108;148;MANDRILLS BKB_148_20181206_id148_malado_(10)_ORIGINAL.jpg;267
2017;2108;148;MANDRILLS BKB_148_20181206_id148_malado_(11)_ORIGINAL.jpg;91
1868;2108;148;MANDRILLS BKB_148_20181206_id148_malado_(12)_ORIGINAL.jpg;240
1953;2108;148;MANDRILLS BKB_148_20181206_id148_malado_(13)_ORIGINAL.jpg;155
1998;2108;148;MANDRILLS BKB_148_20181206_id148_malado_(14)_ORIGINAL.jpg;110
2084;2108;148;MANDRILLS BKB_148_20181206_id148_malado_(15)_ORIGINAL.jpg;24
1907;2108;148;MANDRILLS BKB_148_20181206_id148_malado_(16)_ORIGINAL.jpg;201
1779;2108;148;MANDRILLS BKB_148_20181206_id148_malado_(17)_ORIGINAL.jpg;329
1919;2108;148;MANDRILLS BKB_148_20181206_id148_malado_(18)_ORIGINAL.jpg;189
1919;2108;148;MANDRILLS BKB_148_20181206_id148_malado_(19)_ORIGINAL.jpg;189
1925;2108;148;MANDRILLS BKB_148_20181206_id148_malado_(2)_ORIGINAL.jpg;183
1765;2108;148;MANDRILLS BKB_148_20181206_id148_malado_(20)_ORIGINAL.jpg;343
1652;2108;148;MANDRILLS BKB_148_20181206_id148_malado_(21)_ORIGINAL.jpg;456
1898;2108;148;MANDRILLS BKB_148_20181206_id148_malado_(22)_ORIGINAL.jpg;210
1847;2108;148;MANDRILLS BKB_148_20181206_id148_malado_(23)_ORIGINAL.jpg;261
1652;2108;148;MANDRILLS BKB_148_20181206_id148_malado_(24)_ORIGINAL.jpg;456
1882;2108;148;MANDRILLS BKB_148_20181206_id148_malado_(25)_ORIGINAL.jpg;226
1856;2108;148;MANDRILLS BKB_148_20181206_id148_malado_(26)_ORIGINAL.jpg;252
1721;2108;148;MANDRILLS BKB_148_20181206_id148_malado_(27)_ORIGINAL.jpg;387
1926;2108;148;MANDRILLS BKB_148_20181206_id148_malado_(28)_ORIGINAL.jpg;182
1653;2108;148;MANDRILLS BKB_148_20181206_id148_malado_(29)_ORIGINAL.jpg;455
2006;2108;148;MANDRILLS BKB_148_20181206_id148_malado_(3)_ORIGINAL.jpg;102
2050;2108;148;MANDRILLS BKB_148_20181206_id148_malado_(30)_ORIGINAL.jpg;58
1997;2108;148;MANDRILLS BKB_148_20181206_id148_malado_(31)_ORIGINAL.jpg;111
1976;2108;148;MANDRILLS BKB_148_20181206_id148_malado_(6)_ORIGINAL.jpg;132
1850;2108;148;MANDRILLS BKB_148_20181206_id148_malado_(7)_ORIGINAL.jpg;258
1958;2108;148;MANDRILLS BKB_148_20181206_id148_malado_(8)_ORIGINAL.jpg;150
1810;2108;148;MANDRILLS BKB_148_20181206_id148_malado_(9)_ORIGINAL.jpg;298
1966;2153;148;MANDRILLS BKB_148_20190120_id148_malado_(1)_ORIGINAL.jpg;187
1976;2153;148;MANDRILLS BKB_148_20190120_id148_malado_(10)_ORIGINAL.jpg;177
2012;2153;148;MANDRILLS BKB_148_20190120_id148_malado_(11)_ORIGINAL.jpg;141
2103;2153;148;MANDRILLS BKB_148_20190120_id148_malado_(12)_ORIGINAL.jpg;50
2106;2153;148;MANDRILLS BKB_148_20190120_id148_malado_(13)_ORIGINAL.jpg;47
1906;2153;148;MANDRILLS BKB_148_20190120_id148_malado_(14)_ORIGINAL.jpg;247
1865;2153;148;MANDRILLS BKB_148_20190120_id148_malado_(15)_ORIGINAL.jpg;288
1931;2153;148;MANDRILLS BKB_148_20190120_id148_malado_(16)_ORIGINAL.jpg;222
1836;2153;148;MANDRILLS BKB_148_20190120_id148_malado_(17)_ORIGINAL.jpg;317
1908;2153;148;MANDRILLS BKB_148_20190120_id148_malado_(18)_ORIGINAL.jpg;245
1784;2153;148;MANDRILLS BKB_148_20190120_id148_malado_(19)_ORIGINAL.jpg;369
1984;2153;148;MANDRILLS BKB_148_20190120_id148_malado_(2)_ORIGINAL.jpg;169
1864;2153;148;MANDRILLS BKB_148_20190120_id148_malado_(20)_ORIGINAL.jpg;289
1898;2153;148;MANDRILLS BKB_148_20190120_id148_malado_(21)_ORIGINAL.jpg;255
1938;2153;148;MANDRILLS BKB_148_20190120_id148_malado_(22)_ORIGINAL.jpg;215
2029;2153;148;MANDRILLS BKB_148_20190120_id148_malado_(23)_ORIGINAL.jpg;124
1937;2153;148;MANDRILLS BKB_148_20190120_id148_malado_(24)_ORIGINAL.jpg;216
1955;2153;148;MANDRILLS BKB_148_20190120_id148_malado_(25)_ORIGINAL.jpg;198
1911;2153;148;MANDRILLS BKB_148_20190120_id148_malado_(26)_ORIGINAL.jpg;242
1877;2153;148;MANDRILLS BKB_148_20190120_id148_malado_(27)_ORIGINAL.jpg;276
2112;2153;148;MANDRILLS BKB_148_20190120_id148_malado_(28)_ORIGINAL.jpg;41
1886;2153;148;MANDRILLS BKB_148_20190120_id148_malado_(29)_ORIGINAL.jpg;267
2048;2153;148;MANDRILLS BKB_148_20190120_id148_malado_(3)_ORIGINAL.jpg;105
1968;2153;148;MANDRILLS BKB_148_20190120_id148_malado_(4)_ORIGINAL.jpg;185
1986;2153;148;MANDRILLS BKB_148_20190120_id148_malado_(5)_ORIGINAL.jpg;167
1934;2153;148;MANDRILLS BKB_148_20190120_id148_malado_(6)_ORIGINAL.jpg;219
1983;2153;148;MANDRILLS BKB_148_20190120_id148_malado_(7)_ORIGINAL.jpg;170
2092;2153;148;MANDRILLS BKB_148_20190120_id148_malado_(8)_ORIGINAL.jpg;61
2098;2153;148;MANDRILLS BKB_148_20190120_id148_malado_(9)_ORIGINAL.jpg;55
1802;2207;148;MANDRILLS BKB_148_20190315_id148_malado_(1).jpg;405
1995;2207;148;MANDRILLS BKB_148_20190315_id148_malado_(2).jpg;212
2191;2282;148;MANDRILLS BKB_148_20190529_id148_malado_(2).jpg;91
2249;2282;148;MANDRILLS BKB_148_20190529_id148_malado_(4).jpg;33
2180;2332;148;MANDRILLS BKB_148_20190718_id148_malado_(1).jpg;152
2226;2332;148;MANDRILLS BKB_148_20190718_id148_malado_(2).jpg;106
2260;2332;148;MANDRILLS BKB_148_20190718_id148_malado_(3).jpg;72
2231;2332;148;MANDRILLS BKB_148_20190718_id148_malado_(4).jpg;101
2168;2332;148;MANDRILLS BKB_148_20190718_id148_malado_(5).jpg;164
2202;2332;148;MANDRILLS BKB_148_20190718_id148_malado_(6).jpg;130
2062;2332;148;MANDRILLS BKB_148_20190718_id148_malado_(7).jpg;270
2148;2332;148;MANDRILLS BKB_148_20190718_id148_malado_(8).jpg;184
2437;2451;148;MANDRILLS BKB_148_20191114_id148_malado.jpg;14
2314;2466;148;MANDRILLS BKB_148_20191129_id148_malado_(1).jpg;152
2304;2466;148;MANDRILLS BKB_148_20191129_id148_malado_(2).jpg;162
2264;2483;148;MANDRILLS BKB_148_20191216_id148_malado.jpg;219
1729;2121;158;MANDRILLS BKB_158_20181221_id158_femadu_HAUT_(1)_ORIGINAL.jpg;392
2058;2121;158;MANDRILLS BKB_158_20181221_id158_femadu_HAUT_(10)_ORIGINAL.jpg;63
1913;2121;158;MANDRILLS BKB_158_20181221_id158_femadu_HAUT_(11)_ORIGINAL.jpg;208
2057;2121;158;MANDRILLS BKB_158_20181221_id158_femadu_HAUT_(12)_ORIGINAL.jpg;64
2027;2121;158;MANDRILLS BKB_158_20181221_id158_femadu_HAUT_(13)_ORIGINAL.jpg;94
1988;2121;158;MANDRILLS BKB_158_20181221_id158_femadu_HAUT_(14)_ORIGINAL.jpg;133
1970;2121;158;MANDRILLS BKB_158_20181221_id158_femadu_HAUT_(18)_ORIGINAL.jpg;151
1951;2121;158;MANDRILLS BKB_158_20181221_id158_femadu_HAUT_(19)_ORIGINAL.jpg;170
1753;2121;158;MANDRILLS BKB_158_20181221_id158_femadu_HAUT_(2)_ORIGINAL.jpg;368
1777;2121;158;MANDRILLS BKB_158_20181221_id158_femadu_HAUT_(20)_ORIGINAL.jpg;344
1795;2121;158;MANDRILLS BKB_158_20181221_id158_femadu_HAUT_(6)_ORIGINAL.jpg;326
1927;2121;158;MANDRILLS BKB_158_20181221_id158_femadu_HAUT_(7)_ORIGINAL.jpg;194
1910;2121;158;MANDRILLS BKB_158_20181221_id158_femadu_HAUT_(8)_ORIGINAL.jpg;211
1976;2121;158;MANDRILLS BKB_158_20181221_id158_femadu_HAUT_(9)_ORIGINAL.jpg;145
2104;2207;158;MANDRILLS BKB_158_20190317_id158_femadu.jpg;103
1808;2281;158;MANDRILLS BKB_158_20190530_id158_femadu.jpg;473
1872;2328;158;MANDRILLS BKB_158_20190716_id158_femadu_(1).jpg;456
2064;2328;158;MANDRILLS BKB_158_20190716_id158_femadu_(2).jpg;264
1660;2378;158;MANDRILLS BKB_158_20190904_id158_femadu_(1).jpg;718
1515;2378;158;MANDRILLS BKB_158_20190904_id158_femadu_(2).jpg;863
1616;2378;158;MANDRILLS BKB_158_20190904_id158_femadu_(3).jpg;762
1507;2378;158;MANDRILLS BKB_158_20190904_id158_femadu_(4).jpg;871
2130;2378;158;MANDRILLS BKB_158_20190904_id158_femadu_(5).jpg;248
1952;2378;158;MANDRILLS BKB_158_20190904_id158_femadu_(6).jpg;426
2328;2623;158;MANDRILLS BKB_158_20200506_id158_femadu.jpg;295
1983;2811;158;MANDRILLS BKB_158_20201110_id158_femadu_(1).jpg;828
2237;2811;158;MANDRILLS BKB_158_20201110_id158_femadu_(2).jpg;574
2385;2844;158;MANDRILLS BKB_158_20201213_id158_femadu_(1).jpg;459
2275;2844;158;MANDRILLS BKB_158_20201213_id158_femadu_(2).jpg;569
2020;2844;158;MANDRILLS BKB_158_20201213_id158_femadu_(3).jpg;824
2051;2852;158;MANDRILLS BKB_158_20201221_id158_femadu_(1).jpg;801
2181;2852;158;MANDRILLS BKB_158_20201221_id158_femadu_(2).jpg;671
2591;2852;158;MANDRILLS BKB_158_20201221_id158_femadu_(3).jpg;261
1502;2852;158;MANDRILLS BKB_158_20201221_id158_femadu_(4).jpg;1350
6299;2861;158;MANDRILLS BKB_158_20201230_id158_femadu_(1).jpg;3438
2959;2861;158;MANDRILLS BKB_158_20201230_id158_femadu_(2).jpg;98
2559;2866;158;MANDRILLS BKB_158_20210104_id158_femadu.jpg;307
2464;2875;158;MANDRILLS BKB_158_20210113_id158_femadu.jpg;411
2421;2910;158;MANDRILLS BKB_158_20210217_id158_femadu_(1).jpg;489
2442;2910;158;MANDRILLS BKB_158_20210217_id158_femadu_(2).jpg;468
2417;2919;158;MANDRILLS BKB_158_20210226_id158_femadu_(1).jpg;502
2406;2919;158;MANDRILLS BKB_158_20210226_id158_femadu_(2).jpg;513
2509;2988;158;MANDRILLS BKB_158_20210506_id158_femadu.jpg;479
2427;3066;158;MANDRILLS BKB_158_20210723_id158_femadu_(2).jpg;639
2391;3066;158;MANDRILLS BKB_158_20210723_id158_femadu_(3).jpg;675
2268;3117;158;MANDRILLS BKB_158_20210912_id158_femadu (1).jpg;849
2362;3117;158;MANDRILLS BKB_158_20210912_id158_femadu (2).jpg;755
2604;3172;158;MANDRILLS BKB_158_20211106_id158_femadu_(1).jpg;568
2704;3172;158;MANDRILLS BKB_158_20211106_id158_femadu_(2).jpg;468
2580;3172;158;MANDRILLS BKB_158_20211106_id158_femadu_(3).jpg;592
2285;3185;158;MANDRILLS BKB_158_20211119_id158_femadu.jpg;900
3192;3200;158;MANDRILLS BKB_158_20211204_ID158_femadu.jpg;8
2754;3209;158;MANDRILLS BKB_158_20211213_id158_femadu.jpg;455
2748;3212;158;MANDRILLS BKB_158_20211216_ID158_femadu_(1).jpg;464
2400;3212;158;MANDRILLS BKB_158_20211216_ID158_femadu_(2).jpg;812
2607;3269;158;MANDRILLS BKB_158_20220211_id158_femadu (1).jpg;662
2933;3295;158;MANDRILLS BKB_158_20220309_id158_femadu (1).jpg;362
3174;3295;158;MANDRILLS BKB_158_20220309_id158_femadu (2).jpg;121
2869;3315;158;MANDRILLS BKB_158_20220329_id158_femadu (1).jpg;446
2900;3315;158;MANDRILLS BKB_158_20220329_id158_femadu (2).jpg;415
2708;3315;158;MANDRILLS BKB_158_20220329_id158_femadu (3).jpg;607
3130;3315;158;MANDRILLS BKB_158_20220329_id158_femadu (4).jpg;185
2330;3341;158;MANDRILLS BKB_158_20220424_id158_femadu.jpg;1011
2464;3344;158;MANDRILLS BKB_158_20220427_id158_femadu (1).jpg;880
2962;3401;158;MANDRILLS BKB_158_20220623_id158_femadu.jpg;439
3053;3409;158;MANDRILLS BKB_158_20220701_id158 (2).jpg;356
2887;3409;158;MANDRILLS BKB_158_20220701_id158 (3).jpg;522
2573;3409;158;MANDRILLS BKB_158_20220701_id158 (4).jpg;836
5219;3424;158;MANDRILLS BKB_158_20220716_id158_femadu.jpg;1795
2749;3426;158;MANDRILLS BKB_158_20220718_id158.jpg;677
2887;3451;158;MANDRILLS BKB_158_20220812_id158 (1).jpg;564
2610;3451;158;MANDRILLS BKB_158_20220812_id158 (2).jpg;841
2964;3451;158;MANDRILLS BKB_158_20220812_id158.jpg;487
3040;3465;158;MANDRILLS BKB_158_20220826_id158 (1).jpg;425
2734;3465;158;MANDRILLS BKB_158_20220826_id158 (2).jpg;731
5848;3475;158;MANDRILLS BKB_158_20220905_id158 (1).jpg;2373
3166;3475;158;MANDRILLS BKB_158_20220905_id158 (2).jpg;309
2832;3475;158;MANDRILLS BKB_158_20220905_id158 (3).jpg;643
2594;3479;158;MANDRILLS BKB_158_20220909_id158.jpg;885
2710;3488;158;MANDRILLS BKB_158_20220918_id158.jpg;778
2839;3505;158;MANDRILLS BKB_158_20221005_id158.jpg;666
2678;3519;158;MANDRILLS BKB_158_20221019_id158 (1).jpg;841
2813;3519;158;MANDRILLS BKB_158_20221019_id158 (2).jpg;706
2817;3521;158;MANDRILLS BKB_158_20221021_id158.jpg;704
2903;3547;158;MANDRILLS BKB_158_20221116_id158.jpg;644
2742;3561;158;MANDRILLS BKB_158_20221130_id158.jpg;819
2638;3579;158;MANDRILLS BKB_158_20221218_id158(1).jpg;941
2398;3579;158;MANDRILLS BKB_158_20221218_id158(2).jpg;1181
1765;1897;162;MANDRILLS BKB_162_20190128_id162_femadu_(1)_ORIGINAL.jpg;132
1615;1897;162;MANDRILLS BKB_162_20190128_id162_femadu_(2)_ORIGINAL.jpg;282
1823;1897;162;MANDRILLS BKB_162_20190128_id162_femadu_(3)_ORIGINAL.jpg;74
1872;1897;162;MANDRILLS BKB_162_20190128_id162_femadu_(4)_ORIGINAL.jpg;25
1738;1897;162;MANDRILLS BKB_162_20190128_id162_femadu_(7)_ORIGINAL.jpg;159
1953;1897;162;MANDRILLS BKB_162_20190128_id162_femadu_(8)_ORIGINAL.jpg;56
1787;1897;162;MANDRILLS BKB_162_20190128_id162_femadu_HAUT_(1)_ORIGINAL.jpg;110
1612;1897;162;MANDRILLS BKB_162_20190128_id162_femadu_HAUT_(2)_ORIGINAL.jpg;285
1690;1897;162;MANDRILLS BKB_162_20190128_id162_femadu_HAUT_(5)_ORIGINAL.jpg;207
1752;1897;162;MANDRILLS BKB_162_20190128_id162_femadu_HAUT_(6)_ORIGINAL.jpg;145
1771;1897;162;MANDRILLS BKB_162_20190128_id162_femadu_HAUT_(7)_ORIGINAL.jpg;126
1932;1907;162;MANDRILLS BKB_162_20190207_id162_femadu_GAUCHE_(1)_ORIGINAL.jpg;25
1844;1907;162;MANDRILLS BKB_162_20190207_id162_femadu_GAUCHE_(3)_ORIGINAL.jpg;63
1732;1907;162;MANDRILLS BKB_162_20190207_id162_femadu_GAUCHE_(4)_ORIGINAL.jpg;175
1665;1907;162;MANDRILLS BKB_162_20190207_id162_femadu_GAUCHE_(7)_ORIGINAL.jpg;242
1707;1907;162;MANDRILLS BKB_162_20190207_id162_femadu_GAUCHE_(8)_ORIGINAL.jpg;200
1986;1933;162;MANDRILLS BKB_162_20190305_id162_femadu_HAUT_(1)_ORIGINAL.jpg;53
1816;1933;162;MANDRILLS BKB_162_20190305_id162_femadu_HAUT_(3)_ORIGINAL.jpg;117
1873;1933;162;MANDRILLS BKB_162_20190305_id162_femadu_HAUT_(4)_ORIGINAL.jpg;60
1982;1933;162;MANDRILLS BKB_162_20190305_id162_femadu_HAUT_(5)_ORIGINAL.jpg;49
1989;1943;162;MANDRILLS BKB_162_20190315_id162_femadu_(2).jpg;46
1958;1943;162;MANDRILLS BKB_162_20190315_id162_femadu_(5).jpg;15
2032;1943;162;MANDRILLS BKB_162_20190315_id162_femadu_(9).jpg;89
2093;1943;162;MANDRILLS BKB_162_20190315_id162_femadu_DROITE_(1).jpg;150
1866;1943;162;MANDRILLS BKB_162_20190315_id162_femadu_DROITE_(2).jpg;77
1902;1943;162;MANDRILLS BKB_162_20190315_id162_femadu_DROITE_(3).jpg;41
1867;1943;162;MANDRILLS BKB_162_20190315_id162_femadu_GAUCHE_(1).jpg;76
2019;1943;162;MANDRILLS BKB_162_20190315_id162_femadu_GAUCHE_(3).jpg;76
1923;1943;162;MANDRILLS BKB_162_20190315_id162_femadu_HAUT_(1).jpg;20
2010;1943;162;MANDRILLS BKB_162_20190315_id162_femadu_HAUT_(4).jpg;67
1937;1947;162;MANDRILLS BKB_162_20190319_id162_femadu_BAS.jpg;10
1597;2038;162;MANDRILLS BKB_162_20190618_id162_femadu_(1).jpg;441
1782;2038;162;MANDRILLS BKB_162_20190618_id162_femadu_(2).jpg;256
1711;2038;162;MANDRILLS BKB_162_20190618_id162_femadu_(3).jpg;327
1869;2138;162;MANDRILLS BKB_162_20190926_id162_femadu_GAUCHE.jpg;269
2029;2277;162;MANDRILLS BKB_162_20200212_id162_femadu_(1).jpg;248
2125;2277;162;MANDRILLS BKB_162_20200212_id162_femadu_(2).jpg;152
2094;2530;162;MANDRILLS BKB_162_20201022_id162_femadu.jpg;436
2222;2536;162;MANDRILLS BKB_162_20201028_id162_femadu.jpg;314
2515;2560;162;MANDRILLS BKB_162_20201121_id162_femadu_(2).jpg;45
2272;2560;162;MANDRILLS BKB_162_20201121_id162_femadu_(3).jpg;288
2511;2561;162;MANDRILLS BKB_162_20201122_id162_femadu_(1).jpg;50
2705;2561;162;MANDRILLS BKB_162_20201122_id162_femadu_(2).jpg;144
2066;2590;162;MANDRILLS BKB_162_20201221_id162_femadu_(1).jpg;524
2390;2590;162;MANDRILLS BKB_162_20201221_id162_femadu_(2).jpg;200
2165;2590;162;MANDRILLS BKB_162_20201221_id162_femadu_(3).jpg;425
2171;2608;162;MANDRILLS BKB_162_20210108_id162_femadu.jpg;437
2487;2611;162;MANDRILLS BKB_162_20210111_id162_femadu_(1).jpg;124
2350;2611;162;MANDRILLS BKB_162_20210111_id162_femadu_(2).jpg;261
2177;2628;162;MANDRILLS BKB_162_20210128_id162_femadu_(1).jpg;451
2455;2628;162;MANDRILLS BKB_162_20210128_id162_femadu_(2).jpg;173
2466;2628;162;MANDRILLS BKB_162_20210128_id162_femadu_(3).jpg;162
2258;2629;162;MANDRILLS BKB_162_20210129_id162_femadu_(1).jpg;371
2272;2629;162;MANDRILLS BKB_162_20210129_id162_femadu_(2).jpg;357
2328;2629;162;MANDRILLS BKB_162_20210129_id162_femadu_(3).jpg;301
2474;2642;162;MANDRILLS BKB_162_20210211_id162_femadu.jpg;168
2617;2648;162;MANDRILLS BKB_162_20210217_id162_femadu_(1).jpg;31
2439;2648;162;MANDRILLS BKB_162_20210217_id162_femadu_(2).jpg;209
2376;2648;162;MANDRILLS BKB_162_20210217_id162_femadu_(3).jpg;272
2335;2648;162;MANDRILLS BKB_162_20210217_id162_femadu_(4).jpg;313
2826;2691;162;MANDRILLS BKB_162_20210401_id162_femadu_(2).jpg;135
2788;2691;162;MANDRILLS BKB_162_20210401_id162_femadu_(3).jpg;97
2541;2691;162;MANDRILLS BKB_162_20210401_id162_femadu_(4).jpg;150
2959;2691;162;MANDRILLS BKB_162_20210401_id162_femadu_(5).jpg;268
2881;2691;162;MANDRILLS BKB_162_20210401_id162_femadu_(6).jpg;190
2893;2691;162;MANDRILLS BKB_162_20210401_id162_femadu_(7).jpg;202
3017;2691;162;MANDRILLS BKB_162_20210401_id162_femadu_(8).jpg;326
2264;2709;162;MANDRILLS BKB_162_20210419_id162_femadu_(1).jpg;445
2092;2709;162;MANDRILLS BKB_162_20210419_id162_femadu_(2).jpg;617
2463;2747;162;MANDRILLS BKB_162_20210527_id162_femadu_(1).jpg;284
2624;2747;162;MANDRILLS BKB_162_20210527_id162_femadu_(2).jpg;123
2508;2747;162;MANDRILLS BKB_162_20210527_id162_femadu_(3).jpg;239
2676;2747;162;MANDRILLS BKB_162_20210527_id162_femadu_(4).jpg;71
2585;2747;162;MANDRILLS BKB_162_20210527_id162_femadu_(5).jpg;162
2348;2862;162;MANDRILLS BKB_162_20210919_id162_femadu (1).jpg;514
2577;2862;162;MANDRILLS BKB_162_20210919_id162_femadu (2).jpg;285
2494;2865;162;MANDRILLS BKB_162_20210922_id162_femadu.jpg;371
2544;2867;162;MANDRILLS BKB_162_20210924_id162_femadu.jpg;323
2468;2923;162;MANDRILLS BKB_162_20211119_id162_femadu_(2).jpg;455
2788;2928;162;MANDRILLS BKB_162_20211124_id162_femadu.jpg;140
2350;2930;162;MANDRILLS BKB_162_20211126_id162_femadu.jpg;580
2728;2951;162;MANDRILLS BKB_162_20211217_id162_femadu.jpg;223
2601;2954;162;MANDRILLS BKB_162_20211220_ID162_femadu_(1).jpg;353
2397;2954;162;MANDRILLS BKB_162_20211220_ID162_femadu_(2).jpg;557
2285;2960;162;MANDRILLS BKB_162_20211226_id162_femadu_(2).jpg;675
2705;2961;162;MANDRILLS BKB_162_20211227_id162_femadu.jpg;256
2659;2995;162;MANDRILLS BKB_162_20220130_id162 (2).jpg;336
2486;2995;162;MANDRILLS BKB_162_20220130_id162 (3).jpg;509
2408;2995;162;MANDRILLS BKB_162_20220130_id162.jpg;587
2318;3007;162;MANDRILLS BKB_162_20220211_id162_femadu (1).jpg;689
2434;3007;162;MANDRILLS BKB_162_20220211_id162_femadu (2).jpg;573
2395;3007;162;MANDRILLS BKB_162_20220211_id162_femadu (3).jpg;612
2600;3051;162;MANDRILLS BKB_162_20220327_id162_femadu.jpg;451
2724;3054;162;MANDRILLS BKB_162_20220330_id162_femadu (1).jpg;330
2948;3054;162;MANDRILLS BKB_162_20220330_id162_femadu (2).jpg;106
2420;3054;162;MANDRILLS BKB_162_20220330_id162_femadu (3).jpg;634
2985;3072;162;MANDRILLS BKB_162_20220417_id162_femadu (1).jpg;87
2799;3072;162;MANDRILLS BKB_162_20220417_id162_femadu (2).jpg;273
2726;3088;162;MANDRILLS BKB_162_20220503_id162_femadu.jpg;362
2962;3094;162;MANDRILLS BKB_162_20220509_id162_femadu (1).jpg;132
2617;3094;162;MANDRILLS BKB_162_20220509_id162_femadu (2).jpg;477
2823;3094;162;MANDRILLS BKB_162_20220509_id162_femadu (3).jpg;271
2651;3101;162;MANDRILLS BKB_162_20220516_id162_femadu (1).jpg;450
2318;3101;162;MANDRILLS BKB_162_20220516_id162_femadu (2).jpg;783
2863;3101;162;MANDRILLS BKB_162_20220516_id162_femadu (3).jpg;238
2857;3101;162;MANDRILLS BKB_162_20220516_id162_femadu (4).jpg;244
2696;3103;162;MANDRILLS BKB_162_20220518_id162_femadu (2).jpg;407
2831;3123;162;MANDRILLS BKB_162_20220607_id162_femadu.jpg;292
2817;3145;162;MANDRILLS BKB_162_20220629_id162 (2).jpg;328
3076;3145;162;MANDRILLS BKB_162_20220629_id162 (3).jpg;69
2233;3145;162;MANDRILLS BKB_162_20220629_id162.jpg;912
2714;3171;162;MANDRILLS BKB_162_20220725_id162.jpg;457
2707;3180;162;MANDRILLS BKB_162_20220803_id162 (2).jpg;473
2950;3189;162;MANDRILLS BKB_162_20220812_id162.jpg;239
2583;3200;162;MANDRILLS BKB_162_20220823_id162 (2).jpg;617
2673;3200;162;MANDRILLS BKB_162_20220823_id162.jpg;527
2538;3203;162;MANDRILLS BKB_162_20220826_id162.jpg;665
2296;3243;162;MANDRILLS BKB_162_20221005_id162.jpg;947
2862;3257;162;MANDRILLS BKB_162_20221019_id162.jpg;395
3013;3259;162;MANDRILLS BKB_162_20221021_id162.jpg;246
2822;3260;162;MANDRILLS BKB_162_20221022_id162 (1).jpg;438
2965;3260;162;MANDRILLS BKB_162_20221022_id162 (2).jpg;295
3141;3265;162;MANDRILLS BKB_162_20221027_id162.jpg;124
2824;3278;162;MANDRILLS BKB_162_20221109_id162 (2).jpg;454
2363;3278;162;MANDRILLS BKB_162_20221109_id162.jpg;915
2936;3299;162;MANDRILLS BKB_162_20221130_id162.jpg;363
2873;3308;162;MANDRILLS BKB_162_20221209_id162.jpg;435
2790;3311;162;MANDRILLS BKB_162_20221212_id162.jpg;521
2906;3313;162;MANDRILLS BKB_162_20221214_id162.jpg;407
2836;3317;162;MANDRILLS BKB_162_20221218_id162 (2).jpg;481
2889;3317;162;MANDRILLS BKB_162_20221218_id162.jpg;428
2894;3320;162;MANDRILLS BKB_162_20221221_id162.jpg;426
2903;3323;162;MANDRILLS BKB_162_20221224_id162.jpg;420
2054;1871;168;MANDRILLS BKB_168_20190227_id168_femadu_DROITE_(1)_ORIGINAL.jpg;183
1946;1871;168;MANDRILLS BKB_168_20190227_id168_femadu_DROITE_(12)_ORIGINAL.jpg;75
2035;1871;168;MANDRILLS BKB_168_20190227_id168_femadu_DROITE_(13)_ORIGINAL.jpg;164
2123;1871;168;MANDRILLS BKB_168_20190227_id168_femadu_DROITE_(14)_ORIGINAL.jpg;252
1951;1871;168;MANDRILLS BKB_168_20190227_id168_femadu_DROITE_(16)_ORIGINAL.jpg;80
2012;1871;168;MANDRILLS BKB_168_20190227_id168_femadu_DROITE_(17)_ORIGINAL.jpg;141
1992;1871;168;MANDRILLS BKB_168_20190227_id168_femadu_DROITE_(19)_ORIGINAL.jpg;121
1953;1871;168;MANDRILLS BKB_168_20190227_id168_femadu_DROITE_(2)_ORIGINAL.jpg;82
2097;1871;168;MANDRILLS BKB_168_20190227_id168_femadu_DROITE_(3)_ORIGINAL.jpg;226
1937;1871;168;MANDRILLS BKB_168_20190227_id168_femadu_DROITE_(4)_ORIGINAL.jpg;66
1948;1871;168;MANDRILLS BKB_168_20190227_id168_femadu_HAUT_(1)_ORIGINAL.jpg;77
2146;1871;168;MANDRILLS BKB_168_20190227_id168_femadu_HAUT_(10)_ORIGINAL.jpg;275
2160;1871;168;MANDRILLS BKB_168_20190227_id168_femadu_HAUT_(12)_ORIGINAL.jpg;289
2054;1871;168;MANDRILLS BKB_168_20190227_id168_femadu_HAUT_(13)_ORIGINAL.jpg;183
2156;1871;168;MANDRILLS BKB_168_20190227_id168_femadu_HAUT_(2)_ORIGINAL.jpg;285
1959;1871;168;MANDRILLS BKB_168_20190227_id168_femadu_HAUT_(3)_ORIGINAL.jpg;88
1922;1871;168;MANDRILLS BKB_168_20190227_id168_femadu_HAUT_(4)_ORIGINAL.jpg;51
2057;1871;168;MANDRILLS BKB_168_20190227_id168_femadu_HAUT_(5)_ORIGINAL.jpg;186
1905;1871;168;MANDRILLS BKB_168_20190227_id168_femadu_HAUT_(6)_ORIGINAL.jpg;34
2270;1871;168;MANDRILLS BKB_168_20190227_id168_femadu_HAUT_(7)_ORIGINAL.jpg;399
1860;1871;168;MANDRILLS BKB_168_20190227_id168_femadu_HAUT_(8)_ORIGINAL.jpg;11
2022;1871;168;MANDRILLS BKB_168_20190227_id168_femadu_HAUT_(9)_ORIGINAL.jpg;151
1938;1871;168;MANDRILLS BKB_168_20190227_id168_femadu_MILIEU_(1)_ORIGINAL.jpg;67
1888;1871;168;MANDRILLS BKB_168_20190227_id168_femadu_MILIEU_(10)_ORIGINAL.jpg;17
1744;1871;168;MANDRILLS BKB_168_20190227_id168_femadu_MILIEU_(11)_ORIGINAL.jpg;127
2041;1871;168;MANDRILLS BKB_168_20190227_id168_femadu_MILIEU_(2)_ORIGINAL.jpg;170
2013;1871;168;MANDRILLS BKB_168_20190227_id168_femadu_MILIEU_(3)_ORIGINAL.jpg;142
2044;1871;168;MANDRILLS BKB_168_20190227_id168_femadu_MILIEU_(4)_ORIGINAL.jpg;173
2034;1871;168;MANDRILLS BKB_168_20190227_id168_femadu_MILIEU_(7)_ORIGINAL.jpg;163
2013;1871;168;MANDRILLS BKB_168_20190227_id168_femadu_MILIEU_(8)_ORIGINAL.jpg;142
1991;1871;168;MANDRILLS BKB_168_20190227_id168_femadu_MILIEU_(9)_ORIGINAL.jpg;120
2097;1885;168;MANDRILLS BKB_168_20190313_id168_femadu.jpg;212
2062;2029;168;MANDRILLS BKB_168_20190804_id168_femadu_(1).jpg;33
2324;2029;168;MANDRILLS BKB_168_20190804_id168_femadu_(11).jpg;295
2220;2029;168;MANDRILLS BKB_168_20190804_id168_femadu_(12).jpg;191
2206;2029;168;MANDRILLS BKB_168_20190804_id168_femadu_(13).jpg;177
2282;2029;168;MANDRILLS BKB_168_20190804_id168_femadu_(14).jpg;253
2289;2029;168;MANDRILLS BKB_168_20190804_id168_femadu_(2).jpg;260
2044;2029;168;MANDRILLS BKB_168_20190804_id168_femadu_(3).jpg;15
2164;2029;168;MANDRILLS BKB_168_20190804_id168_femadu_(4).jpg;135
2331;2029;168;MANDRILLS BKB_168_20190804_id168_femadu_(7).jpg;302
2113;2029;168;MANDRILLS BKB_168_20190804_id168_femadu_(8).jpg;84
2344;2074;168;MANDRILLS BKB_168_20190918_id168_femadu_(2).jpg;270
2516;2074;168;MANDRILLS BKB_168_20190918_id168_femadu_(3).jpg;442
127;2302;168;MANDRILLS BKB_168_20200503_id168_malinf.jpg;2175
2551;2474;168;MANDRILLS BKB_168_20201022_id168_femadu.jpg;77
2602;2480;168;MANDRILLS BKB_168_20201028_id168_femadu.jpg;122
2337;2526;168;MANDRILLS BKB_168_20201213_id168_femadu_(1).jpg;189
2363;2526;168;MANDRILLS BKB_168_20201213_id168_femadu_(2).jpg;163
2601;2526;168;MANDRILLS BKB_168_20201213_id168_femadu_(3).jpg;75
2402;2526;168;MANDRILLS BKB_168_20201213_id168_femadu_(4).jpg;124
2670;2526;168;MANDRILLS BKB_168_20201213_id168_femadu_(5).jpg;144
2484;2570;168;MANDRILLS BKB_168_20210126_id168_femadu_(1).jpg;86
2516;2570;168;MANDRILLS BKB_168_20210126_id168_femadu_(2).jpg;54
2588;2572;168;MANDRILLS BKB_168_20210128_id168_femadu.jpg;16
1919;2573;168;MANDRILLS BKB_168_20210129_id168_femadu.jpg;654
2733;2587;168;MANDRILLS BKB_168_20210212_id168_femadu.jpg;146
2445;2601;168;MANDRILLS BKB_168_20210226_id168_femadu.jpg;156
2762;2639;168;MANDRILLS BKB_168_20210405_id168_femadu_(1).jpg;123
2539;2639;168;MANDRILLS BKB_168_20210405_id168_femadu_(2).jpg;100
2650;2796;168;MANDRILLS BKB_168_20210909_id168_femadu.jpg;146
2463;2799;168;MANDRILLS BKB_168_20210912_id168_femadu (1).jpg;336
2466;2799;168;MANDRILLS BKB_168_20210912_id168_femadu (2).jpg;333
2373;2803;168;MANDRILLS BKB_168_20210916_id168_femadu.jpg;430
2801;2806;168;MANDRILLS BKB_168_20210919_id168_femadu.jpg;5
2948;2836;168;MANDRILLS BKB_168_20211019_id168_femadu_(1).jpg;112
2432;2836;168;MANDRILLS BKB_168_20211019_id168_femadu_(2).jpg;404
2959;2836;168;MANDRILLS BKB_168_20211019_id168_femadu_(3).jpg;123
2935;2897;168;MANDRILLS BKB_168_20211219_id168_femadu.jpg;38
2497;2990;168;MANDRILLS BKB_168_20220322_id168_femadu (1).jpg;493
2965;2990;168;MANDRILLS BKB_168_20220322_id168_femadu (2).jpg;25
2908;2990;168;MANDRILLS BKB_168_20220322_id168_femadu (3).jpg;82
2672;2990;168;MANDRILLS BKB_168_20220322_id168_femadu (4).jpg;318
3061;2997;168;MANDRILLS BKB_168_20220329_id168_femadu (1).jpg;64
2914;2997;168;MANDRILLS BKB_168_20220329_id168_femadu (2).jpg;83
2832;2998;168;MANDRILLS BKB_168_20220330_id168_femadu (1).jpg;166
2672;2998;168;MANDRILLS BKB_168_20220330_id168_femadu (2).jpg;326
3150;2998;168;MANDRILLS BKB_168_20220330_id168_femadu (3).jpg;152
2988;3038;168;MANDRILLS BKB_168_20220509_id168_femadu.jpg;50
3004;3047;168;MANDRILLS BKB_168_20220518_id168_femadu.jpg;43
3132;3055;168;MANDRILLS BKB_168_20220526_id168_femadu (2).jpg;77
2940;3058;168;MANDRILLS BKB_168_20220529_id168_femadu.jpg;118
3063;3081;168;MANDRILLS BKB_168_20220621_id168_femadu (1).jpg;18
3094;3089;168;MANDRILLS BKB_168_20220629_id168 (1).jpg;5
3143;3089;168;MANDRILLS BKB_168_20220629_id168 (2).jpg;54
2556;3089;168;MANDRILLS BKB_168_20220629_id168 (3).jpg;533
2773;3089;168;MANDRILLS BKB_168_20220629_id168 (4).jpg;316
2951;3089;168;MANDRILLS BKB_168_20220629_id168.jpg;138
2973;3093;168;MANDRILLS BKB_168_20220703_id168.jpg;120
3046;3106;168;MANDRILLS BKB_168_20220716_id168_femadu.jpg;60
3022;3107;168;MANDRILLS BKB_168_20220717_id168 (1).jpg;85
2805;3107;168;MANDRILLS BKB_168_20220717_id168 (3).jpg;302
2851;3107;168;MANDRILLS BKB_168_20220717_id168 (4).jpg;256
2902;3114;168;MANDRILLS BKB_168_20220724_id168.jpg;212
3401;3115;168;MANDRILLS BKB_168_20220725_id168.jpg;286
3191;3122;168;MANDRILLS BKB_168_20220801_id168.jpg;69
2950;3126;168;MANDRILLS BKB_168_20220805_id168.jpg;176
3048;3129;168;MANDRILLS BKB_168_20220808_id168.jpg;81
3020;3136;168;MANDRILLS BKB_168_20220815_id168.jpg;116
2874;3147;168;MANDRILLS BKB_168_20220826_id168.jpg;273
3169;3148;168;MANDRILLS BKB_168_20220827_id168.jpg;21
2903;3156;168;MANDRILLS BKB_168_20220904_id168.jpg;253
3421;3157;168;MANDRILLS BKB_168_20220905_id168 (1).jpg;264
2998;3157;168;MANDRILLS BKB_168_20220905_id168 (2).jpg;159
2771;3163;168;MANDRILLS BKB_168_20220911_id168 (1).jpg;392
3193;3163;168;MANDRILLS BKB_168_20220911_id168 (2).jpg;30
3327;3163;168;MANDRILLS BKB_168_20220911_id168 (3).jpg;164
3077;3165;168;MANDRILLS BKB_168_20220913_id168.jpg;88
2868;3201;168;MANDRILLS BKB_168_20221019_id168.jpg;333
3045;3238;168;MANDRILLS BKB_168_20221125_id168 (1).jpg;193
2988;3238;168;MANDRILLS BKB_168_20221125_id168 (2).jpg;250
2962;3261;168;MANDRILLS BKB_168_20221218_id168.jpg;299
1650;1608;174;MANDRILLS BKB_174_20190528_id174_femadu_(1).jpg;42
1733;1608;174;MANDRILLS BKB_174_20190528_id174_femadu_(10).jpg;125
1700;1608;174;MANDRILLS BKB_174_20190528_id174_femadu_(2).jpg;92
1736;1608;174;MANDRILLS BKB_174_20190528_id174_femadu_(3).jpg;128
1813;1608;174;MANDRILLS BKB_174_20190528_id174_femadu_(4).jpg;205
1794;1608;174;MANDRILLS BKB_174_20190528_id174_femadu_(5).jpg;186
1816;1608;174;MANDRILLS BKB_174_20190528_id174_femadu_(6).jpg;208
1803;1608;174;MANDRILLS BKB_174_20190528_id174_femadu_(7).jpg;195
1876;1608;174;MANDRILLS BKB_174_20190528_id174_femadu_(8).jpg;268
1787;1608;174;MANDRILLS BKB_174_20190528_id174_femadu_(9).jpg;179
2107;1659;174;MANDRILLS BKB_174_20190718_id174_femadu_(1).jpg;448
2274;1659;174;MANDRILLS BKB_174_20190718_id174_femadu_(10).jpg;615
2121;1659;174;MANDRILLS BKB_174_20190718_id174_femadu_(2).jpg;462
2433;1659;174;MANDRILLS BKB_174_20190718_id174_femadu_(3).jpg;774
2143;1659;174;MANDRILLS BKB_174_20190718_id174_femadu_(4).jpg;484
1998;1659;174;MANDRILLS BKB_174_20190718_id174_femadu_(5).jpg;339
1860;1659;174;MANDRILLS BKB_174_20190718_id174_femadu_(6).jpg;201
2006;1659;174;MANDRILLS BKB_174_20190718_id174_femadu_(7).jpg;347
1735;1659;174;MANDRILLS BKB_174_20190718_id174_femadu_(8).jpg;76
1785;1659;174;MANDRILLS BKB_174_20190718_id174_femadu_(9).jpg;126
1775;1772;174;MANDRILLS BKB_174_20191108_id174_femadu.jpg;3
2135;1947;174;MANDRILLS BKB_174_20200501_id174_femadu_(1).jpg;188
2218;1947;174;MANDRILLS BKB_174_20200501_id174_femadu_(2).jpg;271
2455;2121;174;MANDRILLS BKB_174_20201022_id174_femadu.jpg;334
2177;2137;174;MANDRILLS BKB_174_20201107_id174_femadu.jpg;40
2326;2140;174;MANDRILLS BKB_174_20201110_id174_femadu.jpg;186
2111;2190;174;MANDRILLS BKB_174_20201230_id174_femadu.jpg;79
1946;2220;174;MANDRILLS BKB_174_20210129_id174_femadu_(1).jpg;274
2354;2220;174;MANDRILLS BKB_174_20210129_id174_femadu_(2).jpg;134
2432;2220;174;MANDRILLS BKB_174_20210129_id174_femadu_(3).jpg;212
2243;2221;174;MANDRILLS BKB_174_20210130_id174_femadu.jpg;22
2294;2225;174;MANDRILLS BKB_174_20210203_id174_femadu_(1).jpg;69
2072;2225;174;MANDRILLS BKB_174_20210203_id174_femadu_(2).jpg;153
2376;2231;174;MANDRILLS BKB_174_20210209_id174_femadu.jpg;145
2355;2258;174;MANDRILLS BKB_174_20210308_id174_femadu.jpg;97
2399;2286;174;MANDRILLS BKB_174_20210405_id174_femadu_(1).jpg;113
2434;2286;174;MANDRILLS BKB_174_20210405_id174_femadu_(2).jpg;148
2003;2300;174;MANDRILLS BKB_174_20210419_id174_femadu_(2).jpg;297
1991;2300;174;MANDRILLS BKB_174_20210419_id174_femadu_(3).jpg;309
2416;2300;174;MANDRILLS BKB_174_20210419_id174_femadu_(4).jpg;116
2371;2304;174;MANDRILLS BKB_174_20210423_id174_femadu_(1).jpg;67
2403;2338;174;MANDRILLS BKB_174_20210527_id174_femadu_(1).jpg;65
1975;2338;174;MANDRILLS BKB_174_20210527_id174_femadu_(2).jpg;363
2062;2338;174;MANDRILLS BKB_174_20210527_id174_femadu_(3).jpg;276
2294;2542;174;MANDRILLS BKB_174_20211217_id174_femadu_(1).jpg;248
2412;2542;174;MANDRILLS BKB_174_20211217_id174_femadu_(2).jpg;130
1779;2544;174;MANDRILLS BKB_174_20211219_id174_femadu.jpg;765
2311;2545;174;MANDRILLS BKB_174_20211220_ID174_femadu_(2).jpg;234
2222;2578;174;MANDRILLS BKB_174_20220122_id174 (2).jpg;356
2460;2598;174;MANDRILLS BKB_174_20220211_id174_femadu (1).jpg;138
2496;2598;174;MANDRILLS BKB_174_20220211_id174_femadu (2).jpg;102
2375;2636;174;MANDRILLS BKB_174_20220321_id174_femadu.jpg;261
2710;2641;174;MANDRILLS BKB_174_20220326_id174_femadu (1).jpg;69
2362;2641;174;MANDRILLS BKB_174_20220326_id174_femadu (2).jpg;279
2727;2641;174;MANDRILLS BKB_174_20220326_id174_femadu (4).jpg;86
2704;2656;174;MANDRILLS BKB_174_20220410_id174_femadu (1).jpg;48
2627;2656;174;MANDRILLS BKB_174_20220410_id174_femadu (2).jpg;29
2818;2691;174;MANDRILLS BKB_174_20220515_id174_femadu.jpg;127
2832;2693;174;MANDRILLS BKB_174_20220517_id174_femadu.jpg;139
2706;2715;174;MANDRILLS BKB_174_20220608_id174_femadu (1).jpg;9
2510;2715;174;MANDRILLS BKB_174_20220608_id174_femadu (2).jpg;205
2649;2726;174;MANDRILLS BKB_174_20220619_id174_femadu.jpg;77
2704;2728;174;MANDRILLS BKB_174_20220621_id174_femadu.jpg;24
2825;2738;174;MANDRILLS BKB_174_20220701_id174.jpg;87
2969;2748;174;MANDRILLS BKB_174_20220711_id174.jpg;221
2508;2754;174;MANDRILLS BKB_174_20220717_id174 (1).jpg;246
2737;2754;174;MANDRILLS BKB_174_20220717_id174 (2).jpg;17
2907;2762;174;MANDRILLS BKB_174_20220725_id174.jpg;145
2952;2763;174;MANDRILLS BKB_174_20220726_id174.jpg;189
2806;2765;174;MANDRILLS BKB_174_20220728_id174 (3).jpg;41
2833;2773;174;MANDRILLS BKB_174_20220805_id174 (1).jpg;60
2703;2780;174;MANDRILLS BKB_174_20220812_id174 (1).jpg;77
2729;2780;174;MANDRILLS BKB_174_20220812_id174 (2).jpg;51
2511;2780;174;MANDRILLS BKB_174_20220812_id174.jpg;269
2427;2795;174;MANDRILLS BKB_174_20220827_id174 (2).jpg;368
2900;2806;174;MANDRILLS BKB_174_20220907_id174 (2).jpg;94
2787;2806;174;MANDRILLS BKB_174_20220907_id174.jpg;19
3075;2810;174;MANDRILLS BKB_174_20220911_id174 (1).jpg;265
2874;2810;174;MANDRILLS BKB_174_20220911_id174 (2).jpg;64
2958;2834;174;MANDRILLS BKB_174_20221005_id174.jpg;124
2501;2848;174;MANDRILLS BKB_174_20221019_id174 (1).jpg;347
3158;2848;174;MANDRILLS BKB_174_20221019_id174 (2).jpg;310
2731;2851;174;MANDRILLS BKB_174_20221022_id174.jpg;120
2819;2852;174;MANDRILLS BKB_174_20221023_id174.jpg;33
3103;2869;174;MANDRILLS BKB_174_20221109_id174.jpg;234
2700;2877;174;MANDRILLS BKB_174_20221117_id174.jpg;177
2888;2881;174;MANDRILLS BKB_174_20221121_id174 (1).jpg;7
3057;2881;174;MANDRILLS BKB_174_20221121_id174 (2).jpg;176
2443;2901;174;MANDRILLS BKB_174_20221211_id174.jpg;458
3155;2902;174;MANDRILLS BKB_174_20221212_id174 (2).jpg;253
2788;2902;174;MANDRILLS BKB_174_20221212_id174.jpg;114
2684;2904;174;MANDRILLS BKB_174_20221214_id174 (2).jpg;220
2688;2904;174;MANDRILLS BKB_174_20221214_id174.jpg;216
871;1228;193;MANDRILLS BKB_193_20190904_id193_femjuv_(10).jpg;357
1283;1228;193;MANDRILLS BKB_193_20190904_id193_femjuv_(11).jpg;55
1220;1228;193;MANDRILLS BKB_193_20190904_id193_femjuv_(12).jpg;8
1280;1228;193;MANDRILLS BKB_193_20190904_id193_femjuv_(13).jpg;52
1259;1228;193;MANDRILLS BKB_193_20190904_id193_femjuv_(14).jpg;31
1262;1228;193;MANDRILLS BKB_193_20190904_id193_femjuv_(15).jpg;34
1195;1228;193;MANDRILLS BKB_193_20190904_id193_femjuv_(16).jpg;33
1166;1228;193;MANDRILLS BKB_193_20190904_id193_femjuv_(17).jpg;62
1305;1228;193;MANDRILLS BKB_193_20190904_id193_femjuv_(18).jpg;77
1268;1228;193;MANDRILLS BKB_193_20190904_id193_femjuv_(19).jpg;40
1306;1228;193;MANDRILLS BKB_193_20190904_id193_femjuv_(20).jpg;78
1253;1228;193;MANDRILLS BKB_193_20190904_id193_femjuv_(21).jpg;25
1344;1228;193;MANDRILLS BKB_193_20190904_id193_femjuv_(22).jpg;116
1237;1228;193;MANDRILLS BKB_193_20190904_id193_femjuv_(23).jpg;9
1283;1228;193;MANDRILLS BKB_193_20190904_id193_femjuv_(24).jpg;55
1261;1228;193;MANDRILLS BKB_193_20190904_id193_femjuv_(25).jpg;33
1315;1228;193;MANDRILLS BKB_193_20190904_id193_femjuv_(26).jpg;87
1192;1228;193;MANDRILLS BKB_193_20190904_id193_femjuv_(27).jpg;36
1345;1228;193;MANDRILLS BKB_193_20190904_id193_femjuv_(28).jpg;117
1335;1228;193;MANDRILLS BKB_193_20190904_id193_femjuv_(29).jpg;107
1284;1228;193;MANDRILLS BKB_193_20190904_id193_femjuv_(30).jpg;56
1080;1317;193;MANDRILLS BKB_193_20191202_id193_femjuv_(1).jpg;237
1186;1317;193;MANDRILLS BKB_193_20191202_id193_femjuv_(2).jpg;131
1391;1317;193;MANDRILLS BKB_193_20191202_id193_femjuv_(3).jpg;74
1430;1317;193;MANDRILLS BKB_193_20191202_id193_femjuv_(4).jpg;113
1147;1410;193;MANDRILLS BKB_193_20200304_id193_femjuv_(1).jpg;263
1225;1410;193;MANDRILLS BKB_193_20200304_id193_femjuv_(2).jpg;185
1200;1410;193;MANDRILLS BKB_193_20200304_id193_femjuv_(3).jpg;210
1186;1410;193;MANDRILLS BKB_193_20200304_id193_femjuv_(4).jpg;224
1373;1637;193;MANDRILLS BKB_193_20201017_id193_femadu_(1).jpg;264
1564;1637;193;MANDRILLS BKB_193_20201017_id193_femadu_(2).jpg;73
1308;1642;193;MANDRILLS BKB_193_20201022_id193_femadu_(1).jpg;334
1247;1642;193;MANDRILLS BKB_193_20201022_id193_femadu_(2).jpg;395
1336;1642;193;MANDRILLS BKB_193_20201022_id193_femadu_(3).jpg;306
1320;1676;193;MANDRILLS BKB_193_20201125_id193_femadu_(1).jpg;356
1654;1676;193;MANDRILLS BKB_193_20201125_id193_femadu_(2).jpg;22
1909;1676;193;MANDRILLS BKB_193_20201125_id193_femadu_(3).jpg;233
1450;1676;193;MANDRILLS BKB_193_20201125_id193_femadu_(4).jpg;226
1379;1676;193;MANDRILLS BKB_193_20201125_id193_femadu_(5).jpg;297
1356;1676;193;MANDRILLS BKB_193_20201125_id193_femadu_(6).jpg;320
1375;1676;193;MANDRILLS BKB_193_20201125_id193_femadu_(7).jpg;301
1534;1694;193;MANDRILLS BKB_193_20201213_id193_femadu_(1).jpg;160
1482;1694;193;MANDRILLS BKB_193_20201213_id193_femadu_(2).jpg;212
1610;1694;193;MANDRILLS BKB_193_20201213_id193_femadu_(3).jpg;84
1421;1694;193;MANDRILLS BKB_193_20201213_id193_femadu_(4).jpg;273
1671;1694;193;MANDRILLS BKB_193_20201213_id193_femadu_(5).jpg;23
1684;1694;193;MANDRILLS BKB_193_20201213_id193_femadu_(6).jpg;10
1397;1698;193;MANDRILLS BKB_193_20201217_id193_femadu_(1).jpg;301
1599;1698;193;MANDRILLS BKB_193_20201217_id193_femadu_(2).jpg;99
1412;1699;193;MANDRILLS BKB_193_20201218_id193_femadu.jpg;287
1422;1708;193;MANDRILLS BKB_193_20201227_id193_femadu.jpg;286
1446;1711;193;MANDRILLS BKB_193_20201230_id193_femadu_(1).jpg;265
1417;1711;193;MANDRILLS BKB_193_20201230_id193_femadu_(2).jpg;294
1522;1711;193;MANDRILLS BKB_193_20201230_id193_femadu_(3).jpg;189
1738;1711;193;MANDRILLS BKB_193_20201230_id193_femadu_(4).jpg;27
1700;1716;193;MANDRILLS BKB_193_20210104_id193_femadu_(1).jpg;16
1543;1716;193;MANDRILLS BKB_193_20210104_id193_femadu_(2).jpg;173
1488;1716;193;MANDRILLS BKB_193_20210104_id193_femadu_(4).jpg;228
1450;1716;193;MANDRILLS BKB_193_20210104_id193_femadu_(5).jpg;266
1398;1716;193;MANDRILLS BKB_193_20210104_id193_femadu_(6).jpg;318
1364;1716;193;MANDRILLS BKB_193_20210104_id193_femadu_(7).jpg;352
1826;1725;193;MANDRILLS BKB_193_20210113_id193_femadu_(1).jpg;101
1619;1725;193;MANDRILLS BKB_193_20210113_id193_femadu_(2).jpg;106
1602;1725;193;MANDRILLS BKB_193_20210113_id193_femadu_(3).jpg;123
1596;1732;193;MANDRILLS BKB_193_20210120_id193_femadu_(1).jpg;136
1391;1732;193;MANDRILLS BKB_193_20210120_id193_femadu_(2).jpg;341
1506;1741;193;MANDRILLS BKB_193_20210129_id193_femadu_(1).jpg;235
1526;1741;193;MANDRILLS BKB_193_20210129_id193_femadu_(2).jpg;215
1820;1803;193;MANDRILLS BKB_193_20210401_id193_femadu_(1).jpg;17
1739;1803;193;MANDRILLS BKB_193_20210401_id193_femadu_(2).jpg;64
1814;1803;193;MANDRILLS BKB_193_20210401_id193_femadu_(3).jpg;11
1873;1824;193;MANDRILLS BKB_193_20210422_id193_femadu.jpg;49
2060;1864;193;MANDRILLS BKB_193_20210601_id193_femadu.jpg;196
1896;1974;193;MANDRILLS BKB_193_20210919_id193_femadu (1).jpg;78
1988;1974;193;MANDRILLS BKB_193_20210919_id193_femadu (2).jpg;14
1905;1977;193;MANDRILLS BKB_193_20210922_id193_femadu (1).jpg;72
1874;1977;193;MANDRILLS BKB_193_20210922_id193_femadu (2).jpg;103
1846;2018;193;MANDRILLS BKB_193_20211102_id193_femadu.jpg;172
1579;2027;193;MANDRILLS BKB_193_20211111_id193_femadu.jpg;448
1899;2038;193;MANDRILLS BKB_193_20211122_id193_femadu.jpg;139
1675;2072;193;MANDRILLS BKB_193_20211226_id193_femadu_(1).jpg;397
1487;2072;193;MANDRILLS BKB_193_20211226_id193_femadu_(2).jpg;585
2055;2073;193;MANDRILLS BKB_193_20211227_id193_femadu.jpg;18
1822;2097;193;MANDRILLS BKB_193_20220120_id193.jpg;275
1903;2119;193;MANDRILLS BKB_193_20220211_id193_femadu.jpg;216
1952;2124;193;MANDRILLS BKB_193_20220216_id193_femadu.jpg;172
1993;2145;193;MANDRILLS BKB_193_20220309_id193_femadu.jpg;152
1833;2150;193;MANDRILLS BKB_193_20220314_id193_femadu.jpg;317
1991;2157;193;MANDRILLS BKB_193_20220321_id193_femadu (1).jpg;166
2005;2157;193;MANDRILLS BKB_193_20220321_id193_femadu (2).jpg;152
2049;2160;193;MANDRILLS BKB_193_20220324_id193_femadu (1).jpg;111
2487;2160;193;MANDRILLS BKB_193_20220324_id193_femadu (2).jpg;327
2192;2160;193;MANDRILLS BKB_193_20220324_id193_femadu (3).jpg;32
1757;2160;193;MANDRILLS BKB_193_20220324_id193_femadu (4).jpg;403
1959;2168;193;MANDRILLS BKB_193_20220401_id193_femadu (2).jpg;209
2048;2168;193;MANDRILLS BKB_193_20220401_id193_femadu.jpg;120
1840;2177;193;MANDRILLS BKB_193_20220410_id193_femadu.jpg;337
1824;2206;193;MANDRILLS BKB_193_20220509_id193_femadu.jpg;382
2162;2213;193;MANDRILLS BKB_193_20220516_id193_femadu (1).jpg;51
2007;2214;193;MANDRILLS BKB_193_20220517_id193_femadu (2).jpg;207
2105;2215;193;MANDRILLS BKB_193_20220518_id193_femadu.jpg;110
2068;2227;193;MANDRILLS BKB_193_20220530_id193_femadu.jpg;159
2122;2229;193;MANDRILLS BKB_193_20220601_id193_femadu (2).jpg;107
2285;2229;193;MANDRILLS BKB_193_20220601_id193_femadu (3).jpg;56
2090;2232;193;MANDRILLS BKB_193_20220604_id193_femadu (2).jpg;142
2208;2243;193;MANDRILLS BKB_193_20220615_id193 (2).jpg;35
2516;2243;193;MANDRILLS BKB_193_20220615_id193.jpg;273
2243;2247;193;MANDRILLS BKB_193_20220619_id193_femadu.jpg;4
2387;2251;193;MANDRILLS BKB_193_20220623_id193_femadu.jpg;136
2316;2259;193;MANDRILLS BKB_193_20220701_id193.jpg;57
2337;2269;193;MANDRILLS BKB_193_20220711_id193.jpg;68
2035;2272;193;MANDRILLS BKB_193_20220714_id193_femadu.jpg;237
2314;2274;193;MANDRILLS BKB_193_20220716_id193.jpg;40
2271;2275;193;MANDRILLS BKB_193_20220717_id193.jpg;4
2027;2276;193;MANDRILLS BKB_193_20220718_id193.jpg;249
1896;2282;193;MANDRILLS BKB_193_20220724_id193.jpg;386
1756;2283;193;MANDRILLS BKB_193_20220725_id193 (2).jpg;527
1897;2283;193;MANDRILLS BKB_193_20220725_id193.jpg;386
2124;2292;193;MANDRILLS BKB_193_20220803_id193.jpg;168
2552;2298;193;MANDRILLS BKB_193_20220809_id193 (1).jpg;254
2331;2298;193;MANDRILLS BKB_193_20220809_id193 (2).jpg;33
2072;2298;193;MANDRILLS BKB_193_20220809_id193 (3).jpg;226
2138;2301;193;MANDRILLS BKB_193_20220812_id193.jpg;163
2162;2307;193;MANDRILLS BKB_193_20220818_id193.jpg;145
2072;2316;193;MANDRILLS BKB_193_20220827_id193.jpg;244
1998;2355;193;MANDRILLS BKB_193_20221005_id193 (1).jpg;357
2285;2355;193;MANDRILLS BKB_193_20221005_id193 (2).jpg;70
2575;2369;193;MANDRILLS BKB_193_20221019_id193 (1).jpg;206
2195;2369;193;MANDRILLS BKB_193_20221019_id193 (2).jpg;174
2433;2377;193;MANDRILLS BKB_193_20221027_id193.jpg;56
2144;2397;193;MANDRILLS BKB_193_20221116_id193 (1).jpg;253
1954;2397;193;MANDRILLS BKB_193_20221116_id193 (2).jpg;443
1855;2404;193;MANDRILLS BKB_193_20221123_id193.jpg;549
1969;2406;193;MANDRILLS BKB_193_20221125_id193 (3).jpg;437
1906;2406;193;MANDRILLS BKB_193_20221125_id193 (4).jpg;500
2361;2411;193;MANDRILLS BKB_193_20221130_id193 (2).jpg;50
2111;2411;193;MANDRILLS BKB_193_20221130_id193.jpg;300
1926;2420;193;MANDRILLS BKB_193_20221209_id193.jpg;494
2080;2421;193;MANDRILLS BKB_193_20221210_id193.jpg;341
1982;2425;193;MANDRILLS BKB_193_20221214_id193.jpg;443
2421;2429;193;MANDRILLS BKB_193_20221218_id193 (2).jpg;8
1766;2429;193;MANDRILLS BKB_193_20221218_id193 (3).jpg;663
1982;2429;193;MANDRILLS BKB_193_20221218_id193(1).jpg;447
2127;2429;193;MANDRILLS BKB_193_20221218_id193.jpg;302
1102;1306;198;MANDRILLS BKB_198_20190729_id198_femadu_(1).jpg;204
1048;1306;198;MANDRILLS BKB_198_20190729_id198_femadu_(2).jpg;258
1189;1306;198;MANDRILLS BKB_198_20190729_id198_femadu_(3).jpg;117
1119;1306;198;MANDRILLS BKB_198_20190729_id198_femadu_(4).jpg;187
1240;1306;198;MANDRILLS BKB_198_20190729_id198_femadu_(5).jpg;66
1354;1398;198;MANDRILLS BKB_198_20191029_id198_femadu.jpg;44
1378;1516;198;MANDRILLS BKB_198_20200224_id198_femadu_(1).jpg;138
1504;1516;198;MANDRILLS BKB_198_20200224_id198_femadu_(2).jpg;12
1390;1516;198;MANDRILLS BKB_198_20200224_id198_femadu_(3).jpg;126
1334;1516;198;MANDRILLS BKB_198_20200224_id198_femadu_(4).jpg;182
1340;1567;198;MANDRILLS BKB_198_20200415_id198_femadu_(1).jpg;227
1334;1567;198;MANDRILLS BKB_198_20200415_id198_femadu_(2).jpg;233
1191;1567;198;MANDRILLS BKB_198_20200415_id198_femadu_(3).jpg;376
1370;1752;198;MANDRILLS BKB_198_20201017_id198_femadu.jpg;382
1496;1790;198;MANDRILLS BKB_198_20201124_id198_femadu.jpg;294
1587;1790;198;MANDRILLS BKB_198_20201124_id198_femadu_(1).jpg;203
1707;1790;198;MANDRILLS BKB_198_20201124_id198_femadu_(2).jpg;83
1699;1791;198;MANDRILLS BKB_198_20201125_id198_femadu_(1).jpg;92
1578;1791;198;MANDRILLS BKB_198_20201125_id198_femadu_(3).jpg;213
1679;1791;198;MANDRILLS BKB_198_20201125_id198_femadu_(4).jpg;112
1518;1811;198;MANDRILLS BKB_198_20201215_id198_femadu_(1).jpg;293
1986;1811;198;MANDRILLS BKB_198_20201215_id198_femadu_(2).jpg;175
1654;1811;198;MANDRILLS BKB_198_20201215_id198_femadu_(4).jpg;157
1760;1811;198;MANDRILLS BKB_198_20201215_id198_femadu_(5).jpg;51
1581;1811;198;MANDRILLS BKB_198_20201215_id198_femadu_(6).jpg;230
1687;1811;198;MANDRILLS BKB_198_20201215_id198_femadu_(7).jpg;124
1280;1811;198;MANDRILLS BKB_198_20201215_id198_femadu_(8).jpg;531
1643;1811;198;MANDRILLS BKB_198_20201215_id198_femadu_(9).jpg;168
1564;1827;198;MANDRILLS BKB_198_20201231_id198_femadu_(1).jpg;263
1472;1827;198;MANDRILLS BKB_198_20201231_id198_femadu_(2).jpg;355
1687;1827;198;MANDRILLS BKB_198_20201231_id198_femadu_(3).jpg;140
1692;1856;198;MANDRILLS BKB_198_20210129_id198_femadu_(1).jpg;164
1587;1856;198;MANDRILLS BKB_198_20210129_id198_femadu_(2).jpg;269
1846;1856;198;MANDRILLS BKB_198_20210129_id198_femadu_(3).jpg;10
1830;1859;198;MANDRILLS BKB_198_20210201_id198_femadu_(1).jpg;29
1723;1859;198;MANDRILLS BKB_198_20210201_id198_femadu_(2).jpg;136
1686;1859;198;MANDRILLS BKB_198_20210201_id198_femadu_(3).jpg;173
1727;1859;198;MANDRILLS BKB_198_20210201_id198_femadu_(4).jpg;132
1729;1859;198;MANDRILLS BKB_198_20210201_id198_femadu_(5).jpg;130
1874;1859;198;MANDRILLS BKB_198_20210201_id198_femadu_(6).jpg;15
1647;1859;198;MANDRILLS BKB_198_20210201_id198_femadu_(7).jpg;212
1701;1859;198;MANDRILLS BKB_198_20210201_id198_femadu_(8).jpg;158
1725;1859;198;MANDRILLS BKB_198_20210201_id198_femadu_(9).jpg;134
1588;1861;198;MANDRILLS BKB_198_20210203_id198_femadu.jpg;273
1615;1937;198;MANDRILLS BKB_198_20210420_id198_femadu.jpg;322
1926;2068;198;MANDRILLS BKB_198_20210829_id198_femadu_(1).jpg;142
1765;2068;198;MANDRILLS BKB_198_20210829_id198_femadu_(2).jpg;303
1736;2068;198;MANDRILLS BKB_198_20210829_id198_femadu_(3).jpg;332
1683;2079;198;MANDRILLS BKB_198_20210909_id198_femadu.jpg;396
1797;2082;198;MANDRILLS BKB_198_20210912_id198_femadu.jpg;285
2016;2133;198;MANDRILLS BKB_198_20211102_id198_femadu.jpg;117
1831;2150;198;MANDRILLS BKB_198_20211119_id198_femadu_(2).jpg;319
2072;2153;198;MANDRILLS BKB_198_20211122_id198_femadu_(1).jpg;81
1930;2153;198;MANDRILLS BKB_198_20211122_id198_femadu_(2).jpg;223
1953;2155;198;MANDRILLS BKB_198_20211124_id198_femadu.jpg;202
2049;2165;198;MANDRILLS BKB_198_20211204_ID198_femadu.jpg;116
1725;2182;198;MANDRILLS BKB_198_20211221_id198_femadu.jpg;457
1812;2188;198;MANDRILLS BKB_198_20211227_id198_femadu.jpg;376
1810;2234;198;MANDRILLS BKB_198_20220211_id198_femadu (1).jpg;424
1871;2234;198;MANDRILLS BKB_198_20220211_id198_femadu (2).jpg;363
2076;2234;198;MANDRILLS BKB_198_20220211_id198_femadu (3).jpg;158
2036;2241;198;MANDRILLS BKB_198_20220218_id198_femadu.jpg;205
2045;2260;198;MANDRILLS BKB_198_20220309_id198_femadu (1).jpg;215
1975;2260;198;MANDRILLS BKB_198_20220309_id198_femadu (2).jpg;285
1879;2281;198;MANDRILLS BKB_198_20220330_id198_femadu (3).jpg;402
2227;2281;198;MANDRILLS BKB_198_20220330_id198_femadu (4).jpg;54
1911;2321;198;MANDRILLS BKB_198_20220509_id198_femadu (1).jpg;410
1895;2321;198;MANDRILLS BKB_198_20220509_id198_femadu (3).jpg;426
2393;2321;198;MANDRILLS BKB_198_20220509_id198_femadu (4).jpg;72
2317;2321;198;MANDRILLS BKB_198_20220509_id198_femadu.jpg;4
2312;2330;198;MANDRILLS BKB_198_20220518_id198_femadu.jpg;18
2012;2351;198;MANDRILLS BKB_198_20220608_id198_femadu.jpg;339
2009;2353;198;MANDRILLS BKB_198_20220610_id198_femadu (2).jpg;344
1717;2353;198;MANDRILLS BKB_198_20220610_id198_femadu (3).jpg;636
2257;2363;198;MANDRILLS BKB_198_20220620_id198_femadu (2).jpg;106
1959;2367;198;MANDRILLS BKB_198_20220624_id198_femadu (1).jpg;408
2441;2367;198;MANDRILLS BKB_198_20220624_id198_femadu (2).jpg;74
2110;2372;198;MANDRILLS BKB_198_20220629_id198 (1).jpg;262
2011;2372;198;MANDRILLS BKB_198_20220629_id198 (2).jpg;361
2023;2384;198;MANDRILLS BKB_198_20220711_id198 (2).jpg;361
1772;2384;198;MANDRILLS BKB_198_20220711_id198.jpg;612
2030;2386;198;MANDRILLS BKB_198_20220713_id198 (1).jpg;356
2070;2386;198;MANDRILLS BKB_198_20220713_id198 (2).jpg;316
2245;2387;198;MANDRILLS BKB_198_20220714_id198 (2).jpg;142
2100;2387;198;MANDRILLS BKB_198_20220714_id198_femadu.jpg;287
2330;2427;198;MANDRILLS BKB_198_20220823_id198 (2).jpg;97
2185;2427;198;MANDRILLS BKB_198_20220823_id198 (3).jpg;242
2103;2427;198;MANDRILLS BKB_198_20220823_id198 (4).jpg;324
2287;2427;198;MANDRILLS BKB_198_20220823_id198 (5).jpg;140
1754;2427;198;MANDRILLS BKB_198_20220823_id198.jpg;673
1780;2430;198;MANDRILLS BKB_198_20220826_id198 (1).jpg;650
2400;2430;198;MANDRILLS BKB_198_20220826_id198 (2).jpg;30
2065;2450;198;MANDRILLS BKB_198_20220915_id198.jpg;385
2591;2463;198;MANDRILLS BKB_198_20220928_id198 (2).jpg;128
2170;2463;198;MANDRILLS BKB_198_20220928_id198.jpg;293
1969;2470;198;MANDRILLS BKB_198_20221005_id198.jpg;501
1926;2512;198;MANDRILLS BKB_198_20221116_id198.jpg;586
1871;2535;198;MANDRILLS BKB_198_20221209_id198 (1).jpg;664
1948;2537;198;MANDRILLS BKB_198_20221211_id198.jpg;589
1964;2540;198;MANDRILLS BKB_198_20221214_id198.jpg;576
1879;2553;198;MANDRILLS BKB_198_20221227_id198.jpg;674
540;462;216;MANDRILLS BKB_216_20180613_id2016_maljuv_(1)_ORIGINAL.jpg;78
513;462;216;MANDRILLS BKB_216_20180613_id2016_maljuv_(10)_ORIGINAL.jpg;51
539;462;216;MANDRILLS BKB_216_20180613_id2016_maljuv_(11)_ORIGINAL.jpg;77
628;462;216;MANDRILLS BKB_216_20180613_id2016_maljuv_(12)_ORIGINAL.jpg;166
433;462;216;MANDRILLS BKB_216_20180613_id2016_maljuv_(13)_ORIGINAL.jpg;29
616;462;216;MANDRILLS BKB_216_20180613_id2016_maljuv_(14)_ORIGINAL.jpg;154
466;462;216;MANDRILLS BKB_216_20180613_id2016_maljuv_(15)_ORIGINAL.jpg;4
619;462;216;MANDRILLS BKB_216_20180613_id2016_maljuv_(16)_ORIGINAL.jpg;157
536;462;216;MANDRILLS BKB_216_20180613_id2016_maljuv_(19)_ORIGINAL.jpg;74
681;462;216;MANDRILLS BKB_216_20180613_id2016_maljuv_(2)_ORIGINAL.jpg;219
566;462;216;MANDRILLS BKB_216_20180613_id2016_maljuv_(20)_ORIGINAL.jpg;104
505;462;216;MANDRILLS BKB_216_20180613_id2016_maljuv_(21)_ORIGINAL.jpg;43
670;462;216;MANDRILLS BKB_216_20180613_id2016_maljuv_(22)_ORIGINAL.jpg;208
503;462;216;MANDRILLS BKB_216_20180613_id2016_maljuv_(23)_ORIGINAL.jpg;41
549;462;216;MANDRILLS BKB_216_20180613_id2016_maljuv_(24)_ORIGINAL.jpg;87
537;462;216;MANDRILLS BKB_216_20180613_id2016_maljuv_(25)_ORIGINAL.jpg;75
579;462;216;MANDRILLS BKB_216_20180613_id2016_maljuv_(4)_ORIGINAL.jpg;117
489;462;216;MANDRILLS BKB_216_20180613_id2016_maljuv_(5)_ORIGINAL.jpg;27
661;462;216;MANDRILLS BKB_216_20180613_id2016_maljuv_(8)_ORIGINAL.jpg;199
507;462;216;MANDRILLS BKB_216_20180613_id2016_maljuv_(9)_ORIGINAL.jpg;45
688;477;216;MANDRILLS BKB_216_20180628_id2016_maljuv_(1)_ORIGINAL.jpg;211
554;477;216;MANDRILLS BKB_216_20180628_id2016_maljuv_(2)_ORIGINAL.jpg;77
465;477;216;MANDRILLS BKB_216_20180628_id2016_maljuv_(3)_ORIGINAL.jpg;12
627;477;216;MANDRILLS BKB_216_20180628_id2016_maljuv_(6)_ORIGINAL.jpg;150
502;477;216;MANDRILLS BKB_216_20180628_id2016_maljuv_(7)_ORIGINAL.jpg;25
611;477;216;MANDRILLS BKB_216_20180628_id2016_maljuv_(8)_ORIGINAL.jpg;134
521;477;216;MANDRILLS BKB_216_20180628_id2016_maljuv_(9)_ORIGINAL.jpg;44
509;483;216;MANDRILLS BKB_216_20180704_id2016_maljuvDROITE_(1)_ORIGINAL.jpg;26
462;483;216;MANDRILLS BKB_216_20180704_id2016_maljuvDROITE_(2)_ORIGINAL.jpg;21
444;483;216;MANDRILLS BKB_216_20180704_id2016_maljuvDROITE_(3)_ORIGINAL.jpg;39
924;483;216;MANDRILLS BKB_216_20180704_id2016_maljuvDROITE_(4)_ORIGINAL.jpg;441
467;483;216;MANDRILLS BKB_216_20180704_id2016_maljuvDROITE_(5)_ORIGINAL.jpg;16
510;483;216;MANDRILLS BKB_216_20180704_id2016_maljuvDROITE_(6)_ORIGINAL.jpg;27
667;484;216;MANDRILLS BKB_216_20180705_id2016_maljuv_(1)_ORIGINAL.jpg;183
512;484;216;MANDRILLS BKB_216_20180705_id2016_maljuv_(4)_ORIGINAL.jpg;28
627;505;216;MANDRILLS BKB_216_20180726_id2016_maljuv_(1)_ORIGINAL.jpg;122
584;505;216;MANDRILLS BKB_216_20180726_id2016_maljuv_(3)_ORIGINAL.jpg;79
695;671;216;MANDRILLS BKB_216_20190108_id2016_maljuv_(2)_ORIGINAL.jpg;24
805;671;216;MANDRILLS BKB_216_20190108_id2016_maljuv_(3)_ORIGINAL.jpg;134
772;671;216;MANDRILLS BKB_216_20190108_id2016_maljuv_(4)_ORIGINAL.jpg;101
891;671;216;MANDRILLS BKB_216_20190108_id2016_maljuv_(5)_ORIGINAL.jpg;220
824;735;216;MANDRILLS BKB_216_20190313_id2016_maljuv_(1).jpg;89
843;735;216;MANDRILLS BKB_216_20190313_id2016_maljuv_(2).jpg;108
995;735;216;MANDRILLS BKB_216_20190313_id2016_maljuv_(3).jpg;260
1065;739;216;MANDRILLS BKB_216_20190317_id2016_maljuv_(1).jpg;326
914;739;216;MANDRILLS BKB_216_20190317_id2016_maljuv_(2).jpg;175
847;739;216;MANDRILLS BKB_216_20190317_id2016_maljuv_(3).jpg;108
1102;739;216;MANDRILLS BKB_216_20190317_id2016_maljuv_(4).jpg;363
918;739;216;MANDRILLS BKB_216_20190317_id2016_maljuv_(5).jpg;179
1061;739;216;MANDRILLS BKB_216_20190317_id2016_maljuv_DROITE_(1).jpg;322
899;739;216;MANDRILLS BKB_216_20190317_id2016_maljuv_DROITE_(2).jpg;160
1004;741;216;MANDRILLS BKB_216_20190319_id2016_maljuv.jpg;263
1168;880;216;MANDRILLS BKB_216_20190805_id2016_maljuv_(1).jpg;288
1029;885;216;MANDRILLS BKB_216_20190810_id2016_maljuv_BAS_(1).jpg;144
1081;885;216;MANDRILLS BKB_216_20190810_id2016_maljuv_BAS_(3).jpg;196
1123;910;216;MANDRILLS BKB_216_20190904_id2016_maljuv_(1).jpg;213
1133;910;216;MANDRILLS BKB_216_20190904_id2016_maljuv_(3).jpg;223
1122;910;216;MANDRILLS BKB_216_20190904_id2016_maljuv_(4).jpg;212
1105;910;216;MANDRILLS BKB_216_20190904_id2016_maljuv_HAUT_(1).jpg;195
1147;910;216;MANDRILLS BKB_216_20190904_id2016_maljuv_HAUT_(2).jpg;237
1352;910;216;MANDRILLS BKB_216_20190904_id2016_maljuv_HAUT_(4).jpg;442
878;910;216;MANDRILLS BKB_216_20190904_id2016_maljuv_HAUT_(6).jpg;32
1018;910;216;MANDRILLS BKB_216_20190904_id2016_maljuv_HAUT_(7).jpg;108
1159;910;216;MANDRILLS BKB_216_20190904_id2016_maljuv_HAUT_(8).jpg;249
1209;924;216;MANDRILLS BKB_216_20190918_id2016_maljuv_(1).jpg;285
1092;924;216;MANDRILLS BKB_216_20190918_id2016_maljuv_(3).jpg;168
1100;924;216;MANDRILLS BKB_216_20190918_id2016_maljuv_(4).jpg;176
1019;924;216;MANDRILLS BKB_216_20190918_id2016_maljuv_(5).jpg;95
1095;981;216;MANDRILLS BKB_216_20191114_id2016_maljuv.jpg;114
1118;1008;216;MANDRILLS BKB_216_20191211_id2016_maljuv.jpg;110
1275;1035;216;MANDRILLS BKB_216_20200107_id2016_maljuv.jpg;240
1273;1070;216;MANDRILLS BKB_216_20200211_id2016_maljuv.jpg;203
1120;1108;216;MANDRILLS BKB_216_20200320_id2016_maljuv.jpg;12
1280;1118;216;MANDRILLS BKB_216_20200330_id2016_maljuv.jpg;162
1246;1319;216;MANDRILLS BKB_216_20201017_id216_maljuv_(1).jpg;73
1365;1319;216;MANDRILLS BKB_216_20201017_id216_maljuv_(2).jpg;46
1243;1319;216;MANDRILLS BKB_216_20201017_id216_maljuv_(3).jpg;76
1524;1322;216;MANDRILLS BKB_216_20201020_id216_maljuv_(1).jpg;202
1305;1322;216;MANDRILLS BKB_216_20201020_id216_maljuv_(2).jpg;17
1413;1324;216;MANDRILLS BKB_216_20201022_id216_maljuv_(1).jpg;89
1280;1324;216;MANDRILLS BKB_216_20201022_id216_maljuv_(2).jpg;44
1436;1330;216;MANDRILLS BKB_216_20201028_id216_maljuv_(1).jpg;106
1666;1330;216;MANDRILLS BKB_216_20201028_id216_maljuv_(3).jpg;336
1498;1337;216;MANDRILLS BKB_216_20201104_id216_maljuv_(1).jpg;161
1403;1337;216;MANDRILLS BKB_216_20201104_id216_maljuv_(2).jpg;66
1641;1380;216;MANDRILLS BKB_216_20201217_id216_maljuv_(1).jpg;261
1579;1380;216;MANDRILLS BKB_216_20201217_id216_maljuv_(2).jpg;199
1572;1380;216;MANDRILLS BKB_216_20201217_id216_maljuv_(3).jpg;192
1803;1380;216;MANDRILLS BKB_216_20201217_id216_maljuv_(4).jpg;423
1440;1384;216;MANDRILLS BKB_216_20201221_id216_maljuv.jpg;56
1494;1385;216;MANDRILLS BKB_216_20201222_id216_maljuv-2.jpg;109
1429;1385;216;MANDRILLS BKB_216_20201222_id216_maljuv.jpg;44
1256;1534;222;MANDRILLS BKB_222_20200330_id222_fem_(1).jpg;278
1197;1534;222;MANDRILLS BKB_222_20200330_id222_fem_(2).jpg;337
1190;1534;222;MANDRILLS BKB_222_20200330_id222_fem_(3).jpg;344
1216;1534;222;MANDRILLS BKB_222_20200330_id222_fem_(4).jpg;318
1216;1534;222;MANDRILLS BKB_222_20200330_id222_fem_(5).jpg;318
1143;1566;222;MANDRILLS BKB_222_20200501_id222_fem.jpg;423
1271;1740;222;MANDRILLS BKB_222_20201022_id222_fem_(1).jpg;469
1234;1740;222;MANDRILLS BKB_222_20201022_id222_fem_(2).jpg;506
1313;1755;222;MANDRILLS BKB_222_20201106_id222_fem.jpg;442
1366;1794;222;MANDRILLS BKB_222_20201215_id222_fem_(1).jpg;428
1600;1794;222;MANDRILLS BKB_222_20201215_id222_fem_(2).jpg;194
1555;1801;222;MANDRILLS BKB_222_20201222_id222_fem.jpg;246
1330;1814;222;MANDRILLS BKB_222_20210104_id222_fem.jpg;484
1387;1839;222;MANDRILLS BKB_222_20210129_id222_fem_(1).jpg;452
1546;1839;222;MANDRILLS BKB_222_20210129_id222_fem_(2).jpg;293
1431;1839;222;MANDRILLS BKB_222_20210129_id222_fem_(3).jpg;408
1315;1839;222;MANDRILLS BKB_222_20210129_id222_fem_(4).jpg;524
1534;1839;222;MANDRILLS BKB_222_20210129_id222_fem_(5).jpg;305
1552;1840;222;MANDRILLS BKB_222_20210130_id222_fem.jpg;288
1412;1844;222;MANDRILLS BKB_222_20210203_id222_fem.jpg;432
1310;1853;222;MANDRILLS BKB_222_20210212_id222_fem_(1).jpg;543
1410;1853;222;MANDRILLS BKB_222_20210212_id222_fem_(2).jpg;443
1318;1853;222;MANDRILLS BKB_222_20210212_id222_fem_(3).jpg;535
1268;1853;222;MANDRILLS BKB_222_20210212_id222_fem_(4).jpg;585
1460;1853;222;MANDRILLS BKB_222_20210212_id222_fem_(5).jpg;393
1422;1855;222;MANDRILLS BKB_222_20210214_id222_fem.jpg;433
1322;1862;222;MANDRILLS BKB_222_20210221_id222_fem_(1).jpg;540
1397;1862;222;MANDRILLS BKB_222_20210221_id222_fem_(2).jpg;465
1285;1870;222;MANDRILLS BKB_222_20210301_id222_femadu_(1).jpg;585
1490;1870;222;MANDRILLS BKB_222_20210301_id222_femadu_(2).jpg;380
1365;1894;222;MANDRILLS BKB_222_20210325_id222_femadu.jpg;529
1428;1919;222;MANDRILLS BKB_222_20210419_id222_femadu.jpg;491
1723;1957;222;MANDRILLS BKB_222_20210527_id222_femadu_(1).jpg;234
1533;1957;222;MANDRILLS BKB_222_20210527_id222_femadu_(2).jpg;424
1667;1957;222;MANDRILLS BKB_222_20210527_id222_femadu_(3).jpg;290
1598;1957;222;MANDRILLS BKB_222_20210527_id222_femadu_(4).jpg;359
1535;1957;222;MANDRILLS BKB_222_20210527_id222_femadu_(5).jpg;422
1681;2069;222;MANDRILLS BKB_222_20210916_id222_femadu.jpg;388
1549;2072;222;MANDRILLS BKB_222_20210919_id222_femadu (1).jpg;523
1451;2080;222;MANDRILLS BKB_222_20210927_id222_femadu.jpg;629
1591;2088;222;MANDRILLS BKB_222_20211005_id222_femadu_(1).jpg;497
1689;2088;222;MANDRILLS BKB_222_20211005_id222_femadu_(2).jpg;399
1625;2089;222;MANDRILLS BKB_222_20211006_id222_femadu.jpg;464
2008;2099;222;MANDRILLS BKB_222_20211016_id222_femadu.jpg;91
1660;2116;222;MANDRILLS BKB_222_20211102_id222_femadu.jpg;456
1476;2125;222;MANDRILLS BKB_222_20211111_id222_femadu.jpg;649
1544;2154;222;MANDRILLS BKB_222_20211210_id222_femadu_(1).jpg;610
1613;2154;222;MANDRILLS BKB_222_20211210_id222_femadu_(2).jpg;541
1994;2161;222;MANDRILLS BKB_222_20211217_id222_femadu_(3).jpg;167
1800;2161;222;MANDRILLS BKB_222_20211217_id222_femadu_(4).jpg;361
1799;2161;222;MANDRILLS BKB_222_20211217_id222_femadu_(5).jpg;362
1706;2161;222;MANDRILLS BKB_222_20211217_id222_femadu_(6).jpg;455
1655;2202;222;MANDRILLS BKB_222_20220127_id222 (2).jpg;547
1654;2202;222;MANDRILLS BKB_222_20220127_id222 (3).jpg;548
1672;2202;222;MANDRILLS BKB_222_20220127_id222 (4).jpg;530
1768;2202;222;MANDRILLS BKB_222_20220127_id222.jpg;434
1730;2207;222;MANDRILLS BKB_222_20220201_id222_femadu (1).jpg;477
1643;2207;222;MANDRILLS BKB_222_20220201_id222_femadu (2).jpg;564
2146;2227;222;MANDRILLS BKB_222_20220221_id222_femadu (1).jpg;81
1823;2227;222;MANDRILLS BKB_222_20220221_id222_femadu (2).jpg;404
1646;2232;222;MANDRILLS BKB_222_20220226_id222_feladu (1).jpg;586
1551;2232;222;MANDRILLS BKB_222_20220226_id222_feladu (2).jpg;681
1922;2232;222;MANDRILLS BKB_222_20220226_id222_feladu (3).jpg;310
1623;2232;222;MANDRILLS BKB_222_20220226_id222_femadu.jpg;609
2309;2243;222;MANDRILLS BKB_222_20220309_id222_femadu.jpg;66
1902;2257;222;MANDRILLS BKB_222_20220323_id222_femadu (1).jpg;355
1973;2257;222;MANDRILLS BKB_222_20220323_id222_femadu (2).jpg;284
1662;2257;222;MANDRILLS BKB_222_20220323_id222_femadu (3).jpg;595
1643;2258;222;MANDRILLS BKB_222_20220324_id222_femadu.jpg;615
1656;2272;222;MANDRILLS BKB_222_20220407_id222_femadu (1).jpg;616
1993;2272;222;MANDRILLS BKB_222_20220407_id222_femadu (3).jpg;279
1707;2272;222;MANDRILLS BKB_222_20220407_id222_femadu (4).jpg;565
2102;2275;222;MANDRILLS BKB_222_20220410_id222_femadu (1).jpg;173
2066;2275;222;MANDRILLS BKB_222_20220410_id222_femadu (2).jpg;209
2018;2275;222;MANDRILLS BKB_222_20220410_id222_femadu (3).jpg;257
1757;2292;222;MANDRILLS BKB_222_20220427_id222_femadu.jpg;535
2129;2310;222;MANDRILLS BKB_222_20220515_id222_femadu (1).jpg;181
1824;2310;222;MANDRILLS BKB_222_20220515_id222_femadu (2).jpg;486
2609;2310;222;MANDRILLS BKB_222_20220515_id222_femadu (3).jpg;299
2157;2310;222;MANDRILLS BKB_222_20220515_id222_femadu (4).jpg;153
2056;2311;222;MANDRILLS BKB_222_20220516_id222_femadu (1).jpg;255
1986;2311;222;MANDRILLS BKB_222_20220516_id222_femadu (2).jpg;325
1995;2313;222;MANDRILLS BKB_222_20220518_id222_femadu (1).jpg;318
1717;2313;222;MANDRILLS BKB_222_20220518_id222_femadu (2).jpg;596
1993;2313;222;MANDRILLS BKB_222_20220518_id222_femadu (3).jpg;320
1969;2313;222;MANDRILLS BKB_222_20220518_id222_femadu (4).jpg;344
1957;2324;222;MANDRILLS BKB_222_20220529_id222_femadu.jpg;367
1769;2355;222;MANDRILLS BKB_222_20220629_id222.jpg;586
1887;2362;222;MANDRILLS BKB_222_20220706_id222.jpg;475
1924;2367;222;MANDRILLS BKB_222_20220711_id222 (2).jpg;443
1957;2367;222;MANDRILLS BKB_222_20220711_id222 (3).jpg;410
2395;2367;222;MANDRILLS BKB_222_20220711_id222 (4).jpg;28
1938;2367;222;MANDRILLS BKB_222_20220711_id222.jpg;429
1772;2370;222;MANDRILLS BKB_222_20220714_id222_femadu (1).jpg;598
1711;2370;222;MANDRILLS BKB_222_20220714_id222_femadu (2).jpg;659
1984;2372;222;MANDRILLS BKB_222_20220716_id222.jpg;388
1878;2372;222;MANDRILLS BKB_222_20220716_id222_femadu.jpg;494
1622;2375;222;MANDRILLS BKB_222_20220719_id222.jpg;753
1977;2377;222;MANDRILLS BKB_222_20220721_id222.jpg;400
1697;2381;222;MANDRILLS BKB_222_20220725_id222.jpg;684
2067;2390;222;MANDRILLS BKB_222_20220803_id222 (2).jpg;323
2103;2390;222;MANDRILLS BKB_222_20220803_id222 (3).jpg;287
2193;2390;222;MANDRILLS BKB_222_20220803_id222.jpg;197
2503;2391;222;MANDRILLS BKB_222_20220804_id222.jpg;112
2053;2399;222;MANDRILLS BKB_222_20220812_id222 (1).jpg;346
2411;2413;222;MANDRILLS BKB_222_20220826_id222.jpg;2
1804;2422;222;MANDRILLS BKB_222_20220904_id222 (1).jpg;618
1861;2422;222;MANDRILLS BKB_222_20220904_id222 (2).jpg;561
2137;2423;222;MANDRILLS BKB_222_20220905_id222 (2).jpg;286
2056;2426;222;MANDRILLS BKB_222_20220908_id222 (1).jpg;370
1946;2426;222;MANDRILLS BKB_222_20220908_id222 (2).jpg;480
1905;2426;222;MANDRILLS BKB_222_20220908_id222 (3).jpg;521
2233;2430;222;MANDRILLS BKB_222_20220912_id222.jpg;197
1896;2453;222;MANDRILLS BKB_222_20221005_id222.jpg;557
1779;2470;222;MANDRILLS BKB_222_20221022_id222.jpg;691
2007;2496;222;MANDRILLS BKB_222_20221117_id222 (2).jpg;489
1866;2496;222;MANDRILLS BKB_222_20221117_id222 (3).jpg;630
1973;2496;222;MANDRILLS BKB_222_20221117_id222 (4).jpg;523
2064;2515;222;MANDRILLS BKB_222_20221206_id222.jpg;451
1583;2518;222;MANDRILLS BKB_222_20221209_id222 (1).jpg;935
2068;2518;222;MANDRILLS BKB_222_20221209_id222 (2).jpg;450
2141;2530;222;MANDRILLS BKB_222_20221221_id222.jpg;389
1140;942;223;MANDRILLS BKB_223_20190822_id223_fem_(1).jpg;198
885;942;223;MANDRILLS BKB_223_20190822_id223_fem_(2).jpg;57
891;942;223;MANDRILLS BKB_223_20190822_id223_fem_(3).jpg;51
791;976;223;MANDRILLS BKB_223_20190925_id223_fem_(1).jpg;185
1091;976;223;MANDRILLS BKB_223_20190925_id223_fem_(2).jpg;115
907;976;223;MANDRILLS BKB_223_20190925_id223_fem_(3).jpg;69
1121;1369;223;MANDRILLS BKB_223_20201022_id223_fem.jpg;248
1442;1421;223;MANDRILLS BKB_223_20201213_id223_fem.jpg;21
1362;1431;223;MANDRILLS BKB_223_20201223_id223_fem_(1).jpg;69
1355;1431;223;MANDRILLS BKB_223_20201223_id223_fem_(2).jpg;76
1475;1438;223;MANDRILLS BKB_223_20201230_id223_fem_(1).jpg;37
1315;1438;223;MANDRILLS BKB_223_20201230_id223_fem_(2).jpg;123
1309;1438;223;MANDRILLS BKB_223_20201230_id223_fem_(3).jpg;129
1425;1439;223;MANDRILLS BKB_223_20201231_id223_fem.jpg;14
1298;1468;223;MANDRILLS BKB_223_20210129_id223_fem_(1).jpg;170
1312;1468;223;MANDRILLS BKB_223_20210129_id223_fem_(2).jpg;156
1376;1474;223;MANDRILLS BKB_223_20210204_id223_fem_(1).jpg;98
1295;1474;223;MANDRILLS BKB_223_20210204_id223_fem_(2).jpg;179
1287;1474;223;MANDRILLS BKB_223_20210204_id223_fem_(3).jpg;187
1330;1474;223;MANDRILLS BKB_223_20210204_id223_fem_(4).jpg;144
1320;1531;223;MANDRILLS BKB_223_20210402_id223_femadu_(1).jpg;211
1277;1531;223;MANDRILLS BKB_223_20210402_id223_femadu_(2).jpg;254
1210;1534;223;MANDRILLS BKB_223_20210405_id223_femadu.jpg;324
1558;1643;223;MANDRILLS BKB_223_20210723_id223_femadu.jpg;85
1654;1646;223;MANDRILLS BKB_223_20210726_id223_femadu.jpg;8
1629;1719;223;MANDRILLS BKB_223_20211007_id223_femadu.jpg;90
1435;1751;223;MANDRILLS BKB_223_20211108_id223_femadu_(1).jpg;316
1909;1751;223;MANDRILLS BKB_223_20211108_id223_femadu_(10).jpg;158
1594;1751;223;MANDRILLS BKB_223_20211108_id223_femadu_(11).jpg;157
1360;1751;223;MANDRILLS BKB_223_20211108_id223_femadu_(4).jpg;391
1404;1751;223;MANDRILLS BKB_223_20211108_id223_femadu_(5).jpg;347
2064;1751;223;MANDRILLS BKB_223_20211108_id223_femadu_(6).jpg;313
1766;1751;223;MANDRILLS BKB_223_20211108_id223_femadu_(9).jpg;15
1881;1754;223;MANDRILLS BKB_223_20211111_id223_femadu.jpg;127
1676;1790;223;MANDRILLS BKB_223_20211217_id223_femadu.jpg;114
1356;1799;223;MANDRILLS BKB_223_20211226_id223_femadu_(1).jpg;443
1349;1799;223;MANDRILLS BKB_223_20211226_id223_femadu_(2).jpg;450
1556;1799;223;MANDRILLS BKB_223_20211226_id223_femadu_(3).jpg;243
1631;1799;223;MANDRILLS BKB_223_20211226_ID223_femadu_(4).jpg;168
1428;1799;223;MANDRILLS BKB_223_20211226_ID223_femadu_(5).jpg;371
1406;1820;223;MANDRILLS BKB_223_20220116_id223_femadu (1).jpg;414
1536;1820;223;MANDRILLS BKB_223_20220116_id223_femadu (2).jpg;284
1626;1831;223;MANDRILLS BKB_223_20220127_id223 (2).jpg;205
1451;1831;223;MANDRILLS BKB_223_20220127_id223 (3).jpg;380
2004;1831;223;MANDRILLS BKB_223_20220127_id223.jpg;173
1785;1836;223;MANDRILLS BKB_223_20220201_id223_femadu.jpg;51
2007;1851;223;MANDRILLS BKB_223_20220216_id223_femadu.jpg;156
1603;1872;223;MANDRILLS BKB_223_20220309_id223_femadu (1).jpg;269
1560;1872;223;MANDRILLS BKB_223_20220309_id223_femadu (2).jpg;312
2109;1872;223;MANDRILLS BKB_223_20220309_id223_femadu.jpg;237
1536;1893;223;MANDRILLS BKB_223_20220330_id223_femadu (1).jpg;357
1672;1893;223;MANDRILLS BKB_223_20220330_id223_femadu (2).jpg;221
1702;1895;223;MANDRILLS BKB_223_20220401_id223_femadu (1).jpg;193
1822;1895;223;MANDRILLS BKB_223_20220401_id223_femadu (2).jpg;73
1768;1895;223;MANDRILLS BKB_223_20220401_id223_femadu (3).jpg;127
2092;1941;223;MANDRILLS BKB_223_20220517_id223_femadu.jpg;151
2146;1959;223;MANDRILLS BKB_223_20220604_id223_femadu.jpg;187
1642;1984;223;MANDRILLS BKB_223_20220629_id223 (1).jpg;342
1780;1984;223;MANDRILLS BKB_223_20220629_id223 (2).jpg;204
1850;1994;223;MANDRILLS BKB_223_20220709_id223 (2).jpg;144
1913;1994;223;MANDRILLS BKB_223_20220709_id223.jpg;81
1654;1998;223;MANDRILLS BKB_223_20220713_id223 (2).jpg;344
1864;1999;223;MANDRILLS BKB_223_20220714_id223_femadu.jpg;135
1803;2006;223;MANDRILLS BKB_223_20220721_id223 (2).jpg;203
1709;2013;223;MANDRILLS BKB_223_20220728_id223.jpg;304
1726;2031;223;MANDRILLS BKB_223_20220815_id223.jpg;305
1593;2051;223;MANDRILLS BKB_223_20220904_id223.jpg;458
1744;2071;223;MANDRILLS BKB_223_20220924_id223.jpg;327
1666;2088;223;MANDRILLS BKB_223_20221011_id223.jpg;422
1798;2147;223;MANDRILLS BKB_223_20221209_id223 (1).jpg;349
2333;2156;223;MANDRILLS BKB_223_20221218_id 223.jpg;177
1538;1427;225;MANDRILLS BKB_225_20201215_id225_fem_(2).jpg;111
1676;1427;225;MANDRILLS BKB_225_20201215_id225_fem_(3).jpg;249
1654;1427;225;MANDRILLS BKB_225_20201215_id225_fem_(4).jpg;227
1597;1427;225;MANDRILLS BKB_225_20201215_id225_fem_(5).jpg;170
1556;1427;225;MANDRILLS BKB_225_20201215_id225_fem_(6).jpg;129
1523;1427;225;MANDRILLS BKB_225_20201215_id225_fem_(7).jpg;96
1399;1447;225;MANDRILLS BKB_225_20210104_id225_fem_(1).jpg;48
1538;1447;225;MANDRILLS BKB_225_20210104_id225_fem_(2).jpg;91
1668;1449;225;MANDRILLS BKB_225_20210106_id225_fem_(1).jpg;219
1528;1449;225;MANDRILLS BKB_225_20210106_id225_fem_(2).jpg;79
1538;1471;225;MANDRILLS BKB_225_20210128_id225_fem_(1).jpg;67
1456;1471;225;MANDRILLS BKB_225_20210128_id225_fem_(2).jpg;15
1371;1472;225;MANDRILLS BKB_225_20210129_id225_fem.jpg;101
1214;1486;225;MANDRILLS BKB_225_20210212_id225_fem.jpg;272
1274;1500;225;MANDRILLS BKB_225_20210226_id225_fem.jpg;226
1465;1540;225;MANDRILLS BKB_225_20210407_id225_femadu_(1).jpg;75
1433;1540;225;MANDRILLS BKB_225_20210407_id225_femadu_(2).jpg;107
1538;1543;225;MANDRILLS BKB_225_20210410_id225_femadu.jpg;5
1753;1552;225;MANDRILLS BKB_225_20210419_id225_femadu_(1).jpg;201
1857;1552;225;MANDRILLS BKB_225_20210419_id225_femadu_(2).jpg;305
1723;1590;225;MANDRILLS BKB_225_20210527_id225_femadu_(1).jpg;133
1599;1590;225;MANDRILLS BKB_225_20210527_id225_femadu_(2).jpg;9
1683;1642;225;MANDRILLS BKB_225_20210718_id225_femadu.jpg;41
1767;1647;225;MANDRILLS BKB_225_20210723_id225_femadu_(1).jpg;120
1619;1647;225;MANDRILLS BKB_225_20210723_id225_femadu_(2).jpg;28
1887;1705;225;MANDRILLS BKB_225_20210919_id225_femadu (1).jpg;182
1693;1705;225;MANDRILLS BKB_225_20210919_id225_femadu (2).jpg;12
1673;1705;225;MANDRILLS BKB_225_20210919_id225_femadu (3).jpg;32
1948;1735;225;MANDRILLS BKB_225_20211019_id225_femadu.jpg;213
1823;1766;225;MANDRILLS BKB_225_20211119_id225_femadu.jpg;57
1900;1769;225;MANDRILLS BKB_225_20211122_id225_femadu.jpg;131
1944;1838;225;MANDRILLS BKB_225_20220130_id225 (2).jpg;106
1861;1838;225;MANDRILLS BKB_225_20220130_id225 (3).jpg;23
2102;1838;225;MANDRILLS BKB_225_20220130_id225.jpg;264
2076;1841;225;MANDRILLS BKB_225_20220202_id225_femadu.jpg;235
1788;1850;225;MANDRILLS BKB_225_20220211_id225_femadu (1).jpg;62
1996;1850;225;MANDRILLS BKB_225_20220211_id225_femadu (2).jpg;146
2076;1855;225;MANDRILLS BKB_225_20220216_id225_femadu.jpg;221
1992;1886;225;MANDRILLS BKB_225_20220319_id225_femadu.jpg;106
2142;1889;225;MANDRILLS BKB_225_20220322_id225_femadu (1).jpg;253
2029;1889;225;MANDRILLS BKB_225_20220322_id225_femadu (2).jpg;140
2168;1889;225;MANDRILLS BKB_225_20220322_id225_femadu (3).jpg;279
2447;1889;225;MANDRILLS BKB_225_20220322_id225_femadu (4).jpg;558
2042;1890;225;MANDRILLS BKB_225_20220323_id225_femadu (1).jpg;152
2085;1890;225;MANDRILLS BKB_225_20220323_id225_femadu (2).jpg;195
2081;1890;225;MANDRILLS BKB_225_20220323_id225_femadu (3).jpg;191
1889;1908;225;MANDRILLS BKB_225_20220410_id225_femadu.jpg;19
2186;1924;225;MANDRILLS BKB_225_20220426_id225_femadu (1).jpg;262
2075;1924;225;MANDRILLS BKB_225_20220426_id225_femadu (2).jpg;151
1851;1944;225;MANDRILLS BKB_225_20220516_id225_femadu.jpg;93
2683;1946;225;MANDRILLS BKB_225_20220518_id225_femadu (1).jpg;737
2124;1946;225;MANDRILLS BKB_225_20220518_id225_femadu (2).jpg;178
2073;1946;225;MANDRILLS BKB_225_20220518_id225_femadu (3).jpg;127
1856;1965;225;MANDRILLS BKB_225_20220606_id225_femadu (1).jpg;109
2275;1965;225;MANDRILLS BKB_225_20220606_id225_femadu (2).jpg;310
1739;1969;225;MANDRILLS BKB_225_20220610_id225_femadu (1).jpg;230
1994;1969;225;MANDRILLS BKB_225_20220610_id225_femadu (2).jpg;25
1766;1974;225;MANDRILLS BKB_225_20220615_id225_femadu (1).jpg;208
2032;1974;225;MANDRILLS BKB_225_20220615_id225_femadu (2).jpg;58
2047;1974;225;MANDRILLS BKB_225_20220615_id225_femadu (3).jpg;73
1845;1974;225;MANDRILLS BKB_225_20220615_id225_femadu (4).jpg;129
2434;1978;225;MANDRILLS BKB_225_20220619_id225_femadu (1).jpg;456
1781;1978;225;MANDRILLS BKB_225_20220619_id225_femadu (2).jpg;197
1995;1981;225;MANDRILLS BKB_225_20220622_id225_femadu (2).jpg;14
2263;1988;225;MANDRILLS BKB_225_20220629_id225.jpg;275
2158;1995;225;MANDRILLS BKB_225_20220706_id225 (2).jpg;163
2443;1995;225;MANDRILLS BKB_225_20220706_id225.jpg;448
2115;2000;225;MANDRILLS BKB_225_20220711_id225 (2).jpg;115
2120;2000;225;MANDRILLS BKB_225_20220711_id225.jpg;120
2172;2001;225;MANDRILLS BKB_225_20220712_id225.jpg;171
1979;2003;225;MANDRILLS BKB_225_20220714_id225_femadu.jpg;24
2394;2008;225;MANDRILLS BKB_225_20220719_id225 (1).jpg;386
2022;2008;225;MANDRILLS BKB_225_20220719_id225 (2).jpg;14
3002;2025;225;MANDRILLS BKB_225_20220805_id225 (1).jpg;977
2132;2025;225;MANDRILLS BKB_225_20220805_id225 (2).jpg;107
2112;2032;225;MANDRILLS BKB_225_20220812_id225 (1).jpg;80
2016;2032;225;MANDRILLS BKB_225_20220812_id225 (2).jpg;16
2162;2038;225;MANDRILLS BKB_225_20220818_id225 (2).jpg;124
1876;2043;225;MANDRILLS BKB_225_20220823_id225 (2).jpg;167
2222;2043;225;MANDRILLS BKB_225_20220823_id225.jpg;179
2200;2046;225;MANDRILLS BKB_225_20220826_id225.jpg;154
1831;2055;225;MANDRILLS BKB_225_20220904_id225.jpg;224
2100;2062;225;MANDRILLS BKB_225_20220911_id225.jpg;38
2066;2086;225;MANDRILLS BKB_225_20221005_id225 (1).jpg;20
2573;2086;225;MANDRILLS BKB_225_20221005_id225 (2).jpg;487
2115;2100;225;MANDRILLS BKB_225_20221019_id225 (1).jpg;15
2015;2100;225;MANDRILLS BKB_225_20221019_id225 (2).jpg;85
2113;2103;225;MANDRILLS BKB_225_20221022_id225 (1).jpg;10
2134;2103;225;MANDRILLS BKB_225_20221022_id225 (2).jpg;31
2282;2151;225;MANDRILLS BKB_225_20221209_id225.jpg;131
2083;2169;225;MANDRILLS BKB_225_20221227_id225.jpg;86
730;778;231;MANDRILLS BKB_231_20200108_id231_fem_(1).jpg;48
712;778;231;MANDRILLS BKB_231_20200108_id231_fem_(2).jpg;66
640;778;231;MANDRILLS BKB_231_20200108_id231_fem_(3).jpg;138
614;778;231;MANDRILLS BKB_231_20200108_id231_fem_(4).jpg;164
656;778;231;MANDRILLS BKB_231_20200108_id231_fem_(5).jpg;122
680;778;231;MANDRILLS BKB_231_20200108_id231_fem_(6).jpg;98
1302;1140;231;MANDRILLS BKB_231_20210104_id231_fem_(1).jpg;162
938;1140;231;MANDRILLS BKB_231_20210104_id231_fem_(2).jpg;202
986;1140;231;MANDRILLS BKB_231_20210104_id231_fem_(3).jpg;154
910;1142;231;MANDRILLS BKB_231_20210106_id231_fem_(1).jpg;232
981;1142;231;MANDRILLS BKB_231_20210106_id231_fem_(2).jpg;161
1005;1142;231;MANDRILLS BKB_231_20210106_id231_fem_(3).jpg;137
903;1142;231;MANDRILLS BKB_231_20210106_id231_fem_(4).jpg;239
937;1142;231;MANDRILLS BKB_231_20210106_id231_fem_(5).jpg;205
877;1142;231;MANDRILLS BKB_231_20210106_id231_fem_(6).jpg;265
1095;1142;231;MANDRILLS BKB_231_20210106_id231_fem_(7).jpg;47
930;1152;231;MANDRILLS BKB_231_20210116_id231_fem_(1).jpg;222
1026;1152;231;MANDRILLS BKB_231_20210116_id231_fem_(2).jpg;126
1071;1164;231;MANDRILLS BKB_231_20210128_id231_fem.jpg;93
1053;1165;231;MANDRILLS BKB_231_20210129_id231_fem_(1).jpg;112
833;1165;231;MANDRILLS BKB_231_20210129_id231_fem_(2).jpg;332
905;1165;231;MANDRILLS BKB_231_20210129_id231_fem_(3).jpg;260
1114;1248;231;MANDRILLS BKB_231_20210422_id231_femjuv_(1).jpg;134
1038;1248;231;MANDRILLS BKB_231_20210422_id231_femjuv_(2).jpg;210
1022;1248;231;MANDRILLS BKB_231_20210422_id231_femjuv_(3).jpg;226
1022;1248;231;MANDRILLS BKB_231_20210422_id231_femjuv_(4).jpg;226
1283;1249;231;MANDRILLS BKB_231_20210423_id231_femjuv_(1).jpg;34
1118;1400;231;MANDRILLS BKB_231_20210921_id231_femjuv (1).jpg;282
1061;1400;231;MANDRILLS BKB_231_20210921_id231_femjuv (2).jpg;339
1244;1448;231;MANDRILLS BKB_231_20211108_id231_femjuv_(10).jpg;204
1178;1448;231;MANDRILLS BKB_231_20211108_id231_femjuv_(12).jpg;270
1353;1448;231;MANDRILLS BKB_231_20211108_id231_femjuv_(3).jpg;95
1244;1448;231;MANDRILLS BKB_231_20211108_id231_femjuv_(5).jpg;204
1202;1448;231;MANDRILLS BKB_231_20211108_id231_femjuv_(8).jpg;246
1319;1448;231;MANDRILLS BKB_231_20211108_id231_femjuv_(9).jpg;129
1258;1496;231;MANDRILLS BKB_231_20211226_id231_femjuv_(1).jpg;238
1380;1527;231;MANDRILLS BKB_231_20220126_id231.jpg;147
1393;1579;231;MANDRILLS BKB_231_20220319_id231_femadu (2).jpg;186
1661;1579;231;MANDRILLS BKB_231_20220319_id231_femadu (3).jpg;82
1485;1601;231;MANDRILLS BKB_231_20220410_id231_femadu (2).jpg;116
1526;1601;231;MANDRILLS BKB_231_20220410_id231_femadu (3).jpg;75
1526;1601;231;MANDRILLS BKB_231_20220410_id231_femadu (4).jpg;75
1554;1601;231;MANDRILLS BKB_231_20220410_id231_femadu.jpg;47
1642;1617;231;MANDRILLS BKB_231_20220426_id231_femadu (1).jpg;25
1548;1617;231;MANDRILLS BKB_231_20220426_id231_femadu (2).jpg;69
1554;1618;231;MANDRILLS BKB_231_20220427_id231_femadu.jpg;64
1568;1654;231;MANDRILLS BKB_231_20220602_id231_femadu (1).jpg;86
1289;1654;231;MANDRILLS BKB_231_20220602_id231_femadu (3).jpg;365
1580;1676;231;MANDRILLS BKB_231_20220624_id231_femadu (1).jpg;96
1595;1676;231;MANDRILLS BKB_231_20220624_id231_femadu (2).jpg;81
1487;1676;231;MANDRILLS BKB_231_20220624_id231_femadu (3).jpg;189
1785;1676;231;MANDRILLS BKB_231_20220624_id231_femadu (4).jpg;109
1601;1690;231;MANDRILLS BKB_231_20220708_id231.jpg;89
1408;1691;231;MANDRILLS BKB_231_20220709_id231 (1).jpg;283
1437;1691;231;MANDRILLS BKB_231_20220709_id231 (2).jpg;254
1420;1691;231;MANDRILLS BKB_231_20220709_id231 (3).jpg;271
1386;1691;231;MANDRILLS BKB_231_20220709_id231 (4).jpg;305
1743;1693;231;MANDRILLS BKB_231_20220711_id231.jpg;50
1915;1698;231;MANDRILLS BKB_231_20220716_id231_femadu (1).jpg;217
1767;1698;231;MANDRILLS BKB_231_20220716_id231_femadu (2).jpg;69
1711;1698;231;MANDRILLS BKB_231_20220716_id231_femadu (3).jpg;13
1741;1699;231;MANDRILLS BKB_231_20220717_id231 (2).jpg;42
1668;1707;231;MANDRILLS BKB_231_20220725_id231.jpg;39
1784;1718;231;MANDRILLS BKB_231_20220805_id231 (1).jpg;66
1699;1718;231;MANDRILLS BKB_231_20220805_id231 (2).jpg;19
1726;1718;231;MANDRILLS BKB_231_20220805_id231 (3).jpg;8
1599;1718;231;MANDRILLS BKB_231_20220805_id231.jpg;119
1711;1725;231;MANDRILLS BKB_231_20220812_id231.jpg;14
1511;1731;231;MANDRILLS BKB_231_20220818_id231.jpg;220
1676;1739;231;MANDRILLS BKB_231_20220826_id231.jpg;63
1555;1740;231;MANDRILLS BKB_231_20220827_id231.jpg;185
1655;1743;231;MANDRILLS BKB_231_20220830_id231.jpg;88
1524;1748;231;MANDRILLS BKB_231_20220904_id231 (1).jpg;224
1481;1748;231;MANDRILLS BKB_231_20220904_id231 (2).jpg;267
1589;1748;231;MANDRILLS BKB_231_20220904_id231 (3).jpg;159
1537;1758;231;MANDRILLS BKB_231_20220914_id231.jpg;221
1581;1764;231;MANDRILLS BKB_231_20220920_id231.jpg;183
1664;1779;231;MANDRILLS BKB_231_20221005_id231 (1).jpg;115
1670;1779;231;MANDRILLS BKB_231_20221005_id231 (2).jpg;109
1411;1793;231;MANDRILLS BKB_231_20221019_id231.jpg;382
2069;1821;231;MANDRILLS BKB_231_20221116_id231.jpg;248
1484;1849;231;MANDRILLS BKB_231_20221214_id231.jpg;365
2343;4066;26;MANDRILLS BKB_26_20150524_id26_femadu_(1)_ORIGINAL.jpg;1723
2755;4066;26;MANDRILLS BKB_26_20150524_id26_femadu_(2)_ORIGINAL.jpg;1311
2575;4066;26;MANDRILLS BKB_26_20150524_id26_femadu_(3)_ORIGINAL.jpg;1491
2860;4066;26;MANDRILLS BKB_26_20150524_id26_femadu_(4)_ORIGINAL.jpg;1206
2726;4066;26;MANDRILLS BKB_26_20150524_id26_femadu_(6)_ORIGINAL.jpg;1340
2500;4066;26;MANDRILLS BKB_26_20150524_id26_femadu_(7)_ORIGINAL.jpg;1566
2539;4066;26;MANDRILLS BKB_26_20150524_id26_femadu_(8)_ORIGINAL.jpg;1527
3149;4267;26;MANDRILLS BKB_26_20151211_id26_femadu_(1)_ORIGINAL.jpg;1118
3579;4267;26;MANDRILLS BKB_26_20151211_id26_femadu_(2)_ORIGINAL.jpg;688
3318;4267;26;MANDRILLS BKB_26_20151211_id26_femadu_(3)_ORIGINAL.jpg;949
2548;5185;26;MANDRILLS BKB_26_20180616_id26_femadu_(12)_ORIGINAL.jpg;2637
2236;5185;26;MANDRILLS BKB_26_20180616_id26_femadu_(14)_ORIGINAL.jpg;2949
2095;5185;26;MANDRILLS BKB_26_20180616_id26_femadu_(15)_ORIGINAL.jpg;3090
2548;5185;26;MANDRILLS BKB_26_20180616_id26_femadu_(16)_ORIGINAL.jpg;2637
1947;5185;26;MANDRILLS BKB_26_20180616_id26_femadu_(2)_ORIGINAL.jpg;3238
5735;5185;26;MANDRILLS BKB_26_20180616_id26_femadu_(4)_ORIGINAL.jpg;550
5827;5185;26;MANDRILLS BKB_26_20180616_id26_femadu_(5)_ORIGINAL.jpg;642
5988;5216;26;MANDRILLS BKB_26_20180717_id26_femadu_(1)_ORIGINAL.jpg;772
5338;5216;26;MANDRILLS BKB_26_20180717_id26_femadu_(11)_ORIGINAL.jpg;122
3936;5216;26;MANDRILLS BKB_26_20180717_id26_femadu_(12)_ORIGINAL.jpg;1280
2317;5216;26;MANDRILLS BKB_26_20180717_id26_femadu_(13)_ORIGINAL.jpg;2899
2229;5216;26;MANDRILLS BKB_26_20180717_id26_femadu_(14)_ORIGINAL.jpg;2987
5927;5216;26;MANDRILLS BKB_26_20180717_id26_femadu_(15)_ORIGINAL.jpg;711
5999;5216;26;MANDRILLS BKB_26_20180717_id26_femadu_(16)_ORIGINAL.jpg;783
6362;5216;26;MANDRILLS BKB_26_20180717_id26_femadu_(17)_ORIGINAL.jpg;1146
6240;5216;26;MANDRILLS BKB_26_20180717_id26_femadu_(18)_ORIGINAL.jpg;1024
6361;5216;26;MANDRILLS BKB_26_20180717_id26_femadu_(2)_ORIGINAL.jpg;1145
6122;5216;26;MANDRILLS BKB_26_20180717_id26_femadu_(3)_ORIGINAL.jpg;906
6142;5216;26;MANDRILLS BKB_26_20180717_id26_femadu_(5)_ORIGINAL.jpg;926
6161;5216;26;MANDRILLS BKB_26_20180717_id26_femadu_(6)_ORIGINAL.jpg;945
3806;5217;26;MANDRILLS BKB_26_20180718_id26_femadu_(1)_ORIGINAL.jpg;1411
6279;5217;26;MANDRILLS BKB_26_20180718_id26_femadu_(3)_ORIGINAL.jpg;1062
6222;5217;26;MANDRILLS BKB_26_20180718_id26_femadu_(4)_ORIGINAL.jpg;1005
4510;5346;26;MANDRILLS BKB_26_20181124_id26_femadu_(1)_ORIGINAL.jpg;836
6201;5346;26;MANDRILLS BKB_26_20181124_id26_femadu_(12)_ORIGINAL.jpg;855
6144;5346;26;MANDRILLS BKB_26_20181124_id26_femadu_(13)_ORIGINAL.jpg;798
5422;5346;26;MANDRILLS BKB_26_20181124_id26_femadu_(14)_ORIGINAL.jpg;76
6322;5346;26;MANDRILLS BKB_26_20181124_id26_femadu_(2)_ORIGINAL.jpg;976
5963;5346;26;MANDRILLS BKB_26_20181124_id26_femadu_(3)_ORIGINAL.jpg;617
6311;5346;26;MANDRILLS BKB_26_20181124_id26_femadu_(4)_ORIGINAL.jpg;965
6080;5346;26;MANDRILLS BKB_26_20181124_id26_femadu_(6)_ORIGINAL.jpg;734
6266;5346;26;MANDRILLS BKB_26_20181124_id26_femadu_(7)_ORIGINAL.jpg;920
6046;5346;26;MANDRILLS BKB_26_20181124_id26_femadu_(8)_ORIGINAL.jpg;700
6547;5346;26;MANDRILLS BKB_26_20181124_id26_femadu_(9)_ORIGINAL.jpg;1201
3361;5437;26;MANDRILLS BKB_26_20190223_id26_femadu_DROITE_(2)_ORIGINAL.jpg;2076
6378;5531;26;MANDRILLS BKB_26_20190528_id26_femadu_(1).jpg;847
6410;5572;26;MANDRILLS BKB_26_20190708_id26_femadu_(2).jpg;838
4939;5582;26;MANDRILLS BKB_26_20190718_id26_femadu_(6).jpg;643
6218;5582;26;MANDRILLS BKB_26_20190718_id26_femadu_(7).jpg;636
2999;5652;26;MANDRILLS BKB_26_20190926_id26_femadu.jpg;2653
228;269;284;MANDRILLS BKB_284_20190618_id4071_malinf.jpg;41
277;369;284;MANDRILLS BKB_284_20190926_id4071_maljuv_(1).jpg;92
307;369;284;MANDRILLS BKB_284_20190926_id4071_maljuv_(2).jpg;62
343;418;284;MANDRILLS BKB_284_20191114_id4071_maljuv_(1).jpg;75
282;418;284;MANDRILLS BKB_284_20191114_id4071_maljuv_(2).jpg;136
330;418;284;MANDRILLS BKB_284_20191114_id4071_maljuv_(3).jpg;88
296;510;284;MANDRILLS BKB_284_20200214_id4071_maljuv.jpg;214
357;514;284;MANDRILLS BKB_284_20200218_id4071_maljuv_(1).jpg;157
361;514;284;MANDRILLS BKB_284_20200218_id4071_maljuv_(2).jpg;153
622;761;284;MANDRILLS BKB_284_20201022_id4071_maljuv_(1).jpg;139
640;761;284;MANDRILLS BKB_284_20201022_id4071_maljuv_(2).jpg;121
664;772;284;MANDRILLS BKB_284_20201102_id4071_maljuv_(1).jpg;108
667;772;284;MANDRILLS BKB_284_20201102_id4071_maljuv_(3).jpg;105
638;813;284;MANDRILLS BKB_284_20201213_id4071_maljuv_(1).jpg;175
594;813;284;MANDRILLS BKB_284_20201213_id4071_maljuv_(2).jpg;219
614;813;284;MANDRILLS BKB_284_20201213_id4071_maljuv_(3).jpg;199
596;818;284;MANDRILLS BKB_284_20201218_id4071_maljuv_(1).jpg;222
799;818;284;MANDRILLS BKB_284_20201218_id4071_maljuv_(2).jpg;19
748;844;284;MANDRILLS BKB_284_20210113_id4071_maljuv_(1).jpg;96
736;844;284;MANDRILLS BKB_284_20210113_id4071_maljuv_(2).jpg;108
765;844;284;MANDRILLS BKB_284_20210113_id4071_maljuv_(3).jpg;79
589;844;284;MANDRILLS BKB_284_20210113_id4071_maljuv_(4).jpg;255
785;844;284;MANDRILLS BKB_284_20210113_id4071_maljuv_(5).jpg;59
576;844;284;MANDRILLS BKB_284_20210113_id4071_maljuv_(6).jpg;268
720;852;284;MANDRILLS BKB_284_20210121_id4071_maljuv_(1).jpg;132
752;852;284;MANDRILLS BKB_284_20210121_id4071_maljuv_(2).jpg;100
684;860;284;MANDRILLS BKB_284_20210129_id4071_maljuv_(1).jpg;176
500;860;284;MANDRILLS BKB_284_20210129_id4071_maljuv_(2).jpg;360
743;927;284;MANDRILLS BKB_284_20210406_id4071_maljuv_(1).jpg;184
741;927;284;MANDRILLS BKB_284_20210406_id4071_maljuv_(2).jpg;186
793;927;284;MANDRILLS BKB_284_20210406_id4071_maljuv_(3).jpg;134
855;944;284;MANDRILLS BKB_284_20210423_id4071_maljuv_(1).jpg;89
840;944;284;MANDRILLS BKB_284_20210423_id4071_maljuv_(2).jpg;104
778;1025;284;MANDRILLS BKB_284_20210713_id4071_maljuv.jpg;247
991;1030;284;MANDRILLS BKB_284_20210718_id4071_maljuv_(1).jpg;39
1035;1030;284;MANDRILLS BKB_284_20210718_id4071_maljuv_(2).jpg;5
982;1030;284;MANDRILLS BKB_284_20210718_id4071_maljuv_(3).jpg;48
847;1078;284;MANDRILLS BKB_284_20210904_id4071_maljuv (1).jpg;231
684;1078;284;MANDRILLS BKB_284_20210904_id4071_maljuv (2).jpg;394
860;1078;284;MANDRILLS BKB_284_20210904_id4071_maljuv (3).jpg;218
836;1078;284;MANDRILLS BKB_284_20210904_id4071_maljuv (4).jpg;242
1002;1096;284;MANDRILLS BKB_284_20210922_id4071_maljuv.jpg;94
794;1098;284;MANDRILLS BKB_284_20210924_id4071_maljuv.jpg;304
1072;1141;284;MANDRILLS BKB_284_20211106_id4071_maljuv_(1).jpg;69
1066;1141;284;MANDRILLS BKB_284_20211106_id4071_maljuv_(2).jpg;75
983;1141;284;MANDRILLS BKB_284_20211106_id4071_maljuv_(3).jpg;158
937;1141;284;MANDRILLS BKB_284_20211106_id4071_maljuv_(4).jpg;204
1084;1143;284;MANDRILLS BKB_284_20211108_id4071_maljuv_(2).jpg;59
1110;1143;284;MANDRILLS BKB_284_20211108_id4071_maljuv_(3).jpg;33
1013;1143;284;MANDRILLS BKB_284_20211108_id4071_maljuv_(4).jpg;130
1126;1228;284;MANDRILLS BKB_284_20220201_id4071_maljuv.jpg;102
1113;1233;284;MANDRILLS BKB_284_20220206_id4071_maljuv.jpg;120
1144;1262;284;MANDRILLS BKB_284_20220307_id4071_maljuv.jpg;118
1044;1275;284;MANDRILLS BKB_284_20220320_id4071_maljuv.jpg;231
988;1282;284;MANDRILLS BKB_284_20220327_id4071_maljuv (1).jpg;294
1070;1282;284;MANDRILLS BKB_284_20220327_id4071_maljuv (2).jpg;212
1344;1282;284;MANDRILLS BKB_284_20220327_id4071_maljuv (3).jpg;62
1270;1282;284;MANDRILLS BKB_284_20220327_id4071_maljuv (4).jpg;12
1079;1282;284;MANDRILLS BKB_284_20220327_id4071_maljuv.jpg;203
1187;1287;284;MANDRILLS BKB_284_20220401_id4071_maljuv (1).jpg;100
1042;1287;284;MANDRILLS BKB_284_20220401_id4071_maljuv (2).jpg;245
1161;1287;284;MANDRILLS BKB_284_20220401_id4071_maljuv (3).jpg;126
1139;1332;284;MANDRILLS BKB_284_20220516_id4071_maljuv (1).jpg;193
1138;1332;284;MANDRILLS BKB_284_20220516_id4071_maljuv (2).jpg;194
1401;1332;284;MANDRILLS BKB_284_20220516_id4071_maljuv (3).jpg;69
1181;1337;284;MANDRILLS BKB_284_20220521_id4071_maljuv (2).jpg;156
1325;1337;284;MANDRILLS BKB_284_20220521_id4071_maljuv.jpg;12
1055;1340;284;MANDRILLS BKB_284_20220524_id4071_maljuv.jpg;285
1176;1354;284;MANDRILLS BKB_284_20220607_id4071_maljuv (1).jpg;178
1184;1354;284;MANDRILLS BKB_284_20220607_id4071_maljuv (2).jpg;170
1347;1371;284;MANDRILLS BKB_284_20220624_id4071_maljuv (1).jpg;24
1212;1371;284;MANDRILLS BKB_284_20220624_id4071_maljuv (2).jpg;159
1250;1391;284;MANDRILLS BKB_284_20220714_id4071_maljuv (1).jpg;141
1396;1391;284;MANDRILLS BKB_284_20220714_id4071_maljuv (2).jpg;5
1268;1393;284;MANDRILLS BKB_284_20220716_id4071.jpg;125
1382;1394;284;MANDRILLS BKB_284_20220717_id4071.jpg;12
1002;1396;284;MANDRILLS BKB_284_20220719_id4071 (1).jpg;394
1178;1396;284;MANDRILLS BKB_284_20220719_id4071 (2).jpg;218
1479;1434;284;MANDRILLS BKB_284_20220826_id4071.jpg;45
1426;1443;284;MANDRILLS BKB_284_20220904_id4071 (1).jpg;17
1441;1443;284;MANDRILLS BKB_284_20220904_id4071 (2).jpg;2
1015;1444;284;MANDRILLS BKB_284_20220905_id4071 (1).jpg;429
969;1444;284;MANDRILLS BKB_284_20220905_id4071 (2).jpg;475
1431;1444;284;MANDRILLS BKB_284_20220905_id4071.jpg;13
1323;1451;284;MANDRILLS BKB_284_20220912_id4071 (1).jpg;128
1265;1451;284;MANDRILLS BKB_284_20220912_id4071 (2).jpg;186
1355;1451;284;MANDRILLS BKB_284_20220912_id4071.jpg;96
1331;1457;284;MANDRILLS BKB_284_20220918_id4071 (2).jpg;126
1309;1474;284;MANDRILLS BKB_284_20221005_id4071.jpg;165
1334;1480;284;MANDRILLS BKB_284_20221011_id4071.jpg;146
1588;1530;284;MANDRILLS BKB_284_20221130_id4071.jpg;58
6959;4756;29;MANDRILLS BKB_29_20120216_id29_femaduDERRIERE_(1)_ORIGINAL.jpg;2203
5058;4756;29;MANDRILLS BKB_29_20120216_id29_femaduDERRIERE_(10)_ORIGINAL.jpg;302
6321;4756;29;MANDRILLS BKB_29_20120216_id29_femaduDERRIERE_(11)_ORIGINAL.jpg;1565
6412;4756;29;MANDRILLS BKB_29_20120216_id29_femaduDERRIERE_(12)_ORIGINAL.jpg;1656
6425;4756;29;MANDRILLS BKB_29_20120216_id29_femaduDERRIERE_(13)_ORIGINAL.jpg;1669
6495;4756;29;MANDRILLS BKB_29_20120216_id29_femaduDERRIERE_(14)_ORIGINAL.jpg;1739
5719;4756;29;MANDRILLS BKB_29_20120216_id29_femaduDERRIERE_(16)_ORIGINAL.jpg;963
5022;4756;29;MANDRILLS BKB_29_20120216_id29_femaduDERRIERE_(17)_ORIGINAL.jpg;266
6173;4756;29;MANDRILLS BKB_29_20120216_id29_femaduDERRIERE_(18)_ORIGINAL.jpg;1417
5441;4756;29;MANDRILLS BKB_29_20120216_id29_femaduDERRIERE_(19)_ORIGINAL.jpg;685
5897;4756;29;MANDRILLS BKB_29_20120216_id29_femaduDERRIERE_(20)_ORIGINAL.jpg;1141
5628;4756;29;MANDRILLS BKB_29_20120216_id29_femaduDERRIERE_(21)_ORIGINAL.jpg;872
6362;4756;29;MANDRILLS BKB_29_20120216_id29_femaduDERRIERE_(22)_ORIGINAL.jpg;1606
5299;4756;29;MANDRILLS BKB_29_20120216_id29_femaduDERRIERE_(23)_ORIGINAL.jpg;543
4659;4756;29;MANDRILLS BKB_29_20120216_id29_femaduDERRIERE_(24)_ORIGINAL.jpg;97
5013;4756;29;MANDRILLS BKB_29_20120216_id29_femaduDERRIERE_(3)_ORIGINAL.jpg;257
6612;4756;29;MANDRILLS BKB_29_20120216_id29_femaduDERRIERE_(4)_ORIGINAL.jpg;1856
4947;4756;29;MANDRILLS BKB_29_20120216_id29_femaduDERRIERE_(5)_ORIGINAL.jpg;191
5098;4756;29;MANDRILLS BKB_29_20120216_id29_femaduDERRIERE_(6)_ORIGINAL.jpg;342
5995;4756;29;MANDRILLS BKB_29_20120216_id29_femaduDERRIERE_(7)_ORIGINAL.jpg;1239
5649;4756;29;MANDRILLS BKB_29_20120216_id29_femaduDERRIERE_(8)_ORIGINAL.jpg;893
5035;4756;29;MANDRILLS BKB_29_20120216_id29_femaduDERRIERE_(9)_ORIGINAL.jpg;279
5646;4818;29;MANDRILLS BKB_29_20120418_id29_femadu_ORIGINAL.jpg;828
3380;4820;29;MANDRILLS BKB_29_20120420_id29_femadu_ORIGINAL.jpg;1440
5487;4844;29;MANDRILLS BKB_29_20120514_id29_femaduDERRIERE_ORIGINAL.jpg;643
5487;4844;29;MANDRILLS BKB_29_20120514_id29_femaduDEVANT_ORIGINAL.jpg;643
5443;4844;29;MANDRILLS BKB_29_20120514_id29_femadu_(1)_ORIGINAL.jpg;599
5614;4844;29;MANDRILLS BKB_29_20120514_id29_femadu_(2)_ORIGINAL.jpg;770
3872;4844;29;MANDRILLS BKB_29_20120514_id29_femadu_(3)_ORIGINAL.jpg;972
4688;4844;29;MANDRILLS BKB_29_20120514_id29_femadu_ORIGINAL.jpg;156
5229;4852;29;MANDRILLS BKB_29_20120522_id29_femaduDEVANT_ORIGINAL.jpg;377
4142;4970;29;MANDRILLS BKB_29_20120917_id29_femadu_ORIGINAL.jpg;828
5228;5166;29;MANDRILLS BKB_29_20130401_id29_femadu_(4)_ORIGINAL.jpg;62
5495;5166;29;MANDRILLS BKB_29_20130401_id29_femadu_(5)_ORIGINAL.jpg;329
6568;5487;29;MANDRILLS BKB_29_20140216_id29_femadu_(1)_ORIGINAL.jpg;1081
6184;5487;29;MANDRILLS BKB_29_20140216_id29_femadu_(3)_ORIGINAL.jpg;697
6089;5623;29;MANDRILLS BKB_29_20140702_id29_femadu_(2)_ORIGINAL.jpg;466
6465;5623;29;MANDRILLS BKB_29_20140702_id29_femadu_(3)_ORIGINAL.jpg;842
6411;5623;29;MANDRILLS BKB_29_20140702_id29_femadu_(4)_ORIGINAL.jpg;788
4853;5623;29;MANDRILLS BKB_29_20140702_id29_femadu_(5)_ORIGINAL.jpg;770
5389;5623;29;MANDRILLS BKB_29_20140702_id29_femadu_(6)_ORIGINAL.jpg;234
5850;5624;29;MANDRILLS BKB_29_20140703_id29_femadu_(1)_ORIGINAL.jpg;226
6243;5624;29;MANDRILLS BKB_29_20140703_id29_femadu_(3)_ORIGINAL.jpg;619
5718;5624;29;MANDRILLS BKB_29_20140703_id29_femadu_(5)_ORIGINAL.jpg;94
6642;5676;29;MANDRILLS BKB_29_20140824_id29_femadu_(1)_ORIGINAL.jpg;966
6031;5676;29;MANDRILLS BKB_29_20140824_id29_femadu_(2)_ORIGINAL.jpg;355
6690;5676;29;MANDRILLS BKB_29_20140824_id29_femadu_(3)_ORIGINAL.jpg;1014
6368;5949;29;MANDRILLS BKB_29_20150524_id29_femadu_(2)_ORIGINAL.jpg;419
6982;5949;29;MANDRILLS BKB_29_20150524_id29_femadu_ORIGINAL.jpg;1033
6311;5978;29;MANDRILLS BKB_29_20150622_id29_femadu_ORIGINAL.jpg;333
6058;5997;29;MANDRILLS BKB_29_20150711_id29_femadu_ORIGINAL.jpg;61
5423;6002;29;MANDRILLS BKB_29_20150716_id29_femadu_ORIGINAL.jpg;579
6892;6265;29;MANDRILLS BKB_29_20160404_id29_femadu_(2)_ORIGINAL.jpg;627
7063;6265;29;MANDRILLS BKB_29_20160404_id29_femadu_ORIGINAL.jpg;798
6248;6296;29;MANDRILLS BKB_29_20160505_id29_femadu_(1)_ORIGINAL.jpg;48
6389;6296;29;MANDRILLS BKB_29_20160505_id29_femadu_(2)_ORIGINAL.jpg;93
6286;6409;29;MANDRILLS BKB_29_20160826_id29_femadu_ORIGINAL.jpg;123
6239;6653;29;MANDRILLS BKB_29_20170427_id29_femadu_ORIGINAL.jpg;414
5897;6665;29;MANDRILLS BKB_29_20170509_id29_femaduDEVANT_(2)_ORIGINAL.jpg;768
6097;6665;29;MANDRILLS BKB_29_20170509_id29_femaduDEVANT_(3)_ORIGINAL.jpg;568
6461;6665;29;MANDRILLS BKB_29_20170509_id29_femaduDEVANT_(4)_ORIGINAL.jpg;204
6096;6665;29;MANDRILLS BKB_29_20170509_id29_femaduDEVANT_(5)_ORIGINAL.jpg;569
6105;6665;29;MANDRILLS BKB_29_20170509_id29_femaduDEVANT_(6)_ORIGINAL.jpg;560
6154;6665;29;MANDRILLS BKB_29_20170509_id29_femaduDEVANT_(7)_ORIGINAL.jpg;511
6298;6665;29;MANDRILLS BKB_29_20170509_id29_femaduDEVANT_(8)_ORIGINAL.jpg;367
7052;6665;29;MANDRILLS BKB_29_20170509_id29_femadu_(12)_ORIGINAL.jpg;387
6206;6665;29;MANDRILLS BKB_29_20170509_id29_femadu_(13)_ORIGINAL.jpg;459
6473;6665;29;MANDRILLS BKB_29_20170509_id29_femadu_(14)_ORIGINAL.jpg;192
6152;6665;29;MANDRILLS BKB_29_20170509_id29_femadu_(15)_ORIGINAL.jpg;513
6251;6665;29;MANDRILLS BKB_29_20170509_id29_femadu_(16)_ORIGINAL.jpg;414
6438;6665;29;MANDRILLS BKB_29_20170509_id29_femadu_(17)_ORIGINAL.jpg;227
5757;6665;29;MANDRILLS BKB_29_20170509_id29_femadu_(18)_ORIGINAL.jpg;908
7193;6665;29;MANDRILLS BKB_29_20170509_id29_femadu_(19)_ORIGINAL.jpg;528
4483;6665;29;MANDRILLS BKB_29_20170509_id29_femadu_(20)_ORIGINAL.jpg;2182
6239;6665;29;MANDRILLS BKB_29_20170509_id29_femadu_(21)_ORIGINAL.jpg;426
6110;6665;29;MANDRILLS BKB_29_20170509_id29_femadu_(22)_ORIGINAL.jpg;555
5757;6665;29;MANDRILLS BKB_29_20170509_id29_femadu_(23)_ORIGINAL.jpg;908
6417;6665;29;MANDRILLS BKB_29_20170509_id29_femadu_(24)_ORIGINAL.jpg;248
4767;6665;29;MANDRILLS BKB_29_20170509_id29_femadu_(26)_ORIGINAL.jpg;1898
6459;6665;29;MANDRILLS BKB_29_20170509_id29_femadu_(27)_ORIGINAL.jpg;206
6495;6665;29;MANDRILLS BKB_29_20170509_id29_femadu_(31)_ORIGINAL.jpg;170
3433;6665;29;MANDRILLS BKB_29_20170509_id29_femadu_(33)_ORIGINAL.jpg;3232
6414;6665;29;MANDRILLS BKB_29_20170509_id29_femadu_(34)_ORIGINAL.jpg;251
6696;6665;29;MANDRILLS BKB_29_20170509_id29_femadu_(35)_ORIGINAL.jpg;31
7048;6665;29;MANDRILLS BKB_29_20170509_id29_femadu_(36)_ORIGINAL.jpg;383
7047;6665;29;MANDRILLS BKB_29_20170509_id29_femadu_(37)_ORIGINAL.jpg;382
5956;6665;29;MANDRILLS BKB_29_20170509_id29_femadu_(38)_ORIGINAL.jpg;709
6674;6665;29;MANDRILLS BKB_29_20170509_id29_femadu_(39)_ORIGINAL.jpg;9
6002;6665;29;MANDRILLS BKB_29_20170509_id29_femadu_(4)_ORIGINAL.jpg;663
6082;6665;29;MANDRILLS BKB_29_20170509_id29_femadu_(40)_ORIGINAL.jpg;583
6877;6665;29;MANDRILLS BKB_29_20170509_id29_femadu_(41)_ORIGINAL.jpg;212
6216;6665;29;MANDRILLS BKB_29_20170509_id29_femadu_(42)_ORIGINAL.jpg;449
6873;6665;29;MANDRILLS BKB_29_20170509_id29_femadu_(43)_ORIGINAL.jpg;208
6496;6665;29;MANDRILLS BKB_29_20170509_id29_femadu_(44)_ORIGINAL.jpg;169
6859;6665;29;MANDRILLS BKB_29_20170509_id29_femadu_(45)_ORIGINAL.jpg;194
6922;6665;29;MANDRILLS BKB_29_20170509_id29_femadu_(46)_ORIGINAL.jpg;257
6119;6665;29;MANDRILLS BKB_29_20170509_id29_femadu_(48)_ORIGINAL.jpg;546
6136;6665;29;MANDRILLS BKB_29_20170509_id29_femadu_(6)_ORIGINAL.jpg;529
6871;6665;29;MANDRILLS BKB_29_20170509_id29_femadu_(7)_ORIGINAL.jpg;206
6192;6987;29;MANDRILLS BKB_29_20180327_id29_femadu_(1)_ORIGINAL.jpg;795
6360;6987;29;MANDRILLS BKB_29_20180327_id29_femadu_(10)_ORIGINAL.jpg;627
6064;6987;29;MANDRILLS BKB_29_20180327_id29_femadu_(2)_ORIGINAL.jpg;923
6123;6987;29;MANDRILLS BKB_29_20180327_id29_femadu_(3)_ORIGINAL.jpg;864
6069;6987;29;MANDRILLS BKB_29_20180327_id29_femadu_(4)_ORIGINAL.jpg;918
6198;6987;29;MANDRILLS BKB_29_20180327_id29_femadu_(5)_ORIGINAL.jpg;789
6326;6987;29;MANDRILLS BKB_29_20180327_id29_femadu_(7)_ORIGINAL.jpg;661
5954;6987;29;MANDRILLS BKB_29_20180327_id29_femadu_(8)_ORIGINAL.jpg;1033
6965;7065;29;MANDRILLS BKB_29_20180613_id29_femadu_(1)_ORIGINAL.jpg;100
6536;7065;29;MANDRILLS BKB_29_20180613_id29_femadu_(2)_ORIGINAL.jpg;529
5931;7065;29;MANDRILLS BKB_29_20180613_id29_femadu_(3)_ORIGINAL.jpg;1134
6414;7066;29;MANDRILLS BKB_29_20180614_id29_femadu_(2)_ORIGINAL.jpg;652
6260;7078;29;MANDRILLS BKB_29_20180626_id29_femadu_(1)_ORIGINAL.jpg;818
6324;7078;29;MANDRILLS BKB_29_20180626_id29_femadu_(2)_ORIGINAL.jpg;754
6638;7078;29;MANDRILLS BKB_29_20180626_id29_femadu_(4)_ORIGINAL.jpg;440
6598;7078;29;MANDRILLS BKB_29_20180626_id29_femadu_(7)_ORIGINAL.jpg;480
6607;7078;29;MANDRILLS BKB_29_20180626_id29_femadu_(8)_ORIGINAL.jpg;471
7063;7078;29;MANDRILLS BKB_29_20180626_id29_femadu_ORIGINAL.jpg;15
6205;7081;29;MANDRILLS BKB_29_20180629_id29_femadu_(2)_ORIGINAL.jpg;876
6385;7084;29;MANDRILLS BKB_29_20180702_id29_femadu_(1)_ORIGINAL.jpg;699
5429;7084;29;MANDRILLS BKB_29_20180702_id29_femadu_(2)_ORIGINAL.jpg;1655
6541;7084;29;MANDRILLS BKB_29_20180702_id29_femadu_(4)_ORIGINAL.jpg;543
5677;7084;29;MANDRILLS BKB_29_20180702_id29_femadu_(6)_ORIGINAL.jpg;1407
6109;7088;29;MANDRILLS BKB_29_20180706_id29_femadu_(1)_ORIGINAL.jpg;979
6443;7088;29;MANDRILLS BKB_29_20180706_id29_femadu_(2)_ORIGINAL.jpg;645
6250;7088;29;MANDRILLS BKB_29_20180706_id29_femadu_(3)_ORIGINAL.jpg;838
6274;7088;29;MANDRILLS BKB_29_20180706_id29_femadu_(5)_ORIGINAL.jpg;814
6757;7116;29;MANDRILLS BKB_29_20180803_id29_femadu_(1)_ORIGINAL.jpg;359
6733;7116;29;MANDRILLS BKB_29_20180803_id29_femadu_(10)_ORIGINAL.jpg;383
6824;7116;29;MANDRILLS BKB_29_20180803_id29_femadu_(11)_ORIGINAL.jpg;292
6564;7116;29;MANDRILLS BKB_29_20180803_id29_femadu_(12)_ORIGINAL.jpg;552
6435;7116;29;MANDRILLS BKB_29_20180803_id29_femadu_(2)_ORIGINAL.jpg;681
6646;7116;29;MANDRILLS BKB_29_20180803_id29_femadu_(3)_ORIGINAL.jpg;470
6715;7116;29;MANDRILLS BKB_29_20180803_id29_femadu_(4)_ORIGINAL.jpg;401
6961;7116;29;MANDRILLS BKB_29_20180803_id29_femadu_(6)_ORIGINAL.jpg;155
6823;7116;29;MANDRILLS BKB_29_20180803_id29_femadu_(8)_ORIGINAL.jpg;293
7158;7229;29;MANDRILLS BKB_29_20181124_id29_femadu_(11)_ORIGINAL.jpg;71
6920;7229;29;MANDRILLS BKB_29_20181124_id29_femadu_(12)_ORIGINAL.jpg;309
6802;7229;29;MANDRILLS BKB_29_20181124_id29_femadu_(13)_ORIGINAL.jpg;427
6761;7229;29;MANDRILLS BKB_29_20181124_id29_femadu_(14)_ORIGINAL.jpg;468
6866;7229;29;MANDRILLS BKB_29_20181124_id29_femadu_(16)_ORIGINAL.jpg;363
6751;7229;29;MANDRILLS BKB_29_20181124_id29_femadu_(17)_ORIGINAL.jpg;478
6674;7229;29;MANDRILLS BKB_29_20181124_id29_femadu_(18)_ORIGINAL.jpg;555
6585;7229;29;MANDRILLS BKB_29_20181124_id29_femadu_(2)_ORIGINAL.jpg;644
6381;7229;29;MANDRILLS BKB_29_20181124_id29_femadu_(3)_ORIGINAL.jpg;848
6618;7229;29;MANDRILLS BKB_29_20181124_id29_femadu_(4)_ORIGINAL.jpg;611
6381;7229;29;MANDRILLS BKB_29_20181124_id29_femadu_(5)_ORIGINAL.jpg;848
7064;7229;29;MANDRILLS BKB_29_20181124_id29_femadu_(8)_ORIGINAL.jpg;165
6915;7338;29;MANDRILLS BKB_29_20190313_id29_femadu_DROITE.jpg;423
6809;7344;29;MANDRILLS BKB_29_20190319_id29_femadu_HAUT.jpg;535
6769;7364;29;MANDRILLS BKB_29_20190408_id29_femadu.jpg;595
6328;7386;29;MANDRILLS BKB_29_20190430_id29_femadu_(2).jpg;1058
6240;7455;29;MANDRILLS BKB_29_20190708_id29_femadu_(1).jpg;1215
6781;7455;29;MANDRILLS BKB_29_20190708_id29_femadu_(10).jpg;674
6837;7455;29;MANDRILLS BKB_29_20190708_id29_femadu_(11).jpg;618
6812;7455;29;MANDRILLS BKB_29_20190708_id29_femadu_(12).jpg;643
6757;7455;29;MANDRILLS BKB_29_20190708_id29_femadu_(13).jpg;698
7049;7455;29;MANDRILLS BKB_29_20190708_id29_femadu_(14).jpg;406
7025;7455;29;MANDRILLS BKB_29_20190708_id29_femadu_(15).jpg;430
6834;7455;29;MANDRILLS BKB_29_20190708_id29_femadu_(16).jpg;621
6824;7455;29;MANDRILLS BKB_29_20190708_id29_femadu_(17).jpg;631
6780;7455;29;MANDRILLS BKB_29_20190708_id29_femadu_(18).jpg;675
6447;7455;29;MANDRILLS BKB_29_20190708_id29_femadu_(19).jpg;1008
6817;7455;29;MANDRILLS BKB_29_20190708_id29_femadu_(2).jpg;638
6690;7455;29;MANDRILLS BKB_29_20190708_id29_femadu_(22).jpg;765
7242;7455;29;MANDRILLS BKB_29_20190708_id29_femadu_(24).jpg;213
7295;7455;29;MANDRILLS BKB_29_20190708_id29_femadu_(25).jpg;160
6817;7455;29;MANDRILLS BKB_29_20190708_id29_femadu_(26).jpg;638
6853;7455;29;MANDRILLS BKB_29_20190708_id29_femadu_(3).jpg;602
6409;7455;29;MANDRILLS BKB_29_20190708_id29_femadu_(4).jpg;1046
6546;7455;29;MANDRILLS BKB_29_20190708_id29_femadu_(5).jpg;909
6849;7455;29;MANDRILLS BKB_29_20190708_id29_femadu_(6).jpg;606
6456;7455;29;MANDRILLS BKB_29_20190708_id29_femadu_(7).jpg;999
6582;7455;29;MANDRILLS BKB_29_20190708_id29_femadu_(8).jpg;873
6437;7455;29;MANDRILLS BKB_29_20190708_id29_femadu_(9).jpg;1018
7546;7578;29;MANDRILLS BKB_29_20191108_id29_femadu.jpg;32
7478;7615;29;MANDRILLS BKB_29_20191215_id29_femadu.jpg;137
6907;7639;29;MANDRILLS BKB_29_20200108_id29_femadu.jpg;732
6118;7757;29;MANDRILLS BKB_29_20200505_id29_femadu_(1).jpg;1639
6416;7757;29;MANDRILLS BKB_29_20200505_id29_femadu_(2).jpg;1341
6579;7923;29;MANDRILLS BKB_29_20201018_id29_femadu_(1).jpg;1344
7215;7923;29;MANDRILLS BKB_29_20201018_id29_femadu_(3).jpg;708
6683;7923;29;MANDRILLS BKB_29_20201018_id29_femadu_(5).jpg;1240
7252;7923;29;MANDRILLS BKB_29_20201018_id29_femadu_(7).jpg;671
6624;7923;29;MANDRILLS BKB_29_20201018_id29_femadu_(8).jpg;1299
7357;7927;29;MANDRILLS BKB_29_20201022_id29_femadu_(1).jpg;570
7279;7927;29;MANDRILLS BKB_29_20201022_id29_femadu_(2).jpg;648
7004;7928;29;MANDRILLS BKB_29_20201023_id29_femadu_(1).jpg;924
7310;7928;29;MANDRILLS BKB_29_20201023_id29_femadu_(2).jpg;618
7099;7928;29;MANDRILLS BKB_29_20201023_id29_femadu_(3).jpg;829
7209;7943;29;MANDRILLS BKB_29_20201107_id29_femadu.jpg;734
6977;7981;29;MANDRILLS BKB_29_20201215_id29_femadu.jpg;1004
7342;7983;29;MANDRILLS BKB_29_20201217_id29_femadu_(1).jpg;641
7199;7983;29;MANDRILLS BKB_29_20201217_id29_femadu_(2).jpg;784
7704;8002;29;MANDRILLS BKB_29_20210105_id29_femadu_(1).jpg;298
7244;8002;29;MANDRILLS BKB_29_20210105_id29_femadu_(2).jpg;758
6882;8013;29;MANDRILLS BKB_29_20210116_id29_femadu_(1).jpg;1131
7020;8013;29;MANDRILLS BKB_29_20210116_id29_femadu_(2).jpg;993
7282;8026;29;MANDRILLS BKB_29_20210129_id29_femadu_(1).jpg;744
7050;8026;29;MANDRILLS BKB_29_20210129_id29_femadu_(2).jpg;976
6701;8026;29;MANDRILLS BKB_29_20210129_id29_femadu_(3).jpg;1325
6836;8026;29;MANDRILLS BKB_29_20210129_id29_femadu_(4).jpg;1190
7055;8026;29;MANDRILLS BKB_29_20210129_id29_femadu_(5).jpg;971
6872;8031;29;MANDRILLS BKB_29_20210203_id29_femadu.jpg;1159
7638;8054;29;MANDRILLS BKB_29_20210226_id29_femadu_(1).jpg;416
7567;8054;29;MANDRILLS BKB_29_20210226_id29_femadu_(2).jpg;487
7322;8061;29;MANDRILLS BKB_29_20210305_id29_femadu.jpg;739
6829;8064;29;MANDRILLS BKB_29_20210308_id29_femadu.jpg;1235
6972;8127;29;MANDRILLS BKB_29_20210510_id29_femadu_(3).jpg;1155
6375;8201;29;MANDRILLS BKB_29_20210723_id29_femadu_(1).jpg;1826
6958;8201;29;MANDRILLS BKB_29_20210723_id29_femadu_(2).jpg;1243
7113;8206;29;MANDRILLS BKB_29_20210728_id29_femadu.jpg;1093
7302;8252;29;MANDRILLS BKB_29_20210912_id29_femadu (1).jpg;950
7054;8252;29;MANDRILLS BKB_29_20210912_id29_femadu (2).jpg;1198
6917;8259;29;MANDRILLS BKB_29_20210919_id29_femadu (2).jpg;1342
6508;8259;29;MANDRILLS BKB_29_20210919_id29_femadu (3).jpg;1751
7166;8259;29;MANDRILLS BKB_29_20210919_id29_femadu (4).jpg;1093
73;87;294;MANDRILLS BKB_294_20190317_id4158_malinf_(1).jpg;14
97;87;294;MANDRILLS BKB_294_20190317_id4158_malinf_(3).jpg;10
194;208;294;MANDRILLS BKB_294_20190716_id4158_malinf_(1).jpg;14
207;208;294;MANDRILLS BKB_294_20190716_id4158_malinf_(2).jpg;1
190;210;294;MANDRILLS BKB_294_20190718_id4158_malinf.jpg;20
180;228;294;MANDRILLS BKB_294_20190805_id4158_malinf_(1).jpg;48
189;228;294;MANDRILLS BKB_294_20190805_id4158_malinf_(2).jpg;39
214;228;294;MANDRILLS BKB_294_20190805_id4158_malinf_GAUCHE_(1).jpg;14
240;228;294;MANDRILLS BKB_294_20190805_id4158_malinf_GAUCHE_(2).jpg;12
178;228;294;MANDRILLS BKB_294_20190805_id4158_malinf_GAUCHE_(3).jpg;50
183;228;294;MANDRILLS BKB_294_20190805_id4158_malinf_GAUCHE_(4).jpg;45
224;228;294;MANDRILLS BKB_294_20190805_id4158_malinf_GAUCHE_(5).jpg;4
356;228;294;MANDRILLS BKB_294_20190805_id4158_malinf_GAUCHE_(7).jpg;128
212;272;294;MANDRILLS BKB_294_20190918_id4158_malinf_(1).jpg;60
259;272;294;MANDRILLS BKB_294_20190918_id4158_malinf_(10).jpg;13
280;272;294;MANDRILLS BKB_294_20190918_id4158_malinf_(11).jpg;8
274;272;294;MANDRILLS BKB_294_20190918_id4158_malinf_(12).jpg;2
279;272;294;MANDRILLS BKB_294_20190918_id4158_malinf_(13).jpg;7
279;272;294;MANDRILLS BKB_294_20190918_id4158_malinf_(14).jpg;7
241;272;294;MANDRILLS BKB_294_20190918_id4158_malinf_(15).jpg;31
254;272;294;MANDRILLS BKB_294_20190918_id4158_malinf_(16).jpg;18
294;272;294;MANDRILLS BKB_294_20190918_id4158_malinf_(2).jpg;22
283;272;294;MANDRILLS BKB_294_20190918_id4158_malinf_(3).jpg;11
213;272;294;MANDRILLS BKB_294_20190918_id4158_malinf_(7).jpg;59
217;272;294;MANDRILLS BKB_294_20190918_id4158_malinf_(9).jpg;55
251;279;294;MANDRILLS BKB_294_20190925_id4158_malinf_(1).jpg;28
250;279;294;MANDRILLS BKB_294_20190925_id4158_malinf_(2).jpg;29
265;280;294;MANDRILLS BKB_294_20190926_id4158_malinf_(1).jpg;15
244;280;294;MANDRILLS BKB_294_20190926_id4158_malinf_(3).jpg;36
237;280;294;MANDRILLS BKB_294_20190926_id4158_malinf_DROITE.jpg;43
277;312;294;MANDRILLS BKB_294_20191028_id4158_malinf_(1).jpg;35
317;312;294;MANDRILLS BKB_294_20191028_id4158_malinf_(2).jpg;5
292;335;294;MANDRILLS BKB_294_20191120_id4158_malinf.jpg;43
459;503;294;MANDRILLS BKB_294_20200506_id4158_maljuv.jpg;44
396;503;294;MANDRILLS BKB_294_20200506_id4158_maljuv_(1).jpg;107
423;503;294;MANDRILLS BKB_294_20200506_id4158_maljuv_(2).jpg;80
478;503;294;MANDRILLS BKB_294_20200506_id4158_maljuv_(3).jpg;25
538;665;294;MANDRILLS BKB_294_20201015_id4158_maljuv.jpg;127
447;668;294;MANDRILLS BKB_294_20201018_id4158_maljuv_(1).jpg;221
575;668;294;MANDRILLS BKB_294_20201018_id4158_maljuv_(2).jpg;93
542;668;294;MANDRILLS BKB_294_20201018_id4158_maljuv_(3).jpg;126
375;668;294;MANDRILLS BKB_294_20201018_id4158_maljuv_(4).jpg;293
575;669;294;MANDRILLS BKB_294_20201019_id4158_maljuv_(1).jpg;94
411;669;294;MANDRILLS BKB_294_20201019_id4158_maljuv_(2).jpg;258
545;687;294;MANDRILLS BKB_294_20201106_id4158_maljuv.jpg;142
546;742;294;MANDRILLS BKB_294_20201231_id4158_maljuv.jpg;196
591;749;294;MANDRILLS BKB_294_20210107_id4158.jpg;158
598;771;294;MANDRILLS BKB_294_20210129_id4158_maljuv_(1).jpg;173
471;771;294;MANDRILLS BKB_294_20210129_id4158_maljuv_(2).jpg;300
657;771;294;MANDRILLS BKB_294_20210129_id4158_maljuv_(3).jpg;114
753;771;294;MANDRILLS BKB_294_20210129_id4158_maljuv_(4).jpg;18
726;771;294;MANDRILLS BKB_294_20210129_id4158_maljuv_(5).jpg;45
434;771;294;MANDRILLS BKB_294_20210129_id4158_maljuv_(7).jpg;337
520;771;294;MANDRILLS BKB_294_20210129_id4158_maljuv_(8).jpg;251
644;789;294;MANDRILLS BKB_294_20210216_id4158_maljuv.jpg;145
722;809;294;MANDRILLS BKB_294_20210308_id4158_maljuv.jpg;87
690;834;294;MANDRILLS BKB_294_20210402_id4158_maljuv_(1).jpg;144
680;834;294;MANDRILLS BKB_294_20210402_id4158_maljuv_(2).jpg;154
672;834;294;MANDRILLS BKB_294_20210402_id4158_maljuv_(3).jpg;162
671;834;294;MANDRILLS BKB_294_20210402_id4158_maljuv_(4).jpg;163
644;834;294;MANDRILLS BKB_294_20210402_id4158_maljuv_(5).jpg;190
550;834;294;MANDRILLS BKB_294_20210402_id4158_maljuv_(6).jpg;284
490;834;294;MANDRILLS BKB_294_20210402_id4158_maljuv_(7).jpg;344
681;1020;294;MANDRILLS BKB_294_20211005_id4158_maljuv_(1).jpg;339
808;1020;294;MANDRILLS BKB_294_20211005_id4158_maljuv_(2).jpg;212
1132;1054;294;MANDRILLS BKB_294_20211108_id4158_maljuv_(3).jpg;78
770;1065;294;MANDRILLS BKB_294_20211119_id4158_maljuv_(1).jpg;295
1045;1065;294;MANDRILLS BKB_294_20211119_id4158_maljuv_(2).jpg;20
890;1102;294;MANDRILLS BKB_294_20211226_id4158_maljuv.jpg;212
935;1154;294;MANDRILLS BKB_294_20220216_id4158_maljuv.jpg;219
933;1196;294;MANDRILLS BKB_294_20220330_id4158_maljuv (2).jpg;263
916;1196;294;MANDRILLS BKB_294_20220330_id4158_maljuv (3).jpg;280
901;1196;294;MANDRILLS BKB_294_20220330_id4158_maljuv (4).jpg;295
969;1196;294;MANDRILLS BKB_294_20220330_id4158_maljuv (5).jpg;227
1144;1201;294;MANDRILLS BKB_294_20220404_id4158_maljuv.jpg;57
1025;1230;294;MANDRILLS BKB_294_20220503_id4158_maljuv (1).jpg;205
1027;1230;294;MANDRILLS BKB_294_20220503_id4158_maljuv (2).jpg;203
942;1254;294;MANDRILLS BKB_294_20220527_id4158_maljuv (1).jpg;312
1048;1254;294;MANDRILLS BKB_294_20220527_id4158_maljuv (3).jpg;206
1128;1256;294;MANDRILLS BKB_294_20220529_id4158_maljuv (2).jpg;128
1033;1256;294;MANDRILLS BKB_294_20220529_id4158_maljuv.jpg;223
1076;1259;294;MANDRILLS BKB_294_20220601_id4158_maljuv.jpg;183
1079;1282;294;MANDRILLS BKB_294_20220624_id4158_maljuv (1).jpg;203
1144;1282;294;MANDRILLS BKB_294_20220624_id4158_maljuv (2).jpg;138
1065;1282;294;MANDRILLS BKB_294_20220624_id4158_maljuv (3).jpg;217
1244;1302;294;MANDRILLS BKB_294_20220714_id4158_maljuv.jpg;58
1013;1304;294;MANDRILLS BKB_294_20220716_id4158_maljuv.jpg;291
1058;1309;294;MANDRILLS BKB_294_20220721_id4158 (2).jpg;251
1052;1309;294;MANDRILLS BKB_294_20220721_id4158.jpg;257
1174;1337;294;MANDRILLS BKB_294_20220818_id4158 (3).jpg;163
1112;1337;294;MANDRILLS BKB_294_20220818_id4158.jpg;225
1083;1346;294;MANDRILLS BKB_294_20220827_id4158 (2).jpg;263
1020;1346;294;MANDRILLS BKB_294_20220827_id4158.jpg;326
1101;1354;294;MANDRILLS BKB_294_20220904_id4158 (1).jpg;253
1108;1354;294;MANDRILLS BKB_294_20220904_id4158 (2).jpg;246
1006;1354;294;MANDRILLS BKB_294_20220904_id4158.jpg;348
1238;1385;294;MANDRILLS BKB_294_20221005_id4158 (1).jpg;147
1136;1385;294;MANDRILLS BKB_294_20221005_id4158 (2).jpg;249
1180;1385;294;MANDRILLS BKB_294_20221005_id4158 (3).jpg;205
1149;1399;294;MANDRILLS BKB_294_20221019_id4158.jpg;250
1221;1402;294;MANDRILLS BKB_294_20221022_id4158.jpg;181
1201;1410;294;MANDRILLS BKB_294_20221030_id4158 (1).jpg;209
1249;1410;294;MANDRILLS BKB_294_20221030_id4158 (2).jpg;161
1148;1441;294;MANDRILLS BKB_294_20221130_id4158 (1).jpg;293
1319;1441;294;MANDRILLS BKB_294_20221130_id4158 (3).jpg;122
363;269;300;MANDRILLS BKB_300_20190926_id4041_feminf.jpg;94
479;324;300;MANDRILLS BKB_300_20191120_id4041_feminf_(1).jpg;155
422;324;300;MANDRILLS BKB_300_20191120_id4041_feminf_(2).jpg;98
370;324;300;MANDRILLS BKB_300_20191120_id4041_feminf_(3).jpg;46
424;324;300;MANDRILLS BKB_300_20191120_id4041_feminf_(4).jpg;100
459;324;300;MANDRILLS BKB_300_20191120_id4041_feminf_(5).jpg;135
457;336;300;MANDRILLS BKB_300_20191202_id4041_feminf_(1).jpg;121
431;336;300;MANDRILLS BKB_300_20191202_id4041_feminf_(2).jpg;95
415;336;300;MANDRILLS BKB_300_20191202_id4041_feminf_(3).jpg;79
385;365;300;MANDRILLS BKB_300_20191231_id4041_femjuv_(1).jpg;20
503;365;300;MANDRILLS BKB_300_20191231_id4041_femjuv_(2).jpg;138
319;365;300;MANDRILLS BKB_300_20191231_id4041_femjuv_(3).jpg;46
424;373;300;MANDRILLS BKB_300_20200108_id4041_femjuv.jpg;51
550;487;300;MANDRILLS BKB_300_20200501_id4041_femjuv_(1).jpg;63
524;487;300;MANDRILLS BKB_300_20200501_id4041_femjuv_(2).jpg;37
887;661;300;MANDRILLS BKB_300_20201022_id4041_femjuv.jpg;226
533;663;300;MANDRILLS BKB_300_20201024_id4041_femjuv_(1).jpg;130
801;663;300;MANDRILLS BKB_300_20201024_id4041_femjuv_(2).jpg;138
678;663;300;MANDRILLS BKB_300_20201024_id4041_femjuv_(3).jpg;15
761;667;300;MANDRILLS BKB_300_20201028_id4041_femjuv_(1).jpg;94
728;667;300;MANDRILLS BKB_300_20201028_id4041_femjuv_(2).jpg;61
669;667;300;MANDRILLS BKB_300_20201028_id4041_femjuv_(3).jpg;2
725;693;300;MANDRILLS BKB_300_20201123_id4041_femadu_(1).jpg;32
857;693;300;MANDRILLS BKB_300_20201123_id4041_femadu_(2).jpg;164
832;715;300;MANDRILLS BKB_300_20201215_id4041_femjuv_(1).jpg;117
1002;715;300;MANDRILLS BKB_300_20201215_id4041_femjuv_(2).jpg;287
813;715;300;MANDRILLS BKB_300_20201215_id4041_femjuv_(3).jpg;98
829;715;300;MANDRILLS BKB_300_20201215_id4041_femjuv_(4).jpg;114
843;715;300;MANDRILLS BKB_300_20201215_id4041_femjuv_(5).jpg;128
977;715;300;MANDRILLS BKB_300_20201215_id4041_femjuv_(6).jpg;262
901;715;300;MANDRILLS BKB_300_20201215_id4041_femjuv_(7).jpg;186
972;740;300;MANDRILLS BKB_300_20210109_id4041_femjuv_(1).jpg;232
851;740;300;MANDRILLS BKB_300_20210109_id4041_femjuv_(2).jpg;111
829;760;300;MANDRILLS BKB_300_20210129_id4041_femjuv.jpg;69
911;763;300;MANDRILLS BKB_300_20210201_id4041_femjuv.jpg;148
980;889;300;MANDRILLS BKB_300_20210607_id4041_femjuv_(1).jpg;91
979;889;300;MANDRILLS BKB_300_20210607_id4041_femjuv_(2).jpg;90
1066;889;300;MANDRILLS BKB_300_20210607_id4041_femjuv_(3).jpg;177
1034;889;300;MANDRILLS BKB_300_20210607_id4041_femjuv_(4).jpg;145
1080;898;300;MANDRILLS BKB_300_20210616_id4041_(1).jpg;182
1106;898;300;MANDRILLS BKB_300_20210616_id4041_(2).jpg;208
1164;978;300;MANDRILLS BKB_300_20210904_id4041_femjuv (1).jpg;186
1037;978;300;MANDRILLS BKB_300_20210904_id4041_femjuv (2).jpg;59
1011;1009;300;MANDRILLS BKB_300_20211005_id4041_femjuv_(1).jpg;2
962;1009;300;MANDRILLS BKB_300_20211005_id4041_femjuv_(2).jpg;47
1035;1020;300;MANDRILLS BKB_300_20211016_id4041_femjuv.jpg;15
1141;1026;300;MANDRILLS BKB_300_20211022_id4041_femjuv_(3).jpg;115
1110;1128;300;MANDRILLS BKB_300_20220201_id4041_femjuv (1).jpg;18
1105;1128;300;MANDRILLS BKB_300_20220201_id4041_femjuv (2).jpg;23
1163;1128;300;MANDRILLS BKB_300_20220201_id4041_femjuv (3).jpg;35
1248;1128;300;MANDRILLS BKB_300_20220201_id4041_femjuv (4).jpg;120
1263;1128;300;MANDRILLS BKB_300_20220201_id4041_femjuv (5).jpg;135
1340;1128;300;MANDRILLS BKB_300_20220201_id4041_femjuv (6).jpg;212
1305;1153;300;MANDRILLS BKB_300_20220226_id4041_femjuv (1).jpg;152
1263;1153;300;MANDRILLS BKB_300_20220226_id4041_femjuv (2).jpg;110
1080;1184;300;MANDRILLS BKB_300_20220329_id4041_femjuv.jpg;104
1235;1185;300;MANDRILLS BKB_300_20220330_id4041_femjuv.jpg;50
1350;1219;300;MANDRILLS BKB_300_20220503_id4041_femjuv.jpg;131
1496;1231;300;MANDRILLS BKB_300_20220515_id4041_femjuv.jpg;265
1271;1232;300;MANDRILLS BKB_300_20220516_id4041_femjuv (1).jpg;39
1240;1232;300;MANDRILLS BKB_300_20220516_id4041_femjuv (2).jpg;8
1393;1242;300;MANDRILLS BKB_300_20220526_id4041_femjuv (2).jpg;151
1220;1242;300;MANDRILLS BKB_300_20220526_id4041_femjuv (3).jpg;22
1323;1253;300;MANDRILLS BKB_300_20220606_id4041_femjuv (1).jpg;70
1294;1253;300;MANDRILLS BKB_300_20220606_id4041_femjuv (2).jpg;41
1368;1278;300;MANDRILLS BKB_300_20220701_id4041.jpg;90
1480;1293;300;MANDRILLS BKB_300_20220716_id4041_femjuv (1).jpg;187
1481;1293;300;MANDRILLS BKB_300_20220716_id4041_femjuv (2).jpg;188
1401;1293;300;MANDRILLS BKB_300_20220716_id4041_femjuv (3).jpg;108
1318;1298;300;MANDRILLS BKB_300_20220721_id4041 (2).jpg;20
1478;1317;300;MANDRILLS BKB_300_20220809_id4041 (1).jpg;161
1364;1317;300;MANDRILLS BKB_300_20220809_id4041 (2).jpg;47
1358;1317;300;MANDRILLS BKB_300_20220809_id4041 (3).jpg;41
1461;1317;300;MANDRILLS BKB_300_20220809_id4041 (4).jpg;144
1519;1317;300;MANDRILLS BKB_300_20220809_id4041 (5).jpg;202
1345;1320;300;MANDRILLS BKB_300_20220812_id4041.jpg;25
1428;1343;300;MANDRILLS BKB_300_20220904_id4041.jpg;85
1289;1344;300;MANDRILLS BKB_300_20220905_id4041.jpg;55
1473;1374;300;MANDRILLS BKB_300_20221005_id4041 (2).jpg;99
1542;1374;300;MANDRILLS BKB_300_20221005_id4041.jpg;168
1492;1430;300;MANDRILLS BKB_300_20221130_id4041 (2).jpg;62
1641;1430;300;MANDRILLS BKB_300_20221130_id4041.jpg;211
1464;1454;300;MANDRILLS BKB_300_20221224_id300 (2).jpg;10
1487;1454;300;MANDRILLS BKB_300_20221224_id300.jpg;33
291;176;308;MANDRILLS BKB_308_20190317_id4104_feminf_BAS_(1).jpg;115
259;178;308;MANDRILLS BKB_308_20190319_id4104_feminf.jpg;81
226;178;308;MANDRILLS BKB_308_20190319_id4104_feminf_DROITE.jpg;48
293;322;308;MANDRILLS BKB_308_20190810_id4104_feminf.jpg;29
356;322;308;MANDRILLS BKB_308_20190810_id4104_feminf_(1).jpg;34
418;401;308;MANDRILLS BKB_308_20191028_id4104_femjuv.jpg;17
422;416;308;MANDRILLS BKB_308_20191112_id4104_femjuv.jpg;6
629;472;308;MANDRILLS BKB_308_20200107_id4104_femjuv_(1).jpg;157
657;472;308;MANDRILLS BKB_308_20200107_id4104_femjuv_(2).jpg;185
498;472;308;MANDRILLS BKB_308_20200107_id4104_femjuv_(3).jpg;26
346;514;308;MANDRILLS BKB_308_20200218_id4104_femjuv.jpg;168
795;761;308;MANDRILLS BKB_308_20201022_id4104_femjuv_(1).jpg;34
595;761;308;MANDRILLS BKB_308_20201022_id4104_femjuv_(2).jpg;166
826;761;308;MANDRILLS BKB_308_20201022_id4104_femjuv_(3).jpg;65
924;770;308;MANDRILLS BKB_308_20201031_id4104_femjuv_(1).jpg;154
712;770;308;MANDRILLS BKB_308_20201031_id4104_femjuv_(2).jpg;58
723;770;308;MANDRILLS BKB_308_20201031_id4104_femjuv_(3).jpg;47
710;771;308;MANDRILLS BKB_308_20201101_id4104_femjuv_(1).jpg;61
962;771;308;MANDRILLS BKB_308_20201101_id4104_femjuv_(2).jpg;191
564;773;308;MANDRILLS BKB_308_20201103_id4104_femjuv_(1).jpg;209
593;773;308;MANDRILLS BKB_308_20201103_id4104_femjuv_(2).jpg;180
660;773;308;MANDRILLS BKB_308_20201103_id4104_femjuv_(3).jpg;113
742;773;308;MANDRILLS BKB_308_20201103_id4104_femjuv_(4).jpg;31
826;773;308;MANDRILLS BKB_308_20201103_id4104_femjuv_(5).jpg;53
798;773;308;MANDRILLS BKB_308_20201103_id4104_femjuv_(6).jpg;25
773;776;308;MANDRILLS BKB_308_20201106_id4104_femjuv.jpg;3
673;813;308;MANDRILLS BKB_308_20201213_id4104_femjuv_(1).jpg;140
816;813;308;MANDRILLS BKB_308_20201213_id4104_femjuv_(10).jpg;3
785;813;308;MANDRILLS BKB_308_20201213_id4104_femjuv_(2).jpg;28
696;813;308;MANDRILLS BKB_308_20201213_id4104_femjuv_(3).jpg;117
700;813;308;MANDRILLS BKB_308_20201213_id4104_femjuv_(4).jpg;113
769;813;308;MANDRILLS BKB_308_20201213_id4104_femjuv_(5).jpg;44
783;813;308;MANDRILLS BKB_308_20201213_id4104_femjuv_(6).jpg;30
869;813;308;MANDRILLS BKB_308_20201213_id4104_femjuv_(7).jpg;56
751;813;308;MANDRILLS BKB_308_20201213_id4104_femjuv_(8).jpg;62
753;813;308;MANDRILLS BKB_308_20201213_id4104_femjuv_(9).jpg;60
769;815;308;MANDRILLS BKB_308_20201215_id4104_(1).jpg;46
652;815;308;MANDRILLS BKB_308_20201215_id4104_femjuv_(1).jpg;163
761;815;308;MANDRILLS BKB_308_20201215_id4104_femjuv_(2).jpg;54
713;815;308;MANDRILLS BKB_308_20201215_id4104_femjuv_(3).jpg;102
810;815;308;MANDRILLS BKB_308_20201215_id4104_femjuv_(4).jpg;5
623;815;308;MANDRILLS BKB_308_20201215_id4104_femjuv_(5).jpg;192
724;815;308;MANDRILLS BKB_308_20201215_id4104_femjuv_(6).jpg;91
1046;822;308;MANDRILLS BKB_308_20201222_id4104_femjuv.jpg;224
827;830;308;MANDRILLS BKB_308_20201230_id4104_femjuv_(1).jpg;3
924;830;308;MANDRILLS BKB_308_20201230_id4104_femjuv_(2).jpg;94
843;835;308;MANDRILLS BKB_308_20210104_id4104_femjuv.jpg;8
918;842;308;MANDRILLS BKB_308_20210111_id4104_femjuv_(1).jpg;76
925;842;308;MANDRILLS BKB_308_20210111_id4104_femjuv_(2).jpg;83
721;842;308;MANDRILLS BKB_308_20210111_id4104_femjuv_(3).jpg;121
716;844;308;MANDRILLS BKB_308_20210113_id4104_femjuv_(2).jpg;128
686;860;308;MANDRILLS BKB_308_20210129_id4104_femjuv_(1).jpg;174
803;860;308;MANDRILLS BKB_308_20210129_id4104_femjuv_(2).jpg;57
966;874;308;MANDRILLS BKB_308_20210212_id4104_femjuv.jpg;92
883;926;308;MANDRILLS BKB_308_20210405_id4104_femjuv.jpg;43
1014;931;308;MANDRILLS BKB_308_20210410_id4104_femjuv_(1).jpg;83
1002;943;308;MANDRILLS BKB_308_20210422_id4104_femjuv_(1).jpg;59
895;943;308;MANDRILLS BKB_308_20210422_id4104_femjuv_(2).jpg;48
947;995;308;MANDRILLS BKB_308_20210613_id4104_femjuv.jpg;48
1144;1035;308;MANDRILLS BKB_308_20210723_id4104_femjuv.jpg;109
930;1038;308;MANDRILLS BKB_308_20210726_id4104_femjuv_(1).jpg;108
1058;1038;308;MANDRILLS BKB_308_20210726_id4104_femjuv_(12).jpg;20
985;1038;308;MANDRILLS BKB_308_20210726_id4104_femjuv_(2).jpg;53
938;1038;308;MANDRILLS BKB_308_20210726_id4104_femjuv_(3).jpg;100
991;1038;308;MANDRILLS BKB_308_20210726_id4104_femjuv_(5).jpg;47
1131;1038;308;MANDRILLS BKB_308_20210726_id4104_femjuv_(6).jpg;93
1011;1038;308;MANDRILLS BKB_308_20210726_id4104_femjuv_(7).jpg;27
1073;1038;308;MANDRILLS BKB_308_20210726_id4104_femjuv_(8).jpg;35
1205;1072;308;MANDRILLS BKB_308_20210829_id4104_femjuv.jpg;133
1169;1096;308;MANDRILLS BKB_308_20210922_id4104_femjuv.jpg;73
1240;1123;308;MANDRILLS BKB_308_20211019_id4104_femjuv_(1).jpg;117
1259;1123;308;MANDRILLS BKB_308_20211019_id4104_femjuv_(2).jpg;136
1213;1170;308;MANDRILLS BKB_308_20211205_id4104_femjuv.jpg;43
1388;1182;308;MANDRILLS BKB_308_20211217_id4104_femjuv.jpg;206
1053;1183;308;MANDRILLS BKB_308_20211218_id4104_femjuv_(1).jpg;130
1072;1183;308;MANDRILLS BKB_308_20211218_id4104_femjuv_(2).jpg;111
1102;1183;308;MANDRILLS BKB_308_20211218_id4104_femjuv_(3).jpg;81
1102;1183;308;MANDRILLS BKB_308_20211218_id4104_femjuv_(4).jpg;81
1066;1228;308;MANDRILLS BKB_308_20220201_id4104_femjuv (1).jpg;162
1244;1228;308;MANDRILLS BKB_308_20220201_id4104_femjuv (2).jpg;16
1436;1264;308;MANDRILLS BKB_308_20220309_id4104_femjuv (1).jpg;172
1353;1264;308;MANDRILLS BKB_308_20220309_id4104_femjuv (2).jpg;89
1438;1264;308;MANDRILLS BKB_308_20220309_id4104_femjuv (3).jpg;174
1452;1264;308;MANDRILLS BKB_308_20220309_id4104_femjuv.jpg;188
1392;1268;308;MANDRILLS BKB_308_20220313_id4104_femjuv.jpg;124
1288;1287;308;MANDRILLS BKB_308_20220401_id4104_femjuv.jpg;1
1551;1331;308;MANDRILLS BKB_308_20220515_id4104_femjuv (1).jpg;220
1246;1331;308;MANDRILLS BKB_308_20220515_id4104_femjuv (2).jpg;85
1459;1332;308;MANDRILLS BKB_308_20220516_id4104_femjuv.jpg;127
1246;1334;308;MANDRILLS BKB_308_20220518_id4104_femjuv.jpg;88
1172;1346;308;MANDRILLS BKB_308_20220530_id4104_femjuv (1).jpg;174
1203;1346;308;MANDRILLS BKB_308_20220530_id4104_femjuv (2).jpg;143
1610;1351;308;MANDRILLS BKB_308_20220604_id4104_femjuv (1).jpg;259
1515;1351;308;MANDRILLS BKB_308_20220604_id4104_femjuv (2).jpg;164
1064;1353;308;MANDRILLS BKB_308_20220606_id4104_femjuv.jpg;289
1397;1376;308;MANDRILLS BKB_308_20220629_id4104 (1).jpg;21
1484;1376;308;MANDRILLS BKB_308_20220629_id4104 (2).jpg;108
1213;1378;308;MANDRILLS BKB_308_20220701_id4104 (2).jpg;165
1331;1378;308;MANDRILLS BKB_308_20220701_id4104 (3).jpg;47
1342;1378;308;MANDRILLS BKB_308_20220701_id4104.jpg;36
1512;1383;308;MANDRILLS BKB_308_20220706_id4104.jpg;129
1215;1388;308;MANDRILLS BKB_308_20220711_id4104.jpg;173
1388;1389;308;MANDRILLS BKB_308_20220712_id4104.jpg;1
1311;1391;308;MANDRILLS BKB_308_20220714_id4104_femjuv (1).jpg;80
1267;1391;308;MANDRILLS BKB_308_20220714_id4104_femjuv (2).jpg;124
1382;1406;308;MANDRILLS BKB_308_20220729_id4104 (1).jpg;24
1295;1406;308;MANDRILLS BKB_308_20220729_id4104 (2).jpg;111
1418;1409;308;MANDRILLS BKB_308_20220801_id4104.jpg;9
1256;1412;308;MANDRILLS BKB_308_20220804_id4104 (1).jpg;156
1541;1412;308;MANDRILLS BKB_308_20220804_id4104 (2).jpg;129
1395;1450;308;MANDRILLS BKB_308_20220911_id4104.jpg;55
1631;1453;308;MANDRILLS BKB_308_20220914_id4104.jpg;178
1399;1474;308;MANDRILLS BKB_308_20221005_id4104 (1).jpg;75
1453;1474;308;MANDRILLS BKB_308_20221005_id4104 (2).jpg;21
1421;1490;308;MANDRILLS BKB_308_20221021_id4104.jpg;69
1364;1491;308;MANDRILLS BKB_308_20221022_id4104 (1).jpg;127
1366;1491;308;MANDRILLS BKB_308_20221022_id4104 (2).jpg;125
1472;1491;308;MANDRILLS BKB_308_20221022_id4104.jpg;19
1501;1525;308;MANDRILLS BKB_308_20221125_id4104.jpg;24
62;35;310;MANDRILLS BKB_310_20190305_id4147_inf_CENTRE_(1)_ORIGINAL.jpg;27
46;35;310;MANDRILLS BKB_310_20190305_id4147_inf_CENTRE_(2)_ORIGINAL.jpg;11
78;35;310;MANDRILLS BKB_310_20190305_id4147_inf_CENTRE_(3)_ORIGINAL.jpg;43
305;187;310;MANDRILLS BKB_310_20190804_id4147_feminf_DROITE_(1).jpg;118
288;187;310;MANDRILLS BKB_310_20190804_id4147_feminf_DROITE_(11).jpg;101
246;187;310;MANDRILLS BKB_310_20190804_id4147_feminf_DROITE_(2).jpg;59
239;187;310;MANDRILLS BKB_310_20190804_id4147_feminf_DROITE_(3).jpg;52
274;187;310;MANDRILLS BKB_310_20190804_id4147_feminf_DROITE_(4).jpg;87
259;187;310;MANDRILLS BKB_310_20190804_id4147_feminf_DROITE_(5).jpg;72
257;187;310;MANDRILLS BKB_310_20190804_id4147_feminf_DROITE_(6).jpg;70
215;187;310;MANDRILLS BKB_310_20190804_id4147_feminf_DROITE_(8).jpg;28
384;344;310;MANDRILLS BKB_310_20200108_id4147_feminf_(4).jpg;40
394;344;310;MANDRILLS BKB_310_20200108_id4147_feminf_(5).jpg;50
379;344;310;MANDRILLS BKB_310_20200108_id4147_feminf_(6).jpg;35
420;344;310;MANDRILLS BKB_310_20200108_id4147_feminf_(7).jpg;76
416;351;310;MANDRILLS BKB_310_20200115_id4147_feminf.jpg;65
738;628;310;MANDRILLS BKB_310_20201018_id4147_femjuv_(1).jpg;110
607;628;310;MANDRILLS BKB_310_20201018_id4147_femjuv_(2).jpg;21
591;628;310;MANDRILLS BKB_310_20201018_id4147_femjuv_(3).jpg;37
645;628;310;MANDRILLS BKB_310_20201018_id4147_femjuv_(5).jpg;17
566;628;310;MANDRILLS BKB_310_20201018_id4147_femjuv_(6).jpg;62
663;628;310;MANDRILLS BKB_310_20201018_id4147_femjuv_(7).jpg;35
603;632;310;MANDRILLS BKB_310_20201022_id4147_femjuv_(1).jpg;29
642;632;310;MANDRILLS BKB_310_20201022_id4147_femjuv_(2).jpg;10
713;632;310;MANDRILLS BKB_310_20201022_id4147_femjuv_(3).jpg;81
710;644;310;MANDRILLS BKB_310_20201103_id4147_femjuv_(1).jpg;66
657;644;310;MANDRILLS BKB_310_20201103_id4147_femjuv_(10).jpg;13
793;644;310;MANDRILLS BKB_310_20201103_id4147_femjuv_(11).jpg;149
626;644;310;MANDRILLS BKB_310_20201103_id4147_femjuv_(12).jpg;18
517;644;310;MANDRILLS BKB_310_20201103_id4147_femjuv_(13).jpg;127
539;644;310;MANDRILLS BKB_310_20201103_id4147_femjuv_(2).jpg;105
557;644;310;MANDRILLS BKB_310_20201103_id4147_femjuv_(3).jpg;87
532;644;310;MANDRILLS BKB_310_20201103_id4147_femjuv_(4).jpg;112
686;644;310;MANDRILLS BKB_310_20201103_id4147_femjuv_(6).jpg;42
726;644;310;MANDRILLS BKB_310_20201103_id4147_femjuv_(7).jpg;82
690;644;310;MANDRILLS BKB_310_20201103_id4147_femjuv_(8).jpg;46
566;644;310;MANDRILLS BKB_310_20201103_id4147_femjuv_(9).jpg;78
779;723;310;MANDRILLS BKB_310_20210121_id4147_femjuv_(1).jpg;56
853;723;310;MANDRILLS BKB_310_20210121_id4147_femjuv_(10).jpg;130
818;723;310;MANDRILLS BKB_310_20210121_id4147_femjuv_(11).jpg;95
693;723;310;MANDRILLS BKB_310_20210121_id4147_femjuv_(12).jpg;30
917;723;310;MANDRILLS BKB_310_20210121_id4147_femjuv_(13).jpg;194
716;723;310;MANDRILLS BKB_310_20210121_id4147_femjuv_(2).jpg;7
700;723;310;MANDRILLS BKB_310_20210121_id4147_femjuv_(3).jpg;23
762;723;310;MANDRILLS BKB_310_20210121_id4147_femjuv_(4).jpg;39
999;723;310;MANDRILLS BKB_310_20210121_id4147_femjuv_(5).jpg;276
805;723;310;MANDRILLS BKB_310_20210121_id4147_femjuv_(6).jpg;82
839;723;310;MANDRILLS BKB_310_20210121_id4147_femjuv_(7).jpg;116
816;723;310;MANDRILLS BKB_310_20210121_id4147_femjuv_(8).jpg;93
760;723;310;MANDRILLS BKB_310_20210121_id4147_femjuv_(9).jpg;37
680;730;310;MANDRILLS BKB_310_20210128_id4147_femjuv.jpg;50
821;750;310;MANDRILLS BKB_310_20210217_id4147_femjuv.jpg;71
1090;790;310;MANDRILLS BKB_310_20210329_id4147_femjuv_(1).jpg;300
946;790;310;MANDRILLS BKB_310_20210329_id4147_femjuv_(2).jpg;156
923;790;310;MANDRILLS BKB_310_20210329_id4147_femjuv_(3).jpg;133
832;790;310;MANDRILLS BKB_310_20210329_id4147_femjuv_(4).jpg;42
1008;790;310;MANDRILLS BKB_310_20210329_id4147_femjuv_(5).jpg;218
837;790;310;MANDRILLS BKB_310_20210329_id4147_femjuv_(6).jpg;47
972;790;310;MANDRILLS BKB_310_20210329_id4147_femjuv_(7).jpg;182
1067;790;310;MANDRILLS BKB_310_20210329_id4147_femjuv_(8).jpg;277
895;790;310;MANDRILLS BKB_310_20210329_id4147_femjuv_(9).jpg;105
974;802;310;MANDRILLS BKB_310_20210410_id4147_femjuv.jpg;172
1059;950;310;MANDRILLS BKB_310_20210905_id4147_femjuv.jpg;109
1130;958;310;MANDRILLS BKB_310_20210913_id4147_femjuv.jpg;172
1189;1150;310;MANDRILLS BKB_310_20220324_id4147_femjuv.jpg;39
1213;1211;310;MANDRILLS BKB_310_20220524_id4147_femjuv.jpg;2
1373;1247;310;MANDRILLS BKB_310_20220629_id4147 (1).jpg;126
1356;1247;310;MANDRILLS BKB_310_20220629_id4147 (2).jpg;109
1278;1262;310;MANDRILLS BKB_310_20220714_id4147_femjuv.jpg;16
1205;1305;310;MANDRILLS BKB_310_20220826_id4147 (1).jpg;100
1195;1305;310;MANDRILLS BKB_310_20220826_id4147 (2).jpg;110
1116;1315;310;MANDRILLS BKB_310_20220905_id4147 (1).jpg;199
1250;1315;310;MANDRILLS BKB_310_20220905_id4147 (2).jpg;65
1364;1315;310;MANDRILLS BKB_310_20220905_id4147 (3).jpg;49
1147;1315;310;MANDRILLS BKB_310_20220905_id4147 (4).jpg;168
1178;1315;310;MANDRILLS BKB_310_20220905_id4147 (5).jpg;137
1260;1315;310;MANDRILLS BKB_310_20220905_id4147 (6).jpg;55
1419;1315;310;MANDRILLS BKB_310_20220905_id4147.jpg;104
1353;1328;310;MANDRILLS BKB_310_20220918_id4147 (1).jpg;25
1372;1328;310;MANDRILLS BKB_310_20220918_id4147 (2).jpg;44
1353;1328;310;MANDRILLS BKB_310_20220918_id4147 (3).jpg;25
1325;1338;310;MANDRILLS BKB_310_20220928_id4147 (1).jpg;13
1352;1359;310;MANDRILLS BKB_310_20221019_id4147 (1).jpg;7
1196;1359;310;MANDRILLS BKB_310_20221019_id4147 (2).jpg;163
1600;1361;310;MANDRILLS BKB_310_20221021_id4147.jpg;239
1230;1370;310;MANDRILLS BKB_310_20221030_id4147 (1).jpg;140
1158;1370;310;MANDRILLS BKB_310_20221030_id4147 (2).jpg;212
1294;1401;310;MANDRILLS BKB_310_20221130_id4147 (1).jpg;107
1304;1401;310;MANDRILLS BKB_310_20221130_id4147 (2).jpg;97
1299;1419;310;MANDRILLS BKB_310_20221218_id310.jpg;120
1511;1422;310;MANDRILLS BKB_310_20221221_id310.jpg;89
60;50;32;MANDRILLS BKB_32_20120420_id32_malinf_(1)_ORIGINAL.jpg;10
70;50;32;MANDRILLS BKB_32_20120420_id32_malinf_(2)_ORIGINAL.jpg;20
59;50;32;MANDRILLS BKB_32_20120420_id32_malinf_(3)_ORIGINAL.jpg;9
59;50;32;MANDRILLS BKB_32_20120420_id32_malinf_(4)_ORIGINAL.jpg;9
56;50;32;MANDRILLS BKB_32_20120420_id32_malinf_(6)_ORIGINAL.jpg;6
69;60;32;MANDRILLS BKB_32_20120430_id32_malinf_(5)_ORIGINAL.jpg;9
73;60;32;MANDRILLS BKB_32_20120430_id32_malinf_(6)_ORIGINAL.jpg;13
78;60;32;MANDRILLS BKB_32_20120430_id32_malinf_(7)_ORIGINAL.jpg;18
74;60;32;MANDRILLS BKB_32_20120430_id32_malinf_(8)_ORIGINAL.jpg;14
72;71;32;MANDRILLS BKB_32_20120511_id32_malinfGAUCHE_(1)_ORIGINAL.jpg;1
75;71;32;MANDRILLS BKB_32_20120511_id32_malinfGAUCHE_(2)_ORIGINAL.jpg;4
89;71;32;MANDRILLS BKB_32_20120511_id32_malinf_ORIGINAL.jpg;18
97;82;32;MANDRILLS BKB_32_20120522_id32_malinf_ORIGINAL.jpg;15
50;38;4018;MANDRILLS BKB_4018_20190112_4018_mal_inf_BAS_ORIGINAL.jpg;12
275;195;4018;MANDRILLS BKB_4018_20190618_id4018_malinf.jpg;80
432;368;4018;MANDRILLS BKB_4018_20191208_id4018_maljuv.jpg;64
554;398;4018;MANDRILLS BKB_4018_20200107_id4018_maljuv.jpg;156
571;408;4018;MANDRILLS BKB_4018_20200117_id4018_maljuv_(1).jpg;163
612;408;4018;MANDRILLS BKB_4018_20200117_id4018_maljuv_(2).jpg;204
694;441;4018;MANDRILLS BKB_4018_20200219_id4018_maljuv_(1).jpg;253
624;441;4018;MANDRILLS BKB_4018_20200219_id4018_maljuv_(3).jpg;183
485;463;4018;MANDRILLS BKB_4018_20200312_id4018_maljuv_(1).jpg;22
454;463;4018;MANDRILLS BKB_4018_20200312_id4018_maljuv_(2).jpg;9
49;20;4020;MANDRILLS BKB_4020_20181008_id4020_feminfDROITE_(1)_ORIGINAL.jpg;29
36;20;4020;MANDRILLS BKB_4020_20181008_id4020_feminfDROITE_(10)_ORIGINAL.jpg;16
35;20;4020;MANDRILLS BKB_4020_20181008_id4020_feminfDROITE_(11)_ORIGINAL.jpg;15
42;20;4020;MANDRILLS BKB_4020_20181008_id4020_feminfDROITE_(12)_ORIGINAL.jpg;22
49;20;4020;MANDRILLS BKB_4020_20181008_id4020_feminfDROITE_(13)_ORIGINAL.jpg;29
48;20;4020;MANDRILLS BKB_4020_20181008_id4020_feminfDROITE_(14)_ORIGINAL.jpg;28
56;20;4020;MANDRILLS BKB_4020_20181008_id4020_feminfDROITE_(15)_ORIGINAL.jpg;36
45;20;4020;MANDRILLS BKB_4020_20181008_id4020_feminfDROITE_(16)_ORIGINAL.jpg;25
43;20;4020;MANDRILLS BKB_4020_20181008_id4020_feminfDROITE_(2)_ORIGINAL.jpg;23
35;20;4020;MANDRILLS BKB_4020_20181008_id4020_feminfDROITE_(3)_ORIGINAL.jpg;15
44;20;4020;MANDRILLS BKB_4020_20181008_id4020_feminfDROITE_(4)_ORIGINAL.jpg;24
38;20;4020;MANDRILLS BKB_4020_20181008_id4020_feminfDROITE_(5)_ORIGINAL.jpg;18
44;20;4020;MANDRILLS BKB_4020_20181008_id4020_feminfDROITE_(6)_ORIGINAL.jpg;24
46;20;4020;MANDRILLS BKB_4020_20181008_id4020_feminfDROITE_(7)_ORIGINAL.jpg;26
38;20;4020;MANDRILLS BKB_4020_20181008_id4020_feminfDROITE_(8)_ORIGINAL.jpg;18
39;20;4020;MANDRILLS BKB_4020_20181008_id4020_feminfDROITE_(9)_ORIGINAL.jpg;19
42;8;4163;MANDRILLS BKB_4163_20190204_id4163_inf_BAS_(1)_ORIGINAL.jpg;34
62;8;4163;MANDRILLS BKB_4163_20190204_id4163_inf_BAS_(2)_ORIGINAL.jpg;54
66;8;4163;MANDRILLS BKB_4163_20190204_id4163_inf_BAS_(3)_ORIGINAL.jpg;58
38;44;4163;MANDRILLS BKB_4163_20190312_id4163_feminf_BAS_(1).jpg;6
99;44;4163;MANDRILLS BKB_4163_20190312_id4163_feminf_BAS_(2).jpg;55
60;44;4163;MANDRILLS BKB_4163_20190312_id4163_feminf_BAS_(3).jpg;16
64;49;4163;MANDRILLS BKB_4163_20190317_id4163_feminf_CENTRE.jpg;15
65;51;4163;MANDRILLS BKB_4163_20190319_id4163_feminf_DROITE_(1).jpg;14
67;51;4163;MANDRILLS BKB_4163_20190319_id4163_feminf_DROITE_(2).jpg;16
63;51;4163;MANDRILLS BKB_4163_20190319_id4163_feminf_DROITE_(5).jpg;12
69;51;4163;MANDRILLS BKB_4163_20190319_id4163_feminf_DROITE_(7).jpg;18
88;51;4163;MANDRILLS BKB_4163_20190319_id4163_feminf_DROITE_(9).jpg;37
259;190;4163;MANDRILLS BKB_4163_20190805_id4163_feminf_(1).jpg;69
228;190;4163;MANDRILLS BKB_4163_20190805_id4163_feminf_(2).jpg;38
186;190;4163;MANDRILLS BKB_4163_20190805_id4163_feminf_(3).jpg;4
219;190;4163;MANDRILLS BKB_4163_20190805_id4163_feminf_DROITE.jpg;29
192;190;4163;MANDRILLS BKB_4163_20190805_id4163_feminf_DROITE_(1).jpg;2
175;190;4163;MANDRILLS BKB_4163_20190805_id4163_feminf_DROITE_(2).jpg;15
194;190;4163;MANDRILLS BKB_4163_20190805_id4163_feminf_DROITE_(3).jpg;4
151;190;4163;MANDRILLS BKB_4163_20190805_id4163_feminf_DROITE_(4).jpg;39
202;190;4163;MANDRILLS BKB_4163_20190805_id4163_feminf_DROITE_(5).jpg;12
208;190;4163;MANDRILLS BKB_4163_20190805_id4163_feminf_DROITE_(6).jpg;18
180;190;4163;MANDRILLS BKB_4163_20190805_id4163_feminf_DROITE_(7).jpg;10
229;222;4163;MANDRILLS BKB_4163_20190906_id4163_feminf_(1).jpg;7
209;222;4163;MANDRILLS BKB_4163_20190906_id4163_feminf_(2).jpg;13
217;222;4163;MANDRILLS BKB_4163_20190906_id4163_feminf_(3).jpg;5
252;222;4163;MANDRILLS BKB_4163_20190906_id4163_feminf_(4).jpg;30
208;222;4163;MANDRILLS BKB_4163_20190906_id4163_feminf_(5).jpg;14
227;222;4163;MANDRILLS BKB_4163_20190906_id4163_feminf_(6).jpg;5
259;285;4163;MANDRILLS BKB_4163_20191108_id4163_feminf_(1).jpg;26
258;285;4163;MANDRILLS BKB_4163_20191108_id4163_feminf_(2).jpg;27
327;353;4163;MANDRILLS BKB_4163_20200115_id4163_feminf_(1).jpg;26
293;379;4163;MANDRILLS BKB_4163_20200210_id4163_feminf_(1).jpg;86
335;379;4163;MANDRILLS BKB_4163_20200210_id4163_feminf_(2).jpg;44
310;379;4163;MANDRILLS BKB_4163_20200210_id4163_feminf_(3).jpg;69
367;388;4163;MANDRILLS BKB_4163_20200219_id4163_feminf.jpg;21
133;39;4164;MANDRILLS BKB_4164_20190315_id4164_feminf_(10).jpg;94
59;39;4164;MANDRILLS BKB_4164_20190315_id4164_feminf_(11).jpg;20
87;39;4164;MANDRILLS BKB_4164_20190315_id4164_feminf_(12).jpg;48
71;39;4164;MANDRILLS BKB_4164_20190315_id4164_feminf_(14).jpg;32
70;39;4164;MANDRILLS BKB_4164_20190315_id4164_feminf_(15).jpg;31
45;39;4164;MANDRILLS BKB_4164_20190315_id4164_feminf_(16).jpg;6
43;39;4164;MANDRILLS BKB_4164_20190315_id4164_feminf_(17).jpg;4
55;39;4164;MANDRILLS BKB_4164_20190315_id4164_feminf_(18).jpg;16
49;39;4164;MANDRILLS BKB_4164_20190315_id4164_feminf_(19).jpg;10
43;39;4164;MANDRILLS BKB_4164_20190315_id4164_feminf_(2).jpg;4
42;39;4164;MANDRILLS BKB_4164_20190315_id4164_feminf_(20).jpg;3
79;39;4164;MANDRILLS BKB_4164_20190315_id4164_feminf_(3).jpg;40
58;39;4164;MANDRILLS BKB_4164_20190315_id4164_feminf_(4).jpg;19
44;39;4164;MANDRILLS BKB_4164_20190315_id4164_feminf_(5).jpg;5
54;39;4164;MANDRILLS BKB_4164_20190315_id4164_feminf_(6).jpg;15
69;39;4164;MANDRILLS BKB_4164_20190315_id4164_feminf_(7).jpg;30
64;39;4164;MANDRILLS BKB_4164_20190315_id4164_feminf_(8).jpg;25
76;39;4164;MANDRILLS BKB_4164_20190315_id4164_feminf_(9).jpg;37
82;85;4164;MANDRILLS BKB_4164_20190430_id4164_feminf_GAUCHE_(1).jpg;3
74;85;4164;MANDRILLS BKB_4164_20190430_id4164_feminf_GAUCHE_(2).jpg;11
81;85;4164;MANDRILLS BKB_4164_20190430_id4164_feminf_GAUCHE_(3).jpg;4
92;85;4164;MANDRILLS BKB_4164_20190430_id4164_feminf_GAUCHE_(4).jpg;7
72;85;4164;MANDRILLS BKB_4164_20190430_id4164_feminf_GAUCHE_(5).jpg;13
43;88;4164;MANDRILLS BKB_4164_20190503_id4164_feminf_GAUCHE_(1)_ORIGINAL.jpg;45
54;88;4164;MANDRILLS BKB_4164_20190503_id4164_feminf_GAUCHE_(2)_ORIGINAL.jpg;34
27;88;4164;MANDRILLS BKB_4164_20190503_id4164_feminf_GAUCHE_(3)_ORIGINAL.jpg;61
36;88;4164;MANDRILLS BKB_4164_20190503_id4164_feminf_GAUCHE_(6)_ORIGINAL.jpg;52
0;12;5026;MANDRILLS BKB_5026_20191231_id5026_feminf_(1).jpg;12
28;12;5026;MANDRILLS BKB_5026_20191231_id5026_feminf_(2).jpg;16
29;12;5026;MANDRILLS BKB_5026_20191231_id5026_feminf_(3).jpg;17
33;30;5026;MANDRILLS BKB_5026_20200118_id5026_feminf.jpg;3
62;53;5026;MANDRILLS BKB_5026_20200210_id5026_feminf_(1).jpg;9
64;53;5026;MANDRILLS BKB_5026_20200210_id5026_feminf_(2).jpg;11
52;53;5026;MANDRILLS BKB_5026_20200210_id5026_feminf_(3).jpg;1
67;53;5026;MANDRILLS BKB_5026_20200210_id5026_feminf_(4).jpg;14
89;53;5026;MANDRILLS BKB_5026_20200210_id5026_feminf_(5).jpg;36
32;7;5031;MANDRILLS BKB_5031_20191231_id5031_feminf_(1).jpg;25
31;7;5031;MANDRILLS BKB_5031_20191231_id5031_feminf_(2).jpg;24
45;7;5031;MANDRILLS BKB_5031_20191231_id5031_feminf_(3).jpg;38
43;7;5031;MANDRILLS BKB_5031_20191231_id5031_feminf_(4).jpg;36
39;7;5031;MANDRILLS BKB_5031_20191231_id5031_feminf_(5).jpg;32
24;7;5031;MANDRILLS BKB_5031_20191231_id5031_feminf_(6).jpg;17
111;60;5031;MANDRILLS BKB_5031_20200222_id5031_feminf_(1).jpg;51
107;60;5031;MANDRILLS BKB_5031_20200222_id5031_feminf_(2).jpg;47
96;60;5031;MANDRILLS BKB_5031_20200222_id5031_feminf_(3).jpg;36
109;60;5031;MANDRILLS BKB_5031_20200222_id5031_feminf_(4).jpg;49
113;60;5031;MANDRILLS BKB_5031_20200222_id5031_feminf_(5).jpg;53
97;60;5031;MANDRILLS BKB_5031_20200222_id5031_feminf_(6).jpg;37
107;60;5031;MANDRILLS BKB_5031_20200222_id5031_feminf_(8).jpg;47
158;133;5031;MANDRILLS BKB_5031_20200505_id5031_feminf.jpg;25
232;134;5031;MANDRILLS BKB_5031_20200506_id5031_feminf.jpg;98
372;299;5031;MANDRILLS BKB_5031_20201018_id5031_feminf_(1).jpg;73
353;299;5031;MANDRILLS BKB_5031_20201018_id5031_feminf_(2).jpg;54
343;299;5031;MANDRILLS BKB_5031_20201018_id5031_feminf_(3).jpg;44
371;299;5031;MANDRILLS BKB_5031_20201018_id5031_feminf_(4).jpg;72
305;299;5031;MANDRILLS BKB_5031_20201018_id5031_feminf_(5).jpg;6
335;301;5031;MANDRILLS BKB_5031_20201020_id5031_feminf_(1).jpg;34
347;301;5031;MANDRILLS BKB_5031_20201020_id5031_feminf_(2).jpg;46
430;303;5031;MANDRILLS BKB_5031_20201022_id5031_feminf.jpg;127
378;313;5031;MANDRILLS BKB_5031_20201101_id5031_feminf_(1).jpg;65
346;313;5031;MANDRILLS BKB_5031_20201101_id5031_feminf_(2).jpg;33
381;315;5031;MANDRILLS BKB_5031_20201103_id5031_feminf.jpg;66
410;377;5031;MANDRILLS BKB_5031_20210104_id5031_femjuv.jpg;33
530;379;5031;MANDRILLS BKB_5031_20210106_id5031_femjuv_(1).jpg;151
390;379;5031;MANDRILLS BKB_5031_20210106_id5031_femjuv_(2).jpg;11
449;379;5031;MANDRILLS BKB_5031_20210106_id5031_femjuv_(3).jpg;70
389;379;5031;MANDRILLS BKB_5031_20210106_id5031_femjuv_(5).jpg;10
461;401;5031;MANDRILLS BKB_5031_20210128_id5031_femjuv_(1).jpg;60
390;401;5031;MANDRILLS BKB_5031_20210128_id5031_femjuv_(2).jpg;11
436;401;5031;MANDRILLS BKB_5031_20210128_id5031_femjuv_(3).jpg;35
431;401;5031;MANDRILLS BKB_5031_20210128_id5031_femjuv_(4).jpg;30
352;402;5031;MANDRILLS BKB_5031_20210129_id5031_femjuv_(10).jpg;50
416;402;5031;MANDRILLS BKB_5031_20210129_id5031_femjuv_(2).jpg;14
456;402;5031;MANDRILLS BKB_5031_20210129_id5031_femjuv_(3).jpg;54
462;402;5031;MANDRILLS BKB_5031_20210129_id5031_femjuv_(4).jpg;60
433;402;5031;MANDRILLS BKB_5031_20210129_id5031_femjuv_(5).jpg;31
334;402;5031;MANDRILLS BKB_5031_20210129_id5031_femjuv_(6).jpg;68
380;402;5031;MANDRILLS BKB_5031_20210129_id5031_femjuv_(7).jpg;22
426;402;5031;MANDRILLS BKB_5031_20210129_id5031_femjuv_(8).jpg;24
387;402;5031;MANDRILLS BKB_5031_20210129_id5031_femjuv_(9).jpg;15
479;414;5031;MANDRILLS BKB_5031_20210210_id5031_femjuv_(1).jpg;65
462;414;5031;MANDRILLS BKB_5031_20210210_id5031_femjuv_(2).jpg;48
426;416;5031;MANDRILLS BKB_5031_20210212_id5031_femjuv.jpg;10
607;640;5031;MANDRILLS BKB_5031_20210924_id5031_femjuv (1).jpg;33
704;640;5031;MANDRILLS BKB_5031_20210924_id5031_femjuv (2).jpg;64
487;640;5031;MANDRILLS BKB_5031_20210924_id5031_femjuv (3).jpg;153
507;640;5031;MANDRILLS BKB_5031_20210924_id5031_femjuv (4).jpg;133
748;760;5031;MANDRILLS BKB_5031_20220122_id5031.jpg;12
811;764;5031;MANDRILLS BKB_5031_20220126_id5031.jpg;47
766;770;5031;MANDRILLS BKB_5031_20220201_id5031_femjuv (1).jpg;4
845;770;5031;MANDRILLS BKB_5031_20220201_id5031_femjuv (2).jpg;75
705;777;5031;MANDRILLS BKB_5031_20220208_id5031_femjuv (1).jpg;72
704;777;5031;MANDRILLS BKB_5031_20220208_id5031_femjuv (2).jpg;73
717;777;5031;MANDRILLS BKB_5031_20220208_id5031_femjuv (3).jpg;60
869;801;5031;MANDRILLS BKB_5031_20220304_id5031_femjuv (1).jpg;68
980;801;5031;MANDRILLS BKB_5031_20220304_id5031_femjuv (2).jpg;179
977;806;5031;MANDRILLS BKB_5031_20220309_id5031_femjuv.jpg;171
910;810;5031;MANDRILLS BKB_5031_20220313_id5031_femjuv.jpg;100
1075;824;5031;MANDRILLS BKB_5031_20220327_id5031_femjuv (1).jpg;251
796;824;5031;MANDRILLS BKB_5031_20220327_id5031_femjuv (2).jpg;28
888;853;5031;MANDRILLS BKB_5031_20220425_id5031_femjuv (1).jpg;35
968;853;5031;MANDRILLS BKB_5031_20220425_id5031_femjuv (2).jpg;115
871;853;5031;MANDRILLS BKB_5031_20220425_id5031_femjuv (3).jpg;18
895;882;5031;MANDRILLS BKB_5031_20220524_id5031_femjuv (1).jpg;13
954;882;5031;MANDRILLS BKB_5031_20220524_id5031_femjuv (2).jpg;72
969;892;5031;MANDRILLS BKB_5031_20220603_id5031_femjuv (3).jpg;77
928;892;5031;MANDRILLS BKB_5031_20220603_id5031_femjuv (4).jpg;36
894;892;5031;MANDRILLS BKB_5031_20220603_id5031_femjuv (5).jpg;2
801;910;5031;MANDRILLS BKB_5031_20220621_id5031_femjuv (1).jpg;109
894;910;5031;MANDRILLS BKB_5031_20220621_id5031_femjuv (2).jpg;16
698;918;5031;MANDRILLS BKB_5031_20220629_id5031 (1).jpg;220
1019;918;5031;MANDRILLS BKB_5031_20220629_id5031 (2).jpg;101
884;943;5031;MANDRILLS BKB_5031_20220724_id5031.jpg;59
682;965;5031;MANDRILLS BKB_5031_20220815_id5031.jpg;283
979;976;5031;MANDRILLS BKB_5031_20220826_id5031 (1).jpg;3
993;976;5031;MANDRILLS BKB_5031_20220826_id5031 (2).jpg;17
1003;976;5031;MANDRILLS BKB_5031_20220826_id5031 (3).jpg;27
942;976;5031;MANDRILLS BKB_5031_20220826_id5031 (4).jpg;34
1121;1030;5031;MANDRILLS BKB_5031_20221019_id5031.jpg;91
1311;1065;5031;MANDRILLS BKB_5031_20221123_id5031 (1).jpg;246
1162;1065;5031;MANDRILLS BKB_5031_20221123_id5031 (2).jpg;97
1165;1065;5031;MANDRILLS BKB_5031_20221123_id5031 (3).jpg;100
54;43;5067;MANDRILLS BKB_5067_20200107_id5067_feminf.jpg;11
34;44;5067;MANDRILLS BKB_5067_20200108_id5067_feminf.jpg;10
107;77;5067;MANDRILLS BKB_5067_20200210_id5067_feminf_(1).jpg;30
93;77;5067;MANDRILLS BKB_5067_20200210_id5067_feminf_(2).jpg;16
115;77;5067;MANDRILLS BKB_5067_20200210_id5067_feminf_(3).jpg;38
119;77;5067;MANDRILLS BKB_5067_20200210_id5067_feminf_(4).jpg;42
102;114;5067;MANDRILLS BKB_5067_20200318_id5067_feminf_(1).jpg;12
120;114;5067;MANDRILLS BKB_5067_20200318_id5067_feminf_(2).jpg;6
93;114;5067;MANDRILLS BKB_5067_20200318_id5067_feminf_(3).jpg;21
222;160;5067;MANDRILLS BKB_5067_20200503_id5067_feminf_(1).jpg;62
176;160;5067;MANDRILLS BKB_5067_20200503_id5067_feminf_(2).jpg;16
202;160;5067;MANDRILLS BKB_5067_20200503_id5067_feminf_(3).jpg;42
255;328;5067;MANDRILLS BKB_5067_20201018_id5067_feminf.jpg;73
278;332;5067;MANDRILLS BKB_5067_20201022_id5067_feminf.jpg;54
242;332;5067;MANDRILLS BKB_5067_20201022_id5067_feminf_(1).jpg;90
290;332;5067;MANDRILLS BKB_5067_20201022_id5067_feminf_(2).jpg;42
300;338;5067;MANDRILLS BKB_5067_20201028_id5067_feminf_(1).jpg;38
265;338;5067;MANDRILLS BKB_5067_20201028_id5067_feminf_(2).jpg;73
274;341;5067;MANDRILLS BKB_5067_20201031_id5067_feminf_(1).jpg;67
304;341;5067;MANDRILLS BKB_5067_20201031_id5067_feminf_(2).jpg;37
241;341;5067;MANDRILLS BKB_5067_20201031_id5067_feminf_(3).jpg;100
308;342;5067;MANDRILLS BKB_5067_20201101_id5067_feminf_(1).jpg;34
317;342;5067;MANDRILLS BKB_5067_20201101_id5067_feminf_(2).jpg;25
273;342;5067;MANDRILLS BKB_5067_20201101_id5067_feminf_(3).jpg;69
345;347;5067;MANDRILLS BKB_5067_20201106_id5067_feminf.jpg;2
332;362;5067;MANDRILLS BKB_5067_20201121_id5067_feminf_(1).jpg;30
329;362;5067;MANDRILLS BKB_5067_20201121_id5067_feminf_(2).jpg;33
419;362;5067;MANDRILLS BKB_5067_20201121_id5067_feminf_(4).jpg;57
354;362;5067;MANDRILLS BKB_5067_20201121_id5067_feminf_(5).jpg;8
353;362;5067;MANDRILLS BKB_5067_20201121_id5067_feminf_(6).jpg;9
290;362;5067;MANDRILLS BKB_5067_20201121_id5067_feminf_(7).jpg;72
258;364;5067;MANDRILLS BKB_5067_20201123_id5067_femjuv_(1).jpg;106
277;364;5067;MANDRILLS BKB_5067_20201123_id5067_femjuv_(2).jpg;87
359;392;5067;MANDRILLS BKB_5067_20201221_id5067_femjuv_(1).jpg;33
431;392;5067;MANDRILLS BKB_5067_20201221_id5067_femjuv_(2).jpg;39
452;392;5067;MANDRILLS BKB_5067_20201221_id5067_femjuv_(3).jpg;60
378;392;5067;MANDRILLS BKB_5067_20201221_id5067_femjuv_(4).jpg;14
298;398;5067;MANDRILLS BKB_5067_20201227_id5067_femjuv_(1).jpg;100
337;398;5067;MANDRILLS BKB_5067_20201227_id5067_femjuv_(2).jpg;61
291;398;5067;MANDRILLS BKB_5067_20201227_id5067_femjuv_(3).jpg;107
294;398;5067;MANDRILLS BKB_5067_20201227_id5067_femjuv_(4).jpg;104
287;398;5067;MANDRILLS BKB_5067_20201227_id5067_femjuv_(5).jpg;111
289;398;5067;MANDRILLS BKB_5067_20201227_id5067_femjuv_(6).jpg;109
357;401;5067;MANDRILLS BKB_5067_20201230_id5067_femjuv_(2).jpg;44
392;408;5067;MANDRILLS BKB_5067_20210106_id5067_femjuv_(1)-2.jpg;16
350;408;5067;MANDRILLS BKB_5067_20210106_id5067_femjuv_(1).jpg;58
403;408;5067;MANDRILLS BKB_5067_20210106_id5067_femjuv_(2).jpg;5
409;432;5067;MANDRILLS BKB_5067_20210130_id5067_femjuv.jpg;23
416;447;5067;MANDRILLS BKB_5067_20210214_id5067_femjuv_(1).jpg;31
365;447;5067;MANDRILLS BKB_5067_20210214_id5067_femjuv_(2).jpg;82
573;680;5067;MANDRILLS BKB_5067_20211005_id5067_femjuv_(1).jpg;107
384;680;5067;MANDRILLS BKB_5067_20211005_id5067_femjuv_(3).jpg;296
532;727;5067;MANDRILLS BKB_5067_20211121_id5067_femjuv.jpg;195
650;799;5067;MANDRILLS BKB_5067_20220201_id5067_femjuv (1).jpg;149
600;799;5067;MANDRILLS BKB_5067_20220201_id5067_femjuv (2).jpg;199
784;799;5067;MANDRILLS BKB_5067_20220201_id5067_femjuv (3).jpg;15
593;824;5067;MANDRILLS BKB_5067_20220226_id5067_femjuv (1).jpg;231
572;824;5067;MANDRILLS BKB_5067_20220226_id5067_femjuv (2).jpg;252
716;847;5067;MANDRILLS BKB_5067_20220321_id5067_femjuv (1).jpg;131
592;847;5067;MANDRILLS BKB_5067_20220321_id5067_femjuv (2).jpg;255
791;882;5067;MANDRILLS BKB_5067_20220425_id5067_femjuv (1).jpg;91
902;882;5067;MANDRILLS BKB_5067_20220425_id5067_femjuv (2).jpg;20
775;882;5067;MANDRILLS BKB_5067_20220425_id5067_femjuv (4).jpg;107
738;939;5067;MANDRILLS BKB_5067_20220621_id5067_femjuv (1).jpg;201
769;939;5067;MANDRILLS BKB_5067_20220621_id5067_femjuv (2).jpg;170
782;962;5067;MANDRILLS BKB_5067_20220714_id5067.jpg;180
880;962;5067;MANDRILLS BKB_5067_20220714_id5067_femjuv (1).jpg;82
657;962;5067;MANDRILLS BKB_5067_20220714_id5067_femjuv (2).jpg;305
660;969;5067;MANDRILLS BKB_5067_20220721_id5067 (1).jpg;309
639;969;5067;MANDRILLS BKB_5067_20220721_id5067 (2).jpg;330
664;981;5067;MANDRILLS BKB_5067_20220802_id5067.jpg;317
733;984;5067;MANDRILLS BKB_5067_20220805_id5067.jpg;251
692;1006;5067;MANDRILLS BKB_5067_20220827_id5067 (2).jpg;314
848;1015;5067;MANDRILLS BKB_5067_20220905_id5067.jpg;167
702;1021;5067;MANDRILLS BKB_5067_20220911_id5067 (1).jpg;319
779;1021;5067;MANDRILLS BKB_5067_20220911_id5067 (2).jpg;242
850;1038;5067;MANDRILLS BKB_5067_20220928_id5067.jpg;188
779;1070;5067;MANDRILLS BKB_5067_20221030_id5067.jpg;291
948;1094;5067;MANDRILLS BKB_5067_20221123_id5067 (1).jpg;146
831;1094;5067;MANDRILLS BKB_5067_20221123_id5067 (2).jpg;263
887;1094;5067;MANDRILLS BKB_5067_20221123_id5067 (3).jpg;207
895;1125;5067;MANDRILLS BKB_5067_20221224_id5067.jpg;230
22;3;6038;MANDRILLS BKB_6038_20210210_id6038_feminf_(1).jpg;19
62;3;6038;MANDRILLS BKB_6038_20210210_id6038_feminf_(2).jpg;59
32;5;6038;MANDRILLS BKB_6038_20210212_id6038_feminf_(1).jpg;27
38;5;6038;MANDRILLS BKB_6038_20210212_id6038_feminf_(2).jpg;33
50;19;6038;MANDRILLS BKB_6038_20210226_id6038_feminf_(1).jpg;31
53;19;6038;MANDRILLS BKB_6038_20210226_id6038_feminf_(2).jpg;34
42;19;6038;MANDRILLS BKB_6038_20210226_id6038_feminf_(3).jpg;23
46;19;6038;MANDRILLS BKB_6038_20210226_id6038_feminf_(4).jpg;27
76;26;6038;MANDRILLS BKB_6038_20210305_id6038_feminf.jpg;50
95;54;6038;MANDRILLS BKB_6038_20210402_id6038_feminf_(1).jpg;41
101;54;6038;MANDRILLS BKB_6038_20210402_id6038_feminf_(10).jpg;47
103;54;6038;MANDRILLS BKB_6038_20210402_id6038_feminf_(11).jpg;49
103;54;6038;MANDRILLS BKB_6038_20210402_id6038_feminf_(12).jpg;49
81;54;6038;MANDRILLS BKB_6038_20210402_id6038_feminf_(13).jpg;27
101;54;6038;MANDRILLS BKB_6038_20210402_id6038_feminf_(14).jpg;47
94;54;6038;MANDRILLS BKB_6038_20210402_id6038_feminf_(15).jpg;40
80;54;6038;MANDRILLS BKB_6038_20210402_id6038_feminf_(16).jpg;26
91;54;6038;MANDRILLS BKB_6038_20210402_id6038_feminf_(2).jpg;37
77;54;6038;MANDRILLS BKB_6038_20210402_id6038_feminf_(3).jpg;23
80;54;6038;MANDRILLS BKB_6038_20210402_id6038_feminf_(4).jpg;26
100;54;6038;MANDRILLS BKB_6038_20210402_id6038_feminf_(5).jpg;46
99;54;6038;MANDRILLS BKB_6038_20210402_id6038_feminf_(6).jpg;45
72;54;6038;MANDRILLS BKB_6038_20210402_id6038_feminf_(7).jpg;18
110;54;6038;MANDRILLS BKB_6038_20210402_id6038_feminf_(8).jpg;56
89;54;6038;MANDRILLS BKB_6038_20210402_id6038_feminf_(9).jpg;35
71;62;6038;MANDRILLS BKB_6038_20210410_id6038_feminf.jpg;9
108;72;6038;MANDRILLS BKB_6038_20210420_id6038_feminf.jpg;36
121;97;6038;MANDRILLS BKB_6038_20210515_id6038_feminf_(1).jpg;24
315;166;6038;MANDRILLS BKB_6038_20210723_id6038_feminf_(1).jpg;149
274;166;6038;MANDRILLS BKB_6038_20210723_id6038_feminf_(2).jpg;108
236;166;6038;MANDRILLS BKB_6038_20210723_id6038_feminf_(3).jpg;70
270;169;6038;MANDRILLS BKB_6038_20210726_id6038_feminf_(1).jpg;101
273;169;6038;MANDRILLS BKB_6038_20210726_id6038_feminf_(2).jpg;104
244;169;6038;MANDRILLS BKB_6038_20210726_id6038_feminf_(3).jpg;75
250;169;6038;MANDRILLS BKB_6038_20210726_id6038_feminf_(4).jpg;81
233;169;6038;MANDRILLS BKB_6038_20210726_id6038_feminf_(5).jpg;64
360;229;6038;MANDRILLS BKB_6038_20210924_id6038_feminf (1).jpg;131
346;229;6038;MANDRILLS BKB_6038_20210924_id6038_feminf (2).jpg;117
364;229;6038;MANDRILLS BKB_6038_20210924_id6038_feminf (3).jpg;135
244;229;6038;MANDRILLS BKB_6038_20210924_id6038_feminf (4).jpg;15
315;240;6038;MANDRILLS BKB_6038_20211005_id6038_feminf_(1).jpg;75
344;240;6038;MANDRILLS BKB_6038_20211005_id6038_feminf_(2).jpg;104
358;259;6038;MANDRILLS BKB_6038_20211024_id6038_feminf_(2).jpg;99
336;259;6038;MANDRILLS BKB_6038_20211024_id6038_feminf_(3).jpg;77
329;259;6038;MANDRILLS BKB_6038_20211024_id6038_feminf_(4).jpg;70
383;318;6038;MANDRILLS BKB_6038_20211222_id6038_feminf.jpg;65
431;322;6038;MANDRILLS BKB_6038_20211226_id6038_femadu_(1).jpg;109
485;366;6038;MANDRILLS BKB_6038_20220208_id6038_femjuv.jpg;119
481;374;6038;MANDRILLS BKB_6038_20220216_id6038_femjuv.jpg;107
491;399;6038;MANDRILLS BKB_6038_20220313_id6038_femjuv.jpg;92
583;443;6038;MANDRILLS BKB_6038_20220426_id6038_femjuv (1).jpg;140
526;443;6038;MANDRILLS BKB_6038_20220426_id6038_femjuv (2).jpg;83
681;471;6038;MANDRILLS BKB_6038_20220524_id6038_femjuv.jpg;210
844;473;6038;MANDRILLS BKB_6038_20220526_id6038_femjuv (3).jpg;371
687;473;6038;MANDRILLS BKB_6038_20220526_id6038_femjuv (5).jpg;214
673;514;6038;MANDRILLS BKB_6038_20220706_id6038 (1).jpg;159
830;514;6038;MANDRILLS BKB_6038_20220706_id6038 (2).jpg;316
929;522;6038;MANDRILLS BKB_6038_20220714_id6038_femjuv (1).jpg;407
745;522;6038;MANDRILLS BKB_6038_20220714_id6038_femjuv (2).jpg;223
687;522;6038;MANDRILLS BKB_6038_20220714_id6038_femjuv (4).jpg;165
904;524;6038;MANDRILLS BKB_6038_20220716_id6038_femjuv (1).jpg;380
783;524;6038;MANDRILLS BKB_6038_20220716_id6038_femjuv (2).jpg;259
716;524;6038;MANDRILLS BKB_6038_20220716_id6038_femjuv (3).jpg;192
592;524;6038;MANDRILLS BKB_6038_20220716_id6038_femjuv (4).jpg;68
613;524;6038;MANDRILLS BKB_6038_20220716_id6038_femjuv (6).jpg;89
799;526;6038;MANDRILLS BKB_6038_20220718_id6038.jpg;273
827;527;6038;MANDRILLS BKB_6038_20220719_id6038.jpg;300
738;542;6038;MANDRILLS BKB_6038_20220803_id6038 (1).jpg;196
791;542;6038;MANDRILLS BKB_6038_20220803_id6038 (2).jpg;249
985;542;6038;MANDRILLS BKB_6038_20220803_id6038 (3).jpg;443
705;551;6038;MANDRILLS BKB_6038_20220812_id6038 (1).jpg;154
852;551;6038;MANDRILLS BKB_6038_20220812_id6038 (2).jpg;301
948;551;6038;MANDRILLS BKB_6038_20220812_id6038 (3).jpg;397
937;551;6038;MANDRILLS BKB_6038_20220812_id6038 (4).jpg;386
841;551;6038;MANDRILLS BKB_6038_20220812_id6038 (5).jpg;290
563;551;6038;MANDRILLS BKB_6038_20220812_id6038.jpg;12
876;575;6038;MANDRILLS BKB_6038_20220905_id6038.jpg;301
717;581;6038;MANDRILLS BKB_6038_20220911_id6038 (1).jpg;136
729;581;6038;MANDRILLS BKB_6038_20220911_id6038 (3).jpg;148
954;582;6038;MANDRILLS BKB_6038_20220912_id6038.jpg;372
723;584;6038;MANDRILLS BKB_6038_20220914_id6038.jpg;139
924;629;6038;MANDRILLS BKB_6038_20221029_id6038.jpg;295
1181;671;6038;MANDRILLS BKB_6038_20221210_id6038.jpg;510
83;6;6039;MANDRILLS BKB_6039_20201213_id6039_malinf_(1).jpg;77
30;6;6039;MANDRILLS BKB_6039_20201213_id6039_malinf_(10).jpg;24
20;6;6039;MANDRILLS BKB_6039_20201213_id6039_malinf_(11).jpg;14
19;6;6039;MANDRILLS BKB_6039_20201213_id6039_malinf_(12).jpg;13
40;6;6039;MANDRILLS BKB_6039_20201213_id6039_malinf_(2).jpg;34
47;6;6039;MANDRILLS BKB_6039_20201213_id6039_malinf_(3).jpg;41
51;6;6039;MANDRILLS BKB_6039_20201213_id6039_malinf_(4).jpg;45
59;6;6039;MANDRILLS BKB_6039_20201213_id6039_malinf_(5).jpg;53
42;6;6039;MANDRILLS BKB_6039_20201213_id6039_malinf_(6).jpg;36
37;6;6039;MANDRILLS BKB_6039_20201213_id6039_malinf_(7).jpg;31
58;6;6039;MANDRILLS BKB_6039_20201213_id6039_malinf_(8).jpg;52
44;6;6039;MANDRILLS BKB_6039_20201213_id6039_malinf_(9).jpg;38
49;10;6039;MANDRILLS BKB_6039_20201217_id6039_malinf_(1).jpg;39
58;10;6039;MANDRILLS BKB_6039_20201217_id6039_malinf_(10).jpg;48
52;10;6039;MANDRILLS BKB_6039_20201217_id6039_malinf_(11).jpg;42
58;10;6039;MANDRILLS BKB_6039_20201217_id6039_malinf_(12).jpg;48
70;10;6039;MANDRILLS BKB_6039_20201217_id6039_malinf_(13).jpg;60
70;10;6039;MANDRILLS BKB_6039_20201217_id6039_malinf_(2).jpg;60
17;10;6039;MANDRILLS BKB_6039_20201217_id6039_malinf_(3).jpg;7
41;10;6039;MANDRILLS BKB_6039_20201217_id6039_malinf_(4).jpg;31
45;10;6039;MANDRILLS BKB_6039_20201217_id6039_malinf_(5).jpg;35
31;10;6039;MANDRILLS BKB_6039_20201217_id6039_malinf_(6).jpg;21
30;10;6039;MANDRILLS BKB_6039_20201217_id6039_malinf_(7).jpg;20
31;10;6039;MANDRILLS BKB_6039_20201217_id6039_malinf_(8).jpg;21
47;10;6039;MANDRILLS BKB_6039_20201217_id6039_malinf_(9).jpg;37
39;21;6039;MANDRILLS BKB_6039_20201228_id6039_malinf_(1).jpg;18
32;21;6039;MANDRILLS BKB_6039_20201228_id6039_malinf_(2).jpg;11
13;21;6039;MANDRILLS BKB_6039_20201228_id6039_malinf_(3).jpg;8
11;21;6039;MANDRILLS BKB_6039_20201228_id6039_malinf_(4).jpg;10
41;31;6039;MANDRILLS BKB_6039_20210107_id6039_malinf_(1).jpg;10
38;31;6039;MANDRILLS BKB_6039_20210107_id6039_malinf_(2).jpg;7
36;31;6039;MANDRILLS BKB_6039_20210107_id6039_malinf_(3).jpg;5
53;31;6039;MANDRILLS BKB_6039_20210107_id6039_malinf_(4).jpg;22
23;31;6039;MANDRILLS BKB_6039_20210107_id6039_malinf_(5).jpg;8
40;33;6039;MANDRILLS BKB_6039_20210109_id6039_malinf_(1).jpg;7
25;33;6039;MANDRILLS BKB_6039_20210109_id6039_malinf_(10).jpg;8
7;33;6039;MANDRILLS BKB_6039_20210109_id6039_malinf_(11).jpg;26
41;33;6039;MANDRILLS BKB_6039_20210109_id6039_malinf_(12).jpg;8
22;33;6039;MANDRILLS BKB_6039_20210109_id6039_malinf_(2).jpg;11
23;33;6039;MANDRILLS BKB_6039_20210109_id6039_malinf_(3).jpg;10
31;33;6039;MANDRILLS BKB_6039_20210109_id6039_malinf_(4).jpg;2
16;33;6039;MANDRILLS BKB_6039_20210109_id6039_malinf_(5).jpg;17
21;33;6039;MANDRILLS BKB_6039_20210109_id6039_malinf_(6).jpg;12
10;33;6039;MANDRILLS BKB_6039_20210109_id6039_malinf_(7).jpg;23
35;33;6039;MANDRILLS BKB_6039_20210109_id6039_malinf_(8).jpg;2
45;33;6039;MANDRILLS BKB_6039_20210109_id6039_malinf_(9).jpg;12
18;37;6039;MANDRILLS BKB_6039_20210113_id6039_malinf_(1).jpg;19
32;37;6039;MANDRILLS BKB_6039_20210113_id6039_malinf_(2).jpg;5
25;37;6039;MANDRILLS BKB_6039_20210113_id6039_malinf_(3).jpg;12
11;37;6039;MANDRILLS BKB_6039_20210113_id6039_malinf_(4).jpg;26
8;37;6039;MANDRILLS BKB_6039_20210113_id6039_malinf_(5).jpg;29
27;37;6039;MANDRILLS BKB_6039_20210113_id6039_malinf_(6).jpg;10
31;37;6039;MANDRILLS BKB_6039_20210113_id6039_malinf_(7).jpg;6
52;44;6039;MANDRILLS BKB_6039_20210120_id6039_malinf_(1).jpg;8
36;44;6039;MANDRILLS BKB_6039_20210120_id6039_malinf_(2).jpg;8
50;56;6039;MANDRILLS BKB_6039_20210201_id6039_malinf_(1).jpg;6
61;56;6039;MANDRILLS BKB_6039_20210201_id6039_malinf_(2).jpg;5
61;56;6039;MANDRILLS BKB_6039_20210201_id6039_malinf_(3).jpg;5
46;58;6039;MANDRILLS BKB_6039_20210203_id6039_malinf_(1).jpg;12
58;58;6039;MANDRILLS BKB_6039_20210203_id6039_malinf_(2).jpg;0
73;58;6039;MANDRILLS BKB_6039_20210203_id6039_malinf_(3).jpg;15
74;67;6039;MANDRILLS BKB_6039_20210212_id6039_malinf_(1).jpg;7
49;67;6039;MANDRILLS BKB_6039_20210212_id6039_malinf_(2).jpg;18
82;67;6039;MANDRILLS BKB_6039_20210212_id6039_malinf_(3).jpg;15
71;67;6039;MANDRILLS BKB_6039_20210212_id6039_malinf_(4).jpg;4
80;67;6039;MANDRILLS BKB_6039_20210212_id6039_malinf_(5).jpg;13
69;67;6039;MANDRILLS BKB_6039_20210212_id6039_malinf_(6).jpg;2
54;67;6039;MANDRILLS BKB_6039_20210212_id6039_malinf_(7).jpg;13
70;67;6039;MANDRILLS BKB_6039_20210212_id6039_malinf_(8).jpg;3
82;67;6039;MANDRILLS BKB_6039_20210212_id6039_malinf_(9).jpg;15
61;72;6039;MANDRILLS BKB_6039_20210217_id6039_malinf_(1).jpg;11
65;72;6039;MANDRILLS BKB_6039_20210217_id6039_malinf_(2).jpg;7
71;72;6039;MANDRILLS BKB_6039_20210217_id6039_malinf_(3).jpg;1
64;72;6039;MANDRILLS BKB_6039_20210217_id6039_malinf_(4).jpg;8
70;72;6039;MANDRILLS BKB_6039_20210217_id6039_malinf_(5).jpg;2
67;73;6039;MANDRILLS BKB_6039_20210218_id6039_malinf.jpg;6
88;84;6039;MANDRILLS BKB_6039_20210301_id6039_malinf_(1).jpg;4
83;84;6039;MANDRILLS BKB_6039_20210301_id6039_malinf_(2).jpg;1
86;84;6039;MANDRILLS BKB_6039_20210301_id6039_malinf_(3).jpg;2
74;84;6039;MANDRILLS BKB_6039_20210301_id6039_malinf_(4).jpg;10
77;84;6039;MANDRILLS BKB_6039_20210301_id6039_malinf_(5).jpg;7
79;84;6039;MANDRILLS BKB_6039_20210301_id6039_malinf_(6).jpg;5
81;115;6039;MANDRILLS BKB_6039_20210401_id6039_malinf_(1).jpg;34
83;116;6039;MANDRILLS BKB_6039_20210402_id6039_malinf_(1).jpg;33
92;116;6039;MANDRILLS BKB_6039_20210402_id6039_malinf_(2).jpg;24
120;124;6039;MANDRILLS BKB_6039_20210410_id6039_malinf_(1).jpg;4
116;124;6039;MANDRILLS BKB_6039_20210410_id6039_malinf_(10).jpg;8
111;124;6039;MANDRILLS BKB_6039_20210410_id6039_malinf_(11).jpg;13
63;124;6039;MANDRILLS BKB_6039_20210410_id6039_malinf_(12).jpg;61
116;124;6039;MANDRILLS BKB_6039_20210410_id6039_malinf_(13).jpg;8
114;124;6039;MANDRILLS BKB_6039_20210410_id6039_malinf_(2).jpg;10
130;124;6039;MANDRILLS BKB_6039_20210410_id6039_malinf_(3).jpg;6
138;124;6039;MANDRILLS BKB_6039_20210410_id6039_malinf_(4).jpg;14
105;124;6039;MANDRILLS BKB_6039_20210410_id6039_malinf_(5).jpg;19
111;124;6039;MANDRILLS BKB_6039_20210410_id6039_malinf_(6).jpg;13
105;124;6039;MANDRILLS BKB_6039_20210410_id6039_malinf_(7).jpg;19
98;124;6039;MANDRILLS BKB_6039_20210410_id6039_malinf_(8).jpg;26
100;124;6039;MANDRILLS BKB_6039_20210410_id6039_malinf_(9).jpg;24
104;134;6039;MANDRILLS BKB_6039_20210420_id6039_malinf_(1).jpg;30
90;134;6039;MANDRILLS BKB_6039_20210420_id6039_malinf_(2).jpg;44
104;134;6039;MANDRILLS BKB_6039_20210420_id6039_malinf_(3).jpg;30
124;137;6039;MANDRILLS BKB_6039_20210423_id6039_malinf.jpg;13
208;286;6039;MANDRILLS BKB_6039_20210919_id6039_malinf (1).jpg;78
286;286;6039;MANDRILLS BKB_6039_20210919_id6039_malinf (2).jpg;0
341;291;6039;MANDRILLS BKB_6039_20210924_id6039_malinf (1).jpg;50
386;313;6039;MANDRILLS BKB_6039_20211016_id6039_malinf.jpg;73
435;375;6039;MANDRILLS BKB_6039_20211217_id6039_maljuv_(1).jpg;60
381;375;6039;MANDRILLS BKB_6039_20211217_id6039_maljuv_(2).jpg;6
428;375;6039;MANDRILLS BKB_6039_20211217_id6039_maljuv_(3).jpg;53
310;375;6039;MANDRILLS BKB_6039_20211217_id6039_maljuv_(4).jpg;65
341;375;6039;MANDRILLS BKB_6039_20211217_id6039_maljuv_(5).jpg;34
356;375;6039;MANDRILLS BKB_6039_20211217_id6039_maljuv_(6).jpg;19
367;412;6039;MANDRILLS BKB_6039_20220123_id6039 (1).jpg;45
424;412;6039;MANDRILLS BKB_6039_20220123_id6039 (2).jpg;12
312;412;6039;MANDRILLS BKB_6039_20220123_id6039 (3).jpg;100
469;438;6039;MANDRILLS BKB_6039_20220218_id6039_maljuv (1).jpg;31
347;438;6039;MANDRILLS BKB_6039_20220218_id6039_maljuv (2).jpg;91
378;438;6039;MANDRILLS BKB_6039_20220218_id6039_maljuv.jpg;60
444;478;6039;MANDRILLS BKB_6039_20220330_id6039_maljuv (1).jpg;34
510;478;6039;MANDRILLS BKB_6039_20220330_id6039_maljuv (2).jpg;32
567;478;6039;MANDRILLS BKB_6039_20220330_id6039_maljuv (3).jpg;89
391;478;6039;MANDRILLS BKB_6039_20220330_id6039_maljuv (4).jpg;87
455;478;6039;MANDRILLS BKB_6039_20220330_id6039_maljuv (5).jpg;23
358;480;6039;MANDRILLS BKB_6039_20220401_id6039_maljuv (1).jpg;122
367;480;6039;MANDRILLS BKB_6039_20220401_id6039_maljuv (2).jpg;113
642;499;6039;MANDRILLS BKB_6039_20220420_id6039_maljuv (1).jpg;143
512;499;6039;MANDRILLS BKB_6039_20220420_id6039_maljuv (2).jpg;13
552;506;6039;MANDRILLS BKB_6039_20220427_id6039_maljuv (2).jpg;46
546;506;6039;MANDRILLS BKB_6039_20220427_id6039_maljuv (3).jpg;40
370;525;6039;MANDRILLS BKB_6039_20220516_id6039_maljuv (1).jpg;155
418;525;6039;MANDRILLS BKB_6039_20220516_id6039_maljuv (2).jpg;107
517;525;6039;MANDRILLS BKB_6039_20220516_id6039_maljuv (3).jpg;8
430;525;6039;MANDRILLS BKB_6039_20220516_id6039_maljuv (4).jpg;95
378;525;6039;MANDRILLS BKB_6039_20220516_id6039_maljuv (5).jpg;147
391;525;6039;MANDRILLS BKB_6039_20220516_id6039_maljuv (6).jpg;134
372;525;6039;MANDRILLS BKB_6039_20220516_id6039_maljuv (7).jpg;153
453;557;6039;MANDRILLS BKB_6039_20220617_id6039_maljuv (1).jpg;104
482;557;6039;MANDRILLS BKB_6039_20220617_id6039_maljuv (2).jpg;75
525;564;6039;MANDRILLS BKB_6039_20220624_id6039_maljuv (1).jpg;39
712;564;6039;MANDRILLS BKB_6039_20220624_id6039_maljuv (2).jpg;148
552;564;6039;MANDRILLS BKB_6039_20220624_id6039_maljuv (3).jpg;12
606;564;6039;MANDRILLS BKB_6039_20220624_id6039_maljuv (4).jpg;42
490;569;6039;MANDRILLS BKB_6039_20220629_id6039 (1).jpg;79
528;569;6039;MANDRILLS BKB_6039_20220629_id6039 (2).jpg;41
516;582;6039;MANDRILLS BKB_6039_20220712_id6039 (1).jpg;66
600;584;6039;MANDRILLS BKB_6039_20220714_id6039_maljuv (1).jpg;16
533;584;6039;MANDRILLS BKB_6039_20220714_id6039_maljuv (3).jpg;51
568;584;6039;MANDRILLS BKB_6039_20220714_id6039_maljuv.jpg;16
619;586;6039;MANDRILLS BKB_6039_20220716_id6039_maljuv (1).jpg;33
483;586;6039;MANDRILLS BKB_6039_20220716_id6039_maljuv (2).jpg;103
788;587;6039;MANDRILLS BKB_6039_20220717_id6039 (2).jpg;201
787;587;6039;MANDRILLS BKB_6039_20220717_id6039.jpg;200
540;588;6039;MANDRILLS BKB_6039_20220718_id6039 (1).jpg;48
487;588;6039;MANDRILLS BKB_6039_20220718_id6039 (2).jpg;101
524;589;6039;MANDRILLS BKB_6039_20220719_id6039.jpg;65
726;596;6039;MANDRILLS BKB_6039_20220726_id6039.jpg;130
612;610;6039;MANDRILLS BKB_6039_20220809_id6039 (1).jpg;2
496;610;6039;MANDRILLS BKB_6039_20220809_id6039 (2).jpg;114
502;610;6039;MANDRILLS BKB_6039_20220809_id6039 (3).jpg;108
630;610;6039;MANDRILLS BKB_6039_20220809_id6039 (4).jpg;20
658;610;6039;MANDRILLS BKB_6039_20220809_id6039 (5).jpg;48
558;610;6039;MANDRILLS BKB_6039_20220809_id6039 (6).jpg;52
432;610;6039;MANDRILLS BKB_6039_20220809_id6039 (7).jpg;178
481;610;6039;MANDRILLS BKB_6039_20220809_id6039 (8).jpg;129
465;636;6039;MANDRILLS BKB_6039_20220904_id6039 (1).jpg;171
450;636;6039;MANDRILLS BKB_6039_20220904_id6039 (2).jpg;186
634;637;6039;MANDRILLS BKB_6039_20220905_id6039 (1).jpg;3
581;637;6039;MANDRILLS BKB_6039_20220905_id6039 (2).jpg;56
598;644;6039;MANDRILLS BKB_6039_20220912_id6039 (1).jpg;46
541;644;6039;MANDRILLS BKB_6039_20220912_id6039 (2).jpg;103
508;660;6039;MANDRILLS BKB_6039_20220928_id6039.jpg;152
499;672;6039;MANDRILLS BKB_6039_20221010_id6039 (2).jpg;173
490;672;6039;MANDRILLS BKB_6039_20221010_id6039.jpg;182
638;685;6039;MANDRILLS BKB_6039_20221023_id6039 (2).jpg;47
526;685;6039;MANDRILLS BKB_6039_20221023_id6039.jpg;159
723;710;6039;MANDRILLS BKB_6039_20221117_id6039 (1).jpg;13
621;710;6039;MANDRILLS BKB_6039_20221117_id6039 (2).jpg;89
602;723;6039;MANDRILLS BKB_6039_20221130_id6039 (2).jpg;121
551;723;6039;MANDRILLS BKB_6039_20221130_id6039.jpg;172
652;733;6039;MANDRILLS BKB_6039_20221210_id6039 (1).jpg;81
831;747;6039;MANDRILLS BKB_6039_20221224_id6039 (2).jpg;84
667;747;6039;MANDRILLS BKB_6039_20221224_id6039.jpg;80
26;11;6063;MANDRILLS BKB_6063_20201124_id6063_(9).jpg;15
39;11;6063;MANDRILLS BKB_6063_20201124_id6063_feminf_(1).jpg;28
42;11;6063;MANDRILLS BKB_6063_20201124_id6063_feminf_(10).jpg;31
30;11;6063;MANDRILLS BKB_6063_20201124_id6063_feminf_(11).jpg;19
34;11;6063;MANDRILLS BKB_6063_20201124_id6063_feminf_(2).jpg;23
44;11;6063;MANDRILLS BKB_6063_20201124_id6063_feminf_(3).jpg;33
30;11;6063;MANDRILLS BKB_6063_20201124_id6063_feminf_(4).jpg;19
52;11;6063;MANDRILLS BKB_6063_20201124_id6063_feminf_(5).jpg;41
42;11;6063;MANDRILLS BKB_6063_20201124_id6063_feminf_(6).jpg;31
44;11;6063;MANDRILLS BKB_6063_20201124_id6063_feminf_(7).jpg;33
38;11;6063;MANDRILLS BKB_6063_20201124_id6063_feminf_(8).jpg;27
38;11;6063;MANDRILLS BKB_6063_20201124_id6063_feminf_(9).jpg;27
40;12;6063;MANDRILLS BKB_6063_20201125_id6063_feminf_(1).jpg;28
38;12;6063;MANDRILLS BKB_6063_20201125_id6063_feminf_(2).jpg;26
37;12;6063;MANDRILLS BKB_6063_20201125_id6063_feminf_(3).jpg;25
23;12;6063;MANDRILLS BKB_6063_20201125_id6063_feminf_(4).jpg;11
51;30;6063;MANDRILLS BKB_6063_20201213_id6063_feminf_(1).jpg;21
45;30;6063;MANDRILLS BKB_6063_20201213_id6063_feminf_(2).jpg;15
41;38;6063;MANDRILLS BKB_6063_20201221_id6063_feminf_(1).jpg;3
43;38;6063;MANDRILLS BKB_6063_20201221_id6063_feminf_(2).jpg;5
81;38;6063;MANDRILLS BKB_6063_20201221_id6063_feminf_(3).jpg;43
48;38;6063;MANDRILLS BKB_6063_20201221_id6063_feminf_(4).jpg;10
45;38;6063;MANDRILLS BKB_6063_20201221_id6063_feminf_(5).jpg;7
43;38;6063;MANDRILLS BKB_6063_20201221_id6063_feminf_(6).jpg;5
46;38;6063;MANDRILLS BKB_6063_20201221_id6063_feminf_(7).jpg;8
48;38;6063;MANDRILLS BKB_6063_20201221_id6063_feminf_(8).jpg;10
97;39;6063;MANDRILLS BKB_6063_20201222_id6063_feminf_(1).jpg;58
65;39;6063;MANDRILLS BKB_6063_20201222_id6063_feminf_(2).jpg;26
56;39;6063;MANDRILLS BKB_6063_20201222_id6063_feminf_(3).jpg;17
86;40;6063;MANDRILLS BKB_6063_20201223_id6063_feminf_(1).jpg;46
77;40;6063;MANDRILLS BKB_6063_20201223_id6063_feminf_(2).jpg;37
61;40;6063;MANDRILLS BKB_6063_20201223_id6063_feminf_(3).jpg;21
68;40;6063;MANDRILLS BKB_6063_20201223_id6063_feminf_(4).jpg;28
65;45;6063;MANDRILLS BKB_6063_20201228_id6063_feminf.jpg;20
68;52;6063;MANDRILLS BKB_6063_20210104_id6063_feminf_(1).jpg;16
93;52;6063;MANDRILLS BKB_6063_20210104_id6063_feminf_(10).jpg;41
64;52;6063;MANDRILLS BKB_6063_20210104_id6063_feminf_(11).jpg;12
74;52;6063;MANDRILLS BKB_6063_20210104_id6063_feminf_(2).jpg;22
100;52;6063;MANDRILLS BKB_6063_20210104_id6063_feminf_(3).jpg;48
86;52;6063;MANDRILLS BKB_6063_20210104_id6063_feminf_(4).jpg;34
70;52;6063;MANDRILLS BKB_6063_20210104_id6063_feminf_(5).jpg;18
85;52;6063;MANDRILLS BKB_6063_20210104_id6063_feminf_(6).jpg;33
85;52;6063;MANDRILLS BKB_6063_20210104_id6063_feminf_(7).jpg;33
59;52;6063;MANDRILLS BKB_6063_20210104_id6063_feminf_(8).jpg;7
91;52;6063;MANDRILLS BKB_6063_20210104_id6063_feminf_(9).jpg;39
86;61;6063;MANDRILLS BKB_6063_20210113_id6063_feminf_(1).jpg;25
70;61;6063;MANDRILLS BKB_6063_20210113_id6063_feminf_(10).jpg;9
93;61;6063;MANDRILLS BKB_6063_20210113_id6063_feminf_(2).jpg;32
89;61;6063;MANDRILLS BKB_6063_20210113_id6063_feminf_(3).jpg;28
78;61;6063;MANDRILLS BKB_6063_20210113_id6063_feminf_(4).jpg;17
62;61;6063;MANDRILLS BKB_6063_20210113_id6063_feminf_(5).jpg;1
63;61;6063;MANDRILLS BKB_6063_20210113_id6063_feminf_(6).jpg;2
49;61;6063;MANDRILLS BKB_6063_20210113_id6063_feminf_(7).jpg;12
86;61;6063;MANDRILLS BKB_6063_20210113_id6063_feminf_(8).jpg;25
70;61;6063;MANDRILLS BKB_6063_20210113_id6063_feminf_(9).jpg;9
87;65;6063;MANDRILLS BKB_6063_20210117_id6063_feminf.jpg;22
75;76;6063;MANDRILLS BKB_6063_20210128_id6063_feminf_(1).jpg;1
75;76;6063;MANDRILLS BKB_6063_20210128_id6063_feminf_(2).jpg;1
106;89;6063;MANDRILLS BKB_6063_20210210_id6063_feminf_(1).jpg;17
70;89;6063;MANDRILLS BKB_6063_20210210_id6063_feminf_(2).jpg;19
48;91;6063;MANDRILLS BKB_6063_20210212_id6063_feminf_(1).jpg;43
92;91;6063;MANDRILLS BKB_6063_20210212_id6063_feminf_(2).jpg;1
75;91;6063;MANDRILLS BKB_6063_20210212_id6063_feminf_(3).jpg;16
80;97;6063;MANDRILLS BKB_6063_20210218_id6063_feminf_(2).jpg;17
106;97;6063;MANDRILLS BKB_6063_20210218_id6063_feminf_(3).jpg;9
105;97;6063;MANDRILLS BKB_6063_20210218_id6063_feminf_(4).jpg;8
99;97;6063;MANDRILLS BKB_6063_20210218_id6063_feminf_(5).jpg;2
98;97;6063;MANDRILLS BKB_6063_20210218_id6063_feminf_(6).jpg;1
90;97;6063;MANDRILLS BKB_6063_20210218_id6063_feminf_(7).jpg;7
95;108;6063;MANDRILLS BKB_6063_20210301_id6063_feminf_(1).jpg;13
125;108;6063;MANDRILLS BKB_6063_20210301_id6063_feminf_(2).jpg;17
164;140;6063;MANDRILLS BKB_6063_20210402_id6063_feminf.jpg;24
162;145;6063;MANDRILLS BKB_6063_20210407_id6063_feminf.jpg;17
122;157;6063;MANDRILLS BKB_6063_20210419_id6063_feminf_(1).jpg;35
185;157;6063;MANDRILLS BKB_6063_20210419_id6063_feminf_(2).jpg;28
320;312;6063;MANDRILLS BKB_6063_20210921_id6063_feminf (1).jpg;8
340;312;6063;MANDRILLS BKB_6063_20210921_id6063_feminf (2).jpg;28
371;326;6063;MANDRILLS BKB_6063_20211005_id6063_feminf_(1).jpg;45
301;326;6063;MANDRILLS BKB_6063_20211005_id6063_feminf_(2).jpg;25
326;326;6063;MANDRILLS BKB_6063_20211005_id6063_feminf_(3).jpg;0
381;326;6063;MANDRILLS BKB_6063_20211005_id6063_feminf_(4).jpg;55
379;326;6063;MANDRILLS BKB_6063_20211005_id6063_feminf_(5).jpg;53
391;326;6063;MANDRILLS BKB_6063_20211005_id6063_feminf_(6).jpg;65
304;327;6063;MANDRILLS BKB_6063_20211006_id6063_feminf.jpg;23
352;329;6063;MANDRILLS BKB_6063_20211008_id6063_feminf_(1).jpg;23
389;343;6063;MANDRILLS BKB_6063_20211022_id6063_feminf_(1).jpg;46
346;343;6063;MANDRILLS BKB_6063_20211022_id6063_feminf_(2).jpg;3
423;470;6063;MANDRILLS BKB_6063_20220226_id6063_femjuv (1).jpg;47
456;470;6063;MANDRILLS BKB_6063_20220226_id6063_femjuv (2).jpg;14
546;470;6063;MANDRILLS BKB_6063_20220226_id6063_femjuv (3).jpg;76
442;470;6063;MANDRILLS BKB_6063_20220226_id6063_femjuv.jpg;28
556;499;6063;MANDRILLS BKB_6063_20220327_id6063_femjuv (1).jpg;57
436;499;6063;MANDRILLS BKB_6063_20220327_id6063_femjuv (2).jpg;63
440;502;6063;MANDRILLS BKB_6063_20220330_id6063_femjuv (1).jpg;62
438;502;6063;MANDRILLS BKB_6063_20220330_id6063_femjuv (2).jpg;64
515;507;6063;MANDRILLS BKB_6063_20220404_id6063_femjuv.jpg;8
572;508;6063;MANDRILLS BKB_6063_20220405_id6063_femjuv (1).jpg;64
479;508;6063;MANDRILLS BKB_6063_20220405_id6063_femjuv (2).jpg;29
511;508;6063;MANDRILLS BKB_6063_20220405_id6063_femjuv (3).jpg;3
503;508;6063;MANDRILLS BKB_6063_20220405_id6063_femjuv (4).jpg;5
508;508;6063;MANDRILLS BKB_6063_20220405_id6063_femjuv (5).jpg;0
441;508;6063;MANDRILLS BKB_6063_20220405_id6063_femjuv (6).jpg;67
552;508;6063;MANDRILLS BKB_6063_20220405_id6063_femjuv (7).jpg;44
456;529;6063;MANDRILLS BKB_6063_20220426_id6063_femjuv (1).jpg;73
521;529;6063;MANDRILLS BKB_6063_20220426_id6063_femjuv (3).jpg;8
588;557;6063;MANDRILLS BKB_6063_20220524_id6063_femjuv.jpg;31
554;571;6063;MANDRILLS BKB_6063_20220607_id6063_femjuv (1).jpg;17
493;571;6063;MANDRILLS BKB_6063_20220607_id6063_femjuv (2).jpg;78
609;587;6063;MANDRILLS BKB_6063_20220623_id6063_femjuv (1).jpg;22
534;587;6063;MANDRILLS BKB_6063_20220623_id6063_femjuv (2).jpg;53
582;593;6063;MANDRILLS BKB_6063_20220629_id6063.jpg;11
528;627;6063;MANDRILLS BKB_6063_20220802_id6063 (1).jpg;99
615;627;6063;MANDRILLS BKB_6063_20220802_id6063 (2).jpg;12
621;634;6063;MANDRILLS BKB_6063_20220809_id6063 (1).jpg;13
720;634;6063;MANDRILLS BKB_6063_20220809_id6063 (2).jpg;86
681;634;6063;MANDRILLS BKB_6063_20220809_id6063 (3).jpg;47
662;637;6063;MANDRILLS BKB_6063_20220812_id6063 (1).jpg;25
644;637;6063;MANDRILLS BKB_6063_20220812_id6063 (2).jpg;7
656;648;6063;MANDRILLS BKB_6063_20220823_id6063 (1).jpg;8
705;648;6063;MANDRILLS BKB_6063_20220823_id6063 (2).jpg;57
688;648;6063;MANDRILLS BKB_6063_20220823_id6063 (3).jpg;40
673;651;6063;MANDRILLS BKB_6063_20220826_id6063 (1).jpg;22
605;651;6063;MANDRILLS BKB_6063_20220826_id6063 (2).jpg;46
570;652;6063;MANDRILLS BKB_6063_20220827_id6063 (2).jpg;82
604;652;6063;MANDRILLS BKB_6063_20220827_id6063.jpg;48
728;661;6063;MANDRILLS BKB_6063_20220905_id6063 (4).jpg;67
593;661;6063;MANDRILLS BKB_6063_20220905_id6063 (5).jpg;68
544;664;6063;MANDRILLS BKB_6063_20220908_id6063 (2).jpg;120
591;664;6063;MANDRILLS BKB_6063_20220908_id6063 (3).jpg;73
510;668;6063;MANDRILLS BKB_6063_20220912_id6063 (1).jpg;158
644;668;6063;MANDRILLS BKB_6063_20220912_id6063 (2).jpg;24
654;680;6063;MANDRILLS BKB_6063_20220924_id6063 (1).jpg;26
607;680;6063;MANDRILLS BKB_6063_20220924_id6063 (2).jpg;73
606;696;6063;MANDRILLS BKB_6063_20221010_id6063.jpg;90
667;717;6063;MANDRILLS BKB_6063_20221031_id6063 (1).jpg;50
767;717;6063;MANDRILLS BKB_6063_20221031_id6063 (2).jpg;50
629;740;6063;MANDRILLS BKB_6063_20221123_id6063.jpg;111
689;747;6063;MANDRILLS BKB_6063_20221130_id6063.jpg;58
613;757;6063;MANDRILLS BKB_6063_20221210_id6063.jpg;144
685;759;6063;MANDRILLS BKB_6063_20221212_id6063.jpg;74
687;761;6063;MANDRILLS BKB_6063_20221214_id6063.jpg;74
620;771;6063;MANDRILLS BKB_6063_20221224_id6063 (1).jpg;151
600;771;6063;MANDRILLS BKB_6063_20221224_id6063 (2).jpg;171
22;17;6070;MANDRILLS BKB_6070_20210330_id6070_malinf_(1).jpg;5
27;17;6070;MANDRILLS BKB_6070_20210330_id6070_malinf_(2).jpg;10
55;19;6070;MANDRILLS BKB_6070_20210401_id6070_malinf_(1).jpg;36
54;19;6070;MANDRILLS BKB_6070_20210401_id6070_malinf_(2).jpg;35
27;20;6070;MANDRILLS BKB_6070_20210402_id6070_malinf_(1).jpg;7
61;20;6070;MANDRILLS BKB_6070_20210402_id6070_malinf_(2).jpg;41
41;20;6070;MANDRILLS BKB_6070_20210402_id6070_malinf_(3).jpg;21
36;20;6070;MANDRILLS BKB_6070_20210402_id6070_malinf_(4).jpg;16
45;20;6070;MANDRILLS BKB_6070_20210402_id6070_malinf_(5).jpg;25
53;20;6070;MANDRILLS BKB_6070_20210402_id6070_malinf_(6).jpg;33
42;20;6070;MANDRILLS BKB_6070_20210402_id6070_malinf_(7).jpg;22
48;20;6070;MANDRILLS BKB_6070_20210402_id6070_malinf_(8).jpg;28
47;20;6070;MANDRILLS BKB_6070_20210402_id6070_malinf_(9).jpg;27
49;28;6070;MANDRILLS BKB_6070_20210410_id6070_malinf_(1).jpg;21
39;28;6070;MANDRILLS BKB_6070_20210410_id6070_malinf_(2).jpg;11
60;36;6070;MANDRILLS BKB_6070_20210418_id6070_malinf.jpg;24
41;38;6070;MANDRILLS BKB_6070_20210420_id6070_malinf_(1).jpg;3
57;38;6070;MANDRILLS BKB_6070_20210420_id6070_malinf_(2).jpg;19
23;38;6070;MANDRILLS BKB_6070_20210420_id6070_malinf_(3).jpg;15
55;38;6070;MANDRILLS BKB_6070_20210420_id6070_malinf_(4).jpg;17
78;61;6070;MANDRILLS BKB_6070_20210513_id6070_malinf_(2).jpg;17
94;86;6070;MANDRILLS BKB_6070_20210607_id6070_malinf_(1).jpg;8
92;86;6070;MANDRILLS BKB_6070_20210607_id6070_malinf_(2).jpg;6
94;86;6070;MANDRILLS BKB_6070_20210607_id6070_malinf_(3).jpg;8
102;86;6070;MANDRILLS BKB_6070_20210607_id6070_malinf_(4).jpg;16
84;86;6070;MANDRILLS BKB_6070_20210607_id6070_malinf_(5).jpg;2
122;105;6070;MANDRILLS BKB_6070_20210626_id6070_malinf_(1).jpg;17
118;105;6070;MANDRILLS BKB_6070_20210626_id6070_malinf_(2).jpg;13
138;122;6070;MANDRILLS BKB_6070_20210713_id6070_malinf_(2).jpg;16
123;122;6070;MANDRILLS BKB_6070_20210713_id6070_malinf_(3).jpg;1
114;122;6070;MANDRILLS BKB_6070_20210713_id6070_malinf_(4).jpg;8
156;127;6070;MANDRILLS BKB_6070_20210718_id6070_malinf_(1).jpg;29
149;127;6070;MANDRILLS BKB_6070_20210718_id6070_malinf_(2).jpg;22
151;127;6070;MANDRILLS BKB_6070_20210718_id6070_malinf_(3).jpg;24
172;135;6070;MANDRILLS BKB_6070_20210726_id6070_malinf_(1).jpg;37
165;135;6070;MANDRILLS BKB_6070_20210726_id6070_malinf_(10).jpg;30
104;135;6070;MANDRILLS BKB_6070_20210726_id6070_malinf_(2).jpg;31
125;135;6070;MANDRILLS BKB_6070_20210726_id6070_malinf_(3).jpg;10
124;135;6070;MANDRILLS BKB_6070_20210726_id6070_malinf_(4).jpg;11
121;135;6070;MANDRILLS BKB_6070_20210726_id6070_malinf_(5).jpg;14
138;135;6070;MANDRILLS BKB_6070_20210726_id6070_malinf_(6).jpg;3
125;135;6070;MANDRILLS BKB_6070_20210726_id6070_malinf_(7).jpg;10
131;135;6070;MANDRILLS BKB_6070_20210726_id6070_malinf_(8).jpg;4
118;135;6070;MANDRILLS BKB_6070_20210726_id6070_malinf_(9).jpg;17
244;180;6070;MANDRILLS BKB_6070_20210909_id6070_malinf.jpg;64
262;181;6070;MANDRILLS BKB_6070_20210910_id6070_malinf (1).jpg;81
269;181;6070;MANDRILLS BKB_6070_20210910_id6070_malinf (3).jpg;88
228;181;6070;MANDRILLS BKB_6070_20210910_id6070_malinf (4).jpg;47
252;192;6070;MANDRILLS BKB_6070_20210921_id6070_malinf.jpg;60
249;206;6070;MANDRILLS BKB_6070_20211005_id6070_malinf.jpg;43
262;223;6070;MANDRILLS BKB_6070_20211022_id6070_malinf_(1).jpg;39
295;223;6070;MANDRILLS BKB_6070_20211022_id6070_malinf_(2).jpg;72
322;223;6070;MANDRILLS BKB_6070_20211022_id6070_malinf_(3).jpg;99
302;223;6070;MANDRILLS BKB_6070_20211022_id6070_malinf_(4).jpg;79
274;223;6070;MANDRILLS BKB_6070_20211022_id6070_malinf_(5).jpg;51
329;225;6070;MANDRILLS BKB_6070_20211024_id6070_malinf_(2).jpg;104
285;238;6070;MANDRILLS BKB_6070_20211106_id6070_malinf_(1).jpg;47
259;238;6070;MANDRILLS BKB_6070_20211106_id6070_malinf_(2).jpg;21
328;250;6070;MANDRILLS BKB_6070_20211118_id6070_malinf.jpg;78
344;254;6070;MANDRILLS BKB_6070_20211122_id6070_malinf.jpg;90
399;309;6070;MANDRILLS BKB_6070_20220116_id6070_malinf.jpg;90
409;313;6070;MANDRILLS BKB_6070_20220120_id6070.jpg;96
397;350;6070;MANDRILLS BKB_6070_20220226_id6070_malinf (1).jpg;47
375;350;6070;MANDRILLS BKB_6070_20220226_id6070_malinf (2).jpg;25
461;356;6070;MANDRILLS BKB_6070_20220304_id6070_malinf (1).jpg;105
474;356;6070;MANDRILLS BKB_6070_20220304_id6070_malinf (2).jpg;118
440;356;6070;MANDRILLS BKB_6070_20220304_id6070_malinf (3).jpg;84
467;356;6070;MANDRILLS BKB_6070_20220304_id6070_malinf (4).jpg;111
399;356;6070;MANDRILLS BKB_6070_20220304_id6070_malinf (5).jpg;43
387;356;6070;MANDRILLS BKB_6070_20220304_id6070_malinf (6).jpg;31
436;356;6070;MANDRILLS BKB_6070_20220304_id6070_malinf (7).jpg;80
497;356;6070;MANDRILLS BKB_6070_20220304_id6070_malinf (8).jpg;141
397;363;6070;MANDRILLS BKB_6070_20220311_id6070_maljuv (1).jpg;34
406;363;6070;MANDRILLS BKB_6070_20220311_id6070_maljuv (2).jpg;43
455;379;6070;MANDRILLS BKB_6070_20220327_id6070_maljuv (1).jpg;76
447;379;6070;MANDRILLS BKB_6070_20220327_id6070_maljuv (2).jpg;68
414;379;6070;MANDRILLS BKB_6070_20220327_id6070_maljuv (3).jpg;35
491;379;6070;MANDRILLS BKB_6070_20220327_id6070_maljuv (4).jpg;112
421;408;6070;MANDRILLS BKB_6070_20220425_id6070_maljuv (1).jpg;13
417;408;6070;MANDRILLS BKB_6070_20220425_id6070_maljuv (2).jpg;9
398;408;6070;MANDRILLS BKB_6070_20220425_id6070_maljuv (3).jpg;10
362;429;6070;MANDRILLS BKB_6070_20220516_id6070_maljuv.jpg;67
451;439;6070;MANDRILLS BKB_6070_20220526_id6070_maljuv (5).jpg;12
452;439;6070;MANDRILLS BKB_6070_20220526_id6070_maljuv (6).jpg;13
503;439;6070;MANDRILLS BKB_6070_20220526_id6070_maljuv (7).jpg;64
453;439;6070;MANDRILLS BKB_6070_20220526_id6070_maljuv (8).jpg;14
401;439;6070;MANDRILLS BKB_6070_20220526_id6070_maljuv (9).jpg;38
445;445;6070;MANDRILLS BKB_6070_20220601_id6070_maljuv (4).jpg;0
421;445;6070;MANDRILLS BKB_6070_20220601_id6070_maljuv (5).jpg;24
411;445;6070;MANDRILLS BKB_6070_20220601_id6070_maljuv (6).jpg;34
454;445;6070;MANDRILLS BKB_6070_20220601_id6070_maljuv (7).jpg;9
482;463;6070;MANDRILLS BKB_6070_20220619_id6070_maljuv (1).jpg;19
517;463;6070;MANDRILLS BKB_6070_20220619_id6070_maljuv (2).jpg;54
393;468;6070;MANDRILLS BKB_6070_20220624_id6070_maljuv.jpg;75
448;473;6070;MANDRILLS BKB_6070_20220629_id6070 (1).jpg;25
415;473;6070;MANDRILLS BKB_6070_20220629_id6070 (2).jpg;58
408;473;6070;MANDRILLS BKB_6070_20220629_id6070 (3).jpg;65
414;473;6070;MANDRILLS BKB_6070_20220629_id6070 (4).jpg;59
381;473;6070;MANDRILLS BKB_6070_20220629_id6070 (5).jpg;92
506;485;6070;MANDRILLS BKB_6070_20220711_id6070 (5).jpg;21
553;485;6070;MANDRILLS BKB_6070_20220711_id6070.jpg;68
530;490;6070;MANDRILLS BKB_6070_20220716_id6070 (2).jpg;40
571;495;6070;MANDRILLS BKB_6070_20220721_id6070 (1).jpg;76
487;495;6070;MANDRILLS BKB_6070_20220721_id6070 (2).jpg;8
495;495;6070;MANDRILLS BKB_6070_20220721_id6070 (4).jpg;0
632;503;6070;MANDRILLS BKB_6070_20220729_id6070.jpg;129
424;506;6070;MANDRILLS BKB_6070_20220801_id6070.jpg;82
546;523;6070;MANDRILLS BKB_6070_20220818_id6070.jpg;23
494;531;6070;MANDRILLS BKB_6070_20220826_id6070.jpg;37
610;540;6070;MANDRILLS BKB_6070_20220904_id6070.jpg;70
769;541;6070;MANDRILLS BKB_6070_20220905_id6070.jpg;228
660;551;6070;MANDRILLS BKB_6070_20220915_id6070.jpg;109
512;554;6070;MANDRILLS BKB_6070_20220918_id6070 (1).jpg;42
598;554;6070;MANDRILLS BKB_6070_20220918_id6070 (2).jpg;44
625;576;6070;MANDRILLS BKB_6070_20221010_id6070.jpg;49
750;588;6070;MANDRILLS BKB_6070_20221022_id6070.jpg;162
586;618;6070;MANDRILLS BKB_6070_20221121_id6070.jpg;32
819;627;6070;MANDRILLS BKB_6070_20221130_id6070 (2).jpg;192
876;627;6070;MANDRILLS BKB_6070_20221130_id6070.jpg;249
857;641;6070;MANDRILLS BKB_6070_20221214_id6070.jpg;216
34;0;6090;MANDRILLS BKB_6090_20210214_id6090_malinf_(1).jpg;34
47;0;6090;MANDRILLS BKB_6090_20210214_id6090_malinf_(2).jpg;47
40;15;6090;MANDRILLS BKB_6090_20210301_id6090_malinf.jpg;25
44;39;6090;MANDRILLS BKB_6090_20210325_id6090_malinf_(1).jpg;5
32;39;6090;MANDRILLS BKB_6090_20210325_id6090_malinf_(2).jpg;7
55;39;6090;MANDRILLS BKB_6090_20210325_id6090_malinf_(3).jpg;16
79;64;6090;MANDRILLS BKB_6090_20210419_id6090_malinf_(1).jpg;15
71;64;6090;MANDRILLS BKB_6090_20210419_id6090_malinf_(2).jpg;7
186;117;6090;MANDRILLS BKB_6090_20210611_id6090_malinf_(1).jpg;69
162;117;6090;MANDRILLS BKB_6090_20210611_id6090_malinf_(2).jpg;45
149;127;6090;MANDRILLS BKB_6090_20210621_id6090_malinf_(1).jpg;22
122;127;6090;MANDRILLS BKB_6090_20210621_id6090_malinf_(2).jpg;5
125;127;6090;MANDRILLS BKB_6090_20210621_id6090_malinf_(3).jpg;2
135;127;6090;MANDRILLS BKB_6090_20210621_id6090_malinf_(4).jpg;8
148;127;6090;MANDRILLS BKB_6090_20210621_id6090_malinf_(5).jpg;21
152;128;6090;MANDRILLS BKB_6090_20210622_id6090_malinf.jpg;24
272;202;6090;MANDRILLS BKB_6090_20210904_id6090_malinf (1).jpg;70
275;202;6090;MANDRILLS BKB_6090_20210904_id6090_malinf (10).jpg;73
336;202;6090;MANDRILLS BKB_6090_20210904_id6090_malinf (2).jpg;134
341;252;6090;MANDRILLS BKB_6090_20211024_id6090_malinf.jpg;89
316;265;6090;MANDRILLS BKB_6090_20211106_id6090_malinf_(1).jpg;51
259;265;6090;MANDRILLS BKB_6090_20211106_id6090_malinf_(2).jpg;6
306;265;6090;MANDRILLS BKB_6090_20211106_id6090_malinf_(3).jpg;41
311;265;6090;MANDRILLS BKB_6090_20211106_id6090_malinf_(4).jpg;46
321;265;6090;MANDRILLS BKB_6090_20211106_id6090_malinf_(5).jpg;56
349;310;6090;MANDRILLS BKB_6090_20211221_id6090_malinf.jpg;39
447;349;6090;MANDRILLS BKB_6090_20220129_id6090.jpg;98
396;352;6090;MANDRILLS BKB_6090_20220201_id6090_maljuv (1).jpg;44
476;352;6090;MANDRILLS BKB_6090_20220201_id6090_maljuv (13).jpg;124
390;352;6090;MANDRILLS BKB_6090_20220201_id6090_maljuv (14).jpg;38
397;352;6090;MANDRILLS BKB_6090_20220201_id6090_maljuv (15).jpg;45
384;352;6090;MANDRILLS BKB_6090_20220201_id6090_maljuv (16).jpg;32
346;352;6090;MANDRILLS BKB_6090_20220201_id6090_maljuv (17).jpg;6
359;352;6090;MANDRILLS BKB_6090_20220201_id6090_maljuv (18).jpg;7
439;352;6090;MANDRILLS BKB_6090_20220201_id6090_maljuv (19).jpg;87
418;352;6090;MANDRILLS BKB_6090_20220201_id6090_maljuv (2).jpg;66
464;352;6090;MANDRILLS BKB_6090_20220201_id6090_maljuv (20).jpg;112
429;352;6090;MANDRILLS BKB_6090_20220201_id6090_maljuv (21).jpg;77
487;352;6090;MANDRILLS BKB_6090_20220201_id6090_maljuv (22).jpg;135
336;352;6090;MANDRILLS BKB_6090_20220201_id6090_maljuv (23).jpg;16
378;352;6090;MANDRILLS BKB_6090_20220201_id6090_maljuv (24).jpg;26
364;352;6090;MANDRILLS BKB_6090_20220201_id6090_maljuv (25).jpg;12
390;352;6090;MANDRILLS BKB_6090_20220201_id6090_maljuv (26).jpg;38
444;352;6090;MANDRILLS BKB_6090_20220201_id6090_maljuv (3).jpg;92
457;352;6090;MANDRILLS BKB_6090_20220201_id6090_maljuv (30).jpg;105
427;352;6090;MANDRILLS BKB_6090_20220201_id6090_maljuv (31).jpg;75
446;352;6090;MANDRILLS BKB_6090_20220201_id6090_maljuv (33).jpg;94
456;352;6090;MANDRILLS BKB_6090_20220201_id6090_maljuv (34).jpg;104
411;352;6090;MANDRILLS BKB_6090_20220201_id6090_maljuv (35).jpg;59
400;352;6090;MANDRILLS BKB_6090_20220201_id6090_maljuv (36).jpg;48
425;352;6090;MANDRILLS BKB_6090_20220201_id6090_maljuv (4).jpg;73
497;352;6090;MANDRILLS BKB_6090_20220201_id6090_maljuv (5).jpg;145
489;352;6090;MANDRILLS BKB_6090_20220201_id6090_maljuv (6).jpg;137
452;352;6090;MANDRILLS BKB_6090_20220201_id6090_maljuv (7).jpg;100
430;352;6090;MANDRILLS BKB_6090_20220201_id6090_maljuv (8).jpg;78
415;352;6090;MANDRILLS BKB_6090_20220201_id6090_maljuv (9).jpg;63
378;386;6090;MANDRILLS BKB_6090_20220307_id6090_maljuv (2).jpg;8
442;386;6090;MANDRILLS BKB_6090_20220307_id6090_maljuv (3).jpg;56
420;392;6090;MANDRILLS BKB_6090_20220313_id6090_maljuv.jpg;28
385;393;6090;MANDRILLS BKB_6090_20220314_id6090_maljuv (1).jpg;8
408;393;6090;MANDRILLS BKB_6090_20220314_id6090_maljuv (3).jpg;15
397;393;6090;MANDRILLS BKB_6090_20220314_id6090_maljuv (4).jpg;4
449;403;6090;MANDRILLS BKB_6090_20220324_id6090_maljuv (1).jpg;46
438;403;6090;MANDRILLS BKB_6090_20220324_id6090_maljuv (2).jpg;35
515;464;6090;MANDRILLS BKB_6090_20220524_id6090_maljuv (1).jpg;51
505;464;6090;MANDRILLS BKB_6090_20220524_id6090_maljuv (2).jpg;41
443;464;6090;MANDRILLS BKB_6090_20220524_id6090_maljuv (3).jpg;21
414;464;6090;MANDRILLS BKB_6090_20220524_id6090_maljuv (4).jpg;50
493;466;6090;MANDRILLS BKB_6090_20220526_id6090_maljuv.jpg;27
518;469;6090;MANDRILLS BKB_6090_20220529_id6090_maljuv.jpg;49
479;474;6090;MANDRILLS BKB_6090_20220603_id6090_maljuv (3).jpg;5
524;474;6090;MANDRILLS BKB_6090_20220603_id6090_maljuv (4).jpg;50
448;474;6090;MANDRILLS BKB_6090_20220603_id6090_maljuv (5).jpg;26
550;502;6090;MANDRILLS BKB_6090_20220701_id6090 (1).jpg;48
503;502;6090;MANDRILLS BKB_6090_20220701_id6090 (2).jpg;1
530;502;6090;MANDRILLS BKB_6090_20220701_id6090 (3).jpg;28
474;502;6090;MANDRILLS BKB_6090_20220701_id6090 (4).jpg;28
466;502;6090;MANDRILLS BKB_6090_20220701_id6090 (5).jpg;36
471;502;6090;MANDRILLS BKB_6090_20220701_id6090 (6).jpg;31
568;506;6090;MANDRILLS BKB_6090_20220705_id6090 (2).jpg;62
546;506;6090;MANDRILLS BKB_6090_20220705_id6090.jpg;40
461;512;6090;MANDRILLS BKB_6090_20220711_id6090.jpg;51
457;515;6090;MANDRILLS BKB_6090_20220714_id6090_maljuv.jpg;58
502;517;6090;MANDRILLS BKB_6090_20220716_id6090_maljuv (1).jpg;15
529;517;6090;MANDRILLS BKB_6090_20220716_id6090_maljuv (2).jpg;12
436;519;6090;MANDRILLS BKB_6090_20220718_id6090.jpg;83
554;520;6090;MANDRILLS BKB_6090_20220719_id6090 (1).jpg;34
523;520;6090;MANDRILLS BKB_6090_20220719_id6090 (2).jpg;3
640;520;6090;MANDRILLS BKB_6090_20220719_id6090 (3).jpg;120
626;520;6090;MANDRILLS BKB_6090_20220719_id6090 (4).jpg;106
614;520;6090;MANDRILLS BKB_6090_20220719_id6090.jpg;94
525;534;6090;MANDRILLS BKB_6090_20220802_id6090 (1).jpg;9
509;534;6090;MANDRILLS BKB_6090_20220802_id6090 (2).jpg;25
478;541;6090;MANDRILLS BKB_6090_20220809_id6090 (2).jpg;63
558;541;6090;MANDRILLS BKB_6090_20220809_id6090 (3).jpg;17
653;541;6090;MANDRILLS BKB_6090_20220809_id6090 (4).jpg;112
525;541;6090;MANDRILLS BKB_6090_20220809_id6090 (5).jpg;16
561;544;6090;MANDRILLS BKB_6090_20220812_id6090 (2).jpg;17
620;544;6090;MANDRILLS BKB_6090_20220812_id6090 (4).jpg;76
489;544;6090;MANDRILLS BKB_6090_20220812_id6090.jpg;55
528;558;6090;MANDRILLS BKB_6090_20220826_id6090 (1).jpg;30
588;558;6090;MANDRILLS BKB_6090_20220826_id6090 (2).jpg;30
532;558;6090;MANDRILLS BKB_6090_20220826_id6090.jpg;26
541;574;6090;MANDRILLS BKB_6090_20220911_id6090.jpg;33
571;575;6090;MANDRILLS BKB_6090_20220912_id6090 (1).jpg;4
602;575;6090;MANDRILLS BKB_6090_20220912_id6090 (4).jpg;27
641;580;6090;MANDRILLS BKB_6090_20220917_id6090 (1).jpg;61
645;580;6090;MANDRILLS BKB_6090_20220917_id6090 (2).jpg;65
457;581;6090;MANDRILLS BKB_6090_20220918_id6090 (2).jpg;124
619;581;6090;MANDRILLS BKB_6090_20220918_id6090 (3).jpg;38
540;581;6090;MANDRILLS BKB_6090_20220918_id6090 (4).jpg;41
642;591;6090;MANDRILLS BKB_6090_20220928_id6090.jpg;51
649;612;6090;MANDRILLS BKB_6090_20221019_id6090.jpg;37
625;623;6090;MANDRILLS BKB_6090_20221030_id6090.jpg;2
622;654;6090;MANDRILLS BKB_6090_20221130_id6090.jpg;32
731;663;6090;MANDRILLS BKB_6090_20221209_id6090 (1).jpg;68
516;663;6090;MANDRILLS BKB_6090_20221209_id6090 (2).jpg;147
717;668;6090;MANDRILLS BKB_6090_20221214_id6090 (1).jpg;49
738;668;6090;MANDRILLS BKB_6090_20221214_id6090 (2).jpg;70
720;668;6090;MANDRILLS BKB_6090_20221214_id6090.jpg;52
-9;13;6093;MANDRILLS BKB_6093_20201103_id6093_malinf.jpg;22
55;34;6093;MANDRILLS BKB_6093_20201124_id6093_malinf.jpg;21
65;34;6093;MANDRILLS BKB_6093_20201124_id6093_malinf_(1).jpg;31
57;34;6093;MANDRILLS BKB_6093_20201124_id6093_malinf_(2).jpg;23
64;53;6093;MANDRILLS BKB_6093_20201213_id6093_malinf_(1).jpg;11
23;53;6093;MANDRILLS BKB_6093_20201213_id6093_malinf_(10).jpg;30
65;53;6093;MANDRILLS BKB_6093_20201213_id6093_malinf_(2).jpg;12
76;53;6093;MANDRILLS BKB_6093_20201213_id6093_malinf_(3).jpg;23
69;53;6093;MANDRILLS BKB_6093_20201213_id6093_malinf_(4).jpg;16
52;53;6093;MANDRILLS BKB_6093_20201213_id6093_malinf_(5).jpg;1
51;53;6093;MANDRILLS BKB_6093_20201213_id6093_malinf_(6).jpg;2
50;53;6093;MANDRILLS BKB_6093_20201213_id6093_malinf_(7).jpg;3
59;53;6093;MANDRILLS BKB_6093_20201213_id6093_malinf_(8).jpg;6
41;53;6093;MANDRILLS BKB_6093_20201213_id6093_malinf_(9).jpg;12
49;57;6093;MANDRILLS BKB_6093_20201217_id6093_malinf_(10)_(2).jpg;8
54;57;6093;MANDRILLS BKB_6093_20201217_id6093_malinf_(11)_(2).jpg;3
65;57;6093;MANDRILLS BKB_6093_20201217_id6093_malinf_(4)_(2).jpg;8
52;57;6093;MANDRILLS BKB_6093_20201217_id6093_malinf_(5)_(2).jpg;5
48;57;6093;MANDRILLS BKB_6093_20201217_id6093_malinf_(6)_(2).jpg;9
54;57;6093;MANDRILLS BKB_6093_20201217_id6093_malinf_(7)_(2).jpg;3
56;57;6093;MANDRILLS BKB_6093_20201217_id6093_malinf_(8)_(2).jpg;1
52;57;6093;MANDRILLS BKB_6093_20201217_id6093_malinf_(9)_(2).jpg;5
51;68;6093;MANDRILLS BKB_6093_20201228_id6093_malinf.jpg;17
76;75;6093;MANDRILLS BKB_6093_20210104_id6093_malinf.jpg;1
98;78;6093;MANDRILLS BKB_6093_20210107_id6093_malinf_(1).jpg;20
82;78;6093;MANDRILLS BKB_6093_20210107_id6093_malinf_(2).jpg;4
104;78;6093;MANDRILLS BKB_6093_20210107_id6093_malinf_(3).jpg;26
63;78;6093;MANDRILLS BKB_6093_20210107_id6093_malinf_(4).jpg;15
58;84;6093;MANDRILLS BKB_6093_20210113_id6093_malinf_(1).jpg;26
106;84;6093;MANDRILLS BKB_6093_20210113_id6093_malinf_(2).jpg;22
75;84;6093;MANDRILLS BKB_6093_20210113_id6093_malinf_(3).jpg;9
72;84;6093;MANDRILLS BKB_6093_20210113_id6093_malinf_(4).jpg;12
105;99;6093;MANDRILLS BKB_6093_20210128_id6093_malinf_(1).jpg;6
105;99;6093;MANDRILLS BKB_6093_20210128_id6093_malinf_(2).jpg;6
129;99;6093;MANDRILLS BKB_6093_20210128_id6093_malinf_(3).jpg;30
120;99;6093;MANDRILLS BKB_6093_20210128_id6093_malinf_(4).jpg;21
84;99;6093;MANDRILLS BKB_6093_20210128_id6093_malinf_(5).jpg;15
119;99;6093;MANDRILLS BKB_6093_20210128_id6093_malinf_(6).jpg;20
85;99;6093;MANDRILLS BKB_6093_20210128_id6093_malinf_(7).jpg;14
123;100;6093;MANDRILLS BKB_6093_20210129_id6093_malinf_(1).jpg;23
104;100;6093;MANDRILLS BKB_6093_20210129_id6093_malinf_(2).jpg;4
121;100;6093;MANDRILLS BKB_6093_20210129_id6093_malinf_(3).jpg;21
145;100;6093;MANDRILLS BKB_6093_20210129_id6093_malinf_(4).jpg;45
120;100;6093;MANDRILLS BKB_6093_20210129_id6093_malinf_(5).jpg;20
97;100;6093;MANDRILLS BKB_6093_20210129_id6093_malinf_(6).jpg;3
71;101;6093;MANDRILLS BKB_6093_20210130_id6093_malinf_(1).jpg;30
61;101;6093;MANDRILLS BKB_6093_20210130_id6093_malinf_(12).jpg;40
76;101;6093;MANDRILLS BKB_6093_20210130_id6093_malinf_(2).jpg;25
94;105;6093;MANDRILLS BKB_6093_20210203_id6093_malinf_(1).jpg;11
77;105;6093;MANDRILLS BKB_6093_20210203_id6093_malinf_(2).jpg;28
116;105;6093;MANDRILLS BKB_6093_20210203_id6093_malinf_(3).jpg;11
104;105;6093;MANDRILLS BKB_6093_20210203_id6093_malinf_(4).jpg;1
54;105;6093;MANDRILLS BKB_6093_20210203_id6093_malinf_(5).jpg;51
98;105;6093;MANDRILLS BKB_6093_20210203_id6093_malinf_(6).jpg;7
82;105;6093;MANDRILLS BKB_6093_20210203_id6093_malinf_(7).jpg;23
98;108;6093;MANDRILLS BKB_6093_20210206_id6093_malinf_(1).jpg;10
80;108;6093;MANDRILLS BKB_6093_20210206_id6093_malinf_(2).jpg;28
100;114;6093;MANDRILLS BKB_6093_20210212_id6093_malinf.jpg;14
144;120;6093;MANDRILLS BKB_6093_20210218_id6093_malinf.jpg;24
132;131;6093;MANDRILLS BKB_6093_20210301_id6093_malinf_(1).jpg;1
134;131;6093;MANDRILLS BKB_6093_20210301_id6093_malinf_(2).jpg;3
143;131;6093;MANDRILLS BKB_6093_20210301_id6093_malinf_(3).jpg;12
127;131;6093;MANDRILLS BKB_6093_20210301_id6093_malinf_(4).jpg;4
162;131;6093;MANDRILLS BKB_6093_20210301_id6093_malinf_(5).jpg;31
134;131;6093;MANDRILLS BKB_6093_20210301_id6093_malinf_(6).jpg;3
166;131;6093;MANDRILLS BKB_6093_20210301_id6093_malinf_(7).jpg;35
209;166;6093;MANDRILLS BKB_6093_20210405_id6093_malinf_(1).jpg;43
174;166;6093;MANDRILLS BKB_6093_20210405_id6093_malinf_(2).jpg;8
230;171;6093;MANDRILLS BKB_6093_20210410_id6093_malinf.jpg;59
202;181;6093;MANDRILLS BKB_6093_20210420_id6093_malinf_(1).jpg;21
258;181;6093;MANDRILLS BKB_6093_20210420_id6093_malinf_(2).jpg;77
292;265;6093;MANDRILLS BKB_6093_20210713_id6093_malinf_(1).jpg;27
277;265;6093;MANDRILLS BKB_6093_20210713_id6093_malinf_(2).jpg;12
267;273;6093;MANDRILLS BKB_6093_20210721_id6093_malinf.jpg;6
343;278;6093;MANDRILLS BKB_6093_20210726_id6093_malinf_(1).jpg;65
419;278;6093;MANDRILLS BKB_6093_20210726_id6093_malinf_(2).jpg;141
363;278;6093;MANDRILLS BKB_6093_20210726_id6093_malinf_(3).jpg;85
318;278;6093;MANDRILLS BKB_6093_20210726_id6093_malinf_(4).jpg;40
310;278;6093;MANDRILLS BKB_6093_20210726_id6093_malinf_(5).jpg;32
284;278;6093;MANDRILLS BKB_6093_20210726_id6093_malinf_(7).jpg;6
273;278;6093;MANDRILLS BKB_6093_20210726_id6093_malinf_(8).jpg;5
330;280;6093;MANDRILLS BKB_6093_20210728_id6093_malinf.jpg;50
283;349;6093;MANDRILLS BKB_6093_20211005_id6093_malinf.jpg;66
278;366;6093;MANDRILLS BKB_6093_20211022_id6093_maljuv.jpg;88
403;368;6093;MANDRILLS BKB_6093_20211024_id6093_maljuv_(1).jpg;35
336;368;6093;MANDRILLS BKB_6093_20211024_id6093_maljuv_(2).jpg;32
452;383;6093;MANDRILLS BKB_6093_20211108_id6093_maljuv_(2).jpg;69
415;383;6093;MANDRILLS BKB_6093_20211108_id6093_maljuv_(3).jpg;32
321;383;6093;MANDRILLS BKB_6093_20211108_id6093_maljuv_(4).jpg;62
410;383;6093;MANDRILLS BKB_6093_20211108_id6093_maljuv_(5).jpg;27
336;383;6093;MANDRILLS BKB_6093_20211108_id6093_maljuv_(6).jpg;47
340;383;6093;MANDRILLS BKB_6093_20211108_id6093_maljuv_(7).jpg;43
361;383;6093;MANDRILLS BKB_6093_20211108_id6093_maljuv_(8).jpg;22
351;394;6093;MANDRILLS BKB_6093_20211119_id6093_maljuv.jpg;43
515;422;6093;MANDRILLS BKB_6093_20211217_id6093_maljuv_(1).jpg;93
489;422;6093;MANDRILLS BKB_6093_20211217_id6093_maljuv_(2).jpg;67
372;483;6093;MANDRILLS BKB_6093_20220216_id6093_maljuv (1).jpg;111
374;483;6093;MANDRILLS BKB_6093_20220216_id6093_maljuv (2).jpg;109
379;483;6093;MANDRILLS BKB_6093_20220216_id6093_maljuv (3).jpg;104
447;493;6093;MANDRILLS BKB_6093_20220226_id6093_maljuv (1).jpg;46
429;493;6093;MANDRILLS BKB_6093_20220226_id6093_maljuv (2).jpg;64
496;493;6093;MANDRILLS BKB_6093_20220226_id6093_maljuv (3).jpg;3
398;493;6093;MANDRILLS BKB_6093_20220226_id6093_maljuv (5).jpg;95
610;508;6093;MANDRILLS BKB_6093_20220313_id6093.jpg;102
559;552;6093;MANDRILLS BKB_6093_20220426_id6093_maljuv (1).jpg;7
644;552;6093;MANDRILLS BKB_6093_20220426_id6093_maljuv (2).jpg;92
586;552;6093;MANDRILLS BKB_6093_20220426_id6093_maljuv (3).jpg;34
569;552;6093;MANDRILLS BKB_6093_20220426_id6093_maljuv (4).jpg;17
634;552;6093;MANDRILLS BKB_6093_20220426_id6093_maljuv (5).jpg;82
515;552;6093;MANDRILLS BKB_6093_20220426_id6093_maljuv (6).jpg;37
574;552;6093;MANDRILLS BKB_6093_20220426_id6093_maljuv.jpg;22
605;572;6093;MANDRILLS BKB_6093_20220516_id6093_maljuv (1).jpg;33
517;572;6093;MANDRILLS BKB_6093_20220516_id6093_maljuv (2).jpg;55
743;572;6093;MANDRILLS BKB_6093_20220516_id6093_maljuv (3).jpg;171
560;572;6093;MANDRILLS BKB_6093_20220516_id6093_maljuv (4).jpg;12
520;580;6093;MANDRILLS BKB_6093_20220524_id6093_maljuv (1).jpg;60
602;580;6093;MANDRILLS BKB_6093_20220524_id6093_maljuv (2).jpg;22
519;580;6093;MANDRILLS BKB_6093_20220524_id6093_maljuv (3).jpg;61
504;580;6093;MANDRILLS BKB_6093_20220524_id6093_maljuv (4).jpg;76
459;580;6093;MANDRILLS BKB_6093_20220524_id6093_maljuv (5).jpg;121
541;590;6093;MANDRILLS BKB_6093_20220603_id6093_maljuv (2).jpg;49
500;590;6093;MANDRILLS BKB_6093_20220603_id6093_maljuv (3).jpg;90
483;611;6093;MANDRILLS BKB_6093_20220624_id6093_maljuv (1).jpg;128
559;611;6093;MANDRILLS BKB_6093_20220624_id6093_maljuv (2).jpg;52
524;611;6093;MANDRILLS BKB_6093_20220624_id6093_maljuv (3).jpg;87
552;611;6093;MANDRILLS BKB_6093_20220624_id6093_maljuv (4).jpg;59
600;631;6093;MANDRILLS BKB_6093_20220714_id6093_maljuv (1).jpg;31
559;636;6093;MANDRILLS BKB_6093_20220719_id6093 (1).jpg;77
618;636;6093;MANDRILLS BKB_6093_20220719_id6093 (2).jpg;18
607;636;6093;MANDRILLS BKB_6093_20220719_id6093 (3).jpg;29
543;646;6093;MANDRILLS BKB_6093_20220729_id6093.jpg;103
604;650;6093;MANDRILLS BKB_6093_20220802_id6093 (1).jpg;46
632;650;6093;MANDRILLS BKB_6093_20220802_id6093 (2).jpg;18
600;650;6093;MANDRILLS BKB_6093_20220802_id6093 (3).jpg;50
493;650;6093;MANDRILLS BKB_6093_20220802_id6093 (4).jpg;157
627;674;6093;MANDRILLS BKB_6093_20220826_id6093 (1).jpg;47
635;674;6093;MANDRILLS BKB_6093_20220826_id6093 (2).jpg;39
735;683;6093;MANDRILLS BKB_6093_20220904_id6093.jpg;52
509;684;6093;MANDRILLS BKB_6093_20220905_id6093.jpg;175
583;690;6093;MANDRILLS BKB_6093_20220911_id6093.jpg;107
849;697;6093;MANDRILLS BKB_6093_20220918_id6093.jpg;152
710;719;6093;MANDRILLS BKB_6093_20221010_id6093.jpg;9
775;736;6093;MANDRILLS BKB_6093_20221027_id6093.jpg;39
759;738;6093;MANDRILLS BKB_6093_20221029_id6093.jpg;21
793;770;6093;MANDRILLS BKB_6093_20221130_id6093 (1).jpg;23
783;770;6093;MANDRILLS BKB_6093_20221130_id6093 (2).jpg;13
1032;770;6093;MANDRILLS BKB_6093_20221130_id6093 (4).jpg;262
861;770;6093;MANDRILLS BKB_6093_20221130_id6093.jpg;91
32;0;6102;MANDRILLS BKB_6102_20210113_id6102_feminf_(1).jpg;32
34;0;6102;MANDRILLS BKB_6102_20210113_id6102_feminf_(10).jpg;34
15;0;6102;MANDRILLS BKB_6102_20210113_id6102_feminf_(11).jpg;15
28;0;6102;MANDRILLS BKB_6102_20210113_id6102_feminf_(12).jpg;28
23;0;6102;MANDRILLS BKB_6102_20210113_id6102_feminf_(13).jpg;23
12;0;6102;MANDRILLS BKB_6102_20210113_id6102_feminf_(14).jpg;12
21;0;6102;MANDRILLS BKB_6102_20210113_id6102_feminf_(15).jpg;21
15;0;6102;MANDRILLS BKB_6102_20210113_id6102_feminf_(16).jpg;15
20;0;6102;MANDRILLS BKB_6102_20210113_id6102_feminf_(17).jpg;20
32;0;6102;MANDRILLS BKB_6102_20210113_id6102_feminf_(2).jpg;32
20;0;6102;MANDRILLS BKB_6102_20210113_id6102_feminf_(3).jpg;20
35;0;6102;MANDRILLS BKB_6102_20210113_id6102_feminf_(4).jpg;35
21;0;6102;MANDRILLS BKB_6102_20210113_id6102_feminf_(5).jpg;21
53;0;6102;MANDRILLS BKB_6102_20210113_id6102_feminf_(6).jpg;53
20;0;6102;MANDRILLS BKB_6102_20210113_id6102_feminf_(7).jpg;20
19;0;6102;MANDRILLS BKB_6102_20210113_id6102_feminf_(8).jpg;19
13;0;6102;MANDRILLS BKB_6102_20210113_id6102_feminf_(9).jpg;13
74;15;6102;MANDRILLS BKB_6102_20210128_id6102_feminf.jpg;59
56;23;6102;MANDRILLS BKB_6102_20210205_id6102_feminf.jpg;33
46;24;6102;MANDRILLS BKB_6102_20210206_id6102_feminf_(1).jpg;22
44;24;6102;MANDRILLS BKB_6102_20210206_id6102_feminf_(2).jpg;20
50;24;6102;MANDRILLS BKB_6102_20210206_id6102_feminf_(3).jpg;26
44;24;6102;MANDRILLS BKB_6102_20210206_id6102_feminf_(4).jpg;20
32;24;6102;MANDRILLS BKB_6102_20210206_id6102_feminf_(5).jpg;8
49;24;6102;MANDRILLS BKB_6102_20210206_id6102_feminf_(6).jpg;25
72;24;6102;MANDRILLS BKB_6102_20210206_id6102_feminf_(7).jpg;48
37;30;6102;MANDRILLS BKB_6102_20210212_id6102_feminf_(2).jpg;7
74;36;6102;MANDRILLS BKB_6102_20210218_id6102_feminf_(1).jpg;38
70;36;6102;MANDRILLS BKB_6102_20210218_id6102_feminf_(2).jpg;34
90;78;6102;MANDRILLS BKB_6102_20210401_id6102_feminf.jpg;12
88;79;6102;MANDRILLS BKB_6102_20210402_id6102_feminf_(1).jpg;9
91;79;6102;MANDRILLS BKB_6102_20210402_id6102_feminf_(2).jpg;12
81;82;6102;MANDRILLS BKB_6102_20210405_id6102_feminf.jpg;1
82;87;6102;MANDRILLS BKB_6102_20210410_id6102_feminf_(1).jpg;5
97;87;6102;MANDRILLS BKB_6102_20210410_id6102_feminf_(2).jpg;10
97;87;6102;MANDRILLS BKB_6102_20210410_id6102_feminf_(3).jpg;10
94;87;6102;MANDRILLS BKB_6102_20210410_id6102_feminf_(4).jpg;7
100;87;6102;MANDRILLS BKB_6102_20210410_id6102_feminf_(5).jpg;13
98;87;6102;MANDRILLS BKB_6102_20210410_id6102_feminf_(6).jpg;11
101;87;6102;MANDRILLS BKB_6102_20210410_id6102_feminf_(7).jpg;14
82;87;6102;MANDRILLS BKB_6102_20210410_id6102_feminf_(8).jpg;5
91;96;6102;MANDRILLS BKB_6102_20210419_id6102_feminf.jpg;5
364;268;6102;MANDRILLS BKB_6102_20211008_id6102_feminf_(1).jpg;96
273;268;6102;MANDRILLS BKB_6102_20211008_id6102_feminf_(2).jpg;5
300;268;6102;MANDRILLS BKB_6102_20211008_id6102_feminf_(3).jpg;32
284;276;6102;MANDRILLS BKB_6102_20211016_id6102_feminf.jpg;8
309;282;6102;MANDRILLS BKB_6102_20211022_id6102_feminf_(1).jpg;27
294;282;6102;MANDRILLS BKB_6102_20211022_id6102_feminf_(2).jpg;12
395;338;6102;MANDRILLS BKB_6102_20211217_id6102_feminf_(1).jpg;57
370;338;6102;MANDRILLS BKB_6102_20211217_id6102_feminf_(2).jpg;32
371;338;6102;MANDRILLS BKB_6102_20211217_id6102_feminf_(3).jpg;33
328;338;6102;MANDRILLS BKB_6102_20211217_id6102_feminf_(4).jpg;10
347;338;6102;MANDRILLS BKB_6102_20211217_id6102_feminf_(5).jpg;9
381;338;6102;MANDRILLS BKB_6102_20211217_id6102_feminf_(7).jpg;43
400;338;6102;MANDRILLS BKB_6102_20211217_id6102_feminf_(8).jpg;62
421;372;6102;MANDRILLS BKB_6102_20220120_id6102 (1).jpg;49
515;372;6102;MANDRILLS BKB_6102_20220120_id6102 (2).jpg;143
410;375;6102;MANDRILLS BKB_6102_20220123_id6102 (1).jpg;35
373;375;6102;MANDRILLS BKB_6102_20220123_id6102 (2).jpg;2
484;409;6102;MANDRILLS BKB_6102_20220226_id6102_femjuv (1).jpg;75
478;409;6102;MANDRILLS BKB_6102_20220226_id6102_femjuv (2).jpg;69
486;425;6102;MANDRILLS BKB_6102_20220314_id6102_femjuv (1).jpg;61
427;425;6102;MANDRILLS BKB_6102_20220314_id6102_femjuv (2).jpg;2
571;425;6102;MANDRILLS BKB_6102_20220314_id6102_femjuv (3).jpg;146
482;431;6102;MANDRILLS BKB_6102_20220320_id6102_femjuv.jpg;51
458;432;6102;MANDRILLS BKB_6102_20220321_id6102_femjuv.jpg;26
474;446;6102;MANDRILLS BKB_6102_20220404_id6102_femjuv (1).jpg;28
514;446;6102;MANDRILLS BKB_6102_20220404_id6102_femjuv (2).jpg;68
499;460;6102;MANDRILLS BKB_6102_20220418_id6102_femjuv.jpg;39
466;488;6102;MANDRILLS BKB_6102_20220516_id6102_femjuv (2).jpg;22
530;488;6102;MANDRILLS BKB_6102_20220516_id6102_femjuv.jpg;42
595;498;6102;MANDRILLS BKB_6102_20220526_id6102_femjuv (5).jpg;97
555;498;6102;MANDRILLS BKB_6102_20220526_id6102_femjuv (6).jpg;57
688;498;6102;MANDRILLS BKB_6102_20220526_id6102_femjuv (7).jpg;190
487;498;6102;MANDRILLS BKB_6102_20220526_id6102_femjuv (8).jpg;11
559;498;6102;MANDRILLS BKB_6102_20220526_id6102_femjuv (9).jpg;61
593;499;6102;MANDRILLS BKB_6102_20220527_id6102_femjuv (1).jpg;94
578;499;6102;MANDRILLS BKB_6102_20220527_id6102_femjuv (2).jpg;79
472;499;6102;MANDRILLS BKB_6102_20220527_id6102_femjuv (3).jpg;27
515;499;6102;MANDRILLS BKB_6102_20220527_id6102_femjuv (4).jpg;16
543;499;6102;MANDRILLS BKB_6102_20220527_id6102_femjuv (6).jpg;44
554;506;6102;MANDRILLS BKB_6102_20220603_id6102_femjuv (4).jpg;48
502;506;6102;MANDRILLS BKB_6102_20220603_id6102_femjuv (5).jpg;4
549;506;6102;MANDRILLS BKB_6102_20220603_id6102_femjuv (6).jpg;43
508;506;6102;MANDRILLS BKB_6102_20220603_id6102_femjuv (7).jpg;2
514;510;6102;MANDRILLS BKB_6102_20220607_id6102_femjuv (1).jpg;4
574;510;6102;MANDRILLS BKB_6102_20220607_id6102_femjuv (2).jpg;64
511;522;6102;MANDRILLS BKB_6102_20220619_id6102_femjuv (1).jpg;11
774;522;6102;MANDRILLS BKB_6102_20220619_id6102_femjuv (2).jpg;252
596;522;6102;MANDRILLS BKB_6102_20220619_id6102_femjuv (3).jpg;74
614;527;6102;MANDRILLS BKB_6102_20220624_id6102_femjuv (1).jpg;87
502;527;6102;MANDRILLS BKB_6102_20220624_id6102_femjuv (2).jpg;25
598;527;6102;MANDRILLS BKB_6102_20220624_id6102_femjuv (3).jpg;71
621;527;6102;MANDRILLS BKB_6102_20220624_id6102_femjuv (4).jpg;94
736;532;6102;MANDRILLS BKB_6102_20220629_id6102 (1).jpg;204
587;532;6102;MANDRILLS BKB_6102_20220629_id6102 (2).jpg;55
558;532;6102;MANDRILLS BKB_6102_20220629_id6102 (3).jpg;26
604;542;6102;MANDRILLS BKB_6102_20220709_id6102_.jpg;62
591;547;6102;MANDRILLS BKB_6102_20220714_id6102_femjuv.jpg;44
535;549;6102;MANDRILLS BKB_6102_20220716_id6102_femjuv (1).jpg;14
543;549;6102;MANDRILLS BKB_6102_20220716_id6102_femjuv (4).jpg;6
550;565;6102;MANDRILLS BKB_6102_20220801_id6102 (1).jpg;15
595;565;6102;MANDRILLS BKB_6102_20220801_id6102 (2).jpg;30
578;565;6102;MANDRILLS BKB_6102_20220801_id6102 (3).jpg;13
608;573;6102;MANDRILLS BKB_6102_20220809_id6102.jpg;35
613;590;6102;MANDRILLS BKB_6102_20220826_id6102 (1).jpg;23
610;590;6102;MANDRILLS BKB_6102_20220826_id6102 (2).jpg;20
578;590;6102;MANDRILLS BKB_6102_20220826_id6102 (3).jpg;12
660;590;6102;MANDRILLS BKB_6102_20220826_id6102 (4).jpg;70
642;606;6102;MANDRILLS BKB_6102_20220911_id6102.jpg;36
646;607;6102;MANDRILLS BKB_6102_20220912_id6102 (1).jpg;39
614;607;6102;MANDRILLS BKB_6102_20220912_id6102 (2).jpg;7
824;610;6102;MANDRILLS BKB_6102_20220915_id6102.jpg;214
716;652;6102;MANDRILLS BKB_6102_20221027_id6102 (1).jpg;64
697;652;6102;MANDRILLS BKB_6102_20221027_id6102 (2).jpg;45
625;652;6102;MANDRILLS BKB_6102_20221027_id6102 (3).jpg;27
633;652;6102;MANDRILLS BKB_6102_20221027_id6102 (4).jpg;19
693;652;6102;MANDRILLS BKB_6102_20221027_id6102 (5).jpg;41
761;686;6102;MANDRILLS BKB_6102_20221130_id6102 (1).jpg;75
682;686;6102;MANDRILLS BKB_6102_20221130_id6102 (2).jpg;4
775;686;6102;MANDRILLS BKB_6102_20221130_id6102 (3).jpg;89
716;686;6102;MANDRILLS BKB_6102_20221130_id6102 (4).jpg;30
871;686;6102;MANDRILLS BKB_6102_20221130_id6102.jpg;185
729;696;6102;MANDRILLS BKB_6102_20221210_id6102.jpg;33
625;700;6102;MANDRILLS BKB_6102_20221214_id6102.jpg;75
32;3;6124;MANDRILLS BKB_6124_20201228_id6124_malinf_(1).jpg;29
42;3;6124;MANDRILLS BKB_6124_20201228_id6124_malinf_(2).jpg;39
30;12;6124;MANDRILLS BKB_6124_20210106_id6124_malinf_(1).jpg;18
60;12;6124;MANDRILLS BKB_6124_20210106_id6124_malinf_(2).jpg;48
66;12;6124;MANDRILLS BKB_6124_20210106_id6124_malinf_(3).jpg;54
44;12;6124;MANDRILLS BKB_6124_20210106_id6124_malinf_(4).jpg;32
47;12;6124;MANDRILLS BKB_6124_20210106_id6124_malinf_(5).jpg;35
55;12;6124;MANDRILLS BKB_6124_20210106_id6124_malinf_(6).jpg;43
80;19;6124;MANDRILLS BKB_6124_20210113_id6124_malinf_(1).jpg;61
69;19;6124;MANDRILLS BKB_6124_20210113_id6124_malinf_(2).jpg;50
69;19;6124;MANDRILLS BKB_6124_20210113_id6124_malinf_(3).jpg;50
67;19;6124;MANDRILLS BKB_6124_20210113_id6124_malinf_(4).jpg;48
61;19;6124;MANDRILLS BKB_6124_20210113_id6124_malinf_(5).jpg;42
39;23;6124;MANDRILLS BKB_6124_20210117_id6124_malinf.jpg;16
77;32;6124;MANDRILLS BKB_6124_20210126_id6124_malinf_(1).jpg;45
90;32;6124;MANDRILLS BKB_6124_20210126_id6124_malinf_(2).jpg;58
74;32;6124;MANDRILLS BKB_6124_20210126_id6124_malinf_(3).jpg;42
66;34;6124;MANDRILLS BKB_6124_20210128_id6124_malinf_(1).jpg;32
76;34;6124;MANDRILLS BKB_6124_20210128_id6124_malinf_(2).jpg;42
90;35;6124;MANDRILLS BKB_6124_20210129_id6124_malinf.jpg;55
83;47;6124;MANDRILLS BKB_6124_20210210_id6124_malinf_(1).jpg;36
51;47;6124;MANDRILLS BKB_6124_20210210_id6124_malinf_(10).jpg;4
43;47;6124;MANDRILLS BKB_6124_20210210_id6124_malinf_(11).jpg;4
83;47;6124;MANDRILLS BKB_6124_20210210_id6124_malinf_(12).jpg;36
79;47;6124;MANDRILLS BKB_6124_20210210_id6124_malinf_(13).jpg;32
69;47;6124;MANDRILLS BKB_6124_20210210_id6124_malinf_(14).jpg;22
60;47;6124;MANDRILLS BKB_6124_20210210_id6124_malinf_(2).jpg;13
72;47;6124;MANDRILLS BKB_6124_20210210_id6124_malinf_(3).jpg;25
62;47;6124;MANDRILLS BKB_6124_20210210_id6124_malinf_(4).jpg;15
79;47;6124;MANDRILLS BKB_6124_20210210_id6124_malinf_(5).jpg;32
85;47;6124;MANDRILLS BKB_6124_20210210_id6124_malinf_(6).jpg;38
54;47;6124;MANDRILLS BKB_6124_20210210_id6124_malinf_(7).jpg;7
52;47;6124;MANDRILLS BKB_6124_20210210_id6124_malinf_(8).jpg;5
48;47;6124;MANDRILLS BKB_6124_20210210_id6124_malinf_(9).jpg;1
99;98;6124;MANDRILLS BKB_6124_20210402_id6124_malinf_(1).jpg;1
139;98;6124;MANDRILLS BKB_6124_20210402_id6124_malinf_(2).jpg;41
101;98;6124;MANDRILLS BKB_6124_20210402_id6124_malinf_(3).jpg;3
200;132;6124;MANDRILLS BKB_6124_20210506_id6124_malinf.jpg;68
179;153;6124;MANDRILLS BKB_6124_20210527_id6124_malinf.jpg;26
148;153;6124;MANDRILLS BKB_6124_20210527_id6124_malinf_(1).jpg;5
142;153;6124;MANDRILLS BKB_6124_20210527_id6124_malinf_(2).jpg;11
163;153;6124;MANDRILLS BKB_6124_20210527_id6124_malinf_(3).jpg;10
145;153;6124;MANDRILLS BKB_6124_20210527_id6124_malinf_(4).jpg;8
300;198;6124;MANDRILLS BKB_6124_20210711_id6124_malinf_(2).jpg;102
250;210;6124;MANDRILLS BKB_6124_20210723_id6124_malinf_(1).jpg;40
222;210;6124;MANDRILLS BKB_6124_20210723_id6124_malinf_(2).jpg;12
286;210;6124;MANDRILLS BKB_6124_20210723_id6124_malinf_(4).jpg;76
212;213;6124;MANDRILLS BKB_6124_20210726_id6124_malinf.jpg;1
372;298;6124;MANDRILLS BKB_6124_20211019_id6124_malinf.jpg;74
355;301;6124;MANDRILLS BKB_6124_20211022_id6124_malinf.jpg;54
323;303;6124;MANDRILLS BKB_6124_20211024_id6124_malinf_(1).jpg;20
396;353;6124;MANDRILLS BKB_6124_20211213_id6124_malinf.jpg;43
634;357;6124;MANDRILLS BKB_6124_20211217_id6124_malinf_(1).jpg;277
395;357;6124;MANDRILLS BKB_6124_20211217_id6124_malinf_(3).jpg;38
484;357;6124;MANDRILLS BKB_6124_20211217_id6124_malinf_(4).jpg;127
453;418;6124;MANDRILLS BKB_6124_20220216_id6124_maljuv (1).jpg;35
433;418;6124;MANDRILLS BKB_6124_20220216_id6124_maljuv (2).jpg;15
359;441;6124;MANDRILLS BKB_6124_20220311_id6124_maljuv.jpg;82
452;500;6124;MANDRILLS BKB_6124_20220509_id6124_maljuv.jpg;48
452;507;6124;MANDRILLS BKB_6124_20220516_id6124_femjuv (1).jpg;55
572;507;6124;MANDRILLS BKB_6124_20220516_id6124_femjuv (2).jpg;65
444;507;6124;MANDRILLS BKB_6124_20220516_id6124_femjuv (3).jpg;63
495;507;6124;MANDRILLS BKB_6124_20220516_id6124_femjuv (4).jpg;12
533;541;6124;MANDRILLS BKB_6124_20220619_id6124_maljuv.jpg;8
509;546;6124;MANDRILLS BKB_6124_20220624_id6124_maljuv (1).jpg;37
663;546;6124;MANDRILLS BKB_6124_20220624_id6124_maljuv (2).jpg;117
445;546;6124;MANDRILLS BKB_6124_20220624_id6124_maljuv.jpg;101
459;551;6124;MANDRILLS BKB_6124_20220629_id6124 (1).jpg;92
534;551;6124;MANDRILLS BKB_6124_20220629_id6124 (2).jpg;17
495;555;6124;MANDRILLS BKB_6124_20220703_id6124 (1).jpg;60
535;555;6124;MANDRILLS BKB_6124_20220703_id6124 (2).jpg;20
594;555;6124;MANDRILLS BKB_6124_20220703_id6124.jpg;39
623;566;6124;MANDRILLS BKB_6124_20220714_id6124_maljuv (2).jpg;57
618;568;6124;MANDRILLS BKB_6124_20220716_id6124 (2).jpg;50
527;568;6124;MANDRILLS BKB_6124_20220716_id6124_maljuv (1).jpg;41
546;568;6124;MANDRILLS BKB_6124_20220716_id6124_maljuv (2).jpg;22
541;568;6124;MANDRILLS BKB_6124_20220716_id6124_maljuv (3).jpg;27
652;595;6124;MANDRILLS BKB_6124_20220812_id6124 (1).jpg;57
542;595;6124;MANDRILLS BKB_6124_20220812_id6124 (2).jpg;53
491;609;6124;MANDRILLS BKB_6124_20220826_id6124 (1).jpg;118
547;609;6124;MANDRILLS BKB_6124_20220826_id6124 (2).jpg;62
616;609;6124;MANDRILLS BKB_6124_20220826_id6124 (3).jpg;7
583;609;6124;MANDRILLS BKB_6124_20220826_id6124 (4).jpg;26
562;609;6124;MANDRILLS BKB_6124_20220826_id6124 (5).jpg;47
611;609;6124;MANDRILLS BKB_6124_20220826_id6124 (6).jpg;2
628;609;6124;MANDRILLS BKB_6124_20220826_id6124 (7).jpg;19
640;618;6124;MANDRILLS BKB_6124_20220904_id6124 (1).jpg;22
619;619;6124;MANDRILLS BKB_6124_20220905_id6124.jpg;0
517;622;6124;MANDRILLS BKB_6124_20220908_id6124 (1).jpg;105
594;622;6124;MANDRILLS BKB_6124_20220908_id6124 (2).jpg;28
475;632;6124;MANDRILLS BKB_6124_20220918_id6124.jpg;157
850;698;6124;MANDRILLS BKB_6124_20221123_id6124 (2).jpg;152
735;698;6124;MANDRILLS BKB_6124_20221123_id6124 (3).jpg;37
651;700;6124;MANDRILLS BKB_6124_20221125_id6124.jpg;49
651;705;6124;MANDRILLS BKB_6124_20221130_id6124.jpg;54
839;717;6124;MANDRILLS BKB_6124_20221212_id6124 (1).jpg;122
599;717;6124;MANDRILLS BKB_6124_20221212_id6124 (2).jpg;118
604;717;6124;MANDRILLS BKB_6124_20221212_id6124 (3).jpg;113
770;719;6124;MANDRILLS BKB_6124_20221214_id6124.jpg;51
78;13;6145;MANDRILLS BKB_6145_20201121_id6145_malinf.jpg;65
34;13;6145;MANDRILLS BKB_6145_20201121_id6145_malinf_(1).jpg;21
31;13;6145;MANDRILLS BKB_6145_20201121_id6145_malinf_(10).jpg;18
32;13;6145;MANDRILLS BKB_6145_20201121_id6145_malinf_(2).jpg;19
34;13;6145;MANDRILLS BKB_6145_20201121_id6145_malinf_(3).jpg;21
29;13;6145;MANDRILLS BKB_6145_20201121_id6145_malinf_(4).jpg;16
28;13;6145;MANDRILLS BKB_6145_20201121_id6145_malinf_(5).jpg;15
37;13;6145;MANDRILLS BKB_6145_20201121_id6145_malinf_(6).jpg;24
27;13;6145;MANDRILLS BKB_6145_20201121_id6145_malinf_(7).jpg;14
34;13;6145;MANDRILLS BKB_6145_20201121_id6145_malinf_(8).jpg;21
17;13;6145;MANDRILLS BKB_6145_20201121_id6145_malinf_(9).jpg;4
29;15;6145;MANDRILLS BKB_6145_20201123_id6145_malinf_(1).jpg;14
40;15;6145;MANDRILLS BKB_6145_20201123_id6145_malinf_(10).jpg;25
34;15;6145;MANDRILLS BKB_6145_20201123_id6145_malinf_(2).jpg;19
41;15;6145;MANDRILLS BKB_6145_20201123_id6145_malinf_(3).jpg;26
43;15;6145;MANDRILLS BKB_6145_20201123_id6145_malinf_(4).jpg;28
32;15;6145;MANDRILLS BKB_6145_20201123_id6145_malinf_(5).jpg;17
50;15;6145;MANDRILLS BKB_6145_20201123_id6145_malinf_(6).jpg;35
38;15;6145;MANDRILLS BKB_6145_20201123_id6145_malinf_(7).jpg;23
16;15;6145;MANDRILLS BKB_6145_20201123_id6145_malinf_(8).jpg;1
40;15;6145;MANDRILLS BKB_6145_20201123_id6145_malinf_(9).jpg;25
60;16;6145;MANDRILLS BKB_6145_20201124_id6145_malinf_(1).jpg;44
48;16;6145;MANDRILLS BKB_6145_20201124_id6145_malinf_(2).jpg;32
46;16;6145;MANDRILLS BKB_6145_20201124_id6145_malinf_(3).jpg;30
55;17;6145;MANDRILLS BKB_6145_20201125_id6145_malinf_(1).jpg;38
52;17;6145;MANDRILLS BKB_6145_20201125_id6145_malinf_(2).jpg;35
52;17;6145;MANDRILLS BKB_6145_20201125_id6145_malinf_(3).jpg;35
78;35;6145;MANDRILLS BKB_6145_20201213_id6145_malinf_(1).jpg;43
69;35;6145;MANDRILLS BKB_6145_20201213_id6145_malinf_(2).jpg;34
78;35;6145;MANDRILLS BKB_6145_20201213_id6145_malinf_(3).jpg;43
59;35;6145;MANDRILLS BKB_6145_20201213_id6145_malinf_(4).jpg;24
64;35;6145;MANDRILLS BKB_6145_20201213_id6145_malinf_(5).jpg;29
74;35;6145;MANDRILLS BKB_6145_20201213_id6145_malinf_(6).jpg;39
74;35;6145;MANDRILLS BKB_6145_20201213_id6145_malinf_(7).jpg;39
64;39;6145;MANDRILLS BKB_6145_20201217_id6145_malinf.jpg;25
66;39;6145;MANDRILLS BKB_6145_20201217_id6145_malinf_(1).jpg;27
63;39;6145;MANDRILLS BKB_6145_20201217_id6145_malinf_(2).jpg;24
24;43;6145;MANDRILLS BKB_6145_20201221_id6145_malinf.jpg;19
65;44;6145;MANDRILLS BKB_6145_20201222_id6145_malinf_(1).jpg;21
72;44;6145;MANDRILLS BKB_6145_20201222_id6145_malinf_(2).jpg;28
79;53;6145;MANDRILLS BKB_6145_20201231_id6145_malinf_(1).jpg;26
88;59;6145;MANDRILLS BKB_6145_20210106_id6145_malinf.jpg;29
99;66;6145;MANDRILLS BKB_6145_20210113_id6145_malinf.jpg;33
107;81;6145;MANDRILLS BKB_6145_20210128_id6145_malinf.jpg;26
108;96;6145;MANDRILLS BKB_6145_20210212_id6145_malinf_(1).jpg;12
105;96;6145;MANDRILLS BKB_6145_20210212_id6145_malinf_(2).jpg;9
113;96;6145;MANDRILLS BKB_6145_20210212_id6145_malinf_(3).jpg;17
104;101;6145;MANDRILLS BKB_6145_20210217_id6145_malinf_(1).jpg;3
125;101;6145;MANDRILLS BKB_6145_20210217_id6145_malinf_(2).jpg;24
120;101;6145;MANDRILLS BKB_6145_20210217_id6145_malinf_(3).jpg;19
205;148;6145;MANDRILLS BKB_6145_20210405_id6145_malinf.jpg;57
316;184;6145;MANDRILLS BKB_6145_20210511_id6145_malinf_(1).jpg;132
282;184;6145;MANDRILLS BKB_6145_20210511_id6145_malinf_(2).jpg;98
330;186;6145;MANDRILLS BKB_6145_20210513_id6145_malinf_(1).jpg;144
332;186;6145;MANDRILLS BKB_6145_20210513_id6145_malinf_(2).jpg;146
282;211;6145;MANDRILLS BKB_6145_20210607_id6145_malinf_(1).jpg;71
329;211;6145;MANDRILLS BKB_6145_20210607_id6145_malinf_(2).jpg;118
276;211;6145;MANDRILLS BKB_6145_20210607_id6145_malinf_(3).jpg;65
296;211;6145;MANDRILLS BKB_6145_20210607_id6145_malinf_(4).jpg;85
286;213;6145;MANDRILLS BKB_6145_20210609_id6145_malinf_(1).jpg;73
276;213;6145;MANDRILLS BKB_6145_20210609_id6145_malinf_(2).jpg;63
395;255;6145;MANDRILLS BKB_6145_20210721_id6145_malinf_(1).jpg;140
369;255;6145;MANDRILLS BKB_6145_20210721_id6145_malinf_(2).jpg;114
364;255;6145;MANDRILLS BKB_6145_20210721_id6145_malinf_(3).jpg;109
404;255;6145;MANDRILLS BKB_6145_20210721_id6145_malinf_(4).jpg;149
368;262;6145;MANDRILLS BKB_6145_20210728_id6145_malinf_(1).jpg;106
345;262;6145;MANDRILLS BKB_6145_20210728_id6145_malinf_(2).jpg;83
462;262;6145;MANDRILLS BKB_6145_20210728_id6145_malinf_(3).jpg;200
399;262;6145;MANDRILLS BKB_6145_20210728_id6145_malinf_(4).jpg;137
332;262;6145;MANDRILLS BKB_6145_20210728_id6145_malinf_(5).jpg;70
322;262;6145;MANDRILLS BKB_6145_20210728_id6145_malinf_(6).jpg;60
330;262;6145;MANDRILLS BKB_6145_20210728_id6145_malinf_(7).jpg;68
401;262;6145;MANDRILLS BKB_6145_20210728_id6145_malinf_(8).jpg;139
452;262;6145;MANDRILLS BKB_6145_20210728_id6145_malinf_(9).jpg;190
373;342;6145;MANDRILLS BKB_6145_20211016_id6145_malinf_(2).jpg;31
377;363;6145;MANDRILLS BKB_6145_20211106_id6145_malinf.jpg;14
558;368;6145;MANDRILLS BKB_6145_20211111_id6145_maljuv.jpg;190
468;392;6145;MANDRILLS BKB_6145_20211205_id6145_maljuv.jpg;76
510;401;6145;MANDRILLS BKB_6145_20211214_id6145_maljuv.jpg;109
403;455;6145;MANDRILLS BKB_6145_20220206_id6145_maljuv (1).jpg;52
549;455;6145;MANDRILLS BKB_6145_20220206_id6145_maljuv (2).jpg;94
656;457;6145;MANDRILLS BKB_6145_20220208_id6145_maljuv (1).jpg;199
634;457;6145;MANDRILLS BKB_6145_20220208_id6145_maljuv (2).jpg;177
603;457;6145;MANDRILLS BKB_6145_20220208_id6145_maljuv (3).jpg;146
611;457;6145;MANDRILLS BKB_6145_20220208_id6145_maljuv (4).jpg;154
577;465;6145;MANDRILLS BKB_6145_20220216_id6145_maljuv (1).jpg;112
569;465;6145;MANDRILLS BKB_6145_20220216_id6145_maljuv (2).jpg;104
690;472;6145;MANDRILLS BKB_6145_20220223_id6145_maljuv.jpg;218
584;506;6145;MANDRILLS BKB_6145_20220329_id6145.jpg;78
549;509;6145;MANDRILLS BKB_6145_20220401_id6145_maljuv (2).jpg;40
653;512;6145;MANDRILLS BKB_6145_20220404_id6145_maljuv (1).jpg;141
578;512;6145;MANDRILLS BKB_6145_20220404_id6145_maljuv (2).jpg;66
614;512;6145;MANDRILLS BKB_6145_20220404_id6145_maljuv (3).jpg;102
712;554;6145;MANDRILLS BKB_6145_20220516_id6145_maljuv (1).jpg;158
678;554;6145;MANDRILLS BKB_6145_20220516_id6145_maljuv (2).jpg;124
618;554;6145;MANDRILLS BKB_6145_20220516_id6145_maljuv (3).jpg;64
752;564;6145;MANDRILLS BKB_6145_20220526_id6145_maljuv (2).jpg;188
557;564;6145;MANDRILLS BKB_6145_20220526_id6145_maljuv (3).jpg;7
679;572;6145;MANDRILLS BKB_6145_20220603_id6145_maljuv.jpg;107
1048;575;6145;MANDRILLS BKB_6145_20220606_id6145_maljuv (2).jpg;473
776;588;6145;MANDRILLS BKB_6145_20220619_id6145_maljuv.jpg;188
776;590;6145;MANDRILLS BKB_6145_20220621_id6145 (1).jpg;186
571;590;6145;MANDRILLS BKB_6145_20220621_id6145 (3).jpg;19
583;590;6145;MANDRILLS BKB_6145_20220621_id6145 (4).jpg;7
788;590;6145;MANDRILLS BKB_6145_20220621_id6145 (5).jpg;198
733;590;6145;MANDRILLS BKB_6145_20220621_id6145 (6).jpg;143
825;600;6145;MANDRILLS BKB_6145_20220701_id6145 (1).jpg;225
653;600;6145;MANDRILLS BKB_6145_20220701_id6145 (2).jpg;53
591;602;6145;MANDRILLS BKB_6145_20220703_id6145 (1).jpg;11
787;605;6145;MANDRILLS BKB_6145_20220706_id6145 (2).jpg;182
546;613;6145;MANDRILLS BKB_6145_20220714_id6145_maljuv (1).jpg;67
838;613;6145;MANDRILLS BKB_6145_20220714_id6145_maljuv (2).jpg;225
803;620;6145;MANDRILLS BKB_6145_20220721_id6145.jpg;183
573;666;6145;MANDRILLS BKB_6145_20220905_id6145.jpg;93
612;670;6145;MANDRILLS BKB_6145_20220909_id6145.jpg;58
783;676;6145;MANDRILLS BKB_6145_20220915_id6145.jpg;107
871;743;6145;MANDRILLS BKB_6145_20221121_id6145.jpg;128
940;752;6145;MANDRILLS BKB_6145_20221130_id6145 (1).jpg;188
774;752;6145;MANDRILLS BKB_6145_20221130_id6145 (2).jpg;22
971;752;6145;MANDRILLS BKB_6145_20221130_id6145 (3).jpg;219
745;752;6145;MANDRILLS BKB_6145_20221130_id6145 (4).jpg;7
834;752;6145;MANDRILLS BKB_6145_20221130_id6145 (5).jpg;82
738;752;6145;MANDRILLS BKB_6145_20221130_id6145 (7).jpg;14
1032;762;6145;MANDRILLS BKB_6145_20221210_id6145 (2).jpg;270
853;762;6145;MANDRILLS BKB_6145_20221210_id6145.jpg;91
319;265;6149;MANDRILLS BKB_6149_20211217_id6149_malinf.jpg;54
375;305;6149;MANDRILLS BKB_6149_20220126_id6149.jpg;70
356;308;6149;MANDRILLS BKB_6149_20220129_id6149_1.jpg;48
269;308;6149;MANDRILLS BKB_6149_20220129_id6149_2.jpg;39
299;308;6149;MANDRILLS BKB_6149_20220129_id6149_3.jpg;9
316;310;6149;MANDRILLS BKB_6149_20220131_id6149.jpg;6
413;333;6149;MANDRILLS BKB_6149_20220223_id6149_malinf.jpg;80
387;345;6149;MANDRILLS BKB_6149_20220307_id6149_malinf.jpg;42
371;349;6149;MANDRILLS BKB_6149_20220311_id6149_malinf.jpg;22
454;396;6149;MANDRILLS BKB_6149_20220427_id6149_maljuv.jpg;58
447;415;6149;MANDRILLS BKB_6149_20220516_id6149_maljuv (1).jpg;32
459;415;6149;MANDRILLS BKB_6149_20220516_id6149_maljuv (3).jpg;44
340;417;6149;MANDRILLS BKB_6149_20220518_id6149_maljuv.jpg;77
438;423;6149;MANDRILLS BKB_6149_20220524_id6149_maljuv (1).jpg;15
546;423;6149;MANDRILLS BKB_6149_20220524_id6149_maljuv (2).jpg;123
471;423;6149;MANDRILLS BKB_6149_20220524_id6149_maljuv (3).jpg;48
512;423;6149;MANDRILLS BKB_6149_20220524_id6149_maljuv (4).jpg;89
401;423;6149;MANDRILLS BKB_6149_20220524_id6149_maljuv (5).jpg;22
396;423;6149;MANDRILLS BKB_6149_20220524_id6149_maljuv (6).jpg;27
319;423;6149;MANDRILLS BKB_6149_20220524_id6149_maljuv (7).jpg;104
362;459;6149;MANDRILLS BKB_6149_20220629_id6149.jpg;97
489;473;6149;MANDRILLS BKB_6149_20220713_id6149.jpg;16
481;474;6149;MANDRILLS BKB_6149_20220714_id6149_maljuv (3).jpg;7
619;474;6149;MANDRILLS BKB_6149_20220714_id6149_maljuv (4).jpg;145
516;474;6149;MANDRILLS BKB_6149_20220714_id6149_maljuv (5).jpg;42
666;474;6149;MANDRILLS BKB_6149_20220714_id6149_maljuv (8).jpg;192
565;474;6149;MANDRILLS BKB_6149_20220714_id6149_maljuv (9).jpg;91
552;476;6149;MANDRILLS BKB_6149_20220716_id6149 (1).jpg;76
488;476;6149;MANDRILLS BKB_6149_20220716_id6149 (2).jpg;12
522;476;6149;MANDRILLS BKB_6149_20220716_id6149 (3).jpg;46
576;484;6149;MANDRILLS BKB_6149_20220724_id6149 (1).jpg;92
529;484;6149;MANDRILLS BKB_6149_20220724_id6149 (2).jpg;45
566;484;6149;MANDRILLS BKB_6149_20220724_id6149.jpg;82
436;485;6149;MANDRILLS BKB_6149_20220725_id6149.jpg;49
562;503;6149;MANDRILLS BKB_6149_20220812_id6149 (1).jpg;59
481;503;6149;MANDRILLS BKB_6149_20220812_id6149 (2).jpg;22
490;503;6149;MANDRILLS BKB_6149_20220812_id6149 (3).jpg;13
548;503;6149;MANDRILLS BKB_6149_20220812_id6149 (5).jpg;45
508;517;6149;MANDRILLS BKB_6149_20220826_id6149.jpg;9
521;526;6149;MANDRILLS BKB_6149_20220904_id6149 (1).jpg;5
560;526;6149;MANDRILLS BKB_6149_20220904_id6149 (2).jpg;34
559;526;6149;MANDRILLS BKB_6149_20220904_id6149.jpg;33
515;527;6149;MANDRILLS BKB_6149_20220905_id6149.jpg;12
573;557;6149;MANDRILLS BKB_6149_20221005_id6149 (1).jpg;16
610;573;6149;MANDRILLS BKB_6149_20221021_id6149 (1).jpg;37
623;573;6149;MANDRILLS BKB_6149_20221021_id6149 (2).jpg;50
644;637;6149;MANDRILLS BKB_6149_20221224_id6149.jpg;7
11;0;6208;MANDRILLS BKB_6208_20201216_id6208_feminf_(1).jpg;11
24;0;6208;MANDRILLS BKB_6208_20201216_id6208_feminf_(2).jpg;24
22;0;6208;MANDRILLS BKB_6208_20201216_id6208_feminf_(3).jpg;22
17;0;6208;MANDRILLS BKB_6208_20201216_id6208_feminf_(4).jpg;17
18;0;6208;MANDRILLS BKB_6208_20201216_id6208_feminf_(5).jpg;18
55;17;6208;MANDRILLS BKB_6208_20210102_id6208_feminf_(1).jpg;38
36;17;6208;MANDRILLS BKB_6208_20210102_id6208_feminf_(2).jpg;19
47;17;6208;MANDRILLS BKB_6208_20210102_id6208_feminf_(3).jpg;30
40;17;6208;MANDRILLS BKB_6208_20210102_id6208_feminf_(4).jpg;23
59;21;6208;MANDRILLS BKB_6208_20210106_id6208_feminf_(1).jpg;38
50;21;6208;MANDRILLS BKB_6208_20210106_id6208_feminf_(2).jpg;29
44;21;6208;MANDRILLS BKB_6208_20210106_id6208_feminf_(3).jpg;23
51;21;6208;MANDRILLS BKB_6208_20210106_id6208_feminf_(4).jpg;30
48;21;6208;MANDRILLS BKB_6208_20210106_id6208_feminf_(5).jpg;27
42;21;6208;MANDRILLS BKB_6208_20210106_id6208_feminf_(6).jpg;21
49;21;6208;MANDRILLS BKB_6208_20210106_id6208_feminf_(7).jpg;28
36;26;6208;MANDRILLS BKB_6208_20210111_id6208_feminf.jpg;10
46;27;6208;MANDRILLS BKB_6208_20210112_id6208_feminf_(1).jpg;19
45;27;6208;MANDRILLS BKB_6208_20210112_id6208_feminf_(2).jpg;18
46;27;6208;MANDRILLS BKB_6208_20210112_id6208_feminf_(3).jpg;19
68;27;6208;MANDRILLS BKB_6208_20210112_id6208_feminf_(4).jpg;41
33;31;6208;MANDRILLS BKB_6208_20210116_id6208_feminf_(1).jpg;2
45;31;6208;MANDRILLS BKB_6208_20210116_id6208_feminf_(2).jpg;14
50;31;6208;MANDRILLS BKB_6208_20210116_id6208_feminf_(3).jpg;19
40;31;6208;MANDRILLS BKB_6208_20210116_id6208_feminf_(4).jpg;9
34;31;6208;MANDRILLS BKB_6208_20210116_id6208_feminf_(5).jpg;3
49;31;6208;MANDRILLS BKB_6208_20210116_id6208_feminf_(6).jpg;18
42;31;6208;MANDRILLS BKB_6208_20210116_id6208_feminf_(7).jpg;11
71;43;6208;MANDRILLS BKB_6208_20210128_id6208_feminf_(1).jpg;28
75;43;6208;MANDRILLS BKB_6208_20210128_id6208_feminf_(2).jpg;32
73;43;6208;MANDRILLS BKB_6208_20210128_id6208_feminf_(3).jpg;30
68;43;6208;MANDRILLS BKB_6208_20210128_id6208_feminf_(4).jpg;25
85;43;6208;MANDRILLS BKB_6208_20210128_id6208_feminf_(5).jpg;42
65;43;6208;MANDRILLS BKB_6208_20210128_id6208_feminf_(6).jpg;22
81;49;6208;MANDRILLS BKB_6208_20210203_id6208_feminf_(1).jpg;32
64;49;6208;MANDRILLS BKB_6208_20210203_id6208_feminf_(2).jpg;15
58;49;6208;MANDRILLS BKB_6208_20210203_id6208_feminf_(3).jpg;9
57;49;6208;MANDRILLS BKB_6208_20210203_id6208_feminf_(4).jpg;8
76;60;6208;MANDRILLS BKB_6208_20210214_id6208_feminf_(1).jpg;16
88;60;6208;MANDRILLS BKB_6208_20210214_id6208_feminf_(2).jpg;28
85;60;6208;MANDRILLS BKB_6208_20210214_id6208_feminf_(3).jpg;25
65;60;6208;MANDRILLS BKB_6208_20210214_id6208_feminf_(4).jpg;5
88;60;6208;MANDRILLS BKB_6208_20210214_id6208_feminf_(5).jpg;28
74;60;6208;MANDRILLS BKB_6208_20210214_id6208_feminf_(6).jpg;14
99;99;6208;MANDRILLS BKB_6208_20210325_id6208_feminf_(1).jpg;0
118;99;6208;MANDRILLS BKB_6208_20210325_id6208_feminf_(2).jpg;19
98;99;6208;MANDRILLS BKB_6208_20210325_id6208_feminf_(3).jpg;1
117;99;6208;MANDRILLS BKB_6208_20210325_id6208_feminf_(4).jpg;18
103;107;6208;MANDRILLS BKB_6208_20210402_id6208_feminf.jpg;4
113;107;6208;MANDRILLS BKB_6208_20210402_id6208_feminf_(1).jpg;6
107;107;6208;MANDRILLS BKB_6208_20210402_id6208_feminf_(2).jpg;0
109;125;6208;MANDRILLS BKB_6208_20210420_id6208_feminf_(1).jpg;16
104;125;6208;MANDRILLS BKB_6208_20210420_id6208_feminf_(2).jpg;21
124;125;6208;MANDRILLS BKB_6208_20210420_id6208_feminf_(3).jpg;1
107;125;6208;MANDRILLS BKB_6208_20210420_id6208_feminf_(4).jpg;18
39;18;6212;MANDRILLS BKB_6212_20201213_id6212_malinf_(1).jpg;21
30;18;6212;MANDRILLS BKB_6212_20201213_id6212_malinf_(2).jpg;12
26;18;6212;MANDRILLS BKB_6212_20201213_id6212_malinf_(3).jpg;8
50;18;6212;MANDRILLS BKB_6212_20201213_id6212_malinf_(4).jpg;32
67;18;6212;MANDRILLS BKB_6212_20201213_id6212_malinf_(5).jpg;49
14;18;6212;MANDRILLS BKB_6212_20201213_id6212_malinf_(6).jpg;4
41;18;6212;MANDRILLS BKB_6212_20201213_id6212_malinf_(7).jpg;23
16;18;6212;MANDRILLS BKB_6212_20201213_id6212_malinf_(8).jpg;2
37;20;6212;MANDRILLS BKB_6212_20201215_id6212_malinf_(1).jpg;17
27;20;6212;MANDRILLS BKB_6212_20201215_id6212_malinf_(10).jpg;7
35;20;6212;MANDRILLS BKB_6212_20201215_id6212_malinf_(11).jpg;15
41;20;6212;MANDRILLS BKB_6212_20201215_id6212_malinf_(2).jpg;21
39;20;6212;MANDRILLS BKB_6212_20201215_id6212_malinf_(3).jpg;19
41;20;6212;MANDRILLS BKB_6212_20201215_id6212_malinf_(4).jpg;21
44;20;6212;MANDRILLS BKB_6212_20201215_id6212_malinf_(5).jpg;24
59;20;6212;MANDRILLS BKB_6212_20201215_id6212_malinf_(6).jpg;39
62;20;6212;MANDRILLS BKB_6212_20201215_id6212_malinf_(7).jpg;42
53;20;6212;MANDRILLS BKB_6212_20201215_id6212_malinf_(8).jpg;33
23;20;6212;MANDRILLS BKB_6212_20201215_id6212_malinf_(9).jpg;3
44;22;6212;MANDRILLS BKB_6212_20201217_id6212_malinf_(1).jpg;22
68;22;6212;MANDRILLS BKB_6212_20201217_id6212_malinf_(2).jpg;46
44;22;6212;MANDRILLS BKB_6212_20201217_id6212_malinf_(3).jpg;22
64;35;6212;MANDRILLS BKB_6212_20201230_id6212_malinf_(1).jpg;29
58;35;6212;MANDRILLS BKB_6212_20201230_id6212_malinf_(2).jpg;23
55;35;6212;MANDRILLS BKB_6212_20201230_id6212_malinf_(3).jpg;20
52;35;6212;MANDRILLS BKB_6212_20201230_id6212_malinf_(4).jpg;17
33;40;6212;MANDRILLS BKB_6212_20210104_id6212_malinf_(1).jpg;7
72;40;6212;MANDRILLS BKB_6212_20210104_id6212_malinf_(2).jpg;32
57;40;6212;MANDRILLS BKB_6212_20210104_id6212_malinf_(3).jpg;17
45;40;6212;MANDRILLS BKB_6212_20210104_id6212_malinf_(4).jpg;5
49;45;6212;MANDRILLS BKB_6212_20210109_id6212_malinf_(1).jpg;4
65;45;6212;MANDRILLS BKB_6212_20210109_id6212_malinf_(2).jpg;20
66;45;6212;MANDRILLS BKB_6212_20210109_id6212_malinf_(3).jpg;21
78;47;6212;MANDRILLS BKB_6212_20210111_id6212_malinf_(1).jpg;31
61;47;6212;MANDRILLS BKB_6212_20210111_id6212_malinf_(2).jpg;14
72;47;6212;MANDRILLS BKB_6212_20210111_id6212_malinf_(3).jpg;25
46;64;6212;MANDRILLS BKB_6212_20210128_id6212_malinf_(1).jpg;18
100;64;6212;MANDRILLS BKB_6212_20210128_id6212_malinf_(2).jpg;36
94;65;6212;MANDRILLS BKB_6212_20210129_id6212_malinf_(1).jpg;29
81;65;6212;MANDRILLS BKB_6212_20210129_id6212_malinf_(2).jpg;16
90;65;6212;MANDRILLS BKB_6212_20210129_id6212_malinf_(3).jpg;25
76;65;6212;MANDRILLS BKB_6212_20210129_id6212_malinf_(4).jpg;11
100;77;6212;MANDRILLS BKB_6212_20210210_id6212_malinf_(1).jpg;23
140;77;6212;MANDRILLS BKB_6212_20210210_id6212_malinf_(2).jpg;63
191;77;6212;MANDRILLS BKB_6212_20210210_id6212_malinf_(3).jpg;114
78;77;6212;MANDRILLS BKB_6212_20210210_id6212_malinf_(4).jpg;1
94;77;6212;MANDRILLS BKB_6212_20210210_id6212_malinf_(5).jpg;17
97;77;6212;MANDRILLS BKB_6212_20210210_id6212_malinf_(6).jpg;20
96;77;6212;MANDRILLS BKB_6212_20210210_id6212_malinf_(7).jpg;19
111;77;6212;MANDRILLS BKB_6212_20210210_id6212_malinf_(8).jpg;34
81;79;6212;MANDRILLS BKB_6212_20210212_id6212_malinf_(1).jpg;2
73;79;6212;MANDRILLS BKB_6212_20210212_id6212_malinf_(2).jpg;6
94;79;6212;MANDRILLS BKB_6212_20210212_id6212_malinf_(3).jpg;15
104;85;6212;MANDRILLS BKB_6212_20210218_id6212_malinf_(1).jpg;19
102;85;6212;MANDRILLS BKB_6212_20210218_id6212_malinf_(2).jpg;17
109;100;6212;MANDRILLS BKB_6212_20210305_id6212_malinf.jpg;9
102;120;6212;MANDRILLS BKB_6212_20210325_id6212_malinf_(1).jpg;18
93;120;6212;MANDRILLS BKB_6212_20210325_id6212_malinf_(2).jpg;27
101;120;6212;MANDRILLS BKB_6212_20210325_id6212_malinf_(3).jpg;19
140;128;6212;MANDRILLS BKB_6212_20210402_id6212_malinf.jpg;12
138;128;6212;MANDRILLS BKB_6212_20210402_id6212_malinf_(1).jpg;10
144;128;6212;MANDRILLS BKB_6212_20210402_id6212_malinf_(2).jpg;16
188;128;6212;MANDRILLS BKB_6212_20210402_id6212_malinf_(3).jpg;60
122;128;6212;MANDRILLS BKB_6212_20210402_id6212_malinf_(4).jpg;6
161;128;6212;MANDRILLS BKB_6212_20210402_id6212_malinf_(5).jpg;33
152;128;6212;MANDRILLS BKB_6212_20210402_id6212_malinf_(6).jpg;24
137;128;6212;MANDRILLS BKB_6212_20210402_id6212_malinf_(7).jpg;9
134;128;6212;MANDRILLS BKB_6212_20210402_id6212_malinf_(8).jpg;6
177;136;6212;MANDRILLS BKB_6212_20210410_id6212_malinf_(1).jpg;41
178;136;6212;MANDRILLS BKB_6212_20210410_id6212_malinf_(2).jpg;42
114;136;6212;MANDRILLS BKB_6212_20210410_id6212_malinf_(3).jpg;22
271;243;6212;MANDRILLS BKB_6212_20210726_id6212_malinf_(1).jpg;28
364;314;6212;MANDRILLS BKB_6212_20211005_id6212_malinf_(1).jpg;50
340;314;6212;MANDRILLS BKB_6212_20211005_id6212_malinf_(2).jpg;26
330;314;6212;MANDRILLS BKB_6212_20211005_id6212_malinf_(3).jpg;16
393;314;6212;MANDRILLS BKB_6212_20211005_id6212_malinf_(4).jpg;79
311;314;6212;MANDRILLS BKB_6212_20211005_id6212_malinf_(5).jpg;3
376;314;6212;MANDRILLS BKB_6212_20211005_id6212_malinf_(7).jpg;62
346;325;6212;MANDRILLS BKB_6212_20211016_id6212_malinf.jpg;21
466;380;6212;MANDRILLS BKB_6212_20211210_id6212_maljuv.jpg;86
432;383;6212;MANDRILLS BKB_6212_20211213_id6212_maljuv.jpg;49
559;474;6212;MANDRILLS BKB_6212_20220314_id6212_maljuv (1).jpg;85
606;474;6212;MANDRILLS BKB_6212_20220314_id6212_maljuv (2).jpg;132
500;484;6212;MANDRILLS BKB_6212_20220324_id6212_maljuv (1).jpg;16
485;484;6212;MANDRILLS BKB_6212_20220324_id6212_maljuv (2).jpg;1
454;484;6212;MANDRILLS BKB_6212_20220324_id6212_maljuv (3).jpg;30
482;484;6212;MANDRILLS BKB_6212_20220324_id6212_maljuv (4).jpg;2
459;484;6212;MANDRILLS BKB_6212_20220324_id6212_maljuv.jpg;25
534;487;6212;MANDRILLS BKB_6212_20220327_id6212_maljuv (1).jpg;47
462;487;6212;MANDRILLS BKB_6212_20220327_id6212_maljuv (2).jpg;25
515;537;6212;MANDRILLS BKB_6212_20220516_id6212_maljuv (1).jpg;22
532;537;6212;MANDRILLS BKB_6212_20220516_id6212_maljuv (2).jpg;5
474;545;6212;MANDRILLS BKB_6212_20220524_id6212_maluv.jpg;71
545;553;6212;MANDRILLS BKB_6212_20220601_id6212_maljuv.jpg;8
542;559;6212;MANDRILLS BKB_6212_20220607_id6212_maljuv.jpg;17
490;576;6212;MANDRILLS BKB_6212_20220624_id6212_maljuv (1).jpg;86
740;576;6212;MANDRILLS BKB_6212_20220624_id6212_maljuv (2).jpg;164
517;576;6212;MANDRILLS BKB_6212_20220624_id6212_maljuv.jpg;59
554;583;6212;MANDRILLS BKB_6212_20220701_id6212.jpg;29
662;599;6212;MANDRILLS BKB_6212_20220717_id6212.jpg;63
536;616;6212;MANDRILLS BKB_6212_20220803_id6212 (1).jpg;80
632;616;6212;MANDRILLS BKB_6212_20220803_id6212 (2).jpg;16
536;622;6212;MANDRILLS BKB_6212_20220809_id6212 (1).jpg;86
612;622;6212;MANDRILLS BKB_6212_20220809_id6212 (2).jpg;10
587;622;6212;MANDRILLS BKB_6212_20220809_id6212 (3).jpg;35
584;622;6212;MANDRILLS BKB_6212_20220809_id6212 (4).jpg;38
562;622;6212;MANDRILLS BKB_6212_20220809_id6212 (5).jpg;60
830;622;6212;MANDRILLS BKB_6212_20220809_id6212 (6).jpg;208
614;625;6212;MANDRILLS BKB_6212_20220812_id6212 (2).jpg;11
545;639;6212;MANDRILLS BKB_6212_20220826_id6212 (1).jpg;94
593;639;6212;MANDRILLS BKB_6212_20220826_id6212 (2).jpg;46
550;639;6212;MANDRILLS BKB_6212_20220826_id6212 (3).jpg;89
550;639;6212;MANDRILLS BKB_6212_20220826_id6212 (4).jpg;89
557;640;6212;MANDRILLS BKB_6212_20220827_id6212 (2).jpg;83
530;653;6212;MANDRILLS BKB_6212_20220909_id6212.jpg;123
687;656;6212;MANDRILLS BKB_6212_20220912_id6212.jpg;31
667;670;6212;MANDRILLS BKB_6212_20220926_id6212.jpg;3
722;701;6212;MANDRILLS BKB_6212_20221027_id6212 (2).jpg;21
727;701;6212;MANDRILLS BKB_6212_20221027_id6212.jpg;26
50;2;7168;MANDRILLS BKB_7168_20211029_id7168_malinf_(3).jpg;48
38;2;7168;MANDRILLS BKB_7168_20211029_id7168_malinf_(4).jpg;36
18;12;7168;MANDRILLS BKB_7168_20211108_id7168_malinf.jpg;6
46;53;7168;MANDRILLS BKB_7168_20211219_id7168_malinf.jpg;7
71;56;7168;MANDRILLS BKB_7168_20211222_id7168_malinf_(2).jpg;15
59;56;7168;MANDRILLS BKB_7168_20211222_id7168_malinf_(3).jpg;3
50;56;7168;MANDRILLS BKB_7168_20211222_id7168_malinf_(4).jpg;6
58;56;7168;MANDRILLS BKB_7168_20211222_id7168_malinf_(5).jpg;2
66;56;7168;MANDRILLS BKB_7168_20211222_id7168_malinf_(6).jpg;10
105;87;7168;MANDRILLS BKB_7168_20220122_id7168 (1).jpg;18
100;87;7168;MANDRILLS BKB_7168_20220122_id7168 (2).jpg;13
88;104;7168;MANDRILLS BKB_7168_20220208_id7168_malinf (1).jpg;16
74;104;7168;MANDRILLS BKB_7168_20220208_id7168_malinf (2).jpg;30
127;104;7168;MANDRILLS BKB_7168_20220208_id7168_malinf (3).jpg;23
86;107;7168;MANDRILLS BKB_7168_20220211_id7168_malinf (1).jpg;21
101;107;7168;MANDRILLS BKB_7168_20220211_id7168_malinf (2).jpg;6
124;112;7168;MANDRILLS BKB_7168_20220216_id7168_malinf (1).jpg;12
101;112;7168;MANDRILLS BKB_7168_20220216_id7168_malinf (2).jpg;11
109;112;7168;MANDRILLS BKB_7168_20220216_id7168_malinf (3).jpg;3
137;135;7168;MANDRILLS BKB_7168_20220311_id7168_malinf (1).jpg;2
125;135;7168;MANDRILLS BKB_7168_20220311_id7168_malinf (2).jpg;10
126;135;7168;MANDRILLS BKB_7168_20220311_id7168_malinf (3).jpg;9
166;138;7168;MANDRILLS BKB_7168_20220314_id7168_malinf (1).jpg;28
154;138;7168;MANDRILLS BKB_7168_20220314_id7168_malinf (2).jpg;16
156;138;7168;MANDRILLS BKB_7168_20220314_id7168_malinf (3).jpg;18
210;195;7168;MANDRILLS BKB_7168_20220510_id7168_malinf.jpg;15
209;201;7168;MANDRILLS BKB_7168_20220516_id7168 _malinf (1).jpg;8
177;201;7168;MANDRILLS BKB_7168_20220516_id7168 _malinf (2).jpg;24
301;201;7168;MANDRILLS BKB_7168_20220516_id7168 _malinf (3).jpg;100
246;201;7168;MANDRILLS BKB_7168_20220516_id7168 _malinf (4).jpg;45
233;201;7168;MANDRILLS BKB_7168_20220516_id7168 _malinf (5).jpg;32
246;201;7168;MANDRILLS BKB_7168_20220516_id7168 _malinf (6).jpg;45
234;201;7168;MANDRILLS BKB_7168_20220516_id7168_malinf (1).jpg;33
241;201;7168;MANDRILLS BKB_7168_20220516_id7168_malinf (2).jpg;40
279;222;7168;MANDRILLS BKB_7168_20220606_id7168_malinf (1).jpg;57
260;222;7168;MANDRILLS BKB_7168_20220606_id7168_malinf (2).jpg;38
267;222;7168;MANDRILLS BKB_7168_20220606_id7168_malinf (4).jpg;45
267;222;7168;MANDRILLS BKB_7168_20220606_id7168_malinf (5).jpg;45
275;222;7168;MANDRILLS BKB_7168_20220606_id7168_malinf (6).jpg;53
235;222;7168;MANDRILLS BKB_7168_20220606_id7168_malinf (7).jpg;13
269;222;7168;MANDRILLS BKB_7168_20220606_id7168_malinf.jpg;47
256;239;7168;MANDRILLS BKB_7168_20220623_id7168_malinf (1).jpg;17
253;239;7168;MANDRILLS BKB_7168_20220623_id7168_malinf (2).jpg;14
247;240;7168;MANDRILLS BKB_7168_20220624_id7168_malinf (1).jpg;7
245;240;7168;MANDRILLS BKB_7168_20220624_id7168_malinf (2).jpg;5
222;240;7168;MANDRILLS BKB_7168_20220624_id7168_malinf (3).jpg;18
287;240;7168;MANDRILLS BKB_7168_20220624_id7168_malinf (5).jpg;47
234;240;7168;MANDRILLS BKB_7168_20220624_id7168_malinf.jpg;6
236;245;7168;MANDRILLS BKB_7168_20220629_id7168 (1).jpg;9
258;245;7168;MANDRILLS BKB_7168_20220629_id7168 (2).jpg;13
302;245;7168;MANDRILLS BKB_7168_20220629_id7168 (3).jpg;57
262;245;7168;MANDRILLS BKB_7168_20220629_id7168 (4).jpg;17
260;245;7168;MANDRILLS BKB_7168_20220629_id7168 (5).jpg;15
327;245;7168;MANDRILLS BKB_7168_20220629_id7168 (6).jpg;82
298;245;7168;MANDRILLS BKB_7168_20220629_id7168.jpg;53
233;247;7168;MANDRILLS BKB_7168_20220701_id7168 (1).jpg;14
242;247;7168;MANDRILLS BKB_7168_20220701_id7168 (3).jpg;5
322;252;7168;MANDRILLS BKB_7168_20220706_id7168 (2).jpg;70
288;252;7168;MANDRILLS BKB_7168_20220706_id7168.jpg;36
275;254;7168;MANDRILLS BKB_7168_20220708_id7168 (2).jpg;21
262;254;7168;MANDRILLS BKB_7168_20220708_id7168(1).jpg;8
202;257;7168;MANDRILLS BKB_7168_20220711_id7168 (2).jpg;55
286;257;7168;MANDRILLS BKB_7168_20220711_id7168 (3).jpg;29
256;257;7168;MANDRILLS BKB_7168_20220711_id7168 (4).jpg;1
273;257;7168;MANDRILLS BKB_7168_20220711_id7168.jpg;16
256;260;7168;MANDRILLS BKB_7168_20220714_id7168.jpg;4
298;260;7168;MANDRILLS BKB_7168_20220714_id7168_malinf (2).jpg;38
258;260;7168;MANDRILLS BKB_7168_20220714_id7168_malinf (3).jpg;2
255;260;7168;MANDRILLS BKB_7168_20220714_id7168_malinf (4).jpg;5
340;262;7168;MANDRILLS BKB_7168_20220716_id7168_malinf (1).jpg;78
260;262;7168;MANDRILLS BKB_7168_20220716_id7168_malinf (2).jpg;2
320;265;7168;MANDRILLS BKB_7168_20220719_id7168 (3).jpg;55
269;267;7168;MANDRILLS BKB_7168_20220721_id7168 (1).jpg;2
259;267;7168;MANDRILLS BKB_7168_20220721_id7168 (2).jpg;8
293;267;7168;MANDRILLS BKB_7168_20220721_id7168.jpg;26
269;271;7168;MANDRILLS BKB_7168_20220725_id7168 (2).jpg;2
323;271;7168;MANDRILLS BKB_7168_20220725_id7168.jpg;52
275;286;7168;MANDRILLS BKB_7168_20220809_id7168 (1).jpg;11
304;286;7168;MANDRILLS BKB_7168_20220809_id7168 (2).jpg;18
278;286;7168;MANDRILLS BKB_7168_20220809_id7168 (3).jpg;8
263;286;7168;MANDRILLS BKB_7168_20220809_id7168 (4).jpg;23
334;286;7168;MANDRILLS BKB_7168_20220809_id7168 (5).jpg;48
322;289;7168;MANDRILLS BKB_7168_20220812_id7168 (1).jpg;33
285;289;7168;MANDRILLS BKB_7168_20220812_id7168 (2).jpg;4
285;307;7168;MANDRILLS BKB_7168_20220830_id7168 (1).jpg;22
288;307;7168;MANDRILLS BKB_7168_20220830_id7168 (2).jpg;19
360;307;7168;MANDRILLS BKB_7168_20220830_id7168 (3).jpg;53
268;307;7168;MANDRILLS BKB_7168_20220830_id7168 (4).jpg;39
297;312;7168;MANDRILLS BKB_7168_20220904_id7168.jpg;15
293;317;7168;MANDRILLS BKB_7168_20220909_id7168.jpg;24
307;332;7168;MANDRILLS BKB_7168_20220924_id7168 (1).jpg;25
305;332;7168;MANDRILLS BKB_7168_20220924_id7168 (2).jpg;27
385;343;7168;MANDRILLS BKB_7168_20221005_id7168.jpg;42
320;357;7168;MANDRILLS BKB_7168_20221019_id7168.jpg;37
318;360;7168;MANDRILLS BKB_7168_20221022_id7168 (1).jpg;42
317;360;7168;MANDRILLS BKB_7168_20221022_id7168 (2).jpg;43
314;360;7168;MANDRILLS BKB_7168_20221022_id7168 (3).jpg;46
326;360;7168;MANDRILLS BKB_7168_20221022_id7168 (4).jpg;34
322;360;7168;MANDRILLS BKB_7168_20221022_id7168 (5).jpg;38
294;367;7168;MANDRILLS BKB_7168_20221029_id7168 (1).jpg;73
339;367;7168;MANDRILLS BKB_7168_20221029_id7168 (2).jpg;28
356;367;7168;MANDRILLS BKB_7168_20221029_id7168 (3).jpg;11
292;386;7168;MANDRILLS BKB_7168_20221117_id7168 (5).jpg;94
340;399;7168;MANDRILLS BKB_7168_20221130_id7168 (1).jpg;59
388;399;7168;MANDRILLS BKB_7168_20221130_id7168 (2).jpg;11
368;399;7168;MANDRILLS BKB_7168_20221130_id7168 (3).jpg;31
334;399;7168;MANDRILLS BKB_7168_20221130_id7168 (4).jpg;65
403;401;7168;MANDRILLS BKB_7168_20221202_id7168.jpg;2
359;409;7168;MANDRILLS BKB_7168_20221210_id7168.jpg;50
405;414;7168;MANDRILLS BKB_7168_20221215_id7168 (2).jpg;9
385;414;7168;MANDRILLS BKB_7168_20221215_id7168 (3).jpg;29
123;95;7198;MANDRILLS BKB_7198_20211003_id7198_malinf_(2).jpg;28
87;98;7198;MANDRILLS BKB_7198_20211006_id7198_malinf.jpg;11
89;116;7198;MANDRILLS BKB_7198_20211024_id7198_malinf.jpg;27
119;116;7198;MANDRILLS BKB_7198_20211024_id7198_malinf_(1).jpg;3
110;116;7198;MANDRILLS BKB_7198_20211024_id7198_malinf_(2).jpg;6
109;129;7198;MANDRILLS BKB_7198_20211106_id7198_malinf_(1).jpg;20
167;129;7198;MANDRILLS BKB_7198_20211106_id7198_malinf_(11).jpg;38
178;129;7198;MANDRILLS BKB_7198_20211106_id7198_malinf_(3).jpg;49
122;129;7198;MANDRILLS BKB_7198_20211106_id7198_malinf_(4).jpg;7
136;129;7198;MANDRILLS BKB_7198_20211106_id7198_malinf_(5).jpg;7
114;129;7198;MANDRILLS BKB_7198_20211106_id7198_malinf_(6).jpg;15
141;129;7198;MANDRILLS BKB_7198_20211106_id7198_malinf_(7).jpg;12
113;131;7198;MANDRILLS BKB_7198_20211108_id7198_malinf.jpg;18
131;131;7198;MANDRILLS BKB_7198_20211108_id7198_malinf_(1).jpg;0
92;131;7198;MANDRILLS BKB_7198_20211108_id7198_malinf_(2).jpg;39
83;131;7198;MANDRILLS BKB_7198_20211108_id7198_malinf_(3).jpg;48
123;142;7198;MANDRILLS BKB_7198_20211119_id7198_malinf_(1).jpg;19
122;142;7198;MANDRILLS BKB_7198_20211119_id7198_malinf_(2).jpg;20
94;142;7198;MANDRILLS BKB_7198_20211119_id7198_malinf_(3).jpg;48
117;142;7198;MANDRILLS BKB_7198_20211119_id7198_malinf_(4).jpg;25
97;142;7198;MANDRILLS BKB_7198_20211119_id7198_malinf_(5).jpg;45
154;144;7198;MANDRILLS BKB_7198_20211121_id7198_malinf.jpg;10
129;145;7198;MANDRILLS BKB_7198_20211122_id7198_malinf.jpg;16
145;149;7198;MANDRILLS BKB_7198_20211126_id7198_malinf.jpg;4
198;179;7198;MANDRILLS BKB_7198_20211226_id7198_malinf_(1).jpg;19
229;179;7198;MANDRILLS BKB_7198_20211226_id7198_malinf_(2).jpg;50
198;179;7198;MANDRILLS BKB_7198_20211226_id7198_malinf_(3).jpg;19
239;179;7198;MANDRILLS BKB_7198_20211226_id7198_malinf_(4).jpg;60
227;179;7198;MANDRILLS BKB_7198_20211226_id7198_malinf_(6).jpg;48
221;179;7198;MANDRILLS BKB_7198_20211226_id7198_malinf_(7).jpg;42
314;233;7198;MANDRILLS BKB_7198_20220218_id7198_malinf (1).jpg;81
282;233;7198;MANDRILLS BKB_7198_20220218_id7198_malinf (2).jpg;49
245;233;7198;MANDRILLS BKB_7198_20220218_id7198_malinf (3).jpg;12
218;233;7198;MANDRILLS BKB_7198_20220218_id7198_malinf (4).jpg;15
246;233;7198;MANDRILLS BKB_7198_20220218_id7198_malinf (5).jpg;13
248;262;7198;MANDRILLS BKB_7198_20220319_id7198_malinf (1).jpg;14
271;262;7198;MANDRILLS BKB_7198_20220319_id7198_malinf (2).jpg;9
243;270;7198;MANDRILLS BKB_7198_20220327_id7198_malinf (1).jpg;27
297;270;7198;MANDRILLS BKB_7198_20220327_id7198_malinf (3).jpg;27
278;270;7198;MANDRILLS BKB_7198_20220327_id7198_malinf (4).jpg;8
330;313;7198;MANDRILLS BKB_7198_20220509_id7198_malinf (1).jpg;17
303;313;7198;MANDRILLS BKB_7198_20220509_id7198_malinf (2).jpg;10
311;313;7198;MANDRILLS BKB_7198_20220509_id7198_malinf.jpg;2
308;320;7198;MANDRILLS BKB_7198_20220516_id7198_malinf (1).jpg;12
323;320;7198;MANDRILLS BKB_7198_20220516_id7198_malinf (2).jpg;3
369;322;7198;MANDRILLS BKB_7198_20220518_id7198_malinf (1).jpg;47
379;322;7198;MANDRILLS BKB_7198_20220518_id7198_malinf (2).jpg;57
355;322;7198;MANDRILLS BKB_7198_20220518_id7198_malinf (3).jpg;33
369;330;7198;MANDRILLS BKB_7198_20220526_id7198_malinf (1).jpg;39
365;330;7198;MANDRILLS BKB_7198_20220526_id7198_malinf (2).jpg;35
367;330;7198;MANDRILLS BKB_7198_20220526_id7198_malinf (3).jpg;37
438;330;7198;MANDRILLS BKB_7198_20220526_id7198_malinf (4).jpg;108
423;330;7198;MANDRILLS BKB_7198_20220526_id7198_malinf (5).jpg;93
407;330;7198;MANDRILLS BKB_7198_20220526_id7198_malinf (6).jpg;77
449;330;7198;MANDRILLS BKB_7198_20220526_id7198_malinf (7).jpg;119
436;331;7198;MANDRILLS BKB_7198_20220527_id7198_malinf (1).jpg;105
433;331;7198;MANDRILLS BKB_7198_20220527_id7198_malinf (2).jpg;102
419;334;7198;MANDRILLS BKB_7198_20220530_id7198_malinf (1).jpg;85
342;334;7198;MANDRILLS BKB_7198_20220530_id7198_malinf (2).jpg;8
451;334;7198;MANDRILLS BKB_7198_20220530_id7198_malinf (3).jpg;117
364;334;7198;MANDRILLS BKB_7198_20220530_id7198_malinf.jpg;30
340;338;7198;MANDRILLS BKB_7198_20220603_id7198_malinf.jpg;2
382;342;7198;MANDRILLS BKB_7198_20220607_id7198_malinf.jpg;40
427;359;7198;MANDRILLS BKB_7198_20220624_id7198_malinf (1).jpg;68
371;359;7198;MANDRILLS BKB_7198_20220624_id7198_malinf (2).jpg;12
392;359;7198;MANDRILLS BKB_7198_20220624_id7198_malinf (3).jpg;33
357;359;7198;MANDRILLS BKB_7198_20220624_id7198_malinf (4).jpg;2
371;359;7198;MANDRILLS BKB_7198_20220624_id7198_malinf.jpg;12
362;364;7198;MANDRILLS BKB_7198_20220629_id7198 (1).jpg;2
362;364;7198;MANDRILLS BKB_7198_20220629_id7198 (2).jpg;2
424;364;7198;MANDRILLS BKB_7198_20220629_id7198 (3).jpg;60
317;364;7198;MANDRILLS BKB_7198_20220629_id7198 (4).jpg;47
334;364;7198;MANDRILLS BKB_7198_20220629_id7198 (5).jpg;30
348;364;7198;MANDRILLS BKB_7198_20220629_id7198 (6).jpg;16
346;364;7198;MANDRILLS BKB_7198_20220629_id7198.jpg;18
418;376;7198;MANDRILLS BKB_7198_20220711_id7198.jpg;42
425;379;7198;MANDRILLS BKB_7198_20220714_id7198_malinf.jpg;46
406;379;7198;MANDRILLS BKB_7198_20220714_id7198_maljuv (1).jpg;27
416;379;7198;MANDRILLS BKB_7198_20220714_id7198_maljuv (2).jpg;37
443;379;7198;MANDRILLS BKB_7198_20220714_id7198_maljuv (3).jpg;64
451;379;7198;MANDRILLS BKB_7198_20220714_id7198_maljuv (4).jpg;72
471;379;7198;MANDRILLS BKB_7198_20220714_id7198_maljuv (5).jpg;92
375;381;7198;MANDRILLS BKB_7198_20220716_id7198.jpg;6
346;398;7198;MANDRILLS BKB_7198_20220802_id7198 (1).jpg;52
488;398;7198;MANDRILLS BKB_7198_20220802_id7198 (2).jpg;90
396;408;7198;MANDRILLS BKB_7198_20220812_id7198 (1).jpg;12
448;408;7198;MANDRILLS BKB_7198_20220812_id7198 (2).jpg;40
489;419;7198;MANDRILLS BKB_7198_20220823_id7198 (1).jpg;70
580;419;7198;MANDRILLS BKB_7198_20220823_id7198 (2).jpg;161
350;419;7198;MANDRILLS BKB_7198_20220823_id7198 (3).jpg;69
378;431;7198;MANDRILLS BKB_7198_20220904_id7198.jpg;53
433;432;7198;MANDRILLS BKB_7198_20220905_id7198.jpg;1
468;440;7198;MANDRILLS BKB_7198_20220913_id7198.jpg;28
435;453;7198;MANDRILLS BKB_7198_20220926_id7198.jpg;18
540;455;7198;MANDRILLS BKB_7198_20220928_id7198.jpg;85
336;473;7198;MANDRILLS BKB_7198_20221016_id7198.jpg;137
536;511;7198;MANDRILLS BKB_7198_20221123_id7198 (3).jpg;25
538;511;7198;MANDRILLS BKB_7198_20221123_id7198 (4).jpg;27
472;511;7198;MANDRILLS BKB_7198_20221123_id7198 (5).jpg;39
501;529;7198;MANDRILLS BKB_7198_20221211_id7198.jpg;28
833;536;7198;MANDRILLS BKB_7198_20221218_id7198.jpg;297
17;0;8047;MANDRILLS BKB_8047_20221130_id8047.jpg;17
51;9;8047;MANDRILLS BKB_8047_20221209_id8047 (2).jpg;42
58;9;8047;MANDRILLS BKB_8047_20221209_id8047 (3).jpg;49
56;9;8047;MANDRILLS BKB_8047_20221209_id8047 (4).jpg;47
36;15;8047;MANDRILLS BKB_8047_20221215_id8047 (10).jpg;21
53;15;8047;MANDRILLS BKB_8047_20221215_id8047 (11).jpg;38
50;15;8047;MANDRILLS BKB_8047_20221215_id8047 (6).jpg;35
56;15;8047;MANDRILLS BKB_8047_20221215_id8047 (7).jpg;41
30;7;8073;MANDRILLS BKB_8073_20221210_id8073.jpg;23
69;11;8073;MANDRILLS BKB_8073_20221214_id8073 (2).jpg;58
38;3;8102;MANDRILLS BKB_8102_20221214_id8102 (1).jpg;35
34;3;8102;MANDRILLS BKB_8102_20221214_id8102 (2).jpg;31
14;3;8102;MANDRILLS BKB_8102_20221214_id8102 (3).jpg;11
29;3;8102;MANDRILLS BKB_8102_20221214_id8102 (4).jpg;26
39;3;8102;MANDRILLS BKB_8102_20221214_id8102.jpg;36
41;2;8137;MANDRILLS BKB_8137_20221130_id8137 (3).jpg;39
37;2;8137;MANDRILLS BKB_8137_20221130_id8137 (5).jpg;35
18;2;8137;MANDRILLS BKB_8137_20221130_id8137 (7).jpg;16
-5;2;8137;MANDRILLS BKB_8137_20221130_id8137 (8).jpg;7
30;12;8137;MANDRILLS BKB_8137_20221210_id8137.jpg;18
25;20;8137;MANDRILLS BKB_8137_20221218_id8137.jpg;5
17;8;8143;MANDRILLS BKB_8143_20221130_id8143 (1).jpg;9
29;8;8143;MANDRILLS BKB_8143_20221130_id8143 (3).jpg;21
46;8;8143;MANDRILLS BKB_8143_20221130_id8143 (4).jpg;38
39;8;8143;MANDRILLS BKB_8143_20221130_id8143 (7).jpg;31
53;8;8143;MANDRILLS BKB_8143_20221130_id8143 (8).jpg;45
44;8;8143;MANDRILLS BKB_8143_20221130_id8143.jpg;36
43;18;8143;MANDRILLS BKB_8143_20221210_id8143 (1).jpg;25
59;22;8143;MANDRILLS BKB_8143_20221214_id8143 (1).jpg;37
34;26;8143;MANDRILLS BKB_8143_20221218_id8143.jpg;8
40;22;8147;MANDRILLS BKB_8147_20221214_id8147 (2).jpg;18
40;0;8159;MANDRILLS BKB_8159_20221201_id8159 (1).jpg;40
57;0;8159;MANDRILLS BKB_8159_20221201_id8159 (2).jpg;57
54;0;8159;MANDRILLS BKB_8159_20221201_id8159 (3).jpg;54
31;8;8159;MANDRILLS BKB_8159_20221209_id8159.jpg;23
59;9;8159;MANDRILLS BKB_8159_20221210_id8159 (3).jpg;50
34;13;8159;MANDRILLS BKB_8159_20221214_id8159 (1).jpg;21
29;13;8159;MANDRILLS BKB_8159_20221214_id8159 (2).jpg;16
15;2;8163;MANDRILLS BKB_8163_20221210_id8163 (1).jpg;13
33;2;8163;MANDRILLS BKB_8163_20221210_id8163 (2).jpg;31
33;2;8163;MANDRILLS BKB_8163_20221210_id8163 (3).jpg;31
38;11;8199;MANDRILLS BKB_8199_20221210_id8199 (1).jpg;27
34;11;8199;MANDRILLS BKB_8199_20221210_id8199 (2).jpg;23
15;15;8199;MANDRILLS BKB_8199_20221214_id8199 (1).jpg;0
35;15;8199;MANDRILLS BKB_8199_20221214_id8199 (2).jpg;20
42;16;8219;MANDRILLS BKB_8219_20221117_id8219 (1).jpg;26
44;16;8219;MANDRILLS BKB_8219_20221117_id8219 (2).jpg;28
19;16;8219;MANDRILLS BKB_8219_20221117_id8219.jpg;3
25;20;8219;MANDRILLS BKB_8219_20221121_id8219 (1).jpg;5
26;29;8219;MANDRILLS BKB_8219_20221130_id8219 (2).jpg;3
38;29;8219;MANDRILLS BKB_8219_20221130_id8219.jpg;9
38;35;8219;MANDRILLS BKB_8219_20221206_id8219 (1).jpg;3
28;35;8219;MANDRILLS BKB_8219_20221206_id8219 (2).jpg;7
52;35;8219;MANDRILLS BKB_8219_20221206_id8219 (3).jpg;17
19;35;8219;MANDRILLS BKB_8219_20221206_id8219 (5).jpg;16
35;38;8219;MANDRILLS BKB_8219_20221209_id8219.jpg;3
47;43;8219;MANDRILLS BKB_8219_20221214_id8219.jpg;4
33;47;8219;MANDRILLS BKB_8219_20221218_id8219.jpg;14
289;253;89;MANDRILLS BKB_89_20140701_id89_malinf_(1)_ORIGINAL.jpg;36
323;253;89;MANDRILLS BKB_89_20140701_id89_malinf_(2)_ORIGINAL.jpg;70
338;253;89;MANDRILLS BKB_89_20140701_id89_malinf_(3)_ORIGINAL.jpg;85
958;774;89;MANDRILLS BKB_89_20151204_id89_maljuv_(1)_ORIGINAL.jpg;184
902;774;89;MANDRILLS BKB_89_20151204_id89_maljuv_(2)_ORIGINAL.jpg;128
819;774;89;MANDRILLS BKB_89_20151204_id89_maljuv_(3)_ORIGINAL.jpg;45
988;774;89;MANDRILLS BKB_89_20151204_id89_maljuv_(4)_ORIGINAL.jpg;214
902;774;89;MANDRILLS BKB_89_20151204_id89_maljuv_(5)_ORIGINAL.jpg;128
1005;1089;89;MANDRILLS BKB_89_20161014_id89_maljuv_(3)_ORIGINAL.jpg;84
1918;1715;89;MANDRILLS BKB_89_20180702_id89_malado_(1)_ORIGINAL.jpg;203
1715;1715;89;MANDRILLS BKB_89_20180702_id89_malado_(2)_ORIGINAL.jpg;0
1838;1715;89;MANDRILLS BKB_89_20180702_id89_malado_(3)_ORIGINAL.jpg;123
1775;1715;89;MANDRILLS BKB_89_20180702_id89_malado_(4)_ORIGINAL.jpg;60
1593;1715;89;MANDRILLS BKB_89_20180702_id89_malado_(5)_ORIGINAL.jpg;122
1821;1718;89;MANDRILLS BKB_89_20180705_id89_malado_(1)_ORIGINAL.jpg;103
1782;1718;89;MANDRILLS BKB_89_20180705_id89_malado_(10)_ORIGINAL.jpg;64
1774;1718;89;MANDRILLS BKB_89_20180705_id89_malado_(2)_ORIGINAL.jpg;56
1790;1718;89;MANDRILLS BKB_89_20180705_id89_malado_(3)_ORIGINAL.jpg;72
1829;1718;89;MANDRILLS BKB_89_20180705_id89_malado_(4)_ORIGINAL.jpg;111
1787;1718;89;MANDRILLS BKB_89_20180705_id89_malado_(5)_ORIGINAL.jpg;69
1670;1718;89;MANDRILLS BKB_89_20180705_id89_malado_(6)_ORIGINAL.jpg;48
1759;1718;89;MANDRILLS BKB_89_20180705_id89_malado_(7)_ORIGINAL.jpg;41
1849;1718;89;MANDRILLS BKB_89_20180705_id89_malado_(8)_ORIGINAL.jpg;131
1846;1718;89;MANDRILLS BKB_89_20180705_id89_malado_(9)_ORIGINAL.jpg;128
1826;1731;89;MANDRILLS BKB_89_20180718_id89_malado_(3)_ORIGINAL.jpg;95
1907;1878;89;MANDRILLS BKB_89_20181212_id89_malado_(14)_ORIGINAL.jpg;29
1989;1878;89;MANDRILLS BKB_89_20181212_id89_malado_(15)_ORIGINAL.jpg;111
1987;1878;89;MANDRILLS BKB_89_20181212_id89_malado_(16)_ORIGINAL.jpg;109
1852;1878;89;MANDRILLS BKB_89_20181212_id89_malado_(17)_ORIGINAL.jpg;26
1953;1878;89;MANDRILLS BKB_89_20181212_id89_malado_(18)_ORIGINAL.jpg;75
1860;1878;89;MANDRILLS BKB_89_20181212_id89_malado_(20)_ORIGINAL.jpg;18
1940;1878;89;MANDRILLS BKB_89_20181212_id89_malado_(21)_ORIGINAL.jpg;62
1874;1878;89;MANDRILLS BKB_89_20181212_id89_malado_(22)_ORIGINAL.jpg;4
1891;1878;89;MANDRILLS BKB_89_20181212_id89_malado_(23)_ORIGINAL.jpg;13
1874;1878;89;MANDRILLS BKB_89_20181212_id89_malado_(24)_ORIGINAL.jpg;4
1981;1878;89;MANDRILLS BKB_89_20181212_id89_malado_(3)_ORIGINAL.jpg;103
2056;1878;89;MANDRILLS BKB_89_20181212_id89_malado_(4)_ORIGINAL.jpg;178
1934;1878;89;MANDRILLS BKB_89_20181212_id89_malado_(5)_ORIGINAL.jpg;56
2038;1878;89;MANDRILLS BKB_89_20181212_id89_malado_(6)_ORIGINAL.jpg;160
2009;1878;89;MANDRILLS BKB_89_20181212_id89_malado_(8)_ORIGINAL.jpg;131
1958;1909;89;MANDRILLS BKB_89_20190112_id89_malado_(1)_ORIGINAL.jpg;49
1986;1909;89;MANDRILLS BKB_89_20190112_id89_malado_(10)_ORIGINAL.jpg;77
2007;1909;89;MANDRILLS BKB_89_20190112_id89_malado_(11)_ORIGINAL.jpg;98
1956;1909;89;MANDRILLS BKB_89_20190112_id89_malado_(12)_ORIGINAL.jpg;47
2012;1909;89;MANDRILLS BKB_89_20190112_id89_malado_(13)_ORIGINAL.jpg;103
2041;1909;89;MANDRILLS BKB_89_20190112_id89_malado_(14)_ORIGINAL.jpg;132
2049;1909;89;MANDRILLS BKB_89_20190112_id89_malado_(15)_ORIGINAL.jpg;140
1995;1909;89;MANDRILLS BKB_89_20190112_id89_malado_(16)_ORIGINAL.jpg;86
1986;1909;89;MANDRILLS BKB_89_20190112_id89_malado_(17)_ORIGINAL.jpg;77
1972;1909;89;MANDRILLS BKB_89_20190112_id89_malado_(18)_ORIGINAL.jpg;63
1979;1909;89;MANDRILLS BKB_89_20190112_id89_malado_(19)_ORIGINAL.jpg;70
1987;1909;89;MANDRILLS BKB_89_20190112_id89_malado_(2)_ORIGINAL.jpg;78
1941;1909;89;MANDRILLS BKB_89_20190112_id89_malado_(20)_ORIGINAL.jpg;32
2043;1909;89;MANDRILLS BKB_89_20190112_id89_malado_(21)_ORIGINAL.jpg;134
1998;1909;89;MANDRILLS BKB_89_20190112_id89_malado_(22)_ORIGINAL.jpg;89
2048;1909;89;MANDRILLS BKB_89_20190112_id89_malado_(23)_ORIGINAL.jpg;139
2023;1909;89;MANDRILLS BKB_89_20190112_id89_malado_(24)_ORIGINAL.jpg;114
2056;1909;89;MANDRILLS BKB_89_20190112_id89_malado_(25)_ORIGINAL.jpg;147
1951;1909;89;MANDRILLS BKB_89_20190112_id89_malado_(3)_ORIGINAL.jpg;42
1904;1909;89;MANDRILLS BKB_89_20190112_id89_malado_(4)_ORIGINAL.jpg;5
2002;1909;89;MANDRILLS BKB_89_20190112_id89_malado_(5)_ORIGINAL.jpg;93
2011;1909;89;MANDRILLS BKB_89_20190112_id89_malado_(6)_ORIGINAL.jpg;102
2030;1909;89;MANDRILLS BKB_89_20190112_id89_malado_(7)_ORIGINAL.jpg;121
2040;1909;89;MANDRILLS BKB_89_20190112_id89_malado_(8)_ORIGINAL.jpg;131
1952;1909;89;MANDRILLS BKB_89_20190112_id89_malado_(9)_ORIGINAL.jpg;43
2059;1935;89;MANDRILLS BKB_89_20190207_id89_malado_(1)_ORIGINAL.jpg;124
2043;1935;89;MANDRILLS BKB_89_20190207_id89_malado_(10)_ORIGINAL.jpg;108
2033;1935;89;MANDRILLS BKB_89_20190207_id89_malado_(11)_ORIGINAL.jpg;98
2035;1935;89;MANDRILLS BKB_89_20190207_id89_malado_(12)_ORIGINAL.jpg;100
2112;1935;89;MANDRILLS BKB_89_20190207_id89_malado_(13)_ORIGINAL.jpg;177
2084;1935;89;MANDRILLS BKB_89_20190207_id89_malado_(14)_ORIGINAL.jpg;149
2071;1935;89;MANDRILLS BKB_89_20190207_id89_malado_(15)_ORIGINAL.jpg;136
2023;1935;89;MANDRILLS BKB_89_20190207_id89_malado_(16)_ORIGINAL.jpg;88
2065;1935;89;MANDRILLS BKB_89_20190207_id89_malado_(17)_ORIGINAL.jpg;130
2090;1935;89;MANDRILLS BKB_89_20190207_id89_malado_(18)_ORIGINAL.jpg;155
2062;1935;89;MANDRILLS BKB_89_20190207_id89_malado_(19)_ORIGINAL.jpg;127
2131;1935;89;MANDRILLS BKB_89_20190207_id89_malado_(2)_ORIGINAL.jpg;196
2099;1935;89;MANDRILLS BKB_89_20190207_id89_malado_(20)_ORIGINAL.jpg;164
2155;1935;89;MANDRILLS BKB_89_20190207_id89_malado_(21)_ORIGINAL.jpg;220
2025;1935;89;MANDRILLS BKB_89_20190207_id89_malado_(3)_ORIGINAL.jpg;90
2113;1935;89;MANDRILLS BKB_89_20190207_id89_malado_(4)_ORIGINAL.jpg;178
2024;1935;89;MANDRILLS BKB_89_20190207_id89_malado_(5)_ORIGINAL.jpg;89
2041;1935;89;MANDRILLS BKB_89_20190207_id89_malado_(6)_ORIGINAL.jpg;106
2064;1935;89;MANDRILLS BKB_89_20190207_id89_malado_(7)_ORIGINAL.jpg;129
2122;1935;89;MANDRILLS BKB_89_20190207_id89_malado_(8)_ORIGINAL.jpg;187
2029;1935;89;MANDRILLS BKB_89_20190207_id89_malado_(9)_ORIGINAL.jpg;94
1849;1961;89;MANDRILLS BKB_89_20190305_id89_malado_(1)_ORIGINAL.jpg;112
1913;1961;89;MANDRILLS BKB_89_20190305_id89_malado_(3)_ORIGINAL.jpg;48
1956;1969;89;MANDRILLS BKB_89_20190313_id89_malado_(1).jpg;13
2153;1969;89;MANDRILLS BKB_89_20190313_id89_malado_(2).jpg;184
1896;1969;89;MANDRILLS BKB_89_20190313_id89_malado_DROITE_(3).jpg;73
2171;1971;89;MANDRILLS BKB_89_20190315_id89_malado_(1).jpg;200
2176;1971;89;MANDRILLS BKB_89_20190315_id89_malado_(10).jpg;205
2034;1971;89;MANDRILLS BKB_89_20190315_id89_malado_(13).jpg;63
2201;1971;89;MANDRILLS BKB_89_20190315_id89_malado_(14).jpg;230
2156;1971;89;MANDRILLS BKB_89_20190315_id89_malado_(15).jpg;185
2021;1971;89;MANDRILLS BKB_89_20190315_id89_malado_(2).jpg;50
2067;1971;89;MANDRILLS BKB_89_20190315_id89_malado_(3).jpg;96
2090;1971;89;MANDRILLS BKB_89_20190315_id89_malado_(4).jpg;119
2043;1971;89;MANDRILLS BKB_89_20190315_id89_malado_(5).jpg;72
2232;1971;89;MANDRILLS BKB_89_20190315_id89_malado_(6).jpg;261
2116;1971;89;MANDRILLS BKB_89_20190315_id89_malado_(7).jpg;145
2142;1971;89;MANDRILLS BKB_89_20190315_id89_malado_(8).jpg;171
2278;1973;89;MANDRILLS BKB_89_20190317_id89_malado_(1).jpg;305
2023;1973;89;MANDRILLS BKB_89_20190317_id89_malado_(3).jpg;50
2015;1973;89;MANDRILLS BKB_89_20190317_id89_malado_(4).jpg;42
2242;1973;89;MANDRILLS BKB_89_20190317_id89_malado_(6).jpg;269
2094;1975;89;MANDRILLS BKB_89_20190319_id89_malado_(1).jpg;119
2226;1975;89;MANDRILLS BKB_89_20190319_id89_malado_(2).jpg;251
1793;1975;89;MANDRILLS BKB_89_20190319_id89_malado_(3).jpg;182
2185;1975;89;MANDRILLS BKB_89_20190319_id89_malado_(4).jpg;210
2334;2193;89;MANDRILLS BKB_89_20191023_id89_malado_(1).jpg;141
2389;2193;89;MANDRILLS BKB_89_20191023_id89_malado_(2).jpg;196
2164;2194;89;MANDRILLS BKB_89_20191024_id89_malado.jpg;30
2352;2214;89;MANDRILLS BKB_89_20191113_id89_malado.jpg;138
2337;2246;89;MANDRILLS BKB_89_20191215_id89_malado.jpg;91
65;72;92;MANDRILLS BKB_92_20120507_id92_malinfDEVANT_ORIGINAL.jpg;7
64;77;92;MANDRILLS BKB_92_20120512_id92_malinfDEVANT_ORIGINAL.jpg;13
63;79;92;MANDRILLS BKB_92_20120514_id92_malinfMILIEU_(1)_ORIGINAL.jpg;16
926;858;92;MANDRILLS BKB_92_20140702_id92_maljuv_(1)_ORIGINAL.jpg;68
953;858;92;MANDRILLS BKB_92_20140702_id92_maljuv_(2)_ORIGINAL.jpg;95
981;858;92;MANDRILLS BKB_92_20140702_id92_maljuv_(3)_ORIGINAL.jpg;123
93;94;1031;MANDRILLS BKB_1031_20160612_id1031_malinf_ORIGINAL.jpg;1
3504;2905;16;MANDRILLS BKB_16_20120301_id16_femaduDROITE_(1)_ORIGINAL.jpg;599
2879;2905;16;MANDRILLS BKB_16_20120301_id16_femaduDROITE_(2)_ORIGINAL.jpg;26
3293;2905;16;MANDRILLS BKB_16_20120301_id16_femaduDROITE_(3)_ORIGINAL.jpg;388
3111;2905;16;MANDRILLS BKB_16_20120301_id16_femaduDROITE_(4)_ORIGINAL.jpg;206
3254;2905;16;MANDRILLS BKB_16_20120301_id16_femaduDROITE_(5)_ORIGINAL.jpg;349
3332;2905;16;MANDRILLS BKB_16_20120301_id16_femaduDROITE_(6)_ORIGINAL.jpg;427
3120;2905;16;MANDRILLS BKB_16_20120301_id16_femaduGAUCHE_(1)_ORIGINAL.jpg;215
3741;2905;16;MANDRILLS BKB_16_20120301_id16_femadu_(10)_ORIGINAL.jpg;836
3438;2905;16;MANDRILLS BKB_16_20120301_id16_femadu_(11)_ORIGINAL.jpg;533
3407;2905;16;MANDRILLS BKB_16_20120301_id16_femadu_(13)_ORIGINAL.jpg;502
3394;2905;16;MANDRILLS BKB_16_20120301_id16_femadu_(8)_ORIGINAL.jpg;489
3470;2905;16;MANDRILLS BKB_16_20120301_id16_femadu_(9)_ORIGINAL.jpg;565
2779;2955;16;MANDRILLS BKB_16_20120420_id16_femadu_(1)_ORIGINAL.jpg;176
2898;2955;16;MANDRILLS BKB_16_20120420_id16_femadu_(10)_ORIGINAL.jpg;57
4098;2955;16;MANDRILLS BKB_16_20120420_id16_femadu_(11)_ORIGINAL.jpg;1143
2715;2955;16;MANDRILLS BKB_16_20120420_id16_femadu_(6)_ORIGINAL.jpg;240
5113;2955;16;MANDRILLS BKB_16_20120420_id16_femadu_(7)_ORIGINAL.jpg;2158
4852;2955;16;MANDRILLS BKB_16_20120420_id16_femadu_(8)_ORIGINAL.jpg;1897
2976;2955;16;MANDRILLS BKB_16_20120420_id16_femadu_(9)_ORIGINAL.jpg;21
2699;2965;16;MANDRILLS BKB_16_20120430_id16_femadu_(1)_ORIGINAL.jpg;266
2717;2965;16;MANDRILLS BKB_16_20120430_id16_femadu_(2)_ORIGINAL.jpg;248
2828;2965;16;MANDRILLS BKB_16_20120430_id16_femadu_(3)_ORIGINAL.jpg;137
2749;2965;16;MANDRILLS BKB_16_20120430_id16_femadu_(4)_ORIGINAL.jpg;216
4894;2965;16;MANDRILLS BKB_16_20120430_id16_femadu_(5)_ORIGINAL.jpg;1929
3175;2965;16;MANDRILLS BKB_16_20120430_id16_femadu_(6)_ORIGINAL.jpg;210
3165;2965;16;MANDRILLS BKB_16_20120430_id16_femadu_(7)_ORIGINAL.jpg;200
3193;2965;16;MANDRILLS BKB_16_20120430_id16_femadu_(8)_ORIGINAL.jpg;228
3019;2976;16;MANDRILLS BKB_16_20120511_id16_femaduDROITE_(1)_ORIGINAL.jpg;43
2629;2980;16;MANDRILLS BKB_16_20120515_id16_femadu_(1)_ORIGINAL.jpg;351
3095;2980;16;MANDRILLS BKB_16_20120515_id16_femadu_(2)_ORIGINAL.jpg;115
2609;2987;16;MANDRILLS BKB_16_20120522_id16_femadu_ORIGINAL.jpg;378
2743;2988;16;MANDRILLS BKB_16_20120523_id16_femadu_ORIGINAL.jpg;245
2624;3007;16;MANDRILLS BKB_16_20120611_id16_femadu_(1)_ORIGINAL.jpg;383
3316;3007;16;MANDRILLS BKB_16_20120611_id16_femadu_(2)_ORIGINAL.jpg;309
2659;3007;16;MANDRILLS BKB_16_20120611_id16_femadu_ORIGINAL.jpg;348
3818;3044;16;MANDRILLS BKB_16_20120718_id16_femadu_(1)_ORIGINAL.jpg;774
3231;3044;16;MANDRILLS BKB_16_20120718_id16_femadu_(11)_ORIGINAL.jpg;187
3596;3044;16;MANDRILLS BKB_16_20120718_id16_femadu_(12)_ORIGINAL.jpg;552
3703;3044;16;MANDRILLS BKB_16_20120718_id16_femadu_(13)_ORIGINAL.jpg;659
3192;3044;16;MANDRILLS BKB_16_20120718_id16_femadu_(14)_ORIGINAL.jpg;148
4114;3044;16;MANDRILLS BKB_16_20120718_id16_femadu_(15)_ORIGINAL.jpg;1070
4171;3044;16;MANDRILLS BKB_16_20120718_id16_femadu_(16)_ORIGINAL.jpg;1127
3885;3044;16;MANDRILLS BKB_16_20120718_id16_femadu_(17)_ORIGINAL.jpg;841
3235;3044;16;MANDRILLS BKB_16_20120718_id16_femadu_(18)_ORIGINAL.jpg;191
3372;3044;16;MANDRILLS BKB_16_20120718_id16_femadu_(2)_ORIGINAL.jpg;328
3744;3044;16;MANDRILLS BKB_16_20120718_id16_femadu_(20)_ORIGINAL.jpg;700
3761;3044;16;MANDRILLS BKB_16_20120718_id16_femadu_(3)_ORIGINAL.jpg;717
4599;3044;16;MANDRILLS BKB_16_20120718_id16_femadu_(4)_ORIGINAL.jpg;1555
4128;3044;16;MANDRILLS BKB_16_20120718_id16_femadu_(7)_ORIGINAL.jpg;1084
3879;3044;16;MANDRILLS BKB_16_20120718_id16_femadu_(8)_ORIGINAL.jpg;835
3593;3044;16;MANDRILLS BKB_16_20120718_id16_femadu_(9)_ORIGINAL.jpg;549
2685;3609;16;MANDRILLS BKB_16_20140203_id16_femadu_(3)_ORIGINAL.jpg;924
2552;3609;16;MANDRILLS BKB_16_20140203_id16_femadu_(4)_ORIGINAL.jpg;1057
2999;3626;16;MANDRILLS BKB_16_20140220_id16_femadu_(1)_ORIGINAL.jpg;627
3226;3626;16;MANDRILLS BKB_16_20140220_id16_femadu_(10)_ORIGINAL.jpg;400
4605;3626;16;MANDRILLS BKB_16_20140220_id16_femadu_(11)_ORIGINAL.jpg;979
3332;3626;16;MANDRILLS BKB_16_20140220_id16_femadu_(12)_ORIGINAL.jpg;294
3056;3626;16;MANDRILLS BKB_16_20140220_id16_femadu_(14)_ORIGINAL.jpg;570
2969;3626;16;MANDRILLS BKB_16_20140220_id16_femadu_(15)_ORIGINAL.jpg;657
3537;3626;16;MANDRILLS BKB_16_20140220_id16_femadu_(16)_ORIGINAL.jpg;89
2511;3626;16;MANDRILLS BKB_16_20140220_id16_femadu_(17)_ORIGINAL.jpg;1115
2419;3626;16;MANDRILLS BKB_16_20140220_id16_femadu_(18)_ORIGINAL.jpg;1207
4423;3626;16;MANDRILLS BKB_16_20140220_id16_femadu_(19)_ORIGINAL.jpg;797
4605;3626;16;MANDRILLS BKB_16_20140220_id16_femadu_(2)_ORIGINAL.jpg;979
2726;3626;16;MANDRILLS BKB_16_20140220_id16_femadu_(20)_ORIGINAL.jpg;900
2712;3626;16;MANDRILLS BKB_16_20140220_id16_femadu_(21)_ORIGINAL.jpg;914
5105;3626;16;MANDRILLS BKB_16_20140220_id16_femadu_(22)_ORIGINAL.jpg;1479
4625;3626;16;MANDRILLS BKB_16_20140220_id16_femadu_(3)_ORIGINAL.jpg;999
4696;3626;16;MANDRILLS BKB_16_20140220_id16_femadu_(4)_ORIGINAL.jpg;1070
4781;3626;16;MANDRILLS BKB_16_20140220_id16_femadu_(5)_ORIGINAL.jpg;1155
2832;3626;16;MANDRILLS BKB_16_20140220_id16_femadu_(6)_ORIGINAL.jpg;794
3111;3626;16;MANDRILLS BKB_16_20140220_id16_femadu_(7)_ORIGINAL.jpg;515
3254;3626;16;MANDRILLS BKB_16_20140220_id16_femadu_(8)_ORIGINAL.jpg;372
5020;3626;16;MANDRILLS BKB_16_20140220_id16_femadu_(9)_ORIGINAL.jpg;1394
3121;3626;16;MANDRILLS BKB_16_20140220_id16_femadu_ORIGINAL.jpg;505
3108;3647;16;MANDRILLS BKB_16_20140313_id16_femadu_(1)_ORIGINAL.jpg;539
2873;3659;16;MANDRILLS BKB_16_20140325_id16_femadu_(1)_ORIGINAL.jpg;786
2740;3659;16;MANDRILLS BKB_16_20140325_id16_femadu_(10)_ORIGINAL.jpg;919
2991;3659;16;MANDRILLS BKB_16_20140325_id16_femadu_(11)_ORIGINAL.jpg;668
4128;3659;16;MANDRILLS BKB_16_20140325_id16_femadu_(13)_ORIGINAL.jpg;469
2620;3659;16;MANDRILLS BKB_16_20140325_id16_femadu_(14)_ORIGINAL.jpg;1039
3045;3659;16;MANDRILLS BKB_16_20140325_id16_femadu_(15)_ORIGINAL.jpg;614
4069;3659;16;MANDRILLS BKB_16_20140325_id16_femadu_(16)_ORIGINAL.jpg;410
2722;3659;16;MANDRILLS BKB_16_20140325_id16_femadu_(17)_ORIGINAL.jpg;937
4590;3659;16;MANDRILLS BKB_16_20140325_id16_femadu_(18)_ORIGINAL.jpg;931
2711;3659;16;MANDRILLS BKB_16_20140325_id16_femadu_(19)_ORIGINAL.jpg;948
2779;3659;16;MANDRILLS BKB_16_20140325_id16_femadu_(2)_ORIGINAL.jpg;880
2793;3659;16;MANDRILLS BKB_16_20140325_id16_femadu_(20)_ORIGINAL.jpg;866
2906;3659;16;MANDRILLS BKB_16_20140325_id16_femadu_(22)_ORIGINAL.jpg;753
3031;3659;16;MANDRILLS BKB_16_20140325_id16_femadu_(23)_ORIGINAL.jpg;628
3163;3659;16;MANDRILLS BKB_16_20140325_id16_femadu_(24)_ORIGINAL.jpg;496
2886;3659;16;MANDRILLS BKB_16_20140325_id16_femadu_(25)_ORIGINAL.jpg;773
3136;3659;16;MANDRILLS BKB_16_20140325_id16_femadu_(26)_ORIGINAL.jpg;523
2981;3659;16;MANDRILLS BKB_16_20140325_id16_femadu_(27)_ORIGINAL.jpg;678
2722;3659;16;MANDRILLS BKB_16_20140325_id16_femadu_(28)_ORIGINAL.jpg;937
2847;3659;16;MANDRILLS BKB_16_20140325_id16_femadu_(29)_ORIGINAL.jpg;812
2593;3659;16;MANDRILLS BKB_16_20140325_id16_femadu_(3)_ORIGINAL.jpg;1066
2801;3659;16;MANDRILLS BKB_16_20140325_id16_femadu_(30)_ORIGINAL.jpg;858
2813;3659;16;MANDRILLS BKB_16_20140325_id16_femadu_(31)_ORIGINAL.jpg;846
2887;3659;16;MANDRILLS BKB_16_20140325_id16_femadu_(32)_ORIGINAL.jpg;772
2697;3659;16;MANDRILLS BKB_16_20140325_id16_femadu_(33)_ORIGINAL.jpg;962
2705;3659;16;MANDRILLS BKB_16_20140325_id16_femadu_(34)_ORIGINAL.jpg;954
2741;3659;16;MANDRILLS BKB_16_20140325_id16_femadu_(35)_ORIGINAL.jpg;918
3101;3659;16;MANDRILLS BKB_16_20140325_id16_femadu_(4)_ORIGINAL.jpg;558
2741;3659;16;MANDRILLS BKB_16_20140325_id16_femadu_(5)_ORIGINAL.jpg;918
2909;3659;16;MANDRILLS BKB_16_20140325_id16_femadu_(6)_ORIGINAL.jpg;750
2903;3659;16;MANDRILLS BKB_16_20140325_id16_femadu_(7)_ORIGINAL.jpg;756
2972;3659;16;MANDRILLS BKB_16_20140325_id16_femadu_(8)_ORIGINAL.jpg;687
2645;3659;16;MANDRILLS BKB_16_20140325_id16_femadu_(9)_ORIGINAL.jpg;1014
2775;3666;16;MANDRILLS BKB_16_20140401_id16_femaduGAUCHE_(1)_ORIGINAL.jpg;891
3398;3666;16;MANDRILLS BKB_16_20140401_id16_femaduGAUCHE_(10)_ORIGINAL.jpg;268
2984;3666;16;MANDRILLS BKB_16_20140401_id16_femaduGAUCHE_(11)_ORIGINAL.jpg;682
2763;3666;16;MANDRILLS BKB_16_20140401_id16_femaduGAUCHE_(12)_ORIGINAL.jpg;903
2638;3666;16;MANDRILLS BKB_16_20140401_id16_femaduGAUCHE_(13)_ORIGINAL.jpg;1028
3045;3666;16;MANDRILLS BKB_16_20140401_id16_femaduGAUCHE_(14)_ORIGINAL.jpg;621
4035;3666;16;MANDRILLS BKB_16_20140401_id16_femaduGAUCHE_(15)_ORIGINAL.jpg;369
4287;3666;16;MANDRILLS BKB_16_20140401_id16_femaduGAUCHE_(16)_ORIGINAL.jpg;621
2887;3666;16;MANDRILLS BKB_16_20140401_id16_femaduGAUCHE_(17)_ORIGINAL.jpg;779
3453;3666;16;MANDRILLS BKB_16_20140401_id16_femaduGAUCHE_(19)_ORIGINAL.jpg;213
4116;3666;16;MANDRILLS BKB_16_20140401_id16_femaduGAUCHE_(2)_ORIGINAL.jpg;450
2646;3666;16;MANDRILLS BKB_16_20140401_id16_femaduGAUCHE_(20)_ORIGINAL.jpg;1020
2666;3666;16;MANDRILLS BKB_16_20140401_id16_femaduGAUCHE_(21)_ORIGINAL.jpg;1000
2911;3666;16;MANDRILLS BKB_16_20140401_id16_femaduGAUCHE_(22)_ORIGINAL.jpg;755
2987;3666;16;MANDRILLS BKB_16_20140401_id16_femaduGAUCHE_(24)_ORIGINAL.jpg;679
3332;3666;16;MANDRILLS BKB_16_20140401_id16_femaduGAUCHE_(26)_ORIGINAL.jpg;334
2969;3666;16;MANDRILLS BKB_16_20140401_id16_femaduGAUCHE_(28)_ORIGINAL.jpg;697
5082;3666;16;MANDRILLS BKB_16_20140401_id16_femaduGAUCHE_(29)_ORIGINAL.jpg;1416
3048;3666;16;MANDRILLS BKB_16_20140401_id16_femaduGAUCHE_(3)_ORIGINAL.jpg;618
3080;3666;16;MANDRILLS BKB_16_20140401_id16_femaduGAUCHE_(30)_ORIGINAL.jpg;586
2851;3666;16;MANDRILLS BKB_16_20140401_id16_femaduGAUCHE_(31)_ORIGINAL.jpg;815
2785;3666;16;MANDRILLS BKB_16_20140401_id16_femaduGAUCHE_(32)_ORIGINAL.jpg;881
2782;3666;16;MANDRILLS BKB_16_20140401_id16_femaduGAUCHE_(33)_ORIGINAL.jpg;884
2854;3666;16;MANDRILLS BKB_16_20140401_id16_femaduGAUCHE_(34)_ORIGINAL.jpg;812
2860;3666;16;MANDRILLS BKB_16_20140401_id16_femaduGAUCHE_(38)_ORIGINAL.jpg;806
2934;3666;16;MANDRILLS BKB_16_20140401_id16_femaduGAUCHE_(39)_ORIGINAL.jpg;732
3339;3666;16;MANDRILLS BKB_16_20140401_id16_femaduGAUCHE_(40)_ORIGINAL.jpg;327
2789;3666;16;MANDRILLS BKB_16_20140401_id16_femaduGAUCHE_(41)_ORIGINAL.jpg;877
2890;3666;16;MANDRILLS BKB_16_20140401_id16_femaduGAUCHE_(43)_ORIGINAL.jpg;776
3749;3666;16;MANDRILLS BKB_16_20140401_id16_femaduGAUCHE_(45)_ORIGINAL.jpg;83
3983;3666;16;MANDRILLS BKB_16_20140401_id16_femaduGAUCHE_(6)_ORIGINAL.jpg;317
2494;3666;16;MANDRILLS BKB_16_20140401_id16_femaduGAUCHE_(7)_ORIGINAL.jpg;1172
4084;3666;16;MANDRILLS BKB_16_20140401_id16_femaduGAUCHE_(8)_ORIGINAL.jpg;418
2993;3666;16;MANDRILLS BKB_16_20140401_id16_femaduGAUCHE_(9)_ORIGINAL.jpg;673
2388;3666;16;MANDRILLS BKB_16_20140401_id16_femadu_(5)_ORIGINAL.jpg;1278
3323;3676;16;MANDRILLS BKB_16_20140411_id16_femadu_(1)_ORIGINAL.jpg;353
3633;3676;16;MANDRILLS BKB_16_20140411_id16_femadu_(10)_ORIGINAL.jpg;43
5011;3676;16;MANDRILLS BKB_16_20140411_id16_femadu_(13)_ORIGINAL.jpg;1335
4503;3676;16;MANDRILLS BKB_16_20140411_id16_femadu_(14)_ORIGINAL.jpg;827
4523;3676;16;MANDRILLS BKB_16_20140411_id16_femadu_(15)_ORIGINAL.jpg;847
5573;3676;16;MANDRILLS BKB_16_20140411_id16_femadu_(18)_ORIGINAL.jpg;1897
6057;3676;16;MANDRILLS BKB_16_20140411_id16_femadu_(2)_ORIGINAL.jpg;2381
4500;3676;16;MANDRILLS BKB_16_20140411_id16_femadu_(21)_ORIGINAL.jpg;824
5376;3676;16;MANDRILLS BKB_16_20140411_id16_femadu_(22)_ORIGINAL.jpg;1700
5308;3676;16;MANDRILLS BKB_16_20140411_id16_femadu_(23)_ORIGINAL.jpg;1632
5807;3676;16;MANDRILLS BKB_16_20140411_id16_femadu_(24)_ORIGINAL.jpg;2131
4117;3676;16;MANDRILLS BKB_16_20140411_id16_femadu_(25)_ORIGINAL.jpg;441
3376;3676;16;MANDRILLS BKB_16_20140411_id16_femadu_(26)_ORIGINAL.jpg;300
4771;3676;16;MANDRILLS BKB_16_20140411_id16_femadu_(28)_ORIGINAL.jpg;1095
5574;3676;16;MANDRILLS BKB_16_20140411_id16_femadu_(29)_ORIGINAL.jpg;1898
4516;3676;16;MANDRILLS BKB_16_20140411_id16_femadu_(30)_ORIGINAL.jpg;840
4764;3676;16;MANDRILLS BKB_16_20140411_id16_femadu_(31)_ORIGINAL.jpg;1088
4700;3676;16;MANDRILLS BKB_16_20140411_id16_femadu_(32)_ORIGINAL.jpg;1024
5394;3676;16;MANDRILLS BKB_16_20140411_id16_femadu_(33)_ORIGINAL.jpg;1718
4297;3676;16;MANDRILLS BKB_16_20140411_id16_femadu_(34)_ORIGINAL.jpg;621
3747;3676;16;MANDRILLS BKB_16_20140411_id16_femadu_(35)_ORIGINAL.jpg;71
4713;3676;16;MANDRILLS BKB_16_20140411_id16_femadu_(36)_ORIGINAL.jpg;1037
5891;3676;16;MANDRILLS BKB_16_20140411_id16_femadu_(37)_ORIGINAL.jpg;2215
3723;3676;16;MANDRILLS BKB_16_20140411_id16_femadu_(39)_ORIGINAL.jpg;47
4818;3676;16;MANDRILLS BKB_16_20140411_id16_femadu_(4)_ORIGINAL.jpg;1142
5223;3676;16;MANDRILLS BKB_16_20140411_id16_femadu_(40)_ORIGINAL.jpg;1547
4536;3676;16;MANDRILLS BKB_16_20140411_id16_femadu_(41)_ORIGINAL.jpg;860
4682;3676;16;MANDRILLS BKB_16_20140411_id16_femadu_(43)_ORIGINAL.jpg;1006
4998;3676;16;MANDRILLS BKB_16_20140411_id16_femadu_(44)_ORIGINAL.jpg;1322
3481;3676;16;MANDRILLS BKB_16_20140411_id16_femadu_(45)_ORIGINAL.jpg;195
5659;3676;16;MANDRILLS BKB_16_20140411_id16_femadu_(47)_ORIGINAL.jpg;1983
5676;3676;16;MANDRILLS BKB_16_20140411_id16_femadu_(49)_ORIGINAL.jpg;2000
6252;3676;16;MANDRILLS BKB_16_20140411_id16_femadu_(5)_ORIGINAL.jpg;2576
2855;3676;16;MANDRILLS BKB_16_20140411_id16_femadu_(50)_ORIGINAL.jpg;821
5797;3676;16;MANDRILLS BKB_16_20140411_id16_femadu_(6)_ORIGINAL.jpg;2121
3953;3676;16;MANDRILLS BKB_16_20140411_id16_femadu_(8)_ORIGINAL.jpg;277
4312;3676;16;MANDRILLS BKB_16_20140411_id16_femadu_(9)_ORIGINAL.jpg;636
3470;3758;16;MANDRILLS BKB_16_20140702_id16_femadu_(1)_ORIGINAL.jpg;288
3649;3758;16;MANDRILLS BKB_16_20140702_id16_femadu_(10)_ORIGINAL.jpg;109
3642;3758;16;MANDRILLS BKB_16_20140702_id16_femadu_(11)_ORIGINAL.jpg;116
4289;3758;16;MANDRILLS BKB_16_20140702_id16_femadu_(12)_ORIGINAL.jpg;531
3478;3758;16;MANDRILLS BKB_16_20140702_id16_femadu_(13)_ORIGINAL.jpg;280
2867;3758;16;MANDRILLS BKB_16_20140702_id16_femadu_(14)_ORIGINAL.jpg;891
3423;3758;16;MANDRILLS BKB_16_20140702_id16_femadu_(15)_ORIGINAL.jpg;335
3645;3758;16;MANDRILLS BKB_16_20140702_id16_femadu_(17)_ORIGINAL.jpg;113
3989;3758;16;MANDRILLS BKB_16_20140702_id16_femadu_(18)_ORIGINAL.jpg;231
4104;3758;16;MANDRILLS BKB_16_20140702_id16_femadu_(19)_ORIGINAL.jpg;346
3891;3758;16;MANDRILLS BKB_16_20140702_id16_femadu_(2)_ORIGINAL.jpg;133
3702;3758;16;MANDRILLS BKB_16_20140702_id16_femadu_(20)_ORIGINAL.jpg;56
3673;3758;16;MANDRILLS BKB_16_20140702_id16_femadu_(21)_ORIGINAL.jpg;85
3750;3758;16;MANDRILLS BKB_16_20140702_id16_femadu_(22)_ORIGINAL.jpg;8
3868;3758;16;MANDRILLS BKB_16_20140702_id16_femadu_(23)_ORIGINAL.jpg;110
3715;3758;16;MANDRILLS BKB_16_20140702_id16_femadu_(24)_ORIGINAL.jpg;43
3571;3758;16;MANDRILLS BKB_16_20140702_id16_femadu_(25)_ORIGINAL.jpg;187
3324;3758;16;MANDRILLS BKB_16_20140702_id16_femadu_(26)_ORIGINAL.jpg;434
3268;3758;16;MANDRILLS BKB_16_20140702_id16_femadu_(27)_ORIGINAL.jpg;490
3877;3758;16;MANDRILLS BKB_16_20140702_id16_femadu_(3)_ORIGINAL.jpg;119
3326;3758;16;MANDRILLS BKB_16_20140702_id16_femadu_(4)_ORIGINAL.jpg;432
3078;3758;16;MANDRILLS BKB_16_20140702_id16_femadu_(5)_ORIGINAL.jpg;680
3950;3758;16;MANDRILLS BKB_16_20140702_id16_femadu_(6)_ORIGINAL.jpg;192
3890;3758;16;MANDRILLS BKB_16_20140702_id16_femadu_(7)_ORIGINAL.jpg;132
3737;3758;16;MANDRILLS BKB_16_20140702_id16_femadu_(8)_ORIGINAL.jpg;21
3451;3758;16;MANDRILLS BKB_16_20140702_id16_femadu_(9)_ORIGINAL.jpg;307
3303;3762;16;MANDRILLS BKB_16_20140706_id16_femadu_(1)_ORIGINAL.jpg;459
3216;3762;16;MANDRILLS BKB_16_20140706_id16_femadu_(10)_ORIGINAL.jpg;546
4032;3762;16;MANDRILLS BKB_16_20140706_id16_femadu_(11)_ORIGINAL.jpg;270
3043;3762;16;MANDRILLS BKB_16_20140706_id16_femadu_(12)_ORIGINAL.jpg;719
3557;3762;16;MANDRILLS BKB_16_20140706_id16_femadu_(13)_ORIGINAL.jpg;205
4342;3762;16;MANDRILLS BKB_16_20140706_id16_femadu_(2)_ORIGINAL.jpg;580
3994;3762;16;MANDRILLS BKB_16_20140706_id16_femadu_(3)_ORIGINAL.jpg;232
2718;3762;16;MANDRILLS BKB_16_20140706_id16_femadu_(4)_ORIGINAL.jpg;1044
3786;3762;16;MANDRILLS BKB_16_20140706_id16_femadu_(5)_ORIGINAL.jpg;24
3327;3762;16;MANDRILLS BKB_16_20140706_id16_femadu_(6)_ORIGINAL.jpg;435
3011;3762;16;MANDRILLS BKB_16_20140706_id16_femadu_(7)_ORIGINAL.jpg;751
3631;3762;16;MANDRILLS BKB_16_20140706_id16_femadu_(8)_ORIGINAL.jpg;131
3879;3762;16;MANDRILLS BKB_16_20140706_id16_femadu_(9)_ORIGINAL.jpg;117
3389;3811;16;MANDRILLS BKB_16_20140824_id16_femadu_(1)_ORIGINAL.jpg;422
2590;3811;16;MANDRILLS BKB_16_20140824_id16_femadu_(2)_ORIGINAL.jpg;1221
3252;3916;16;MANDRILLS BKB_16_20141207_id16_femadu_(4)_ORIGINAL.jpg;664
2627;4008;16;MANDRILLS BKB_16_20150309_id16_femadu_(1)_ORIGINAL.jpg;1381
2924;4008;16;MANDRILLS BKB_16_20150309_id16_femadu_(2)_ORIGINAL.jpg;1084
3123;4076;16;MANDRILLS BKB_16_20150516_id16_femadu_ORIGINAL.jpg;953
3164;4113;16;MANDRILLS BKB_16_20150622_id16_femadu_(1)_ORIGINAL.jpg;949
5267;4113;16;MANDRILLS BKB_16_20150622_id16_femadu_(2)_ORIGINAL.jpg;1154
2854;4113;16;MANDRILLS BKB_16_20150622_id16_femadu_(3)_ORIGINAL.jpg;1259
2948;4113;16;MANDRILLS BKB_16_20150622_id16_femadu_(4)_ORIGINAL.jpg;1165
2992;4113;16;MANDRILLS BKB_16_20150622_id16_femadu_(5)_ORIGINAL.jpg;1121
2951;4113;16;MANDRILLS BKB_16_20150622_id16_femadu_(6)_ORIGINAL.jpg;1162
3157;4113;16;MANDRILLS BKB_16_20150622_id16_femadu_(7)_ORIGINAL.jpg;956
5241;4120;16;MANDRILLS BKB_16_20150629_id16_femadu_(1)_ORIGINAL.jpg;1121
3366;4120;16;MANDRILLS BKB_16_20150629_id16_femadu_(2)_ORIGINAL.jpg;754
2449;4137;16;MANDRILLS BKB_16_20150716_id16_femadu_(1)_ORIGINAL.jpg;1688
2668;4137;16;MANDRILLS BKB_16_20150716_id16_femadu_(2)_ORIGINAL.jpg;1469
3535;4137;16;MANDRILLS BKB_16_20150716_id16_femadu_(3)_ORIGINAL.jpg;602
4990;4137;16;MANDRILLS BKB_16_20150716_id16_femadu_ORIGINAL.jpg;853
5004;4268;16;MANDRILLS BKB_16_20151124_id16_femadu_(1)_ORIGINAL.jpg;736
5409;4268;16;MANDRILLS BKB_16_20151124_id16_femadu_(2)_ORIGINAL.jpg;1141
3264;4274;16;MANDRILLS BKB_16_20151130_id16_femadu_(2)_ORIGINAL.jpg;1010
2607;4274;16;MANDRILLS BKB_16_20151130_id16_femadu_(4)_ORIGINAL.jpg;1667
3086;4274;16;MANDRILLS BKB_16_20151130_id16_femadu_(5)_ORIGINAL.jpg;1188
2912;4274;16;MANDRILLS BKB_16_20151130_id16_femadu_(6)_ORIGINAL.jpg;1362
2854;4274;16;MANDRILLS BKB_16_20151130_id16_femadu_(7)_ORIGINAL.jpg;1420
3674;4284;16;MANDRILLS BKB_16_20151210_id16_femadu_(1)_ORIGINAL.jpg;610
4299;4284;16;MANDRILLS BKB_16_20151210_id16_femadu_(3)_ORIGINAL.jpg;15
5326;4338;16;MANDRILLS BKB_16_20160202_id16_femadu_ORIGINAL.jpg;988
3082;4509;16;MANDRILLS BKB_16_20160722_id16_femadu_(1)_ORIGINAL.jpg;1427
3338;4509;16;MANDRILLS BKB_16_20160722_id16_femadu_(2)_ORIGINAL.jpg;1171
3845;4785;16;MANDRILLS BKB_16_20170424_id16_femadu_(1)_ORIGINAL.jpg;940
3923;4785;16;MANDRILLS BKB_16_20170424_id16_femadu_(10)_ORIGINAL.jpg;862
5341;4785;16;MANDRILLS BKB_16_20170424_id16_femadu_(2)_ORIGINAL.jpg;556
4476;4785;16;MANDRILLS BKB_16_20170424_id16_femadu_(3)_ORIGINAL.jpg;309
4249;4785;16;MANDRILLS BKB_16_20170424_id16_femadu_(4)_ORIGINAL.jpg;536
4136;4785;16;MANDRILLS BKB_16_20170424_id16_femadu_(5)_ORIGINAL.jpg;649
3855;4785;16;MANDRILLS BKB_16_20170424_id16_femadu_(6)_ORIGINAL.jpg;930
4950;4785;16;MANDRILLS BKB_16_20170424_id16_femadu_(7)_ORIGINAL.jpg;165
4040;4785;16;MANDRILLS BKB_16_20170424_id16_femadu_(8)_ORIGINAL.jpg;745
3352;4785;16;MANDRILLS BKB_16_20170424_id16_femadu_(9)_ORIGINAL.jpg;1433
3006;4800;16;MANDRILLS BKB_16_20170509_id16_femadu_(10)_ORIGINAL.jpg;1794
5182;4800;16;MANDRILLS BKB_16_20170509_id16_femadu_(11)_ORIGINAL.jpg;382
3173;4800;16;MANDRILLS BKB_16_20170509_id16_femadu_(12)_ORIGINAL.jpg;1627
5639;4800;16;MANDRILLS BKB_16_20170509_id16_femadu_(13)_ORIGINAL.jpg;839
4441;4800;16;MANDRILLS BKB_16_20170509_id16_femadu_(14)_ORIGINAL.jpg;359
5436;4800;16;MANDRILLS BKB_16_20170509_id16_femadu_(15)_ORIGINAL.jpg;636
4490;4800;16;MANDRILLS BKB_16_20170509_id16_femadu_(16)_ORIGINAL.jpg;310
3039;4800;16;MANDRILLS BKB_16_20170509_id16_femadu_(17)_ORIGINAL.jpg;1761
5493;4800;16;MANDRILLS BKB_16_20170509_id16_femadu_(18)_ORIGINAL.jpg;693
5538;4800;16;MANDRILLS BKB_16_20170509_id16_femadu_(19)_ORIGINAL.jpg;738
5044;4800;16;MANDRILLS BKB_16_20170509_id16_femadu_(2)_ORIGINAL.jpg;244
6136;4800;16;MANDRILLS BKB_16_20170509_id16_femadu_(20)_ORIGINAL.jpg;1336
5868;4800;16;MANDRILLS BKB_16_20170509_id16_femadu_(21)_ORIGINAL.jpg;1068
5955;4800;16;MANDRILLS BKB_16_20170509_id16_femadu_(22)_ORIGINAL.jpg;1155
5480;4800;16;MANDRILLS BKB_16_20170509_id16_femadu_(23)_ORIGINAL.jpg;680
5305;4800;16;MANDRILLS BKB_16_20170509_id16_femadu_(24)_ORIGINAL.jpg;505
3562;4800;16;MANDRILLS BKB_16_20170509_id16_femadu_(25)_ORIGINAL.jpg;1238
3230;4800;16;MANDRILLS BKB_16_20170509_id16_femadu_(26)_ORIGINAL.jpg;1570
3035;4800;16;MANDRILLS BKB_16_20170509_id16_femadu_(27)_ORIGINAL.jpg;1765
3972;4800;16;MANDRILLS BKB_16_20170509_id16_femadu_(28)_ORIGINAL.jpg;828
5927;4800;16;MANDRILLS BKB_16_20170509_id16_femadu_(29)_ORIGINAL.jpg;1127
5441;4800;16;MANDRILLS BKB_16_20170509_id16_femadu_(3)_ORIGINAL.jpg;641
5035;4800;16;MANDRILLS BKB_16_20170509_id16_femadu_(31)_ORIGINAL.jpg;235
5897;4800;16;MANDRILLS BKB_16_20170509_id16_femadu_(32)_ORIGINAL.jpg;1097
5839;4800;16;MANDRILLS BKB_16_20170509_id16_femadu_(33)_ORIGINAL.jpg;1039
6072;4800;16;MANDRILLS BKB_16_20170509_id16_femadu_(34)_ORIGINAL.jpg;1272
6305;4800;16;MANDRILLS BKB_16_20170509_id16_femadu_(35)_ORIGINAL.jpg;1505
5782;4800;16;MANDRILLS BKB_16_20170509_id16_femadu_(36)_ORIGINAL.jpg;982
5824;4800;16;MANDRILLS BKB_16_20170509_id16_femadu_(4)_ORIGINAL.jpg;1024
5538;4800;16;MANDRILLS BKB_16_20170509_id16_femadu_(5)_ORIGINAL.jpg;738
5727;4800;16;MANDRILLS BKB_16_20170509_id16_femadu_(6)_ORIGINAL.jpg;927
5562;4800;16;MANDRILLS BKB_16_20170509_id16_femadu_(7)_ORIGINAL.jpg;762
3231;4800;16;MANDRILLS BKB_16_20170509_id16_femadu_(8)_ORIGINAL.jpg;1569
5074;4800;16;MANDRILLS BKB_16_20170509_id16_femadu_(9)_ORIGINAL.jpg;274
2554;5142;16;MANDRILLS BKB_16_20180416_id16_femadu_(1)_ORIGINAL.jpg;2588
3250;5142;16;MANDRILLS BKB_16_20180416_id16_femadu_(10)_ORIGINAL.jpg;1892
2928;5142;16;MANDRILLS BKB_16_20180416_id16_femadu_(11)_ORIGINAL.jpg;2214
4417;5142;16;MANDRILLS BKB_16_20180416_id16_femadu_(12)_ORIGINAL.jpg;725
5351;5142;16;MANDRILLS BKB_16_20180416_id16_femadu_(13)_ORIGINAL.jpg;209
3150;5142;16;MANDRILLS BKB_16_20180416_id16_femadu_(14)_ORIGINAL.jpg;1992
2650;5142;16;MANDRILLS BKB_16_20180416_id16_femadu_(15)_ORIGINAL.jpg;2492
4324;5142;16;MANDRILLS BKB_16_20180416_id16_femadu_(2)_ORIGINAL.jpg;818
2913;5142;16;MANDRILLS BKB_16_20180416_id16_femadu_(3)_ORIGINAL.jpg;2229
5731;5142;16;MANDRILLS BKB_16_20180416_id16_femadu_(4)_ORIGINAL.jpg;589
4666;5142;16;MANDRILLS BKB_16_20180416_id16_femadu_(5)_ORIGINAL.jpg;476
5612;5142;16;MANDRILLS BKB_16_20180416_id16_femadu_(6)_ORIGINAL.jpg;470
5562;5142;16;MANDRILLS BKB_16_20180416_id16_femadu_(7)_ORIGINAL.jpg;420
2917;5142;16;MANDRILLS BKB_16_20180416_id16_femadu_(8)_ORIGINAL.jpg;2225
6324;5142;16;MANDRILLS BKB_16_20180416_id16_femadu_(9)_ORIGINAL.jpg;1182
6437;5200;16;MANDRILLS BKB_16_20180613_id16_femadu_(1)_ORIGINAL.jpg;1237
4119;5200;16;MANDRILLS BKB_16_20180613_id16_femadu_(10)_ORIGINAL.jpg;1081
2962;5200;16;MANDRILLS BKB_16_20180613_id16_femadu_(11)_ORIGINAL.jpg;2238
6303;5200;16;MANDRILLS BKB_16_20180613_id16_femadu_(13)_ORIGINAL.jpg;1103
5738;5200;16;MANDRILLS BKB_16_20180613_id16_femadu_(2)_ORIGINAL.jpg;538
2782;5200;16;MANDRILLS BKB_16_20180613_id16_femadu_(3)_ORIGINAL.jpg;2418
3482;5200;16;MANDRILLS BKB_16_20180613_id16_femadu_(4)_ORIGINAL.jpg;1718
5921;5200;16;MANDRILLS BKB_16_20180613_id16_femadu_(5)_ORIGINAL.jpg;721
6130;5200;16;MANDRILLS BKB_16_20180613_id16_femadu_(6)_ORIGINAL.jpg;930
6371;5200;16;MANDRILLS BKB_16_20180613_id16_femadu_(7)_ORIGINAL.jpg;1171
3316;5200;16;MANDRILLS BKB_16_20180613_id16_femadu_(8)_ORIGINAL.jpg;1884
5225;5200;16;MANDRILLS BKB_16_20180613_id16_femadu_(9)_ORIGINAL.jpg;25
3090;5201;16;MANDRILLS BKB_16_20180614_id16_femadu_(1)_ORIGINAL.jpg;2111
4713;5201;16;MANDRILLS BKB_16_20180614_id16_femadu_(4)_ORIGINAL.jpg;488
4636;5201;16;MANDRILLS BKB_16_20180614_id16_femadu_(5)_ORIGINAL.jpg;565
4413;5201;16;MANDRILLS BKB_16_20180614_id16_femadu_(6)_ORIGINAL.jpg;788
5246;5201;16;MANDRILLS BKB_16_20180614_id16_femadu_(7)_ORIGINAL.jpg;45
5298;5206;16;MANDRILLS BKB_16_20180619_id16_femadu_(1)_ORIGINAL.jpg;92
3947;5206;16;MANDRILLS BKB_16_20180619_id16_femadu_(3)_ORIGINAL.jpg;1259
3604;5206;16;MANDRILLS BKB_16_20180619_id16_femadu_(4)_ORIGINAL.jpg;1602
3947;5206;16;MANDRILLS BKB_16_20180619_id16_femadu_(5)_ORIGINAL.jpg;1259
4407;5206;16;MANDRILLS BKB_16_20180619_id16_femadu_(6)_ORIGINAL.jpg;799
4000;5206;16;MANDRILLS BKB_16_20180619_id16_femadu_(7)_ORIGINAL.jpg;1206
2797;5207;16;MANDRILLS BKB_16_20180620_id16_femadu_(1)_ORIGINAL.jpg;2410
5857;5207;16;MANDRILLS BKB_16_20180620_id16_femadu_(10)_ORIGINAL.jpg;650
3138;5207;16;MANDRILLS BKB_16_20180620_id16_femadu_(11)_ORIGINAL.jpg;2069
3044;5207;16;MANDRILLS BKB_16_20180620_id16_femadu_(12)_ORIGINAL.jpg;2163
3336;5207;16;MANDRILLS BKB_16_20180620_id16_femadu_(13)_ORIGINAL.jpg;1871
5631;5207;16;MANDRILLS BKB_16_20180620_id16_femadu_(14)_ORIGINAL.jpg;424
3047;5207;16;MANDRILLS BKB_16_20180620_id16_femadu_(15)_ORIGINAL.jpg;2160
3126;5207;16;MANDRILLS BKB_16_20180620_id16_femadu_(16)_ORIGINAL.jpg;2081
2938;5207;16;MANDRILLS BKB_16_20180620_id16_femadu_(17)_ORIGINAL.jpg;2269
3190;5207;16;MANDRILLS BKB_16_20180620_id16_femadu_(18)_ORIGINAL.jpg;2017
3586;5207;16;MANDRILLS BKB_16_20180620_id16_femadu_(19)_ORIGINAL.jpg;1621
3226;5207;16;MANDRILLS BKB_16_20180620_id16_femadu_(20)_ORIGINAL.jpg;1981
6882;5207;16;MANDRILLS BKB_16_20180620_id16_femadu_(3)_ORIGINAL.jpg;1675
6434;5207;16;MANDRILLS BKB_16_20180620_id16_femadu_(4)_ORIGINAL.jpg;1227
7510;5207;16;MANDRILLS BKB_16_20180620_id16_femadu_(5)_ORIGINAL.jpg;2303
7719;5207;16;MANDRILLS BKB_16_20180620_id16_femadu_(6)_ORIGINAL.jpg;2512
5822;5214;16;MANDRILLS BKB_16_20180627_id16_femadu_(2)_ORIGINAL.jpg;608
5687;5214;16;MANDRILLS BKB_16_20180627_id16_femadu_(3)_ORIGINAL.jpg;473
5314;5214;16;MANDRILLS BKB_16_20180627_id16_femadu_(4)_ORIGINAL.jpg;100
4992;5214;16;MANDRILLS BKB_16_20180627_id16_femadu_(6)_ORIGINAL.jpg;222
3023;5223;16;MANDRILLS BKB_16_20180706_id16_femadu_(1)_ORIGINAL.jpg;2200
5615;5223;16;MANDRILLS BKB_16_20180706_id16_femadu_(3)_ORIGINAL.jpg;392
4088;5223;16;MANDRILLS BKB_16_20180706_id16_femadu_(5)_ORIGINAL.jpg;1135
5097;5243;16;MANDRILLS BKB_16_20180726_id16_femadu_(1)_ORIGINAL.jpg;146
5255;5243;16;MANDRILLS BKB_16_20180726_id16_femadu_(2)_ORIGINAL.jpg;12
5763;5243;16;MANDRILLS BKB_16_20180726_id16_femadu_(4)_ORIGINAL.jpg;520
5093;5244;16;MANDRILLS BKB_16_20180727_id16_femadu_(1)_ORIGINAL.jpg;151
4872;5244;16;MANDRILLS BKB_16_20180727_id16_femadu_(2)_ORIGINAL.jpg;372
3954;5244;16;MANDRILLS BKB_16_20180727_id16_femadu_(3)_ORIGINAL.jpg;1290
3651;5244;16;MANDRILLS BKB_16_20180727_id16_femadu_(4)_ORIGINAL.jpg;1593
4283;5244;16;MANDRILLS BKB_16_20180727_id16_femadu_(5)_ORIGINAL.jpg;961
2558;5317;16;MANDRILLS BKB_16_20181008_id16_femadu_(1)_ORIGINAL.jpg;2759
3371;5317;16;MANDRILLS BKB_16_20181008_id16_femadu_(2)_ORIGINAL.jpg;1946
5507;5317;16;MANDRILLS BKB_16_20181008_id16_femadu_(3)_ORIGINAL.jpg;190
2790;5317;16;MANDRILLS BKB_16_20181008_id16_femadu_(4)_ORIGINAL.jpg;2527
2573;5317;16;MANDRILLS BKB_16_20181008_id16_femadu_(5)_ORIGINAL.jpg;2744
5839;5421;16;MANDRILLS BKB_16_20190120_id16_femadu_(1)_ORIGINAL.jpg;418
5863;5421;16;MANDRILLS BKB_16_20190120_id16_femadu_(2)_ORIGINAL.jpg;442
5918;5421;16;MANDRILLS BKB_16_20190120_id16_femadu_(3)_ORIGINAL.jpg;497
5722;5421;16;MANDRILLS BKB_16_20190120_id16_femadu_(4)_ORIGINAL.jpg;301
3180;5473;16;MANDRILLS BKB_16_20190313_id16_femadu.jpg;2293
3472;5477;16;MANDRILLS BKB_16_20190317_id16_femadu_(1).jpg;2005
3157;5477;16;MANDRILLS BKB_16_20190317_id16_femadu_(3).jpg;2320
5269;5477;16;MANDRILLS BKB_16_20190317_id16_femadu_(4).jpg;208
3904;5477;16;MANDRILLS BKB_16_20190317_id16_femadu_(5).jpg;1573
3040;5479;16;MANDRILLS BKB_16_20190319_id16_femadu_(1).jpg;2439
5761;5479;16;MANDRILLS BKB_16_20190319_id16_femadu_(3).jpg;282
3097;5479;16;MANDRILLS BKB_16_20190319_id16_femadu_(4).jpg;2382
5735;5479;16;MANDRILLS BKB_16_20190319_id16_femadu_(5).jpg;256
4830;5479;16;MANDRILLS BKB_16_20190319_id16_femadu_(6).jpg;649
4808;5479;16;MANDRILLS BKB_16_20190319_id16_femadu_(7).jpg;671
3262;5479;16;MANDRILLS BKB_16_20190319_id16_femadu_(8).jpg;2217
6491;5611;16;MANDRILLS BKB_16_20190729_id16_femadu_(2).jpg;880
3007;5611;16;MANDRILLS BKB_16_20190729_id16_femadu_(3).jpg;2604
6276;5611;16;MANDRILLS BKB_16_20190729_id16_femadu_(6).jpg;665
5316;5623;16;MANDRILLS BKB_16_20190810_id16_femadu_BAS.jpg;307
6534;5623;16;MANDRILLS BKB_16_20190810_id16_femadu_CENTRE_(1).jpg;911
4121;5623;16;MANDRILLS BKB_16_20190810_id16_femadu_CENTRE_(2).jpg;1502
5713;5623;16;MANDRILLS BKB_16_20190810_id16_femadu_HAUT_(2).jpg;90
6222;5623;16;MANDRILLS BKB_16_20190810_id16_femadu_HAUT_(3).jpg;599
5705;5631;16;MANDRILLS BKB_16_20190818_id16_femadu_(1).jpg;74
6469;5631;16;MANDRILLS BKB_16_20190818_id16_femadu_(11).jpg;838
5137;5631;16;MANDRILLS BKB_16_20190818_id16_femadu_(13).jpg;494
5212;5631;16;MANDRILLS BKB_16_20190818_id16_femadu_(15).jpg;419
3245;5631;16;MANDRILLS BKB_16_20190818_id16_femadu_(2).jpg;2386
3299;5631;16;MANDRILLS BKB_16_20190818_id16_femadu_(4).jpg;2332
5945;5652;16;MANDRILLS BKB_16_20190908_id16_femadu_(1).jpg;293
6739;5652;16;MANDRILLS BKB_16_20190908_id16_femadu_(3).jpg;1087
6798;5652;16;MANDRILLS BKB_16_20190908_id16_femadu_(4).jpg;1146
6993;5702;16;MANDRILLS BKB_16_20191028_id16_femadu.jpg;1291
2827;5713;16;MANDRILLS BKB_16_20191108_id16_femadu.jpg;2886
3341;5716;16;MANDRILLS BKB_16_20191111_id16_femadu.jpg;2375
5939;5742;16;MANDRILLS BKB_16_20191207_id16_femadu.jpg;197
3113;5753;16;MANDRILLS BKB_16_20191218_id16_femadu.jpg;2640
2923;5890;16;MANDRILLS BKB_16_20200503_id16_femadu.jpg;2967
6747;6057;16;MANDRILLS BKB_16_20201017_id16_femadu_(1).jpg;690
6599;6057;16;MANDRILLS BKB_16_20201017_id16_femadu_(2).jpg;542
6719;6057;16;MANDRILLS BKB_16_20201017_id16_femadu_(3).jpg;662
3373;6062;16;MANDRILLS BKB_16_20201022_id16_femadu_(1).jpg;2689
3224;6062;16;MANDRILLS BKB_16_20201022_id16_femadu_(2).jpg;2838
5044;6062;16;MANDRILLS BKB_16_20201022_id16_femadu_(3).jpg;1018
5374;6062;16;MANDRILLS BKB_16_20201022_id16_femadu_(4).jpg;688
4755;6062;16;MANDRILLS BKB_16_20201022_id16_femadu_(5).jpg;1307
7098;6062;16;MANDRILLS BKB_16_20201022_id16_femadu_(6).jpg;1036
7168;6062;16;MANDRILLS BKB_16_20201022_id16_femadu_(7).jpg;1106
3513;6068;16;MANDRILLS BKB_16_20201028_id16_femadu_(1).jpg;2555
5978;6068;16;MANDRILLS BKB_16_20201028_id16_femadu_(2).jpg;90
7303;6072;16;MANDRILLS BKB_16_20201101_id16_femadu_(1).jpg;1231
7181;6072;16;MANDRILLS BKB_16_20201101_id16_femadu_(2).jpg;1109
6520;6074;16;MANDRILLS BKB_16_20201103_id16_femadu.jpg;446
6741;6075;16;MANDRILLS BKB_16_20201104_id16_femadu_(1).jpg;666
6515;6075;16;MANDRILLS BKB_16_20201104_id16_femadu_(2).jpg;440
5196;6078;16;MANDRILLS BKB_16_20201107_id16_femadu.jpg;882
6082;6092;16;MANDRILLS BKB_16_20201121_id16_femadu.jpg;10
6453;6095;16;MANDRILLS BKB_16_20201124_id16_femadu.jpg;358
6969;6117;16;MANDRILLS BKB_16_20201216_id16_femadu.jpg;852
5300;6117;16;MANDRILLS BKB_16_20201216_id16_femadu_(1).jpg;817
4867;6117;16;MANDRILLS BKB_16_20201216_id16_femadu_(2).jpg;1250
6738;6117;16;MANDRILLS BKB_16_20201216_id16_femadu_(3).jpg;621
6903;6117;16;MANDRILLS BKB_16_20201216_id16_femadu_(4).jpg;786
6844;6117;16;MANDRILLS BKB_16_20201216_id16_femadu_(5).jpg;727
7087;6130;16;MANDRILLS BKB_16_20201229_id16_femadu_(1).jpg;957
6641;6130;16;MANDRILLS BKB_16_20201229_id16_femadu_(2).jpg;511
7141;6130;16;MANDRILLS BKB_16_20201229_id16_femadu_(3).jpg;1011
6900;6131;16;MANDRILLS BKB_16_20201230_id16_femadu.jpg;769
6397;6168;16;MANDRILLS BKB_16_20210205_id16_femadu.jpg;229
6004;6169;16;MANDRILLS BKB_16_20210206_id16_femadu_(1).jpg;165
7391;6169;16;MANDRILLS BKB_16_20210206_id16_femadu_(2).jpg;1222
4522;6177;16;MANDRILLS BKB_16_20210214_id16_femadu_(1).jpg;1655
5308;6177;16;MANDRILLS BKB_16_20210214_id16_femadu_(2).jpg;869
2465;6220;16;MANDRILLS BKB_16_20210329_id16_femadu_(1).jpg;3755
2942;6220;16;MANDRILLS BKB_16_20210329_id16_femadu_(2).jpg;3278
2821;6223;16;MANDRILLS BKB_16_20210401_id16_femadu.jpg;3402
6248;6224;16;MANDRILLS BKB_16_20210402_id16_femadu.jpg;24
2972;6227;16;MANDRILLS BKB_16_20210405_id16_femadu.jpg;3255
3248;6232;16;MANDRILLS BKB_16_20210410_id16_femadu.jpg;2984
3681;6245;16;MANDRILLS BKB_16_20210423_id16_femadu_(1).jpg;2564
3795;6245;16;MANDRILLS BKB_16_20210423_id16_femadu_(2).jpg;2450
2750;6264;16;MANDRILLS BKB_16_20210512_id16_femadu.jpg;3514
3124;6279;16;MANDRILLS BKB_16_20210527_id16_femadu.jpg;3155
6665;6373;16;MANDRILLS BKB_16_20210829_id16_femadu.jpg;292
6932;6387;16;MANDRILLS BKB_16_20210912_id16_femadu (1).jpg;545
4676;6387;16;MANDRILLS BKB_16_20210912_id16_femadu (2).jpg;1711
6844;6391;16;MANDRILLS BKB_16_20210916_id16_femadu (1).jpg;453
6435;6391;16;MANDRILLS BKB_16_20210916_id16_femadu (2).jpg;44
6002;6394;16;MANDRILLS BKB_16_20210919_id16_femadu (1).jpg;392
6575;6394;16;MANDRILLS BKB_16_20210919_id16_femadu (2).jpg;181
7126;6398;16;MANDRILLS BKB_16_20210923_id16_femadu.jpg;728
6727;6425;16;MANDRILLS BKB_16_20211020_id16_femadu_(1).jpg;302
6767;6425;16;MANDRILLS BKB_16_20211020_id16_femadu_(2).jpg;342
6358;6425;16;MANDRILLS BKB_16_20211020_id16_femadu_(3).jpg;67
6758;6425;16;MANDRILLS BKB_16_20211020_id16_femadu_(4).jpg;333
3021;6438;16;MANDRILLS BKB_16_20211102_id16_femadu_(1).jpg;3417
3173;6438;16;MANDRILLS BKB_16_20211102_id16_femadu_(2).jpg;3265
6104;6462;16;MANDRILLS BKB_16_20211126_id16_femadu_(2).jpg;358
6575;6483;16;MANDRILLS BKB_16_20211217_id16_femadu_(1).jpg;92
5876;6483;16;MANDRILLS BKB_16_20211217_id16_femadu_(2).jpg;607
5461;6483;16;MANDRILLS BKB_16_20211217_id16_femadu_(3).jpg;1022
5312;6483;16;MANDRILLS BKB_16_20211217_id16_femadu_(4).jpg;1171
2989;6485;16;MANDRILLS BKB_16_20211219_id16_femadu.jpg;3496
3616;6486;16;MANDRILLS BKB_16_20211220_id16_femadu_(1).jpg;2870
2966;6492;16;MANDRILLS BKB_16_20211226_id16_femadu.jpg;3526
6281;6517;16;MANDRILLS BKB_16_20220120_id16_fem adu (1).jpg;236
6599;6523;16;MANDRILLS BKB_16_20220126_id16 (1).jpg;76
6821;6523;16;MANDRILLS BKB_16_20220126_id16 (2).jpg;298
6894;6523;16;MANDRILLS BKB_16_20220126_id16 (3).jpg;371
4962;6527;16;MANDRILLS BKB_16_20220130_id16_femadu (2).jpg;1565
3331;6527;16;MANDRILLS BKB_16_20220130_id16_femadu.jpg;3196
2895;6529;16;MANDRILLS BKB_16_20220201_id16_femadu (1).jpg;3634
4174;6529;16;MANDRILLS BKB_16_20220201_id16_femadu (2).jpg;2355
5213;6529;16;MANDRILLS BKB_16_20220201_id16_femadu (4).jpg;1316
3492;6529;16;MANDRILLS BKB_16_20220201_id16_femadu (5).jpg;3037
5716;6544;16;MANDRILLS BKB_16_20220216_id16_femadu.jpg;828
6298;6545;16;MANDRILLS BKB_16_20220217_id16_femadu.jpg;247
5799;6582;16;MANDRILLS BKB_16_20220326_id16_femadu (1).jpg;783
4993;6586;16;MANDRILLS BKB_16_20220330_id16_femadu (1).jpg;1593
5428;6586;16;MANDRILLS BKB_16_20220330_id16_femadu (2).jpg;1158
6442;6586;16;MANDRILLS BKB_16_20220330_id16_femadu (3).jpg;144
5249;6611;16;MANDRILLS BKB_16_20220424_id16_femadu.jpg;1362
3264;6620;16;MANDRILLS BKB_16_20220503_id16_femadu (2).jpg;3356
7252;6632;16;MANDRILLS BKB_16_20220515_id16_femadu (1).jpg;620
6735;6632;16;MANDRILLS BKB_16_20220515_id16_femadu (2).jpg;103
6898;6632;16;MANDRILLS BKB_16_20220515_id16_femadu (3).jpg;266
6639;6633;16;MANDRILLS BKB_16_20220516_id16_femadu (2).jpg;6
5991;6633;16;MANDRILLS BKB_16_20220516_id16_femadu.jpg;642
5716;6635;16;MANDRILLS BKB_16_20220518_id16_femadu.jpg;919
6401;6652;16;MANDRILLS BKB_16_20220604_id16_femadu (1).jpg;251
6970;6652;16;MANDRILLS BKB_16_20220604_id16_femadu (2).jpg;318
7509;6679;16;MANDRILLS BKB_16_20220701_id16.jpg;830
7574;6681;16;MANDRILLS BKB_16_20220703_id16.jpg;893
7524;6684;16;MANDRILLS BKB_16_20220706_id16 (2).jpg;840
6803;6684;16;MANDRILLS BKB_16_20220706_id16 (3).jpg;119
6337;6684;16;MANDRILLS BKB_16_20220706_id16 (4).jpg;347
7355;6684;16;MANDRILLS BKB_16_20220706_id16.jpg;671
6719;6686;16;MANDRILLS BKB_16_20220708_id16 (2).jpg;33
6469;6703;16;MANDRILLS BKB_16_20220725_id16 (2).jpg;234
7272;6703;16;MANDRILLS BKB_16_20220725_id16.jpg;569
6691;6710;16;MANDRILLS BKB_16_20220801_id16 (2).jpg;19
7264;6710;16;MANDRILLS BKB_16_20220801_id16 (3).jpg;554
6383;6710;16;MANDRILLS BKB_16_20220801_id16.jpg;327
6657;6720;16;MANDRILLS BKB_16_20220811_id16.jpg;63
7570;6721;16;MANDRILLS BKB_16_20220812_id16 (1).jpg;849
7238;6721;16;MANDRILLS BKB_16_20220812_id16 (2).jpg;517
6879;6727;16;MANDRILLS BKB_16_20220818_id16.jpg;152
5994;6732;16;MANDRILLS BKB_16_20220823_id16.jpg;738
3202;6745;16;MANDRILLS BKB_16_20220905_id16.jpg;3543
7787;6747;16;MANDRILLS BKB_16_20220907_id16.jpg;1040
7227;6749;16;MANDRILLS BKB_16_20220909_id16.jpg;478
7955;6758;16;MANDRILLS BKB_16_20220918_id16 (1).jpg;1197
7363;6758;16;MANDRILLS BKB_16_20220918_id16 (2).jpg;605
7668;6775;16;MANDRILLS BKB_16_20221005_id16 (1).jpg;893
7412;6775;16;MANDRILLS BKB_16_20221005_id16 (2).jpg;637
3376;6789;16;MANDRILLS BKB_16_20221019_id16 (1).jpg;3413
5984;6789;16;MANDRILLS BKB_16_20221019_id16 (2).jpg;805
6352;6815;16;MANDRILLS BKB_16_20221114_id16 (2).jpg;463
7896;6815;16;MANDRILLS BKB_16_20221114_id16 (3).jpg;1081
6750;6815;16;MANDRILLS BKB_16_20221114_id16.jpg;65
6424;6818;16;MANDRILLS BKB_16_20221117_id16 (1).jpg;394
7522;6822;16;MANDRILLS BKB_16_20221121_id16.jpg;700
3793;6831;16;MANDRILLS BKB_16_20221130_id16.jpg;3038
1443;1260;180;MANDRILLS BKB_180_20190718_180_maljuv_(1).jpg;183
1308;1260;180;MANDRILLS BKB_180_20190718_180_maljuv_(3).jpg;48
1277;1260;180;MANDRILLS BKB_180_20190718_180_maljuv_(4).jpg;17
635;1260;180;MANDRILLS BKB_180_20190718_id180_maljuv_GAUCHE_(1).jpg;625
1358;1373;180;MANDRILLS BKB_180_20191108_id180_maljuv.jpg;15
1515;1481;180;MANDRILLS BKB_180_20200224_id180_maljuv_(1).jpg;34
1513;1481;180;MANDRILLS BKB_180_20200224_id180_maljuv_(2).jpg;32
1420;1481;180;MANDRILLS BKB_180_20200224_id180_maljuv_(3).jpg;61
2424;1718;180;MANDRILLS BKB_180_20201018_id180_maljuv_(1).jpg;706
1315;1718;180;MANDRILLS BKB_180_20201018_id180_maljuv_(2).jpg;403
1332;1718;180;MANDRILLS BKB_180_20201018_id180_maljuv_(3).jpg;386
1618;1719;180;MANDRILLS BKB_180_20201019_id180_maljuv_(1).jpg;101
1569;1719;180;MANDRILLS BKB_180_20201019_id180_maljuv_(2).jpg;150
1805;1719;180;MANDRILLS BKB_180_20201019_id180_maljuv_(3).jpg;86
1903;1719;180;MANDRILLS BKB_180_20201019_id180_maljuv_(4).jpg;184
1707;1719;180;MANDRILLS BKB_180_20201019_id180_maljuv_(5).jpg;12
1585;1722;180;MANDRILLS BKB_180_20201022_id180_maljuv_(1).jpg;137
1503;1722;180;MANDRILLS BKB_180_20201022_id180_maljuv_(2).jpg;219
1642;1755;180;MANDRILLS BKB_180_20201124_id180_maljuv_(1).jpg;113
1794;1774;180;MANDRILLS BKB_180_20201213_id180_maljuv_(1).jpg;20
1744;1774;180;MANDRILLS BKB_180_20201213_id180_maljuv_(2).jpg;30
1712;1796;180;MANDRILLS BKB_180_20210104_id180_malado_(1).jpg;84
1690;1796;180;MANDRILLS BKB_180_20210104_id180_malado_(2).jpg;106
1669;1797;180;MANDRILLS BKB_180_20210105_id180_malado.jpg;128
1906;1798;180;MANDRILLS BKB_180_20210106_id180_malado.jpg;108
1730;1808;180;MANDRILLS BKB_180_20210116_id180_malado.jpg;78
1787;1817;180;MANDRILLS BKB_180_20210125_id180_malado.jpg;30
1805;1826;180;MANDRILLS BKB_180_20210203_id180_malado_(1).jpg;21
1621;1826;180;MANDRILLS BKB_180_20210203_id180_malado_(2).jpg;205
1586;1826;180;MANDRILLS BKB_180_20210203_id180_malado_(3).jpg;240
1331;1826;180;MANDRILLS BKB_180_20210203_id180_malado_(4).jpg;495
1678;1837;180;MANDRILLS BKB_180_20210214_id180_malado_(1).jpg;159
1818;1837;180;MANDRILLS BKB_180_20210214_id180_malado_(2).jpg;19
1777;1839;180;MANDRILLS BKB_180_20210216_id180_malado_(1).jpg;62
1952;1839;180;MANDRILLS BKB_180_20210216_id180_malado_(2).jpg;113
1759;1884;180;MANDRILLS BKB_180_20210402_id180_malado_(1).jpg;125
1624;1884;180;MANDRILLS BKB_180_20210402_id180_malado_(2).jpg;260
1718;1884;180;MANDRILLS BKB_180_20210402_id180_malado_(3).jpg;166
1923;1884;180;MANDRILLS BKB_180_20210402_id180_malado_(4).jpg;39
1737;1905;180;MANDRILLS BKB_180_20210423_id180_malado.jpg;168
1849;2044;180;MANDRILLS BKB_180_20210909_id180_malado (1).jpg;195
1897;2044;180;MANDRILLS BKB_180_20210909_id180_malado (2).jpg;147
2029;2044;180;MANDRILLS BKB_180_20210909_id180_malado (3).jpg;15
1763;2057;180;MANDRILLS BKB_180_20210922_id180_malado.jpg;294
2162;2084;180;MANDRILLS BKB_180_20211019_id180_malado_(1).jpg;78
1991;2084;180;MANDRILLS BKB_180_20211019_id180_malado_(2).jpg;93
1838;2098;180;MANDRILLS BKB_180_20211102_id180_malado.jpg;260
1960;2115;180;MANDRILLS BKB_180_20211119_id180_malado.jpg;155
2038;2120;180;MANDRILLS BKB_180_20211124_id180_malado.jpg;82
2143;2136;180;MANDRILLS BKB_180_20211210_id180_malado.jpg;7
2157;2143;180;MANDRILLS BKB_180_20211217_id180_malado.jpg;14
1895;2145;180;MANDRILLS BKB_180_20211219_id180_malado.jpg;250
1996;2146;180;MANDRILLS BKB_180_20211220_ID180_malado_(1).jpg;150
2042;2146;180;MANDRILLS BKB_180_20211220_ID180_malado_(2).jpg;104
2084;2179;180;MANDRILLS BKB_180_20220122_id180 (1).jpg;95
2100;2179;180;MANDRILLS BKB_180_20220122_id180 (2).jpg;79
2140;2179;180;MANDRILLS BKB_180_20220122_id180 (3).jpg;39
2161;2187;180;MANDRILLS BKB_180_20220130_id180.jpg;26
2135;2187;180;MANDRILLS BKB_180_20220130_id180_malado (1).jpg;52
2198;2187;180;MANDRILLS BKB_180_20220130_ID180_malado.jpg;11
2304;2204;180;MANDRILLS BKB_180_20220216_id180_malado (1).jpg;100
2296;2204;180;MANDRILLS BKB_180_20220216_id180_malado (2).jpg;92
2052;2204;180;MANDRILLS BKB_180_20220216_id180_malado (3).jpg;152
2521;2205;180;MANDRILLS BKB_180_20220217_id180_malado.jpg;316
2340;2225;180;MANDRILLS BKB_180_20220309_id180_malado.jpg;115
2172;2231;180;MANDRILLS BKB_180_20220315_id180_malado (1).jpg;59
2468;2231;180;MANDRILLS BKB_180_20220315_id180_malado (2).jpg;237
2241;2248;180;MANDRILLS BKB_180_20220401_id180_malado (1).jpg;7
2460;2248;180;MANDRILLS BKB_180_20220401_id180_malado (2).jpg;212
2632;2248;180;MANDRILLS BKB_180_20220401_id180_malado (3).jpg;384
2250;2248;180;MANDRILLS BKB_180_20220401_id180_malado (4).jpg;2
2113;2267;180;MANDRILLS BKB_180_20220420_id180_malado.jpg;154
2347;2273;180;MANDRILLS BKB_180_20220426_id180_malado (1).jpg;74
2353;2274;180;MANDRILLS BKB_180_20220427_id180_malado.jpg;79
2438;2281;180;MANDRILLS BKB_180_20220504_id180_malado.jpg;157
4921;2286;180;MANDRILLS BKB_180_20220509_id180_malado (2).jpg;2635
2436;2286;180;MANDRILLS BKB_180_20220509_id180_malado.jpg;150
2315;2292;180;MANDRILLS BKB_180_20220515_id180_malado.jpg;23
2523;2293;180;MANDRILLS BKB_180_20220516_id180_malado (1).jpg;230
2381;2293;180;MANDRILLS BKB_180_20220516_id180_malado (2).jpg;88
2195;2293;180;MANDRILLS BKB_180_20220516_id180_malado.jpg;98
2140;2294;180;MANDRILLS BKB_180_20220517_id180_malado (3).jpg;154
2249;2295;180;MANDRILLS BKB_180_20220518_id180_malado.jpg;46
2364;2304;180;MANDRILLS BKB_180_20220527_id180_malado (1).jpg;60
2388;2304;180;MANDRILLS BKB_180_20220527_id180_malado (2).jpg;84
2313;2304;180;MANDRILLS BKB_180_20220527_id180_malado (3).jpg;9
2304;2306;180;MANDRILLS BKB_180_20220529_id180.jpg;2
2396;2307;180;MANDRILLS BKB_180_20220530_id180_malado (1).jpg;89
2302;2307;180;MANDRILLS BKB_180_20220530_id180_malado (3).jpg;5
2604;2311;180;MANDRILLS BKB_180_20220603_id180_malado.jpg;293
2778;2312;180;MANDRILLS BKB_180_20220604_id180_malado (1).jpg;466
2623;2315;180;MANDRILLS BKB_180_20220607_id180_malado.jpg;308
2270;2325;180;MANDRILLS BKB_180_20220617_id180_malado.jpg;55
2458;2326;180;MANDRILLS BKB_180_20220618_id180_malado.jpg;132
2289;2332;180;MANDRILLS BKB_180_20220624_id180_malado (1).jpg;43
2237;2332;180;MANDRILLS BKB_180_20220624_id180_malado (2).jpg;95
2311;2332;180;MANDRILLS BKB_180_20220624_id180_malado (3).jpg;21
2307;2337;180;MANDRILLS BKB_180_20220629_id180 (2).jpg;30
2252;2337;180;MANDRILLS BKB_180_20220629_id180.jpg;85
2268;2339;180;MANDRILLS BKB_180_20220701_id180 (2).jpg;71
2364;2339;180;MANDRILLS BKB_180_20220701_id180.jpg;25
2358;2344;180;MANDRILLS BKB_180_20220706_id180(2).jpg;14
2480;2344;180;MANDRILLS BKB_180_20220706_id180.jpg;136
2242;2347;180;MANDRILLS BKB_180_20220709_id180.jpg;105
2513;2349;180;MANDRILLS BKB_180_20220711_id180.jpg;164
2389;2352;180;MANDRILLS BKB_180_20220714_id180_malado (1).jpg;37
2744;2352;180;MANDRILLS BKB_180_20220714_id180_malado (2).jpg;392
2691;2352;180;MANDRILLS BKB_180_20220714_id180_malado (3).jpg;339
2659;2354;180;MANDRILLS BKB_180_20220716_id180.jpg;305
2506;2354;180;MANDRILLS BKB_180_20220716_id180_malado (1).jpg;152
2465;2354;180;MANDRILLS BKB_180_20220716_id180_malado (2).jpg;111
2252;2355;180;MANDRILLS BKB_180_20220717_id180.jpg;103
2305;2359;180;MANDRILLS BKB_180_20220721_id180.jpg;54
2526;2363;180;MANDRILLS BKB_180_20220725_id180 (1).jpg;163
2349;2363;180;MANDRILLS BKB_180_20220725_id180 (2).jpg;14
2452;2363;180;MANDRILLS BKB_180_20220725_id180 (3).jpg;89
2397;2363;180;MANDRILLS BKB_180_20220725_id180.jpg;34
2465;2367;180;MANDRILLS BKB_180_20220729_id180.jpg;98
2278;2373;180;MANDRILLS BKB_180_20220804_id180 (1).jpg;95
2502;2378;180;MANDRILLS BKB_180_20220809_id180 (1).jpg;124
2742;2378;180;MANDRILLS BKB_180_20220809_id180 (3).jpg;364
4659;2384;180;MANDRILLS BKB_180_20220815_id180 (2).jpg;2275
2330;2392;180;MANDRILLS BKB_180_20220823_id180.jpg;62
2564;2412;180;MANDRILLS BKB_180_20220912_id180.jpg;152
2313;2419;180;MANDRILLS BKB_180_20220919_id180.jpg;106
2429;2420;180;MANDRILLS BKB_180_20220920_id180.jpg;9
2346;2428;180;MANDRILLS BKB_180_20220928_id180.jpg;82
2280;2435;180;MANDRILLS BKB_180_20221005_id180.jpg;155
2292;2451;180;MANDRILLS BKB_180_20221021_id180.jpg;159
5991;2460;180;MANDRILLS BKB_180_20221030_id180.jpg;3531
2324;2486;180;MANDRILLS BKB_180_20221125_id180 (1).jpg;162
2431;2491;180;MANDRILLS BKB_180_20221130_id180.jpg;60
2655;2500;180;MANDRILLS BKB_180_20221209_id180 (1).jpg;155
2361;2500;180;MANDRILLS BKB_180_20221209_id180 (2).jpg;139
2687;2501;180;MANDRILLS BKB_180_20221210_id180.jpg;186
2823;2515;180;MANDRILLS BKB_180_20221224_id180.jpg;308
1632;1629;183;MANDRILLS BKB_183_20190618_id183_malado_DERRIERE_(1).jpg;3
1627;1629;183;MANDRILLS BKB_183_20190618_id183_malado_DERRIERE_(2).jpg;2
1573;1657;183;MANDRILLS BKB_183_20190716_id183_malado_(1).jpg;84
1609;1657;183;MANDRILLS BKB_183_20190716_id183_malado_(2).jpg;48
1729;1657;183;MANDRILLS BKB_183_20190716_id183_malado_(3).jpg;72
1604;1657;183;MANDRILLS BKB_183_20190716_id183_malado_(4).jpg;53
1636;1657;183;MANDRILLS BKB_183_20190716_id183_malado_(7).jpg;21
1644;1657;183;MANDRILLS BKB_183_20190716_id183_malado_(8).jpg;13
1636;1657;183;MANDRILLS BKB_183_20190716_id183_malado_(9).jpg;21
1620;1729;183;MANDRILLS BKB_183_20190926_id183_malado_(1).jpg;109
1824;1729;183;MANDRILLS BKB_183_20190926_id183_malado_(10).jpg;95
1659;1729;183;MANDRILLS BKB_183_20190926_id183_malado_(11).jpg;70
1701;1729;183;MANDRILLS BKB_183_20190926_id183_malado_(2).jpg;28
1784;1729;183;MANDRILLS BKB_183_20190926_id183_malado_(5).jpg;55
1608;1729;183;MANDRILLS BKB_183_20190926_id183_malado_(6).jpg;121
1656;1729;183;MANDRILLS BKB_183_20190926_id183_malado_(7).jpg;73
1624;1729;183;MANDRILLS BKB_183_20190926_id183_malado_(8).jpg;105
1721;1729;183;MANDRILLS BKB_183_20190926_id183_malado_(9).jpg;8
1786;1809;183;MANDRILLS BKB_183_20191215_id183_malado.jpg;23
1957;1952;183;MANDRILLS BKB_183_20200506_id183_malado_(1).jpg;5
2135;1952;183;MANDRILLS BKB_183_20200506_id183_malado_(2).jpg;183
2278;2155;183;MANDRILLS BKB_183_20201125_id183_malado.jpg;123
1872;2173;183;MANDRILLS BKB_183_20201213_id183_malado_(1).jpg;301
1988;2173;183;MANDRILLS BKB_183_20201213_id183_malado_(2).jpg;185
2078;2173;183;MANDRILLS BKB_183_20201213_id183_malado_(3).jpg;95
2069;2173;183;MANDRILLS BKB_183_20201213_id183_malado_(4).jpg;104
2098;2176;183;MANDRILLS BKB_183_20201216_id183_malado_(1).jpg;78
1849;2176;183;MANDRILLS BKB_183_20201216_id183_malado_(2).jpg;327
2546;2177;183;MANDRILLS BKB_183_20201217_id183_malado.jpg;369
1999;2181;183;MANDRILLS BKB_183_20201221_id183_malado_(1).jpg;182
2110;2181;183;MANDRILLS BKB_183_20201221_id183_malado_(2).jpg;71
2198;2209;183;MANDRILLS BKB_183_20210118_id183_malado_(1).jpg;11
2163;2209;183;MANDRILLS BKB_183_20210118_id183_malado_(2).jpg;46
2099;2209;183;MANDRILLS BKB_183_20210118_id183_malado_(3).jpg;110
2093;2209;183;MANDRILLS BKB_183_20210118_id183_malado_(4).jpg;116
2123;2209;183;MANDRILLS BKB_183_20210118_id183_malado_(5).jpg;86
2601;2209;183;MANDRILLS BKB_183_20210118_id183_malado_(6).jpg;392
2156;2226;183;MANDRILLS BKB_183_20210204_id183_malado.jpg;70
2148;2282;183;MANDRILLS BKB_183_20210401_id183_malado_(1).jpg;134
2153;2282;183;MANDRILLS BKB_183_20210401_id183_malado_(2).jpg;129
2267;2291;183;MANDRILLS BKB_183_20210410_id183_malado.jpg;24
2406;2443;183;MANDRILLS BKB_183_20210909_id183_malado (1).jpg;37
2321;2443;183;MANDRILLS BKB_183_20210909_id183_malado (2).jpg;122
5040;2450;183;MANDRILLS BKB_183_20210916_id183_malado (1).jpg;2590
5926;2450;183;MANDRILLS BKB_183_20210916_id183_malado (2).jpg;3476
2337;2453;183;MANDRILLS BKB_183_20210919_id183_malado.jpg;116
2222;2456;183;MANDRILLS BKB_183_20210922_id183_malado.jpg;234
2572;2481;183;MANDRILLS BKB_183_20211017_id183_malado_(1).jpg;91
2956;2481;183;MANDRILLS BKB_183_20211017_id183_malado_(2).jpg;475
2595;2506;183;MANDRILLS BKB_183_20211111_id183_malado.jpg;89
2375;2516;183;MANDRILLS BKB_183_20211121_id183_malado.jpg;141
2693;2519;183;MANDRILLS BKB_183_20211124_id183_malado.jpg;174
2733;2521;183;MANDRILLS BKB_183_20211126_id183_malado.jpg;212
2559;2535;183;MANDRILLS BKB_183_20211210_id183_malado.jpg;24
2923;2538;183;MANDRILLS BKB_183_20211213_id183_malado.jpg;385
2436;2542;183;MANDRILLS BKB_183_20211217_id183_malado_(1).jpg;106
2478;2542;183;MANDRILLS BKB_183_20211217_id183_malado_(2).jpg;64
2743;2542;183;MANDRILLS BKB_183_20211217_id183_malado_(3).jpg;201
2804;2542;183;MANDRILLS BKB_183_20211217_id183_malado_(4).jpg;262
2426;2542;183;MANDRILLS BKB_183_20211217_id183_malado_(5).jpg;116
2379;2542;183;MANDRILLS BKB_183_20211217_id183_malado_(6).jpg;163
2326;2542;183;MANDRILLS BKB_183_20211217_id183_malado_(7).jpg;216
2999;2545;183;MANDRILLS BKB_183_20211220_ID183_malado_(1).jpg;454
2359;2545;183;MANDRILLS BKB_183_20211220_ID183_malado_(2).jpg;186
2535;2546;183;MANDRILLS BKB_183_20211221_id183_malado.jpg;11
2454;2551;183;MANDRILLS BKB_183_20211226_id183_malado_(1).jpg;97
2567;2551;183;MANDRILLS BKB_183_20211226_id183_malado_(2).jpg;16
2609;2579;183;MANDRILLS BKB_183_20220123_id183 (1).jpg;30
2652;2579;183;MANDRILLS BKB_183_20220123_id183 (2).jpg;73
2505;2579;183;MANDRILLS BKB_183_20220123_id183 (3).jpg;74
3116;2579;183;MANDRILLS BKB_183_20220123_id183.jpg;537
2460;2588;183;MANDRILLS BKB_183_20220201_id183_malsub (1).jpg;128
2506;2588;183;MANDRILLS BKB_183_20220201_id183_malsub (2).jpg;82
2866;2588;183;MANDRILLS BKB_183_20220201_id183_malsub (3).jpg;278
2408;2588;183;MANDRILLS BKB_183_20220201_id183_malsub (4).jpg;180
2068;2588;183;MANDRILLS BKB_183_20220201_id183_malsub (5).jpg;520
2555;2588;183;MANDRILLS BKB_183_20220201_id183_malsub (6).jpg;33
2236;2588;183;MANDRILLS BKB_183_20220201_id183_malsub (7).jpg;352
2624;2598;183;MANDRILLS BKB_183_20220211_id183_malsub (1).jpg;26
2587;2598;183;MANDRILLS BKB_183_20220211_id183_malsub (2).jpg;11
3048;2610;183;MANDRILLS BKB_183_20220223_id183_malsub (1).jpg;438
2497;2610;183;MANDRILLS BKB_183_20220223_id183_malsub (2).jpg;113
5325;2622;183;MANDRILLS BKB_183_20220307_id183_malsub (1).jpg;2703
4647;2622;183;MANDRILLS BKB_183_20220307_id183_malsub (2).jpg;2025
5650;2622;183;MANDRILLS BKB_183_20220307_id183_malsub (3).jpg;3028
3021;2622;183;MANDRILLS BKB_183_20220307_id183_malsub (4).jpg;399
2642;2622;183;MANDRILLS BKB_183_20220307_id183_malsub (5).jpg;20
4115;2622;183;MANDRILLS BKB_183_20220307_id183_malsub.jpg;1493
2725;2624;183;MANDRILLS BKB_183_20220309_id183_malsub.jpg;101
3199;2629;183;MANDRILLS BKB_183_20220314_id183_malsub (1).jpg;570
2549;2629;183;MANDRILLS BKB_183_20220314_id183_malsub (2).jpg;80
2600;2641;183;MANDRILLS BKB_183_20220326_id183_malsub.jpg;41
2423;2645;183;MANDRILLS BKB_183_20220330_id183_malsub.jpg;222
2792;2647;183;MANDRILLS BKB_183_20220401_id183_malsub.jpg;145
2518;2672;183;MANDRILLS BKB_183_20220426_id183_malsub (1).jpg;154
2483;2672;183;MANDRILLS BKB_183_20220426_id183_malsub (2).jpg;189
2646;2679;183;MANDRILLS BKB_183_20220503_id183_malsub (1).jpg;33
2723;2679;183;MANDRILLS BKB_183_20220503_id183_malsub (2).jpg;44
2625;2685;183;MANDRILLS BKB_183_20220509_id183_malsub.jpg;60
2672;2685;183;MANDRILLS BKB_183_20220509_id183_mal_sub.jpg;13
2663;2693;183;MANDRILLS BKB_183_20220517_id183_malsub.jpg;30
2494;2710;183;MANDRILLS BKB_183_20220603_id183_malsub.jpg;216
4568;2711;183;MANDRILLS BKB_183_20220604_id183_malsub (1).jpg;1857
2479;2715;183;MANDRILLS BKB_183_20220608_id183_malsub (1).jpg;236
3209;2715;183;MANDRILLS BKB_183_20220608_id183_malsub (2).jpg;494
2615;2715;183;MANDRILLS BKB_183_20220608_id183_malsub (3).jpg;100
2770;2717;183;MANDRILLS BKB_183_20220610_id183_malsub.jpg;53
2989;2728;183;MANDRILLS BKB_183_20220621_id183_malsub (1).jpg;261
2882;2728;183;MANDRILLS BKB_183_20220621_id183_malsub (2).jpg;154
2606;2730;183;MANDRILLS BKB_183_20220623_id183_malsub.jpg;124
4268;2731;183;MANDRILLS BKB_183_20220624_id183_malsub.jpg;1537
2629;2736;183;MANDRILLS BKB_183_20220629_id183 (1).jpg;107
2372;2736;183;MANDRILLS BKB_183_20220629_id183 (2).jpg;364
2536;2738;183;MANDRILLS BKB_183_20220701_id183.jpg;202
3293;2748;183;MANDRILLS BKB_183_20220711_id183 (2).jpg;545
2955;2748;183;MANDRILLS BKB_183_20220711_id183.jpg;207
4165;2749;183;MANDRILLS BKB_183_20220712_id183.jpg;1416
2694;2753;183;MANDRILLS BKB_183_20220716_id183 (2).jpg;59
2895;2753;183;MANDRILLS BKB_183_20220716_id183.jpg;142
2907;2758;183;MANDRILLS BKB_183_20220721_id183 (2).jpg;149
2848;2758;183;MANDRILLS BKB_183_20220721_id183 (3).jpg;90
2520;2758;183;MANDRILLS BKB_183_20220721_id183.jpg;238
2607;2763;183;MANDRILLS BKB_183_20220726_id183.jpg;156
2700;2772;183;MANDRILLS BKB_183_20220804_id183 (2).jpg;72
2651;2772;183;MANDRILLS BKB_183_20220804_id183 (3).jpg;121
5558;2772;183;MANDRILLS BKB_183_20220804_id183 (4).jpg;2786
4289;2772;183;MANDRILLS BKB_183_20220804_id183.jpg;1517
2696;2780;183;MANDRILLS BKB_183_20220812_id183.jpg;84
2519;2783;183;MANDRILLS BKB_183_20220815_id183 (2).jpg;264
3289;2783;183;MANDRILLS BKB_183_20220815_id183.jpg;506
2673;2786;183;MANDRILLS BKB_183_20220818_id183.jpg;113
3074;2791;183;MANDRILLS BKB_183_20220823_id183.jpg;283
2536;2810;183;MANDRILLS BKB_183_20220911_id183.jpg;274
2645;2811;183;MANDRILLS BKB_183_20220912_id183.jpg;166
2916;2819;183;MANDRILLS BKB_183_20220920_id183.jpg;97
3018;2823;183;MANDRILLS BKB_183_20220924_id183.jpg;195
2679;2827;183;MANDRILLS BKB_183_20220928_id183.jpg;148
2653;2834;183;MANDRILLS BKB_183_20221005_id183 (1).jpg;181
3581;2834;183;MANDRILLS BKB_183_20221005_id183 (2).jpg;747
2780;2848;183;MANDRILLS BKB_183_20221019_id183.jpg;68
3377;2859;183;MANDRILLS BKB_183_20221030_id183 (2).jpg;518
2538;2869;183;MANDRILLS BKB_183_20221109_id183 (2).jpg;331
2597;2873;183;MANDRILLS BKB_183_20221113_id183.jpg;276
3260;2874;183;MANDRILLS BKB_183_20221114_id183 (2).jpg;386
2518;2874;183;MANDRILLS BKB_183_20221114_id183.jpg;356
3261;2876;183;MANDRILLS BKB_183_20221116_id183.jpg;385
2482;2877;183;MANDRILLS BKB_183_20221117_id183 (2).jpg;395
2501;2877;183;MANDRILLS BKB_183_20221117_id183 (4).jpg;376
2416;2885;183;MANDRILLS BKB_183_20221125_id183 (1).jpg;469
2646;2885;183;MANDRILLS BKB_183_20221125_id183 (3).jpg;239
3102;2890;183;MANDRILLS BKB_183_20221130_id183 (1).jpg;212
3188;2890;183;MANDRILLS BKB_183_20221130_id183 (2).jpg;298
2637;2914;183;MANDRILLS BKB_183_20221224_id183.jpg;277
1083;914;190;MANDRILLS BKB_190_20190715_id190_femjuv_(1).jpg;169
1135;914;190;MANDRILLS BKB_190_20190715_id190_femjuv_(2).jpg;221
847;914;190;MANDRILLS BKB_190_20190715_id190_femjuv_(3).jpg;67
950;914;190;MANDRILLS BKB_190_20190715_id190_femjuv_(4).jpg;36
971;914;190;MANDRILLS BKB_190_20190715_id190_femjuv_(7).jpg;57
1043;914;190;MANDRILLS BKB_190_20190715_id190_femjuv_(8).jpg;129
1176;917;190;MANDRILLS BKB_190_20190718_id190_femjuv_(1).jpg;259
1085;917;190;MANDRILLS BKB_190_20190718_id190_femjuv_(2).jpg;168
1083;917;190;MANDRILLS BKB_190_20190718_id190_femjuv_(3).jpg;166
1093;1067;190;MANDRILLS BKB_190_20191215_id190_femjuv.jpg;26
1217;1207;190;MANDRILLS BKB_190_20200503_id190_femjuv.jpg;10
1256;1210;190;MANDRILLS BKB_190_20200506_id190_femjuv_(1).jpg;46
1284;1210;190;MANDRILLS BKB_190_20200506_id190_femjuv_(2).jpg;74
1344;1372;190;MANDRILLS BKB_190_20201015_id190_femjuv_(2).jpg;28
1262;1379;190;MANDRILLS BKB_190_20201022_id190_femjuv.jpg;117
1411;1431;190;MANDRILLS BKB_190_20201213_id190_femjuv.jpg;20
1576;1435;190;MANDRILLS BKB_190_20201217_id190_femjuv_(1).jpg;141
1737;1435;190;MANDRILLS BKB_190_20201217_id190_femjuv_(2).jpg;302
1374;1466;190;MANDRILLS BKB_190_20210117_id190_femadu_(1).jpg;92
1365;1466;190;MANDRILLS BKB_190_20210117_id190_femadu_(2).jpg;101
1381;1466;190;MANDRILLS BKB_190_20210117_id190_femadu_(3).jpg;85
1293;1466;190;MANDRILLS BKB_190_20210117_id190_femadu_(4).jpg;173
1558;1479;190;MANDRILLS BKB_190_20210130_id190_femadu_(1).jpg;79
1620;1479;190;MANDRILLS BKB_190_20210130_id190_femadu_(2).jpg;141
1554;1479;190;MANDRILLS BKB_190_20210130_id190_femadu_(3).jpg;75
1367;1479;190;MANDRILLS BKB_190_20210130_id190_femadu_(4).jpg;112
1494;1537;190;MANDRILLS BKB_190_20210329_id190_femadu.jpg;43
2112;1596;190;MANDRILLS BKB_190_20210527_id190_femadu_(1).jpg;516
1782;1596;190;MANDRILLS BKB_190_20210527_id190_femadu_(2).jpg;186
2228;1596;190;MANDRILLS BKB_190_20210527_id190_femadu_(3).jpg;632
1584;1596;190;MANDRILLS BKB_190_20210527_id190_femadu_(4).jpg;12
1790;1596;190;MANDRILLS BKB_190_20210527_id190_femadu_(5).jpg;194
2414;1729;190;MANDRILLS BKB_190_20211007_id190_femadu.jpg;685
2294;1775;190;MANDRILLS BKB_190_20211122_id190_femadu.jpg;519
1985;1779;190;MANDRILLS BKB_190_20211126_id190_femadu_(1).jpg;206
2128;1779;190;MANDRILLS BKB_190_20211126_id190_femadu_(2).jpg;349
2556;1804;190;MANDRILLS BKB_190_20211221_id190_femadu.jpg;752
2602;1809;190;MANDRILLS BKB_190_20211226_ID190_femadu_(1).jpg;793
2399;1880;190;MANDRILLS BKB_190_20220307_id190_femadu.jpg;519
2559;1921;190;MANDRILLS BKB_190_20220417_id190_femadu.jpg;638
2500;1951;190;MANDRILLS BKB_190_20220517_id190_femadu (1).jpg;549
2550;1951;190;MANDRILLS BKB_190_20220517_id190_femadu (2).jpg;599
2688;1964;190;MANDRILLS BKB_190_20220530_id190_femadu (2).jpg;724
2882;1964;190;MANDRILLS BKB_190_20220530_id190_femadu.jpg;918
2801;1994;190;MANDRILLS BKB_190_20220629_id190.jpg;807
3052;2038;190;MANDRILLS BKB_190_20220812_id190 (1).jpg;1014
2975;2038;190;MANDRILLS BKB_190_20220812_id190 (2).jpg;937
3027;2038;190;MANDRILLS BKB_190_20220812_id190 (3).jpg;989
2581;2053;190;MANDRILLS BKB_190_20220827_id190 (2).jpg;528
3185;2053;190;MANDRILLS BKB_190_20220827_id190.jpg;1132
2460;2061;190;MANDRILLS BKB_190_20220904_id190 (1).jpg;399
2978;2061;190;MANDRILLS BKB_190_20220904_id190 (2).jpg;917
2795;2061;190;MANDRILLS BKB_190_20220904_id190 (3).jpg;734
2618;2061;190;MANDRILLS BKB_190_20220904_id190 (4).jpg;557
2602;2066;190;MANDRILLS BKB_190_20220909_id190 (2).jpg;536
2835;2066;190;MANDRILLS BKB_190_20220909_id190.jpg;769
2579;2075;190;MANDRILLS BKB_190_20220918_id190.jpg;504
2976;2092;190;MANDRILLS BKB_190_20221005_id190.jpg;884
2751;2106;190;MANDRILLS BKB_190_20221019_id190 (1).jpg;645
2985;2106;190;MANDRILLS BKB_190_20221019_id190 (2).jpg;879
2915;2106;190;MANDRILLS BKB_190_20221019_id190.jpg;809
2731;2120;190;MANDRILLS BKB_190_20221102_id190.jpg;611
2903;2127;190;MANDRILLS BKB_190_20221109_id190.jpg;776
2737;2141;190;MANDRILLS BKB_190_20221123_id190 (2).jpg;596
3119;2141;190;MANDRILLS BKB_190_20221123_id190 (3).jpg;978
3153;2148;190;MANDRILLS BKB_190_20221130_id190.jpg;1005
1543;1305;194;MANDRILLS BKB_194_20190822_id194_maljuv.jpg;238
1628;1340;194;MANDRILLS BKB_194_20190926_id194_maljuv.jpg;288
1669;1474;194;MANDRILLS BKB_194_20200207_id194_maljuv.jpg;195
1729;1477;194;MANDRILLS BKB_194_20200210_id194_malado.jpg;252
1746;1531;194;MANDRILLS BKB_194_20200404_id194_maljuv_(1).jpg;215
1643;1531;194;MANDRILLS BKB_194_20200404_id194_maljuv_(10).jpg;112
4382;1531;194;MANDRILLS BKB_194_20200404_id194_maljuv_(11).jpg;2851
1576;1531;194;MANDRILLS BKB_194_20200404_id194_maljuv_(2).jpg;45
2048;1531;194;MANDRILLS BKB_194_20200404_id194_maljuv_(3).jpg;517
1557;1531;194;MANDRILLS BKB_194_20200404_id194_maljuv_(4).jpg;26
1698;1531;194;MANDRILLS BKB_194_20200404_id194_maljuv_(5).jpg;167
1530;1531;194;MANDRILLS BKB_194_20200404_id194_maljuv_(6).jpg;1
1762;1531;194;MANDRILLS BKB_194_20200404_id194_maljuv_(7).jpg;231
1675;1531;194;MANDRILLS BKB_194_20200404_id194_maljuv_(8).jpg;144
1773;1531;194;MANDRILLS BKB_194_20200404_id194_maljuv_(9).jpg;242
1819;1563;194;MANDRILLS BKB_194_20200506_id194_maljuv_(1).jpg;256
2169;1563;194;MANDRILLS BKB_194_20200506_id194_maljuv_(2).jpg;606
1951;1563;194;MANDRILLS BKB_194_20200506_id194_maljuv_(3).jpg;388
1139;1288;199;MANDRILLS BKB_199_20190706_id199_femadu_(1).jpg;149
1320;1288;199;MANDRILLS BKB_199_20190706_id199_femadu_(2).jpg;32
1305;1288;199;MANDRILLS BKB_199_20190706_id199_femadu_(3).jpg;17
1302;1288;199;MANDRILLS BKB_199_20190706_id199_femadu_(4).jpg;14
1172;1350;199;MANDRILLS BKB_199_20190906_id199_femadu_(1).jpg;178
1263;1350;199;MANDRILLS BKB_199_20190906_id199_femadu_(2).jpg;87
1595;1521;199;MANDRILLS BKB_199_20200224_id199_femadu.jpg;74
1819;1590;199;MANDRILLS BKB_199_20200503_id199_femadu.jpg;229
1820;1593;199;MANDRILLS BKB_199_20200506_id199_femadu_(2).jpg;227
1765;1773;199;MANDRILLS BKB_199_20201102_id199_femadu_(1).jpg;8
1976;1773;199;MANDRILLS BKB_199_20201102_id199_femadu_(2).jpg;203
1834;1773;199;MANDRILLS BKB_199_20201102_id199_femadu_(3).jpg;61
2036;1773;199;MANDRILLS BKB_199_20201102_id199_femadu_(4).jpg;263
1964;1775;199;MANDRILLS BKB_199_20201104_id199_femadu_(1).jpg;189
1868;1775;199;MANDRILLS BKB_199_20201104_id199_femadu_(2).jpg;93
1854;1775;199;MANDRILLS BKB_199_20201104_id199_femadu_(3).jpg;79
1990;1775;199;MANDRILLS BKB_199_20201104_id199_femadu_(4).jpg;215
1942;1775;199;MANDRILLS BKB_199_20201104_id199_femadu_(5).jpg;167
2098;1775;199;MANDRILLS BKB_199_20201104_id199_femadu_(6).jpg;323
2148;1775;199;MANDRILLS BKB_199_20201104_id199_femadu_(7).jpg;373
1914;1792;199;MANDRILLS BKB_199_20201121_id199_femadu_(1).jpg;122
1889;1792;199;MANDRILLS BKB_199_20201121_id199_femadu_(1b).jpg;97
1956;1792;199;MANDRILLS BKB_199_20201121_id199_femadu_(2b).jpg;164
1915;1792;199;MANDRILLS BKB_199_20201121_id199_femadu_(3).jpg;123
2088;1792;199;MANDRILLS BKB_199_20201121_id199_femadu_(4).jpg;296
1878;1796;199;MANDRILLS BKB_199_20201125_id199_femadu_(1).jpg;82
1897;1796;199;MANDRILLS BKB_199_20201125_id199_femadu_(2).jpg;101
1719;1796;199;MANDRILLS BKB_199_20201125_id199_femadu_(3).jpg;77
2916;1814;199;MANDRILLS BKB_199_20201213_id199_femadu_(1).jpg;1102
2190;1814;199;MANDRILLS BKB_199_20201213_id199_femadu_(2).jpg;376
2216;1817;199;MANDRILLS BKB_199_20201216_id199_femadu_(1).jpg;399
2137;1817;199;MANDRILLS BKB_199_20201216_id199_femadu_(2).jpg;320
2542;1818;199;MANDRILLS BKB_199_20201217_id199_femadu_(1).jpg;724
2295;1818;199;MANDRILLS BKB_199_20201217_id199_femadu_(2).jpg;477
2142;1822;199;MANDRILLS BKB_199_20201221_id199_femadu.jpg;320
2019;1892;199;MANDRILLS BKB_199_20210301_id199_femadu_(1).jpg;127
134;1892;199;MANDRILLS BKB_199_20210301_id199_femadu_(2).jpg;1758
2021;1892;199;MANDRILLS BKB_199_20210301_id199_femadu_(3).jpg;129
2353;1892;199;MANDRILLS BKB_199_20210301_id199_femadu_(4).jpg;461
2733;1965;199;MANDRILLS BKB_199_20210513_id199_femadu.jpg;768
2150;2005;199;MANDRILLS BKB_199_20210622_id199_femadu_(1).jpg;145
1855;2005;199;MANDRILLS BKB_199_20210622_id199_femadu_(2).jpg;150
2761;2034;199;MANDRILLS BKB_199_20210721_id199_femadu_(1).jpg;727
2679;2034;199;MANDRILLS BKB_199_20210721_id199_femadu_(3).jpg;645
2607;2034;199;MANDRILLS BKB_199_20210721_id199_femadu_(4).jpg;573
3052;2094;199;MANDRILLS BKB_199_20210919_id199_femadu (1).jpg;958
3027;2094;199;MANDRILLS BKB_199_20210919_id199_femadu (2).jpg;933
2826;2138;199;MANDRILLS BKB_199_20211102_id199_femadu.jpg;688
1969;2147;199;MANDRILLS BKB_199_20211111_id199_femadu.jpg;178
2424;2158;199;MANDRILLS BKB_199_20211122_id199_femadu_(1).jpg;266
2173;2162;199;MANDRILLS BKB_199_20211126_id199_femadu_(1)-2.jpg;11
2073;2162;199;MANDRILLS BKB_199_20211126_id199_femadu_(1).jpg;89
1780;2162;199;MANDRILLS BKB_199_20211126_id199_femadu_(2).jpg;382
2733;2179;199;MANDRILLS BKB_199_20211213_id199_femadu.jpg;554
2423;2179;199;MANDRILLS BKB_199_20211213_id199_femadu_(2).jpg;244
2089;2229;199;MANDRILLS BKB_199_20220201_id199_femadu (1).jpg;140
2712;2229;199;MANDRILLS BKB_199_20220201_id199_femadu (2).jpg;483
2481;2229;199;MANDRILLS BKB_199_20220201_id199_femadu (3).jpg;252
2960;2229;199;MANDRILLS BKB_199_20220201_id199_femadu (4).jpg;731
2824;2234;199;MANDRILLS BKB_199_20220206_id199_femadu (1).jpg;590
2677;2234;199;MANDRILLS BKB_199_20220206_id199_femadu (2).jpg;443
3624;2278;199;MANDRILLS BKB_199_20220322_id199_femadu.jpg;1346
3049;2282;199;MANDRILLS BKB_199_20220326_id199_femadu (3).jpg;767
2741;2282;199;MANDRILLS BKB_199_20220326_id199_femadu (4).jpg;459
2676;2283;199;MANDRILLS BKB_199_20220327_id199_femadu (1).jpg;393
2723;2283;199;MANDRILLS BKB_199_20220327_id199_femadu (2).jpg;440
2766;2283;199;MANDRILLS BKB_199_20220327_id199_femadu (3).jpg;483
2409;2286;199;MANDRILLS BKB_199_20220330_id199_femadu (1).jpg;123
2449;2286;199;MANDRILLS BKB_199_20220330_id199_femadu (2).jpg;163
2576;2305;199;MANDRILLS BKB_199_20220418_id199_femadu (1).jpg;271
2625;2305;199;MANDRILLS BKB_199_20220418_id199_femadu (2).jpg;320
2485;2305;199;MANDRILLS BKB_199_20220418_id199_femadu (3).jpg;180
2205;2314;199;MANDRILLS BKB_199_20220427_id199_femadu (1).jpg;109
2499;2314;199;MANDRILLS BKB_199_20220427_id199_femadu (2).jpg;185
2235;2333;199;MANDRILLS BKB_199_20220516_id199_femadu.jpg;98
2976;2341;199;MANDRILLS BKB_199_20220524_id199_femadu (1).jpg;635
2512;2341;199;MANDRILLS BKB_199_20220524_id199_femadu (2).jpg;171
2172;2349;199;MANDRILLS BKB_199_20220601_id199_femadu.jpg;177
2902;2371;199;MANDRILLS BKB_199_20220623_id199_femadu.jpg;531
2879;2377;199;MANDRILLS BKB_199_20220629_id199 (1).jpg;502
2933;2377;199;MANDRILLS BKB_199_20220629_id199 (2).jpg;556
2763;2377;199;MANDRILLS BKB_199_20220629_id199 (3).jpg;386
3011;2377;199;MANDRILLS BKB_199_20220629_id199.jpg;634
3061;2379;199;MANDRILLS BKB_199_20220701_id199 (3).jpg;682
2956;2379;199;MANDRILLS BKB_199_20220701_id199.jpg;577
2958;2384;199;MANDRILLS BKB_199_20220706_id199.jpg;574
2666;2392;199;MANDRILLS BKB_199_20220714_id199_femadu (1).jpg;274
3157;2392;199;MANDRILLS BKB_199_20220714_id199_femadu (2).jpg;765
2684;2397;199;MANDRILLS BKB_199_20220719_id199 (2).jpg;287
2219;2397;199;MANDRILLS BKB_199_20220719_id199.jpg;178
2983;2421;199;MANDRILLS BKB_199_20220812_id199 (1).jpg;562
3107;2421;199;MANDRILLS BKB_199_20220812_id199 (2).jpg;686
2731;2421;199;MANDRILLS BKB_199_20220812_id199.jpg;310
2063;2427;199;MANDRILLS BKB_199_20220818_id199.jpg;364
2979;2460;199;MANDRILLS BKB_199_20220920_id199.jpg;519
2838;2475;199;MANDRILLS BKB_199_20221005_id199 (2).jpg;363
2621;2475;199;MANDRILLS BKB_199_20221005_id199.jpg;146
2797;2492;199;MANDRILLS BKB_199_20221022_id199 (1).jpg;305
2899;2492;199;MANDRILLS BKB_199_20221022_id199 (2).jpg;407
2816;2517;199;MANDRILLS BKB_199_20221116_id199 (1).jpg;299
2965;2517;199;MANDRILLS BKB_199_20221116_id199 (2).jpg;448
3072;2517;199;MANDRILLS BKB_199_20221116_id199 (3).jpg;555
2063;2524;199;MANDRILLS BKB_199_20221123_id199 (1).jpg;461
2549;2524;199;MANDRILLS BKB_199_20221123_id199 (2).jpg;25
2823;2531;199;MANDRILLS BKB_199_20221130_id199 (2).jpg;292
2842;2531;199;MANDRILLS BKB_199_20221130_id199 (3).jpg;311
2265;2540;199;MANDRILLS BKB_199_20221209_id199 (2).jpg;275
2865;2541;199;MANDRILLS BKB_199_20221210_id199.jpg;324
5424;2542;199;MANDRILLS BKB_199_20221211_id199 (2).jpg;2882
2196;2542;199;MANDRILLS BKB_199_20221211_id199.jpg;346
4935;2545;199;MANDRILLS BKB_199_20221214_id199 (2).jpg;2390
2863;2545;199;MANDRILLS BKB_199_20221214_id199.jpg;318
2589;2549;199;MANDRILLS BKB_199_20221218_id199 (2).jpg;40
1794;2549;199;MANDRILLS BKB_199_20221218_id199 (3).jpg;755
2279;2549;199;MANDRILLS BKB_199_20221218_id199.jpg;270
1409;1617;207;MANDRILLS BKB_207_20190717_id931_femadu_(1).jpg;208
1616;1617;207;MANDRILLS BKB_207_20190717_id931_femadu_(2).jpg;1
1346;1653;207;MANDRILLS BKB_207_20190822_id931_femadu_(1).jpg;307
1758;1653;207;MANDRILLS BKB_207_20190822_id931_femadu_(2).jpg;105
1439;1653;207;MANDRILLS BKB_207_20190822_id931_femadu_(4).jpg;214
1345;1653;207;MANDRILLS BKB_207_20190822_id931_femadu_(7).jpg;308
1576;1666;207;MANDRILLS BKB_207_20190904_id931_femadu_MILIEU_(1).jpg;90
1509;1666;207;MANDRILLS BKB_207_20190904_id931_femadu_MILIEU_(12).jpg;157
1587;1666;207;MANDRILLS BKB_207_20190904_id931_femadu_MILIEU_(14).jpg;79
1659;1666;207;MANDRILLS BKB_207_20190904_id931_femadu_MILIEU_(15).jpg;7
1460;1666;207;MANDRILLS BKB_207_20190904_id931_femadu_MILIEU_(16).jpg;206
1288;1666;207;MANDRILLS BKB_207_20190904_id931_femadu_MILIEU_(17).jpg;378
1437;1666;207;MANDRILLS BKB_207_20190904_id931_femadu_MILIEU_(18).jpg;229
1639;1666;207;MANDRILLS BKB_207_20190904_id931_femadu_MILIEU_(2).jpg;27
1688;1666;207;MANDRILLS BKB_207_20190904_id931_femadu_MILIEU_(3).jpg;22
1305;1666;207;MANDRILLS BKB_207_20190904_id931_femadu_MILIEU_(30).jpg;361
1369;1666;207;MANDRILLS BKB_207_20190904_id931_femadu_MILIEU_(31).jpg;297
1501;1666;207;MANDRILLS BKB_207_20190904_id931_femadu_MILIEU_(32).jpg;165
1584;1666;207;MANDRILLS BKB_207_20190904_id931_femadu_MILIEU_(33).jpg;82
1607;1666;207;MANDRILLS BKB_207_20190904_id931_femadu_MILIEU_(34).jpg;59
1488;1666;207;MANDRILLS BKB_207_20190904_id931_femadu_MILIEU_(35).jpg;178
1385;1666;207;MANDRILLS BKB_207_20190904_id931_femadu_MILIEU_(36).jpg;281
1524;1666;207;MANDRILLS BKB_207_20190904_id931_femadu_MILIEU_(37).jpg;142
1223;1666;207;MANDRILLS BKB_207_20190904_id931_femadu_MILIEU_(38).jpg;443
1622;1666;207;MANDRILLS BKB_207_20190904_id931_femadu_MILIEU_(4).jpg;44
1562;1666;207;MANDRILLS BKB_207_20190904_id931_femadu_MILIEU_(5).jpg;104
1399;1666;207;MANDRILLS BKB_207_20190904_id931_femadu_MILIEU_(7).jpg;267
1475;1666;207;MANDRILLS BKB_207_20190904_id931_femadu_MILIEU_(9).jpg;191
1430;1687;207;MANDRILLS BKB_207_20190925_id931_femadu_GAUCHE_(1).jpg;257
1677;1687;207;MANDRILLS BKB_207_20190925_id931_femadu_GAUCHE_(3).jpg;10
1169;1687;207;MANDRILLS BKB_207_20190925_id931_femadu_GAUCHE_(4).jpg;518
1375;1687;207;MANDRILLS BKB_207_20190925_id931_femadu_GAUCHE_(5).jpg;312
1508;1688;207;MANDRILLS BKB_207_20190926_id931_femadu.jpg;180
1855;1911;207;MANDRILLS BKB_207_20200506_id207_femadu_(1).jpg;56
1822;1911;207;MANDRILLS BKB_207_20200506_id207_femadu_(2).jpg;89
1957;1911;207;MANDRILLS BKB_207_20200506_id207_femadu_(3).jpg;46
1978;1911;207;MANDRILLS BKB_207_20200506_id207_femadu_(4).jpg;67
1908;1911;207;MANDRILLS BKB_207_20200506_id207_femadu_(5).jpg;3
1889;1911;207;MANDRILLS BKB_207_20200506_id207_femadu_(6).jpg;22
1644;1911;207;MANDRILLS BKB_207_20200506_id931_femadu.jpg;267
1679;2076;207;MANDRILLS BKB_207_20201018_id207_femadu.jpg;397
1920;2080;207;MANDRILLS BKB_207_20201022_id207_femadu.jpg;160
2002;2154;207;MANDRILLS BKB_207_20210104_id207_femadu_(1).jpg;152
2396;2154;207;MANDRILLS BKB_207_20210104_id207_femadu_(2).jpg;242
1998;2179;207;MANDRILLS BKB_207_20210129_id207_femadu_(1).jpg;181
1741;2179;207;MANDRILLS BKB_207_20210129_id207_femadu_(2).jpg;438
2147;2179;207;MANDRILLS BKB_207_20210129_id207_femadu_(3).jpg;32
1756;2179;207;MANDRILLS BKB_207_20210129_id207_femadu_(4).jpg;423
1957;2179;207;MANDRILLS BKB_207_20210129_id207_femadu_(5).jpg;222
1868;2179;207;MANDRILLS BKB_207_20210129_id207_femadu_(6).jpg;311
2135;2179;207;MANDRILLS BKB_207_20210129_id207_femadu_(7).jpg;44
2040;2179;207;MANDRILLS BKB_207_20210129_id207_femadu_(8).jpg;139
1932;2184;207;MANDRILLS BKB_207_20210203_id207_femadu.jpg;252
2021;2250;207;MANDRILLS BKB_207_20210410_id207_femadu_(1).jpg;229
1917;2250;207;MANDRILLS BKB_207_20210410_id207_femadu_(2).jpg;333
1828;2250;207;MANDRILLS BKB_207_20210410_id207_femadu_(3).jpg;422
1510;2250;207;MANDRILLS BKB_207_20210410_id207_femadu_(4).jpg;740
1618;2330;207;MANDRILLS BKB_207_20210629_id207_femadu.jpg;712
1947;2402;207;MANDRILLS BKB_207_20210909_id207_femadu (1).jpg;455
1787;2402;207;MANDRILLS BKB_207_20210909_id207_femadu (2).jpg;615
2050;2412;207;MANDRILLS BKB_207_20210919_id207_femadu.jpg;362
1959;2415;207;MANDRILLS BKB_207_20210922_id207_femadu.jpg;456
2042;2443;207;MANDRILLS BKB_207_20211020_id207_femadu_(2).jpg;401
1987;2456;207;MANDRILLS BKB_207_20211102_id207_femadu_(2).jpg;469
2363;2460;207;MANDRILLS BKB_207_20211106_id207_femadu_(1).jpg;97
2241;2460;207;MANDRILLS BKB_207_20211106_id207_femadu_(2).jpg;219
2149;2460;207;MANDRILLS BKB_207_20211106_id207_femadu_(3).jpg;311
2400;2460;207;MANDRILLS BKB_207_20211106_id207_femadu_(4).jpg;60
2095;2460;207;MANDRILLS BKB_207_20211106_id207_femadu_(5).jpg;365
1796;2462;207;MANDRILLS BKB_207_20211108_id207_femadu_(1).jpg;666
2330;2462;207;MANDRILLS BKB_207_20211108_id207_femadu_(2).jpg;132
1931;2465;207;MANDRILLS BKB_207_20211111_id207_femadu_(1).jpg;534
2255;2465;207;MANDRILLS BKB_207_20211111_id207_femadu_(2).jpg;210
2512;2469;207;MANDRILLS BKB_207_20211115_id207_femadu.jpg;43
2789;2476;207;MANDRILLS BKB_207_20211122_id207_femadu_(1).jpg;313
2028;2476;207;MANDRILLS BKB_207_20211122_id207_femadu_(2).jpg;448
2060;2488;207;MANDRILLS BKB_207_20211204_id207_femadu_(1).jpg;428
2852;2488;207;MANDRILLS BKB_207_20211204_id207_femadu_(2).jpg;364
2492;2497;207;MANDRILLS BKB_207_20211213_id207_femadu.jpg;5
2398;2501;207;MANDRILLS BKB_207_20211217_id207_femadu_(1).jpg;103
1864;2501;207;MANDRILLS BKB_207_20211217_id207_femadu_(2).jpg;637
2280;2501;207;MANDRILLS BKB_207_20211217_id207_femadu_(3).jpg;221
2304;2504;207;MANDRILLS BKB_207_20211220_ID207_femadu.jpg;200
2646;2505;207;MANDRILLS BKB_207_20211221_ID207_femadu.jpg;141
2684;2547;207;MANDRILLS BKB_207_20220201_id207_femadu (2).jpg;137
2744;2547;207;MANDRILLS BKB_207_20220201_id207_femadu (3).jpg;197
2386;2547;207;MANDRILLS BKB_207_20220201_id207_femadu.jpg;161
2536;2559;207;MANDRILLS BKB_207_20220213_id207_femadu (1).jpg;23
2809;2559;207;MANDRILLS BKB_207_20220213_id207_femadu (2).jpg;250
2458;2562;207;MANDRILLS BKB_207_20220216_id207_femadu (1).jpg;104
2080;2562;207;MANDRILLS BKB_207_20220216_id207_femadu (2).jpg;482
2487;2569;207;MANDRILLS BKB_207_20220223_id207_feladu.jpg;82
3097;2604;207;MANDRILLS BKB_207_20220330_id207_femadu (1).jpg;493
2749;2604;207;MANDRILLS BKB_207_20220330_id207_femadu (2).jpg;145
2392;2631;207;MANDRILLS BKB_207_20220426_id207_femadu (1).jpg;239
2739;2631;207;MANDRILLS BKB_207_20220426_id207_femadu (2).jpg;108
2618;2631;207;MANDRILLS BKB_207_20220426_id207_femadu (3).jpg;13
1684;2652;207;MANDRILLS BKB_207_20220517_id207_femadu (1).jpg;968
2094;2652;207;MANDRILLS BKB_207_20220517_id207_femadu (2).jpg;558
2827;2653;207;MANDRILLS BKB_207_20220518_id207_femadu.jpg;174
2992;2659;207;MANDRILLS BKB_207_20220524_id207_femadu.jpg;333
2058;2669;207;MANDRILLS BKB_207_20220603_id207_femadu (1).jpg;611
2080;2669;207;MANDRILLS BKB_207_20220603_id207_femadu (3).jpg;589
2512;2669;207;MANDRILLS BKB_207_20220603_id207_femadu (4).jpg;157
2300;2669;207;MANDRILLS BKB_207_20220603_id207_femadu.jpg;369
2844;2673;207;MANDRILLS BKB_207_20220607_id207_femadu.jpg;171
2235;2683;207;MANDRILLS BKB_207_20220617_id207_femadu.jpg;448
2209;2687;207;MANDRILLS BKB_207_20220621_id207_femadu (1).jpg;478
2259;2687;207;MANDRILLS BKB_207_20220621_id207_femadu (2).jpg;428
2386;2687;207;MANDRILLS BKB_207_20220621_id207_femadu (3).jpg;301
2195;2697;207;MANDRILLS BKB_207_20220701_id207 (2).jpg;502
2169;2697;207;MANDRILLS BKB_207_20220701_id207.jpg;528
2886;2702;207;MANDRILLS BKB_207_20220706_id207 (2).jpg;184
2799;2702;207;MANDRILLS BKB_207_20220706_id207 (3).jpg;97
2583;2702;207;MANDRILLS BKB_207_20220706_id207.jpg;119
2752;2707;207;MANDRILLS BKB_207_20220711_id207 (2).jpg;45
3003;2707;207;MANDRILLS BKB_207_20220711_id207 (3).jpg;296
2600;2707;207;MANDRILLS BKB_207_20220711_id207.jpg;107
2927;2709;207;MANDRILLS BKB_207_20220713_id207 (1).jpg;218
2362;2709;207;MANDRILLS BKB_207_20220713_id207 (2).jpg;347
2325;2710;207;MANDRILLS BKB_207_20220714_id207.jpg;385
2543;2710;207;MANDRILLS BKB_207_20220714_id207_femadu.jpg;167
2340;2713;207;MANDRILLS BKB_207_20220717_id207 (1).jpg;373
2759;2713;207;MANDRILLS BKB_207_20220717_id207 (2).jpg;46
2731;2724;207;MANDRILLS BKB_207_20220728_id207.jpg;7
2724;2731;207;MANDRILLS BKB_207_20220804_id207 (1).jpg;7
2416;2731;207;MANDRILLS BKB_207_20220804_id207 (2).jpg;315
2266;2732;207;MANDRILLS BKB_207_20220805_id207 (1).jpg;466
2217;2732;207;MANDRILLS BKB_207_20220805_id207 (2).jpg;515
2651;2732;207;MANDRILLS BKB_207_20220805_id207 (3).jpg;81
2902;2739;207;MANDRILLS BKB_207_20220812_id207 (1).jpg;163
2707;2739;207;MANDRILLS BKB_207_20220812_id207 (2).jpg;32
2894;2739;207;MANDRILLS BKB_207_20220812_id207.jpg;155
2786;2742;207;MANDRILLS BKB_207_20220815_id207.jpg;44
2636;2784;207;MANDRILLS BKB_207_20220926_id207.jpg;148
2834;2793;207;MANDRILLS BKB_207_20221005_id207 (1).jpg;41
2664;2793;207;MANDRILLS BKB_207_20221005_id207 (2).jpg;129
2649;2815;207;MANDRILLS BKB_207_20221027_id207.jpg;166
2385;2828;207;MANDRILLS BKB_207_20221109_id207.jpg;443
2106;2833;207;MANDRILLS BKB_207_20221114_id207.jpg;727
2253;2836;207;MANDRILLS BKB_207_20221117_id207 (1).jpg;583
2543;2836;207;MANDRILLS BKB_207_20221117_id207 (3).jpg;293
2069;2858;207;MANDRILLS BKB_207_20221209_id207 (1).jpg;789
1884;2858;207;MANDRILLS BKB_207_20221209_id207 (3).jpg;974
2038;2863;207;MANDRILLS BKB_207_20221214_id207.jpg;825
1617;2876;207;MANDRILLS BKB_207_20221227_id207.jpg;1259
285;339;208;MANDRILLS BKB_208_20151202_id948_feminf_(1)_ORIGINAL.jpg;54
250;339;208;MANDRILLS BKB_208_20151202_id948_feminf_(2)_ORIGINAL.jpg;89
347;339;208;MANDRILLS BKB_208_20151202_id948_feminf_(3)_ORIGINAL.jpg;8
289;339;208;MANDRILLS BKB_208_20151202_id948_feminf_(4)_ORIGINAL.jpg;50
250;339;208;MANDRILLS BKB_208_20151202_id948_feminf_(5)_ORIGINAL.jpg;89
810;564;208;MANDRILLS BKB_208_20160714_id948_femjuv_(1)_ORIGINAL.jpg;246
487;564;208;MANDRILLS BKB_208_20160714_id948_femjuv_(2)_ORIGINAL.jpg;77
747;564;208;MANDRILLS BKB_208_20160714_id948_femjuv_(3)_ORIGINAL.jpg;183
641;564;208;MANDRILLS BKB_208_20160714_id948_femjuv_(4)_ORIGINAL.jpg;77
987;646;208;MANDRILLS BKB_208_20161004_id948_femjuv_ORIGINAL.jpg;341
1359;1192;208;MANDRILLS BKB_208_20180403_id948_femjuv_(1)_ORIGINAL.jpg;167
1426;1192;208;MANDRILLS BKB_208_20180403_id948_femjuv_(3)_ORIGINAL.jpg;234
1232;1224;208;MANDRILLS BKB_208_20180505_id948_femjuv_(1)_ORIGINAL.jpg;8
1534;1224;208;MANDRILLS BKB_208_20180505_id948_femjuv_(2)_ORIGINAL.jpg;310
1267;1256;208;MANDRILLS BKB_208_20180606_id948_femjuv_(1)_ORIGINAL.jpg;11
1488;1266;208;MANDRILLS BKB_208_20180616_id948_femjuv_(1)_ORIGINAL.jpg;222
1561;1266;208;MANDRILLS BKB_208_20180616_id948_femjuv_(11)_ORIGINAL.jpg;295
1460;1266;208;MANDRILLS BKB_208_20180616_id948_femjuv_(12)_ORIGINAL.jpg;194
1665;1266;208;MANDRILLS BKB_208_20180616_id948_femjuv_(13)_ORIGINAL.jpg;399
1347;1266;208;MANDRILLS BKB_208_20180616_id948_femjuv_(14)_ORIGINAL.jpg;81
1882;1266;208;MANDRILLS BKB_208_20180616_id948_femjuv_(15)_ORIGINAL.jpg;616
1283;1266;208;MANDRILLS BKB_208_20180616_id948_femjuv_(16)_ORIGINAL.jpg;17
1300;1266;208;MANDRILLS BKB_208_20180616_id948_femjuv_(4)_ORIGINAL.jpg;34
1617;1266;208;MANDRILLS BKB_208_20180616_id948_femjuv_(5)_ORIGINAL.jpg;351
1516;1266;208;MANDRILLS BKB_208_20180616_id948_femjuv_(7)_ORIGINAL.jpg;250
1415;1266;208;MANDRILLS BKB_208_20180616_id948_femjuv_(8)_ORIGINAL.jpg;149
1731;1269;208;MANDRILLS BKB_208_20180619_id948_femjuv_(1)_ORIGINAL.jpg;462
1373;1269;208;MANDRILLS BKB_208_20180619_id948_femjuv_(10)_ORIGINAL.jpg;104
1319;1269;208;MANDRILLS BKB_208_20180619_id948_femjuv_(11)_ORIGINAL.jpg;50
1350;1269;208;MANDRILLS BKB_208_20180619_id948_femjuv_(12)_ORIGINAL.jpg;81
1388;1269;208;MANDRILLS BKB_208_20180619_id948_femjuv_(13)_ORIGINAL.jpg;119
1448;1269;208;MANDRILLS BKB_208_20180619_id948_femjuv_(14)_ORIGINAL.jpg;179
1348;1269;208;MANDRILLS BKB_208_20180619_id948_femjuv_(15)_ORIGINAL.jpg;79
1301;1269;208;MANDRILLS BKB_208_20180619_id948_femjuv_(16)_ORIGINAL.jpg;32
1403;1269;208;MANDRILLS BKB_208_20180619_id948_femjuv_(17)_ORIGINAL.jpg;134
1367;1269;208;MANDRILLS BKB_208_20180619_id948_femjuv_(18)_ORIGINAL.jpg;98
1463;1269;208;MANDRILLS BKB_208_20180619_id948_femjuv_(19)_ORIGINAL.jpg;194
1407;1269;208;MANDRILLS BKB_208_20180619_id948_femjuv_(2)_ORIGINAL.jpg;138
1456;1269;208;MANDRILLS BKB_208_20180619_id948_femjuv_(20)_ORIGINAL.jpg;187
1507;1269;208;MANDRILLS BKB_208_20180619_id948_femjuv_(21)_ORIGINAL.jpg;238
1531;1269;208;MANDRILLS BKB_208_20180619_id948_femjuv_(22)_ORIGINAL.jpg;262
1199;1269;208;MANDRILLS BKB_208_20180619_id948_femjuv_(23)_ORIGINAL.jpg;70
1274;1269;208;MANDRILLS BKB_208_20180619_id948_femjuv_(24)_ORIGINAL.jpg;5
1334;1269;208;MANDRILLS BKB_208_20180619_id948_femjuv_(25)_ORIGINAL.jpg;65
1360;1269;208;MANDRILLS BKB_208_20180619_id948_femjuv_(26)_ORIGINAL.jpg;91
1369;1269;208;MANDRILLS BKB_208_20180619_id948_femjuv_(27)_ORIGINAL.jpg;100
1354;1269;208;MANDRILLS BKB_208_20180619_id948_femjuv_(28)_ORIGINAL.jpg;85
1529;1269;208;MANDRILLS BKB_208_20180619_id948_femjuv_(29)_ORIGINAL.jpg;260
1399;1269;208;MANDRILLS BKB_208_20180619_id948_femjuv_(3)_ORIGINAL.jpg;130
1466;1269;208;MANDRILLS BKB_208_20180619_id948_femjuv_(4)_ORIGINAL.jpg;197
1417;1269;208;MANDRILLS BKB_208_20180619_id948_femjuv_(5)_ORIGINAL.jpg;148
1416;1269;208;MANDRILLS BKB_208_20180619_id948_femjuv_(6)_ORIGINAL.jpg;147
1311;1269;208;MANDRILLS BKB_208_20180619_id948_femjuv_(7)_ORIGINAL.jpg;42
1310;1269;208;MANDRILLS BKB_208_20180619_id948_femjuv_(8)_ORIGINAL.jpg;41
1346;1269;208;MANDRILLS BKB_208_20180619_id948_femjuv_(9)_ORIGINAL.jpg;77
1539;1306;208;MANDRILLS BKB_208_20180726_id948_femjuvDROITE_(1)_ORIGINAL.jpg;233
1381;1306;208;MANDRILLS BKB_208_20180726_id948_femjuvDROITE_(2)_ORIGINAL.jpg;75
1409;1306;208;MANDRILLS BKB_208_20180726_id948_femjuvDROITE_(3)_ORIGINAL.jpg;103
1420;1306;208;MANDRILLS BKB_208_20180726_id948_femjuvDROITE_(4)_ORIGINAL.jpg;114
1311;1306;208;MANDRILLS BKB_208_20180726_id948_femjuvDROITE_(5)_ORIGINAL.jpg;5
1505;1306;208;MANDRILLS BKB_208_20180726_id948_femjuv_(2)_ORIGINAL.jpg;199
1533;1306;208;MANDRILLS BKB_208_20180726_id948_femjuv_(4)_ORIGINAL.jpg;227
1511;1306;208;MANDRILLS BKB_208_20180726_id948_femjuv_(5)_ORIGINAL.jpg;205
1457;1306;208;MANDRILLS BKB_208_20180726_id948_femjuv_(6)_ORIGINAL.jpg;151
1473;1306;208;MANDRILLS BKB_208_20180726_id948_femjuv_(7)_ORIGINAL.jpg;167
1465;1306;208;MANDRILLS BKB_208_20180726_id948_femjuv_(8)_ORIGINAL.jpg;159
1517;1346;208;MANDRILLS BKB_208_20180904_id948_femjuv_(1)_ORIGINAL.jpg;171
1539;1346;208;MANDRILLS BKB_208_20180904_id948_femjuv_(10)_ORIGINAL.jpg;193
1427;1346;208;MANDRILLS BKB_208_20180904_id948_femjuv_(11)_ORIGINAL.jpg;81
1510;1346;208;MANDRILLS BKB_208_20180904_id948_femjuv_(12)_ORIGINAL.jpg;164
1312;1346;208;MANDRILLS BKB_208_20180904_id948_femjuv_(13)_ORIGINAL.jpg;34
1310;1346;208;MANDRILLS BKB_208_20180904_id948_femjuv_(14)_ORIGINAL.jpg;36
1397;1346;208;MANDRILLS BKB_208_20180904_id948_femjuv_(2)_ORIGINAL.jpg;51
1295;1346;208;MANDRILLS BKB_208_20180904_id948_femjuv_(3)_ORIGINAL.jpg;51
1309;1346;208;MANDRILLS BKB_208_20180904_id948_femjuv_(4)_ORIGINAL.jpg;37
1482;1346;208;MANDRILLS BKB_208_20180904_id948_femjuv_(5)_ORIGINAL.jpg;136
1416;1346;208;MANDRILLS BKB_208_20180904_id948_femjuv_(6)_ORIGINAL.jpg;70
1473;1346;208;MANDRILLS BKB_208_20180904_id948_femjuv_(7)_ORIGINAL.jpg;127
1514;1346;208;MANDRILLS BKB_208_20180904_id948_femjuv_(8)_ORIGINAL.jpg;168
1229;1346;208;MANDRILLS BKB_208_20180904_id948_femjuv_(9)_ORIGINAL.jpg;117
1699;1542;208;MANDRILLS BKB_208_20190319_id948_femadu.jpg;157
1885;1619;208;MANDRILLS BKB_208_20190604_id948_femadu_(1).jpg;266
1892;1619;208;MANDRILLS BKB_208_20190604_id948_femadu_(2).jpg;273
1871;1619;208;MANDRILLS BKB_208_20190604_id948_femadu_(3).jpg;252
1898;1619;208;MANDRILLS BKB_208_20190604_id948_femadu_(4).jpg;279
1978;1619;208;MANDRILLS BKB_208_20190604_id948_femadu_(5).jpg;359
1965;1619;208;MANDRILLS BKB_208_20190604_id948_femadu_(6).jpg;346
1983;1619;208;MANDRILLS BKB_208_20190604_id948_femadu_(7).jpg;364
2051;1619;208;MANDRILLS BKB_208_20190604_id948_femadu_(8).jpg;432
1887;1619;208;MANDRILLS BKB_208_20190604_id948_femadu_(9).jpg;268
1763;1633;208;MANDRILLS BKB_208_20190618_id948_femadu.jpg;130
1590;1651;208;MANDRILLS BKB_208_20190706_id948_femadu_(2).jpg;61
2060;1651;208;MANDRILLS BKB_208_20190706_id948_femadu_(3).jpg;409
1844;1711;208;MANDRILLS BKB_208_20190904_id948_femadu_(1).jpg;133
2007;1711;208;MANDRILLS BKB_208_20190904_id948_femadu_(2).jpg;296
1949;1711;208;MANDRILLS BKB_208_20190904_id948_femadu_(3).jpg;238
1881;1711;208;MANDRILLS BKB_208_20190904_id948_femadu_(4).jpg;170
2207;1870;208;MANDRILLS BKB_208_20200210_id948_femadu_(1).jpg;337
2231;1870;208;MANDRILLS BKB_208_20200210_id948_femadu_(2).jpg;361
2017;1882;208;MANDRILLS BKB_208_20200222_id948_femadu_(1).jpg;135
2073;1882;208;MANDRILLS BKB_208_20200222_id948_femadu_(2).jpg;191
2142;1882;208;MANDRILLS BKB_208_20200222_id948_femadu_(3).jpg;260
2225;1899;208;MANDRILLS BKB_208_20200310_id948_femadu.jpg;326
1974;1909;208;MANDRILLS BKB_208_20200320_id948_femadu.jpg;65
2016;1956;208;MANDRILLS BKB_208_20200506_id208_femadu.jpg;60
2389;1956;208;MANDRILLS BKB_208_20200506_id948_femadu_(1).jpg;433
2011;1956;208;MANDRILLS BKB_208_20200506_id948_femadu_(2).jpg;55
2293;2118;208;MANDRILLS BKB_208_20201015_id208_femadu.jpg;175
2063;2121;208;MANDRILLS BKB_208_20201018_id208_femadu_(1).jpg;58
2051;2121;208;MANDRILLS BKB_208_20201018_id208_femadu_(2).jpg;70
1961;2121;208;MANDRILLS BKB_208_20201018_id208_femadu_(3).jpg;160
2042;2121;208;MANDRILLS BKB_208_20201018_id208_femadu_(4).jpg;79
2181;2121;208;MANDRILLS BKB_208_20201018_id208_femadu_(5).jpg;60
2248;2159;208;MANDRILLS BKB_208_20201125_id208_femadu_(1).jpg;89
2469;2159;208;MANDRILLS BKB_208_20201125_id208_femadu_(2).jpg;310
2009;2159;208;MANDRILLS BKB_208_20201125_id208_femadu_(3).jpg;150
2289;2159;208;MANDRILLS BKB_208_20201125_id208_femadu_(4).jpg;130
2667;2159;208;MANDRILLS BKB_208_20201125_id208_femadu_(5).jpg;508
2640;2180;208;MANDRILLS BKB_208_20201216_id208_femadu_(1).jpg;460
2326;2180;208;MANDRILLS BKB_208_20201216_id208_femadu_(2).jpg;146
2244;2180;208;MANDRILLS BKB_208_20201216_id208_femadu_(3).jpg;64
2687;2182;208;MANDRILLS BKB_208_20201218_id208_femadu_(1).jpg;505
2729;2182;208;MANDRILLS BKB_208_20201218_id208_femadu_(2).jpg;547
2801;2185;208;MANDRILLS BKB_208_20201221_id208_femadu.jpg;616
2120;2186;208;MANDRILLS BKB_208_20201222_id208_femadu_(1).jpg;66
2308;2186;208;MANDRILLS BKB_208_20201222_id208_femadu_(2).jpg;122
2327;2201;208;MANDRILLS BKB_208_20210106_id208_femadu_(1).jpg;126
2630;2201;208;MANDRILLS BKB_208_20210106_id208_femadu_(2).jpg;429
2637;2201;208;MANDRILLS BKB_208_20210106_id208_femadu_(3).jpg;436
2548;2201;208;MANDRILLS BKB_208_20210106_id208_femadu_(4).jpg;347
2244;2229;208;MANDRILLS BKB_208_20210203_id208_femadu.jpg;15
3386;2240;208;MANDRILLS BKB_208_20210214_id208_femadu.jpg;1146
3149;2342;208;MANDRILLS BKB_208_20210527_id208_femadu_(1).jpg;807
3026;2342;208;MANDRILLS BKB_208_20210527_id208_femadu_(2).jpg;684
3129;2342;208;MANDRILLS BKB_208_20210527_id208_femadu_(3).jpg;787
3094;2342;208;MANDRILLS BKB_208_20210527_id208_femadu_(4).jpg;752
3007;2342;208;MANDRILLS BKB_208_20210527_id208_femadu_(5).jpg;665
2628;2342;208;MANDRILLS BKB_208_20210527_id208_femadu_(6).jpg;286
2659;2342;208;MANDRILLS BKB_208_20210527_id208_femadu_(7).jpg;317
1294;1113;212;MANDRILLS BKB_212_20190319_id1029_femjuv_(1).jpg;181
1589;1113;212;MANDRILLS BKB_212_20190319_id1029_femjuv_(10).jpg;476
1529;1113;212;MANDRILLS BKB_212_20190319_id1029_femjuv_(11).jpg;416
1459;1113;212;MANDRILLS BKB_212_20190319_id1029_femjuv_(12).jpg;346
1239;1113;212;MANDRILLS BKB_212_20190319_id1029_femjuv_(13).jpg;126
1402;1113;212;MANDRILLS BKB_212_20190319_id1029_femjuv_(14).jpg;289
1359;1113;212;MANDRILLS BKB_212_20190319_id1029_femjuv_(15).jpg;246
1247;1113;212;MANDRILLS BKB_212_20190319_id1029_femjuv_(16).jpg;134
1346;1113;212;MANDRILLS BKB_212_20190319_id1029_femjuv_(17).jpg;233
1339;1113;212;MANDRILLS BKB_212_20190319_id1029_femjuv_(18).jpg;226
1343;1113;212;MANDRILLS BKB_212_20190319_id1029_femjuv_(19).jpg;230
1185;1113;212;MANDRILLS BKB_212_20190319_id1029_femjuv_(2).jpg;72
1450;1113;212;MANDRILLS BKB_212_20190319_id1029_femjuv_(20).jpg;337
1205;1113;212;MANDRILLS BKB_212_20190319_id1029_femjuv_(3).jpg;92
1297;1113;212;MANDRILLS BKB_212_20190319_id1029_femjuv_(4).jpg;184
1298;1113;212;MANDRILLS BKB_212_20190319_id1029_femjuv_(5).jpg;185
1341;1113;212;MANDRILLS BKB_212_20190319_id1029_femjuv_(6).jpg;228
1328;1113;212;MANDRILLS BKB_212_20190319_id1029_femjuv_(7).jpg;215
1530;1113;212;MANDRILLS BKB_212_20190319_id1029_femjuv_(8).jpg;417
1492;1113;212;MANDRILLS BKB_212_20190319_id1029_femjuv_(9).jpg;379
1300;1113;212;MANDRILLS BKB_212_20190319_id1029_femjuv_GAUCHE_(1).jpg;187
1366;1113;212;MANDRILLS BKB_212_20190319_id1029_femjuv_GAUCHE_(2).jpg;253
1597;1113;212;MANDRILLS BKB_212_20190319_id1029_femjuv_GAUCHE_(3).jpg;484
1277;1113;212;MANDRILLS BKB_212_20190319_id1029_femjuv_GAUCHE_(5).jpg;164
1216;1113;212;MANDRILLS BKB_212_20190319_id1029_femjuv_GAUCHE_(6).jpg;103
1289;1113;212;MANDRILLS BKB_212_20190319_id1029_femjuv_GAUCHE_(7).jpg;176
1448;1113;212;MANDRILLS BKB_212_20190319_id1029_femjuv_GAUCHE_(8).jpg;335
1229;1284;212;MANDRILLS BKB_212_20190906_id1029_femjuv_(1).jpg;55
1366;1284;212;MANDRILLS BKB_212_20190906_id1029_femjuv_(13).jpg;82
1324;1284;212;MANDRILLS BKB_212_20190906_id1029_femjuv_(14).jpg;40
1256;1284;212;MANDRILLS BKB_212_20190906_id1029_femjuv_(15).jpg;28
1278;1284;212;MANDRILLS BKB_212_20190906_id1029_femjuv_(16).jpg;6
1574;1284;212;MANDRILLS BKB_212_20190906_id1029_femjuv_(2).jpg;290
1442;1284;212;MANDRILLS BKB_212_20190906_id1029_femjuv_(3).jpg;158
1468;1284;212;MANDRILLS BKB_212_20190906_id1029_femjuv_(4).jpg;184
1342;1347;212;MANDRILLS BKB_212_20191108_id1029_femjuv.jpg;5
1617;1358;212;MANDRILLS BKB_212_20191119_id1029_femjuv_(1).jpg;259
1616;1358;212;MANDRILLS BKB_212_20191119_id1029_femjuv_(2).jpg;258
1790;1441;212;MANDRILLS BKB_212_20200210_id1029_femjuv_(1).jpg;349
1778;1441;212;MANDRILLS BKB_212_20200210_id1029_femjuv_(2).jpg;337
1920;1691;212;MANDRILLS BKB_212_20201017_id212_femadu.jpg;229
2270;1730;212;MANDRILLS BKB_212_20201125_id212_femadu_(1).jpg;540
2358;1730;212;MANDRILLS BKB_212_20201125_id212_femadu_(2).jpg;628
2212;1730;212;MANDRILLS BKB_212_20201125_id212_femadu_(3).jpg;482
2443;1748;212;MANDRILLS BKB_212_20201213_id212_femadu_(1).jpg;695
1987;1748;212;MANDRILLS BKB_212_20201213_id212_femadu_(2).jpg;239
2635;1748;212;MANDRILLS BKB_212_20201213_id212_femadu_(3).jpg;887
2341;1748;212;MANDRILLS BKB_212_20201213_id212_femadu_(4).jpg;593
2448;1748;212;MANDRILLS BKB_212_20201213_id212_femadu_(5).jpg;700
2179;1748;212;MANDRILLS BKB_212_20201213_id212_femadu_(6).jpg;431
2250;1748;212;MANDRILLS BKB_212_20201213_id212_femadu_(7).jpg;502
2401;1748;212;MANDRILLS BKB_212_20201213_id212_femadu_(8).jpg;653
2463;1750;212;MANDRILLS BKB_212_20201215_id212_femadu_(1).jpg;713
2686;1750;212;MANDRILLS BKB_212_20201215_id212_femadu_(2).jpg;936
2660;1750;212;MANDRILLS BKB_212_20201215_id212_femadu_(3).jpg;910
2173;1752;212;MANDRILLS BKB_212_20201217_id212_femadu.jpg;421
2166;1757;212;MANDRILLS BKB_212_20201222_id212_femadu.jpg;409
2683;1779;212;MANDRILLS BKB_212_20210113_id212_femadu.jpg;904
2548;1795;212;MANDRILLS BKB_212_20210129_id212_femadu_(2).jpg;753
2482;1795;212;MANDRILLS BKB_212_20210129_id212_femadu_(4).jpg;687
2306;1795;212;MANDRILLS BKB_212_20210129_id212_femadu_(5).jpg;511
2505;1795;212;MANDRILLS BKB_212_20210129_id212_femadu_(6).jpg;710
2101;1807;212;MANDRILLS BKB_212_20210210_id212_femadu_(1).jpg;294
2165;1807;212;MANDRILLS BKB_212_20210210_id212_femadu_(2).jpg;358
2236;1809;212;MANDRILLS BKB_212_20210212_id212_femadu_(1).jpg;427
2430;1809;212;MANDRILLS BKB_212_20210212_id212_femadu_(2).jpg;621
2514;1809;212;MANDRILLS BKB_212_20210212_id212_femadu_(3).jpg;705
2534;1809;212;MANDRILLS BKB_212_20210212_id212_femadu_(4).jpg;725
2569;1809;212;MANDRILLS BKB_212_20210212_id212_femadu_(5).jpg;760
2332;1809;212;MANDRILLS BKB_212_20210212_id212_femadu_(6).jpg;523
2220;1809;212;MANDRILLS BKB_212_20210212_id212_femadu_(7).jpg;411
2366;1815;212;MANDRILLS BKB_212_20210218_id212_femadu.jpg;551
2112;1866;212;MANDRILLS BKB_212_20210410_id212_femadu_(1).jpg;246
2424;2018;212;MANDRILLS BKB_212_20210909_id212_femadu (1).jpg;406
2181;2018;212;MANDRILLS BKB_212_20210909_id212_femadu (2).jpg;163
2342;2018;212;MANDRILLS BKB_212_20210909_id212_femadu (3).jpg;324
2123;2018;212;MANDRILLS BKB_212_20210909_id212_femadu (4).jpg;105
2292;2025;212;MANDRILLS BKB_212_20210916_id212_femadu (1).jpg;267
2756;2025;212;MANDRILLS BKB_212_20210916_id212_femadu (2).jpg;731
2182;2028;212;MANDRILLS BKB_212_20210919_id212_femadu (1).jpg;154
2519;2028;212;MANDRILLS BKB_212_20210919_id212_femadu (2).jpg;491
2288;2028;212;MANDRILLS BKB_212_20210919_id212_femadu (3).jpg;260
2594;2045;212;MANDRILLS BKB_212_20211006_id212_femadu.jpg;549
2329;2046;212;MANDRILLS BKB_212_20211007_id212_femadu.jpg;283
2385;2063;212;MANDRILLS BKB_212_20211024_id212_femadu_(2).jpg;322
2645;2088;212;MANDRILLS BKB_212_20211118_id212_femadu.jpg;557
2435;2092;212;MANDRILLS BKB_212_20211122_id212_femadu_(1).jpg;343
2307;2092;212;MANDRILLS BKB_212_20211122_id212_femadu_(2).jpg;215
2769;2120;212;MANDRILLS BKB_212_20211220_ID212_femadu_(1).jpg;649
2814;2120;212;MANDRILLS BKB_212_20211220_ID212_femadu_(3).jpg;694
2519;2126;212;MANDRILLS BKB_212_20211226_id212_femadu_(1).jpg;393
2612;2153;212;MANDRILLS BKB_212_20220122_id212 (1).jpg;459
2684;2153;212;MANDRILLS BKB_212_20220122_id212 (2).jpg;531
2941;2163;212;MANDRILLS BKB_212_20220201_id212_femadu (1).jpg;778
2848;2212;212;MANDRILLS BKB_212_20220322_id212_femadu.jpg;636
3018;2219;212;MANDRILLS BKB_212_20220329_id212_femadu (1).jpg;799
3164;2219;212;MANDRILLS BKB_212_20220329_id212_femadu (2).jpg;945
2944;2231;212;MANDRILLS BKB_212_20220410_id212_femadu.jpg;713
3193;2260;212;MANDRILLS BKB_212_20220509_id212_femadu.jpg;933
2713;2267;212;MANDRILLS BKB_212_20220516_id212_femadu (1).jpg;446
2793;2267;212;MANDRILLS BKB_212_20220516_id212_femadu (2).jpg;526
2916;2268;212;MANDRILLS BKB_212_20220517_id212_femadu (1).jpg;648
2588;2268;212;MANDRILLS BKB_212_20220517_id212_femadu (2).jpg;320
4628;2268;212;MANDRILLS BKB_212_20220517_id212_femadu (3).jpg;2360
2940;2275;212;MANDRILLS BKB_212_20220524_id212_femadu.jpg;665
2936;2285;212;MANDRILLS BKB_212_20220603_id212_femadu (1).jpg;651
2515;2285;212;MANDRILLS BKB_212_20220603_id212_femadu (2).jpg;230
2821;2300;212;MANDRILLS BKB_212_20220618_id212_femadu.jpg;521
2631;2303;212;MANDRILLS BKB_212_20220621_id212_femadu (1).jpg;328
2784;2303;212;MANDRILLS BKB_212_20220621_id212_femadu (2).jpg;481
2935;2303;212;MANDRILLS BKB_212_20220621_id212_femadu (3).jpg;632
2918;2305;212;MANDRILLS BKB_212_20220623_id212_femadu (2).jpg;613
3010;2305;212;MANDRILLS BKB_212_20220623_id212_femadu.jpg;705
2868;2306;212;MANDRILLS BKB_212_20220624_id212_femadu.jpg;562
3158;2311;212;MANDRILLS BKB_212_20220629_id212.jpg;847
2663;2323;212;MANDRILLS BKB_212_20220711_id212.jpg;340
3086;2326;212;MANDRILLS BKB_212_20220714_id212_femadu (2).jpg;760
2780;2338;212;MANDRILLS BKB_212_20220726_id212.jpg;442
3000;2341;212;MANDRILLS BKB_212_20220729_id212.jpg;659
2925;2346;212;MANDRILLS BKB_212_20220803_id212 (2).jpg;579
3167;2346;212;MANDRILLS BKB_212_20220803_id212.jpg;821
2865;2366;212;MANDRILLS BKB_212_20220823_id212.jpg;499
3011;2369;212;MANDRILLS BKB_212_20220826_id212.jpg;642
3003;2378;212;MANDRILLS BKB_212_20220904_id212 (1).jpg;625
5194;2378;212;MANDRILLS BKB_212_20220904_id212 (2).jpg;2816
2889;2379;212;MANDRILLS BKB_212_20220905_id212.jpg;510
2987;2383;212;MANDRILLS BKB_212_20220909_id212.jpg;604
2866;2394;212;MANDRILLS BKB_212_20220920_id212.jpg;472
3072;2423;212;MANDRILLS BKB_212_20221019_id212.jpg;649
2958;2425;212;MANDRILLS BKB_212_20221021_id212.jpg;533
3003;2426;212;MANDRILLS BKB_212_20221022_id212 (1).jpg;577
3005;2431;212;MANDRILLS BKB_212_20221027_id212.jpg;574
2331;2434;212;MANDRILLS BKB_212_20221030_id212 (1).jpg;103
1960;2434;212;MANDRILLS BKB_212_20221030_id212 (2).jpg;474
2274;2434;212;MANDRILLS BKB_212_20221030_id212 (3).jpg;160
2979;2434;212;MANDRILLS BKB_212_20221030_id212 (4).jpg;545
2965;2460;212;MANDRILLS BKB_212_20221125_id212 (2).jpg;505
2949;2460;212;MANDRILLS BKB_212_20221125_id212 (4).jpg;489
3014;2474;212;MANDRILLS BKB_212_20221209_id212.jpg;540
3027;2476;212;MANDRILLS BKB_212_20221211_id212.jpg;551
2783;2480;212;MANDRILLS BKB_212_20221215_id212.jpg;303
2896;2483;212;MANDRILLS BKB_212_20221218_id212.jpg;413
409;541;215;MANDRILLS BKB_215_20180614_id2048_femjuv_(1)_ORIGINAL.jpg;132
619;583;215;MANDRILLS BKB_215_20180726_id2048_femjuvGAUCHE_(1)_ORIGINAL.jpg;36
562;583;215;MANDRILLS BKB_215_20180726_id2048_femjuvGAUCHE_(4)_ORIGINAL.jpg;21
907;749;215;MANDRILLS BKB_215_20190108_id2048_femjuv_(1)_ORIGINAL.jpg;158
921;749;215;MANDRILLS BKB_215_20190108_id2048_femjuv_(10)_ORIGINAL.jpg;172
925;749;215;MANDRILLS BKB_215_20190108_id2048_femjuv_(11)_ORIGINAL.jpg;176
921;749;215;MANDRILLS BKB_215_20190108_id2048_femjuv_(12)_ORIGINAL.jpg;172
929;749;215;MANDRILLS BKB_215_20190108_id2048_femjuv_(2)_ORIGINAL.jpg;180
933;749;215;MANDRILLS BKB_215_20190108_id2048_femjuv_(3)_ORIGINAL.jpg;184
921;749;215;MANDRILLS BKB_215_20190108_id2048_femjuv_(4)_ORIGINAL.jpg;172
936;749;215;MANDRILLS BKB_215_20190108_id2048_femjuv_(5)_ORIGINAL.jpg;187
891;749;215;MANDRILLS BKB_215_20190108_id2048_femjuv_(6)_ORIGINAL.jpg;142
898;749;215;MANDRILLS BKB_215_20190108_id2048_femjuv_(7)_ORIGINAL.jpg;149
901;749;215;MANDRILLS BKB_215_20190108_id2048_femjuv_(8)_ORIGINAL.jpg;152
994;749;215;MANDRILLS BKB_215_20190108_id2048_femjuv_(9)_ORIGINAL.jpg;245
1448;928;215;MANDRILLS BKB_215_20190706_id2048_femjuv_(1).jpg;520
1380;938;215;MANDRILLS BKB_215_20190716_id2048_femjuv_(1).jpg;442
1156;938;215;MANDRILLS BKB_215_20190716_id2048_femjuv_(2).jpg;218
1398;938;215;MANDRILLS BKB_215_20190716_id2048_femjuv_(3).jpg;460
1043;938;215;MANDRILLS BKB_215_20190716_id2048_femjuv_(4).jpg;105
1378;938;215;MANDRILLS BKB_215_20190716_id2048_femjuv_(5).jpg;440
1052;938;215;MANDRILLS BKB_215_20190716_id2048_femjuv_(7).jpg;114
1017;959;215;MANDRILLS BKB_215_20190806_id2048_femjuv_(1).jpg;58
1251;1086;215;MANDRILLS BKB_215_20191211_id2048_femjuv_(1).jpg;165
1471;1086;215;MANDRILLS BKB_215_20191211_id2048_femjuv_(2).jpg;385
1277;1091;215;MANDRILLS BKB_215_20191216_id2048_femjuv.jpg;186
1871;1397;215;MANDRILLS BKB_215_20201017_id215_femjuv.jpg;474
1699;1421;215;MANDRILLS BKB_215_20201110_id215_femjuv_(1).jpg;278
1778;1421;215;MANDRILLS BKB_215_20201110_id215_femjuv_(2).jpg;357
1605;1421;215;MANDRILLS BKB_215_20201110_id215_femjuv_(3).jpg;184
1661;1462;215;MANDRILLS BKB_215_20201221_id215_femadu.jpg;199
2038;1472;215;MANDRILLS BKB_215_20201231_id215_femadu_(1).jpg;566
2021;1472;215;MANDRILLS BKB_215_20201231_id215_femadu_(2).jpg;549
2123;1476;215;MANDRILLS BKB_215_20210104_id215_femadu_(1).jpg;647
2096;1476;215;MANDRILLS BKB_215_20210104_id215_femadu_(2).jpg;620
2041;1476;215;MANDRILLS BKB_215_20210104_id215_femadu_(3).jpg;565
1674;1501;215;MANDRILLS BKB_215_20210129_id215_femadu.jpg;173
1982;1520;215;MANDRILLS BKB_215_20210217_id215_femadu.jpg;462
1934;1563;215;MANDRILLS BKB_215_20210401_id215.jpg;371
2033;1601;215;MANDRILLS BKB_215_20210509_id215_femadu_(1).jpg;432
2051;1601;215;MANDRILLS BKB_215_20210509_id215_femadu_(2).jpg;450
2062;1601;215;MANDRILLS BKB_215_20210509_id215_femadu_(3).jpg;461
1887;1601;215;MANDRILLS BKB_215_20210509_id215_femadu_(4).jpg;286
1956;1601;215;MANDRILLS BKB_215_20210509_id215_femadu_(5).jpg;355
2013;1724;215;MANDRILLS BKB_215_20210909_id215_femadu.jpg;289
1904;1732;215;MANDRILLS BKB_215_20210917_id215_femadu.jpg;172
2072;1761;215;MANDRILLS BKB_215_20211016_id215_femadu_(1).jpg;311
2219;1761;215;MANDRILLS BKB_215_20211016_id215_femadu_(2).jpg;458
2238;1762;215;MANDRILLS BKB_215_20211017_id215_femadu_(1).jpg;476
2102;1762;215;MANDRILLS BKB_215_20211017_id215_femadu_(2).jpg;340
2303;1798;215;MANDRILLS BKB_215_20211122_id215_femadu_(1).jpg;505
2375;1798;215;MANDRILLS BKB_215_20211122_id215_femadu_(2).jpg;577
2070;1825;215;MANDRILLS BKB_215_20211219_id215_femadu_(1).jpg;245
2102;1825;215;MANDRILLS BKB_215_20211219_id215_femadu_(2).jpg;277
2199;1826;215;MANDRILLS BKB_215_20211220_ID215_femadu.jpg;373
2244;1869;215;MANDRILLS BKB_215_20220201_id215_femadu (1).jpg;375
2228;1869;215;MANDRILLS BKB_215_20220201_id215_femadu (3).jpg;359
2425;1879;215;MANDRILLS BKB_215_20220211_id215_femadu (1).jpg;546
2361;1879;215;MANDRILLS BKB_215_20220211_id215_femadu (2).jpg;482
2015;1884;215;MANDRILLS BKB_215_20220216_id215_femadu.jpg;131
2101;1900;215;MANDRILLS BKB_215_20220304_id215_femadu.jpg;201
2721;1925;215;MANDRILLS BKB_215_20220329_id215_femadu.jpg;796
1238;1273;218;MANDRILLS BKB_218_20190904_id218_mal_(1).jpg;35
1262;1273;218;MANDRILLS BKB_218_20190904_id218_mal_(2).jpg;11
1211;1273;218;MANDRILLS BKB_218_20190904_id218_mal_(3).jpg;62
1161;1273;218;MANDRILLS BKB_218_20190904_id218_mal_(4).jpg;112
1095;1273;218;MANDRILLS BKB_218_20190904_id218_mal_(5).jpg;178
1259;1275;218;MANDRILLS BKB_218_20190906_id218_mal_(1).jpg;16
1146;1275;218;MANDRILLS BKB_218_20190906_id218_mal_(2).jpg;129
1301;1275;218;MANDRILLS BKB_218_20190906_id218_mal_(3).jpg;26
1231;1275;218;MANDRILLS BKB_218_20190906_id218_mal_(4).jpg;44
1246;1275;218;MANDRILLS BKB_218_20190906_id218_mal_(6).jpg;29
1398;1687;218;MANDRILLS BKB_218_20201022_id218_mal_(1).jpg;289
1521;1687;218;MANDRILLS BKB_218_20201022_id218_mal_(2).jpg;166
1661;1747;218;MANDRILLS BKB_218_20201221_id218_mal.jpg;86
362;209;226;MANDRILLS BKB_226_20180707_id226_feminfCENTRE_(1)_ORIGINAL.jpg;153
413;209;226;MANDRILLS BKB_226_20180707_id226_feminfCENTRE_(2)_ORIGINAL.jpg;204
376;209;226;MANDRILLS BKB_226_20180707_id226_feminfCENTRE_(3)_ORIGINAL.jpg;167
432;209;226;MANDRILLS BKB_226_20180707_id226_feminfCENTRE_(4)_ORIGINAL.jpg;223
339;209;226;MANDRILLS BKB_226_20180707_id226_feminfCENTRE_(5)_ORIGINAL.jpg;130
413;209;226;MANDRILLS BKB_226_20180707_id226_feminfCENTRE_(6)_ORIGINAL.jpg;204
383;209;226;MANDRILLS BKB_226_20180707_id226_feminfCENTRE_(7)_ORIGINAL.jpg;174
427;209;226;MANDRILLS BKB_226_20180707_id226_feminfCENTRE_(8)_ORIGINAL.jpg;218
317;209;226;MANDRILLS BKB_226_20180707_id226_feminfCENTRE_(9)_ORIGINAL.jpg;108
406;213;226;MANDRILLS BKB_226_20180711_id226_malinfGAUCHE_(10)_ORIGINAL_DOUTEBERTA.jpg;193
385;213;226;MANDRILLS BKB_226_20180711_id226_malinfGAUCHE_(11)_ORIGINAL_DOUTEBERTA.jpg;172
268;213;226;MANDRILLS BKB_226_20180711_id226_malinfGAUCHE_(12)_ORIGINAL_DOUTEBERTA.jpg;55
338;213;226;MANDRILLS BKB_226_20180711_id226_malinfGAUCHE_(13)_ORIGINAL_DOUTEBERTA.jpg;125
327;213;226;MANDRILLS BKB_226_20180711_id226_malinfGAUCHE_(14)_ORIGINAL_DOUTEBERTA.jpg;114
317;213;226;MANDRILLS BKB_226_20180711_id226_malinfGAUCHE_(15)_ORIGINAL_DOUTEBERTA.jpg;104
316;213;226;MANDRILLS BKB_226_20180711_id226_malinfGAUCHE_(16)_ORIGINAL_DOUTEBERTA.jpg;103
358;213;226;MANDRILLS BKB_226_20180711_id226_malinfGAUCHE_(17)_ORIGINAL_DOUTEBERTA.jpg;145
1140;1044;226;MANDRILLS BKB_226_20201019_id226_fem.jpg;96
1217;1062;226;MANDRILLS BKB_226_20201106_id226_fem_(1).jpg;155
1238;1062;226;MANDRILLS BKB_226_20201106_id226_fem_(2).jpg;176
1115;1063;226;MANDRILLS BKB_226_20201107_id226_fem.jpg;52
1158;1099;226;MANDRILLS BKB_226_20201213_id226_fem_(1).jpg;59
1125;1099;226;MANDRILLS BKB_226_20201213_id226_fem_(2).jpg;26
1342;1099;226;MANDRILLS BKB_226_20201213_id226_fem_(3).jpg;243
1145;1099;226;MANDRILLS BKB_226_20201213_id226_fem_(4).jpg;46
1137;1099;226;MANDRILLS BKB_226_20201213_id226_fem_(5).jpg;38
1144;1099;226;MANDRILLS BKB_226_20201213_id226_fem_(6).jpg;45
1153;1099;226;MANDRILLS BKB_226_20201213_id226_fem_(7).jpg;54
1115;1099;226;MANDRILLS BKB_226_20201213_id226_fem_(8).jpg;16
1186;1099;226;MANDRILLS BKB_226_20201213_id226_fem_(9).jpg;87
1089;1101;226;MANDRILLS BKB_226_20201215_id226_fem_(1).jpg;12
1221;1101;226;MANDRILLS BKB_226_20201215_id226_fem_(2).jpg;120
1045;1103;226;MANDRILLS BKB_226_20201217_id226_fem_(1).jpg;58
1176;1103;226;MANDRILLS BKB_226_20201217_id226_fem_(2).jpg;73
1225;1103;226;MANDRILLS BKB_226_20201217_id226_fem_(3).jpg;122
1166;1121;226;MANDRILLS BKB_226_20210104_id226_fem_(1).jpg;45
1188;1121;226;MANDRILLS BKB_226_20210104_id226_fem_(2).jpg;67
1021;1121;226;MANDRILLS BKB_226_20210104_id226_fem_(3).jpg;100
1220;1123;226;MANDRILLS BKB_226_20210106_id226_fem_(1).jpg;97
1292;1123;226;MANDRILLS BKB_226_20210106_id226_fem_(2).jpg;169
1190;1123;226;MANDRILLS BKB_226_20210106_id226_fem_(3).jpg;67
1274;1123;226;MANDRILLS BKB_226_20210106_id226_fem_(4).jpg;151
1201;1123;226;MANDRILLS BKB_226_20210106_id226_fem_(5).jpg;78
1281;1123;226;MANDRILLS BKB_226_20210106_id226_fem_(6).jpg;158
2054;1123;226;MANDRILLS BKB_226_20210106_id226_fem_(7).jpg;931
1146;1142;226;MANDRILLS BKB_226_20210125_id226_fem_(1).jpg;4
1284;1142;226;MANDRILLS BKB_226_20210125_id226_fem_(2).jpg;142
1361;1147;226;MANDRILLS BKB_226_20210130_id226_fem_(1).jpg;214
1428;1147;226;MANDRILLS BKB_226_20210130_id226_fem_(2).jpg;281
1369;1147;226;MANDRILLS BKB_226_20210130_id226_fem_(3).jpg;222
1351;1151;226;MANDRILLS BKB_226_20210203_id226_fem_(1).jpg;200
1252;1151;226;MANDRILLS BKB_226_20210203_id226_fem_(2).jpg;101
1315;1151;226;MANDRILLS BKB_226_20210203_id226_fem_(3).jpg;164
1319;1151;226;MANDRILLS BKB_226_20210203_id226_fem_(4).jpg;168
1211;1165;226;MANDRILLS BKB_226_20210217_id226_fem.jpg;46
1344;1209;226;MANDRILLS BKB_226_20210402_id226_fem.jpg;135
1305;1284;226;MANDRILLS BKB_226_20210616_id226_femjuv_(1).jpg;21
1511;1284;226;MANDRILLS BKB_226_20210616_id226_femjuv_(2).jpg;227
1339;1284;226;MANDRILLS BKB_226_20210616_id226_femjuv_(3).jpg;55
1320;1284;226;MANDRILLS BKB_226_20210616_id226_femjuv_(4).jpg;36
1385;1284;226;MANDRILLS BKB_226_20210616_id226_femjuv_(6).jpg;101
1368;1284;226;MANDRILLS BKB_226_20210616_id226_femjuv_(7).jpg;84
1493;1289;226;MANDRILLS BKB_226_20210621_id226_femjuv.jpg;204
1293;1304;226;MANDRILLS BKB_226_20210706_id226_femjuv_(1).jpg;11
1486;1304;226;MANDRILLS BKB_226_20210706_id226_femjuv_(2).jpg;182
1779;1324;226;MANDRILLS BKB_226_20210726_id226_femjuv_(3).jpg;455
1671;1324;226;MANDRILLS BKB_226_20210726_id226_femjuv_(4).jpg;347
1584;1324;226;MANDRILLS BKB_226_20210726_id226_femjuv_(5).jpg;260
1620;1324;226;MANDRILLS BKB_226_20210726_id226_femjuv_(6).jpg;296
1688;1324;226;MANDRILLS BKB_226_20210726_id226_femjuv_(7).jpg;364
1580;1324;226;MANDRILLS BKB_226_20210726_id226_femjuv_(8).jpg;256
1468;1364;226;MANDRILLS BKB_226_20210904_id226_femjuv (1).jpg;104
1507;1364;226;MANDRILLS BKB_226_20210904_id226_femjuv (2).jpg;143
1508;1419;226;MANDRILLS BKB_226_20211029_id226_femjuv_(1).jpg;89
1393;1419;226;MANDRILLS BKB_226_20211029_id226_femjuv_(2).jpg;26
1555;1521;226;MANDRILLS BKB_226_20220208_id226_femadu (1).jpg;34
1575;1521;226;MANDRILLS BKB_226_20220208_id226_femadu (2).jpg;54
1690;1521;226;MANDRILLS BKB_226_20220208_id226_femadu (3).jpg;169
1627;1521;226;MANDRILLS BKB_226_20220208_id226_femadu (4).jpg;106
1652;1521;226;MANDRILLS BKB_226_20220208_id226_femadu (5).jpg;131
1556;1521;226;MANDRILLS BKB_226_20220208_id226_femadu (6).jpg;35
1460;1521;226;MANDRILLS BKB_226_20220208_id226_femadu (7).jpg;61
1651;1524;226;MANDRILLS BKB_226_20220211_id226_femadu (1).jpg;127
1639;1524;226;MANDRILLS BKB_226_20220211_id226_femadu (2).jpg;115
2172;1534;226;MANDRILLS BKB_226_20220221_id226_femadu (1).jpg;638
1855;1534;226;MANDRILLS BKB_226_20220221_id226_femadu (2).jpg;321
1810;1534;226;MANDRILLS BKB_226_20220221_id226_femadu (3).jpg;276
1404;1539;226;MANDRILLS BKB_226_20220226_id226_femadu.jpg;135
1665;1545;226;MANDRILLS BKB_226_20220304_id226_femadu.jpg;120
1916;1554;226;MANDRILLS BKB_226_20220313_id226_femadu (1).jpg;362
1679;1554;226;MANDRILLS BKB_226_20220313_id226_femadu (2).jpg;125
1553;1554;226;MANDRILLS BKB_226_20220313_id226_femadu (3).jpg;1
1673;1592;226;MANDRILLS BKB_226_20220420_id226_femadu (1).jpg;81
1870;1592;226;MANDRILLS BKB_226_20220420_id226_femadu (2).jpg;278
1560;1592;226;MANDRILLS BKB_226_20220420_id226_femadu (3).jpg;32
1653;1592;226;MANDRILLS BKB_226_20220420_id226_femadu (4).jpg;61
1552;1592;226;MANDRILLS BKB_226_20220420_id226_femadu.jpg;40
1476;1599;226;MANDRILLS BKB_226_20220427_id226_femadu (1).jpg;123
1698;1599;226;MANDRILLS BKB_226_20220427_id226_femadu (2).jpg;99
1419;1605;226;MANDRILLS BKB_226_20220503_id226_femadu.jpg;186
1599;1618;226;MANDRILLS BKB_226_20220516_id226_femadu.jpg;19
1951;1627;226;MANDRILLS BKB_226_20220525_id226_femadu.jpg;324
1692;1657;226;MANDRILLS BKB_226_20220624_id226_femadu (1).jpg;35
1881;1657;226;MANDRILLS BKB_226_20220624_id226_femadu (2).jpg;224
1922;1674;226;MANDRILLS BKB_226_20220711_id226 (2).jpg;248
1717;1674;226;MANDRILLS BKB_226_20220711_id226 (3).jpg;43
1800;1674;226;MANDRILLS BKB_226_20220711_id226 (5).jpg;126
1844;1674;226;MANDRILLS BKB_226_20220711_id226.jpg;170
1923;1679;226;MANDRILLS BKB_226_20220716_id226_femadu (2).jpg;244
1919;1679;226;MANDRILLS BKB_226_20220716_id226_femadu (3).jpg;240
1988;1682;226;MANDRILLS BKB_226_20220719_id226.jpg;306
1780;1689;226;MANDRILLS BKB_226_20220726_id226.jpg;91
1653;1697;226;MANDRILLS BKB_226_20220803_id226.jpg;44
1805;1702;226;MANDRILLS BKB_226_20220808_id226 (1).jpg;103
2172;1702;226;MANDRILLS BKB_226_20220808_id226 (2).jpg;470
2240;1706;226;MANDRILLS BKB_226_20220812_id226.jpg;534
1965;1712;226;MANDRILLS BKB_226_20220818_id226 2.jpg;253
2090;1712;226;MANDRILLS BKB_226_20220818_id226.jpg;378
1869;1730;226;MANDRILLS BKB_226_20220905_id226.jpg;139
1862;1736;226;MANDRILLS BKB_226_20220911_id226 (1).jpg;126
2124;1736;226;MANDRILLS BKB_226_20220911_id226 (2).jpg;388
1781;1738;226;MANDRILLS BKB_226_20220913_id226.jpg;43
1907;1745;226;MANDRILLS BKB_226_20220920_id226.jpg;162
2245;1760;226;MANDRILLS BKB_226_20221005_id226 (1).jpg;485
1767;1760;226;MANDRILLS BKB_226_20221005_id226 (2).jpg;7
2002;1760;226;MANDRILLS BKB_226_20221005_id226 (3).jpg;242
2175;1766;226;MANDRILLS BKB_226_20221011_id226.jpg;409
1775;1777;226;MANDRILLS BKB_226_20221022_id226.jpg;2
1929;1809;226;MANDRILLS BKB_226_20221123_id226.jpg;120
1979;1816;226;MANDRILLS BKB_226_20221130_id226 (2).jpg;163
2096;1816;226;MANDRILLS BKB_226_20221130_id226.jpg;280
2340;1818;226;MANDRILLS BKB_226_20221202_id226 (2).jpg;522
2018;1822;226;MANDRILLS BKB_226_20221206_id226 (1).jpg;196
1943;1822;226;MANDRILLS BKB_226_20221206_id226 (2).jpg;121
2290;1826;226;MANDRILLS BKB_226_20221210_id226.jpg;464
1939;1827;226;MANDRILLS BKB_226_20221211_id226.jpg;112
1917;1828;226;MANDRILLS BKB_226_20221212_id226 (1).jpg;89
2030;1828;226;MANDRILLS BKB_226_20221212_id226 (2).jpg;202
2302;1830;226;MANDRILLS BKB_226_20221214_id226.jpg;472
216;217;256;MANDRILLS BKB_256_20180711_id3063_malinf_(1)_ORIGINAL.jpg;1
192;217;256;MANDRILLS BKB_256_20180711_id3063_malinf_(2)_ORIGINAL.jpg;25
179;217;256;MANDRILLS BKB_256_20180711_id3063_malinf_(3)_ORIGINAL.jpg;38
169;217;256;MANDRILLS BKB_256_20180711_id3063_malinf_(4)_ORIGINAL.jpg;48
162;240;256;MANDRILLS BKB_256_20180803_id3063_malinf_(1)_ORIGINAL.jpg;78
179;240;256;MANDRILLS BKB_256_20180803_id3063_malinf_(10)_ORIGINAL.jpg;61
173;240;256;MANDRILLS BKB_256_20180803_id3063_malinf_(11)_ORIGINAL.jpg;67
161;240;256;MANDRILLS BKB_256_20180803_id3063_malinf_(12)_ORIGINAL.jpg;79
169;240;256;MANDRILLS BKB_256_20180803_id3063_malinf_(13)_ORIGINAL.jpg;71
174;240;256;MANDRILLS BKB_256_20180803_id3063_malinf_(14)_ORIGINAL.jpg;66
128;240;256;MANDRILLS BKB_256_20180803_id3063_malinf_(2)_ORIGINAL.jpg;112
225;240;256;MANDRILLS BKB_256_20180803_id3063_malinf_(3)_ORIGINAL.jpg;15
202;240;256;MANDRILLS BKB_256_20180803_id3063_malinf_(4)_ORIGINAL.jpg;38
226;240;256;MANDRILLS BKB_256_20180803_id3063_malinf_(5)_ORIGINAL.jpg;14
210;240;256;MANDRILLS BKB_256_20180803_id3063_malinf_(6)_ORIGINAL.jpg;30
212;240;256;MANDRILLS BKB_256_20180803_id3063_malinf_(7)_ORIGINAL.jpg;28
232;240;256;MANDRILLS BKB_256_20180803_id3063_malinf_(8)_ORIGINAL.jpg;8
173;240;256;MANDRILLS BKB_256_20180803_id3063_malinf_(9)_ORIGINAL.jpg;67
273;351;256;MANDRILLS BKB_256_20181122_id3063_malinf_(1)_ORIGINAL.jpg;78
236;351;256;MANDRILLS BKB_256_20181122_id3063_malinf_(10)_ORIGINAL.jpg;115
304;351;256;MANDRILLS BKB_256_20181122_id3063_malinf_(11)_ORIGINAL.jpg;47
306;351;256;MANDRILLS BKB_256_20181122_id3063_malinf_(12)_ORIGINAL.jpg;45
308;351;256;MANDRILLS BKB_256_20181122_id3063_malinf_(13)_ORIGINAL.jpg;43
274;351;256;MANDRILLS BKB_256_20181122_id3063_malinf_(14)_ORIGINAL.jpg;77
257;351;256;MANDRILLS BKB_256_20181122_id3063_malinf_(15)_ORIGINAL.jpg;94
288;351;256;MANDRILLS BKB_256_20181122_id3063_malinf_(16)_ORIGINAL.jpg;63
310;351;256;MANDRILLS BKB_256_20181122_id3063_malinf_(17)_ORIGINAL.jpg;41
329;351;256;MANDRILLS BKB_256_20181122_id3063_malinf_(18)_ORIGINAL.jpg;22
273;351;256;MANDRILLS BKB_256_20181122_id3063_malinf_(19)_ORIGINAL.jpg;78
349;351;256;MANDRILLS BKB_256_20181122_id3063_malinf_(2)_ORIGINAL.jpg;2
319;351;256;MANDRILLS BKB_256_20181122_id3063_malinf_(20)_ORIGINAL.jpg;32
313;351;256;MANDRILLS BKB_256_20181122_id3063_malinf_(21)_ORIGINAL.jpg;38
286;351;256;MANDRILLS BKB_256_20181122_id3063_malinf_(22)_ORIGINAL.jpg;65
288;351;256;MANDRILLS BKB_256_20181122_id3063_malinf_(23)_ORIGINAL.jpg;63
282;351;256;MANDRILLS BKB_256_20181122_id3063_malinf_(24)_ORIGINAL.jpg;69
265;351;256;MANDRILLS BKB_256_20181122_id3063_malinf_(25)_ORIGINAL.jpg;86
272;351;256;MANDRILLS BKB_256_20181122_id3063_malinf_(26)_ORIGINAL.jpg;79
414;351;256;MANDRILLS BKB_256_20181122_id3063_malinf_(27)_ORIGINAL.jpg;63
418;351;256;MANDRILLS BKB_256_20181122_id3063_malinf_(28)_ORIGINAL.jpg;67
363;351;256;MANDRILLS BKB_256_20181122_id3063_malinf_(29)_ORIGINAL.jpg;12
278;351;256;MANDRILLS BKB_256_20181122_id3063_malinf_(3)_ORIGINAL.jpg;73
303;351;256;MANDRILLS BKB_256_20181122_id3063_malinf_(30)_ORIGINAL.jpg;48
351;351;256;MANDRILLS BKB_256_20181122_id3063_malinf_(31)_ORIGINAL.jpg;0
312;351;256;MANDRILLS BKB_256_20181122_id3063_malinf_(32)_ORIGINAL.jpg;39
327;351;256;MANDRILLS BKB_256_20181122_id3063_malinf_(33)_ORIGINAL.jpg;24
349;351;256;MANDRILLS BKB_256_20181122_id3063_malinf_(34)_ORIGINAL.jpg;2
372;351;256;MANDRILLS BKB_256_20181122_id3063_malinf_(35)_ORIGINAL.jpg;21
352;351;256;MANDRILLS BKB_256_20181122_id3063_malinf_(36)_ORIGINAL.jpg;1
303;351;256;MANDRILLS BKB_256_20181122_id3063_malinf_(37)_ORIGINAL.jpg;48
303;351;256;MANDRILLS BKB_256_20181122_id3063_malinf_(38)_ORIGINAL.jpg;48
277;351;256;MANDRILLS BKB_256_20181122_id3063_malinf_(39)_ORIGINAL.jpg;74
296;351;256;MANDRILLS BKB_256_20181122_id3063_malinf_(4)_ORIGINAL.jpg;55
281;351;256;MANDRILLS BKB_256_20181122_id3063_malinf_(41)_ORIGINAL.jpg;70
276;351;256;MANDRILLS BKB_256_20181122_id3063_malinf_(5)_ORIGINAL.jpg;75
300;351;256;MANDRILLS BKB_256_20181122_id3063_malinf_(6)_ORIGINAL.jpg;51
295;351;256;MANDRILLS BKB_256_20181122_id3063_malinf_(7)_ORIGINAL.jpg;56
285;351;256;MANDRILLS BKB_256_20181122_id3063_malinf_(8)_ORIGINAL.jpg;66
280;351;256;MANDRILLS BKB_256_20181122_id3063_malinf_(9)_ORIGINAL.jpg;71
737;624;256;MANDRILLS BKB_256_20190822_id3063_maljuv_(1).jpg;113
776;624;256;MANDRILLS BKB_256_20190822_id3063_maljuv_(14).jpg;152
585;624;256;MANDRILLS BKB_256_20190822_id3063_maljuv_(15).jpg;39
570;624;256;MANDRILLS BKB_256_20190822_id3063_maljuv_(16).jpg;54
592;624;256;MANDRILLS BKB_256_20190822_id3063_maljuv_(17).jpg;32
984;624;256;MANDRILLS BKB_256_20190822_id3063_maljuv_(2).jpg;360
726;624;256;MANDRILLS BKB_256_20190822_id3063_maljuv_(5).jpg;102
672;624;256;MANDRILLS BKB_256_20190822_id3063_maljuv_(6).jpg;48
795;624;256;MANDRILLS BKB_256_20190822_id3063_maljuv_(7).jpg;171
923;624;256;MANDRILLS BKB_256_20190822_id3063_maljuv_(8).jpg;299
787;691;256;MANDRILLS BKB_256_20191028_id3063_malejuv.jpg;96
540;692;256;MANDRILLS BKB_256_20191029_id3063_maljuv.jpg;152
761;810;256;MANDRILLS BKB_256_20200224_id3063_maljuv_(1).jpg;49
792;810;256;MANDRILLS BKB_256_20200224_id3063_maljuv_(2).jpg;18
822;810;256;MANDRILLS BKB_256_20200224_id3063_maljuv_(3).jpg;12
687;810;256;MANDRILLS BKB_256_20200224_id3063_maljuv_(4).jpg;123
643;810;256;MANDRILLS BKB_256_20200224_id3063_maljuv_(5).jpg;167
981;882;256;MANDRILLS BKB_256_20200506_id3063_maljuv_(1).jpg;99
1198;882;256;MANDRILLS BKB_256_20200506_id3063_maljuv_(2).jpg;316
1155;1051;256;MANDRILLS BKB_256_20201022_id3063_maljuv_(1).jpg;104
1197;1051;256;MANDRILLS BKB_256_20201022_id3063_maljuv_(2).jpg;146
1159;1051;256;MANDRILLS BKB_256_20201022_id3063_maljuv_(3).jpg;108
1056;1105;256;MANDRILLS BKB_256_20201215_id3063_maljuv.jpg;49
1480;1178;256;MANDRILLS BKB_256_20210226_id3063_maljuv_(1).jpg;302
1474;1178;256;MANDRILLS BKB_256_20210226_id3063_maljuv_(2).jpg;296
1331;1233;256;MANDRILLS BKB_256_20210422_id3063_maljuv.jpg;98
1521;1251;256;MANDRILLS BKB_256_20210510_id3063_maljuv_(1).jpg;270
1562;1251;256;MANDRILLS BKB_256_20210510_id3063_maljuv_(2).jpg;311
1361;1251;256;MANDRILLS BKB_256_20210510_id3063_maljuv_(3).jpg;110
1550;1373;256;MANDRILLS BKB_256_20210909_id256_maljuv (1).jpg;177
1513;1373;256;MANDRILLS BKB_256_20210909_id256_maljuv (2).jpg;140
1667;1410;256;MANDRILLS BKB_256_20211016_id256_maljuv.jpg;257
1803;1472;256;MANDRILLS BKB_256_20211217_id256_malado.jpg;331
1702;1476;256;MANDRILLS BKB_256_20211221_id256_malado.jpg;226
1426;1513;256;MANDRILLS BKB_256_20220127_id256 (2).jpg;87
1600;1513;256;MANDRILLS BKB_256_20220127_id256 (3).jpg;87
1555;1513;256;MANDRILLS BKB_256_20220127_id256.jpg;42
1797;1518;256;MANDRILLS BKB_256_20220201_id256_malado (1).jpg;279
1812;1518;256;MANDRILLS BKB_256_20220201_id256_malado (2).jpg;294
1708;1518;256;MANDRILLS BKB_256_20220201_id256_malado (3).jpg;190
1653;1530;256;MANDRILLS BKB_256_20220213_id256_malado.jpg;123
1533;1533;256;MANDRILLS BKB_256_20220216_id256_malado (1).jpg;0
1681;1533;256;MANDRILLS BKB_256_20220216_id256_malado (2).jpg;148
1781;1533;256;MANDRILLS BKB_256_20220216_id256_malado (3).jpg;248
1945;1554;256;MANDRILLS BKB_256_20220309_id256_malado (1).jpg;391
1740;1554;256;MANDRILLS BKB_256_20220309_id256_malado (2).jpg;186
1641;1559;256;MANDRILLS BKB_256_20220314_id256_malado (1).jpg;82
1806;1559;256;MANDRILLS BKB_256_20220314_id256_malado (2).jpg;247
1736;1570;256;MANDRILLS BKB_256_20220325_id256_malado.jpg;166
1588;1577;256;MANDRILLS BKB_256_20220401_id256_malado.jpg;11
1502;1602;256;MANDRILLS BKB_256_20220426_id256_malado (2).jpg;100
1859;1621;256;MANDRILLS BKB_256_20220515_id256_malado (1).jpg;238
1761;1621;256;MANDRILLS BKB_256_20220515_id256_malado (3).jpg;140
1975;1623;256;MANDRILLS BKB_256_20220517_id256_malado (1).jpg;352
1626;1623;256;MANDRILLS BKB_256_20220517_id256_malado (2).jpg;3
1822;1623;256;MANDRILLS BKB_256_20220517_id256_malado (3).jpg;199
2077;1641;256;MANDRILLS BKB_256_20220604_id256_malado (1).jpg;436
1798;1644;256;MANDRILLS BKB_256_20220607_id256_malado (1).jpg;154
1896;1644;256;MANDRILLS BKB_256_20220607_id256_malado (2).jpg;252
1851;1644;256;MANDRILLS BKB_256_20220607_id256_malado (3).jpg;207
1820;1660;256;MANDRILLS BKB_256_20220623_id256_malado.jpg;160
1825;1673;256;MANDRILLS BKB_256_20220706_id256.jpg;152
1967;1675;256;MANDRILLS BKB_256_20220708_id256.jpg;292
1899;1678;256;MANDRILLS BKB_256_20220711_id256.jpg;221
1998;1681;256;MANDRILLS BKB_256_20220714_id256_malado.jpg;317
2141;1684;256;MANDRILLS BKB_256_20220717_id256 (1).jpg;457
2021;1684;256;MANDRILLS BKB_256_20220717_id256 (2).jpg;337
2042;1696;256;MANDRILLS BKB_256_20220729_id256.jpg;346
2004;1700;256;MANDRILLS BKB_256_20220802_id256.jpg;304
1815;1713;256;MANDRILLS BKB_256_20220815_id256.jpg;102
1833;1724;256;MANDRILLS BKB_256_20220826_id256 (1).jpg;109
1661;1724;256;MANDRILLS BKB_256_20220826_id256 (2).jpg;63
1748;1725;256;MANDRILLS BKB_256_20220827_id256.jpg;23
1702;1733;256;MANDRILLS BKB_256_20220904_id256.jpg;31
1573;1734;256;MANDRILLS BKB_256_20220905_id256.jpg;161
1706;1738;256;MANDRILLS BKB_256_20220909_id256.jpg;32
1978;1747;256;MANDRILLS BKB_256_20220918_id256.jpg;231
1788;1749;256;MANDRILLS BKB_256_20220920_id256.jpg;39
1728;1755;256;MANDRILLS BKB_256_20220926_id256.jpg;27
1933;1770;256;MANDRILLS BKB_256_20221011_id256.jpg;163
1894;1804;256;MANDRILLS BKB_256_20221114_id256.jpg;90
1898;1820;256;MANDRILLS BKB_256_20221130_id256 (1).jpg;78
1866;1820;256;MANDRILLS BKB_256_20221130_id256 (2).jpg;46
1799;1841;256;MANDRILLS BKB_256_20221221_id256.jpg;42
186;255;257;MANDRILLS BKB_257_20180830_id3067_malinfGAUCHE_(1)_ORIGINAL.jpg;69
164;255;257;MANDRILLS BKB_257_20180830_id3067_malinfGAUCHE_(10)_ORIGINAL.jpg;91
203;255;257;MANDRILLS BKB_257_20180830_id3067_malinfGAUCHE_(11)_ORIGINAL.jpg;52
186;255;257;MANDRILLS BKB_257_20180830_id3067_malinfGAUCHE_(12)_ORIGINAL.jpg;69
219;255;257;MANDRILLS BKB_257_20180830_id3067_malinfGAUCHE_(13)_ORIGINAL.jpg;36
212;255;257;MANDRILLS BKB_257_20180830_id3067_malinfGAUCHE_(14)_ORIGINAL.jpg;43
185;255;257;MANDRILLS BKB_257_20180830_id3067_malinfGAUCHE_(15)_ORIGINAL.jpg;70
213;255;257;MANDRILLS BKB_257_20180830_id3067_malinfGAUCHE_(16)_ORIGINAL.jpg;42
175;255;257;MANDRILLS BKB_257_20180830_id3067_malinfGAUCHE_(17)_ORIGINAL.jpg;80
187;255;257;MANDRILLS BKB_257_20180830_id3067_malinfGAUCHE_(18)_ORIGINAL.jpg;68
185;255;257;MANDRILLS BKB_257_20180830_id3067_malinfGAUCHE_(19)_ORIGINAL.jpg;70
237;255;257;MANDRILLS BKB_257_20180830_id3067_malinfGAUCHE_(2)_ORIGINAL.jpg;18
187;255;257;MANDRILLS BKB_257_20180830_id3067_malinfGAUCHE_(20)_ORIGINAL.jpg;68
186;255;257;MANDRILLS BKB_257_20180830_id3067_malinfGAUCHE_(21)_ORIGINAL.jpg;69
218;255;257;MANDRILLS BKB_257_20180830_id3067_malinfGAUCHE_(22)_ORIGINAL.jpg;37
182;255;257;MANDRILLS BKB_257_20180830_id3067_malinfGAUCHE_(6)_ORIGINAL.jpg;73
209;255;257;MANDRILLS BKB_257_20180830_id3067_malinfGAUCHE_(7)_ORIGINAL.jpg;46
186;255;257;MANDRILLS BKB_257_20180830_id3067_malinfGAUCHE_(8)_ORIGINAL.jpg;69
201;255;257;MANDRILLS BKB_257_20180830_id3067_malinfGAUCHE_(9)_ORIGINAL.jpg;54
713;574;257;MANDRILLS BKB_257_20190715_id3067_maljuv_(1).jpg;139
491;574;257;MANDRILLS BKB_257_20190715_id3067_maljuv_(2).jpg;83
567;574;257;MANDRILLS BKB_257_20190715_id3067_maljuv_(3).jpg;7
740;739;257;MANDRILLS BKB_257_20191227_id3067_maljuv.jpg;1
1034;1039;257;MANDRILLS BKB_257_20201022_id3067_maljuv.jpg;5
848;1073;257;MANDRILLS BKB_257_20201125_id3067_maljuv.jpg;225
1091;1108;257;MANDRILLS BKB_257_20201230_id3067_maljuv_(1).jpg;17
958;1108;257;MANDRILLS BKB_257_20201230_id3067_maljuv_(2).jpg;150
933;1126;257;MANDRILLS BKB_257_20210117_id3067_maljuv_(1).jpg;193
1036;1126;257;MANDRILLS BKB_257_20210117_id3067_maljuv_(2).jpg;90
1145;1126;257;MANDRILLS BKB_257_20210117_id3067_maljuv_(3).jpg;19
1201;1126;257;MANDRILLS BKB_257_20210117_id3067_maljuv_(4).jpg;75
1344;1221;257;MANDRILLS BKB_257_20210422_id3067_maljuv_(1).jpg;123
1353;1221;257;MANDRILLS BKB_257_20210422_id3067_maljuv_(2).jpg;132
1295;1242;257;MANDRILLS BKB_257_20210513_id3067_maljuv_(1).jpg;53
1243;1242;257;MANDRILLS BKB_257_20210513_id3067_maljuv_(2).jpg;1
1502;1356;257;MANDRILLS BKB_257_20210904_id257_maljuv (1).jpg;146
1274;1356;257;MANDRILLS BKB_257_20210904_id257_maljuv (2).jpg;82
1407;1434;257;MANDRILLS BKB_257_20211121_id257_maljuv.jpg;27
1439;1469;257;MANDRILLS BKB_257_20211226_id257_malado.jpg;30
1540;1531;257;MANDRILLS BKB_257_20220226_id257_malado (1).jpg;9
1498;1531;257;MANDRILLS BKB_257_20220226_id257_malado (2).jpg;33
1416;1531;257;MANDRILLS BKB_257_20220226_id257_malado (3).jpg;115
1465;1531;257;MANDRILLS BKB_257_20220226_id257_malado (4).jpg;66
1368;1531;257;MANDRILLS BKB_257_20220226_id257_malado (5).jpg;163
1380;1531;257;MANDRILLS BKB_257_20220226_id257_malado (6).jpg;151
1607;1542;257;MANDRILLS BKB_257_20220309_id257_malado (1).jpg;65
1426;1542;257;MANDRILLS BKB_257_20220309_id257_malado (2).jpg;116
1522;1555;257;MANDRILLS BKB_257_20220322_id257_malado.jpg;33
1621;1559;257;MANDRILLS BKB_257_20220326_id257_malado.jpg;62
1615;1574;257;MANDRILLS BKB_257_20220410_id257_malado.jpg;41
1536;1590;257;MANDRILLS BKB_257_20220426_id257_malado (1).jpg;54
1426;1590;257;MANDRILLS BKB_257_20220426_id257_malado (2).jpg;164
1568;1603;257;MANDRILLS BKB_257_20220509_id257_malado.jpg;35
1419;1621;257;MANDRILLS BKB_257_20220527_id257_malado (1).jpg;202
1536;1621;257;MANDRILLS BKB_257_20220527_id257_malado (2).jpg;85
1552;1621;257;MANDRILLS BKB_257_20220527_id257_malado.jpg;69
1662;1628;257;MANDRILLS BKB_257_20220603_id257_malado (1).jpg;34
1534;1628;257;MANDRILLS BKB_257_20220603_id257_malado (2).jpg;94
1546;1628;257;MANDRILLS BKB_257_20220603_id257_malado (3).jpg;82
1599;1628;257;MANDRILLS BKB_257_20220603_id257_malado (4).jpg;29
1377;1628;257;MANDRILLS BKB_257_20220603_id257_malado.jpg;251
1783;1633;257;MANDRILLS BKB_257_20220608_id257_malado.jpg;150
1276;1635;257;MANDRILLS BKB_257_20220610_id257_malado (1).jpg;359
1491;1635;257;MANDRILLS BKB_257_20220610_id257_malado (2).jpg;144
1918;1654;257;MANDRILLS BKB_257_20220629_id257.jpg;264
1467;1660;257;MANDRILLS BKB_257_20220705_id257 (2).jpg;193
1664;1660;257;MANDRILLS BKB_257_20220705_id257 (3).jpg;4
1576;1666;257;MANDRILLS BKB_257_20220711_id257.jpg;90
1805;1667;257;MANDRILLS BKB_257_20220712_id257 (2).jpg;138
1598;1672;257;MANDRILLS BKB_257_20220717_id257.jpg;74
1709;1676;257;MANDRILLS BKB_257_20220721_id257.jpg;33
1601;1683;257;MANDRILLS BKB_257_20220728_id257.jpg;82
1513;1695;257;MANDRILLS BKB_257_20220809_id257.jpg;182
1530;1722;257;MANDRILLS BKB_257_20220905_id257 (1).jpg;192
1724;1722;257;MANDRILLS BKB_257_20220905_id257 (2).jpg;2
1422;1722;257;MANDRILLS BKB_257_20220905_id257 (3).jpg;300
1574;1745;257;MANDRILLS BKB_257_20220928_id257 (2).jpg;171
1581;1745;257;MANDRILLS BKB_257_20220928_id257.jpg;164
1546;1752;257;MANDRILLS BKB_257_20221005_id257.jpg;206
1598;1757;257;MANDRILLS BKB_257_20221010_id257.jpg;159
1600;1766;257;MANDRILLS BKB_257_20221019_id257.jpg;166
1844;1808;257;MANDRILLS BKB_257_20221130_id257.jpg;36
1746;1817;257;MANDRILLS BKB_257_20221209_id257 (1).jpg;71
1753;1817;257;MANDRILLS BKB_257_20221209_id257 (2).jpg;64
1764;1826;257;MANDRILLS BKB_257_20221218_id257.jpg;62
1838;1832;257;MANDRILLS BKB_257_20221224_id257.jpg;6
81;100;262;MANDRILLS BKB_262_20180403_id3021_feminfDROITE_(1)_ORIGINAL.jpg;19
58;100;262;MANDRILLS BKB_262_20180403_id3021_feminfDROITE_(2)_ORIGINAL.jpg;42
37;100;262;MANDRILLS BKB_262_20180403_id3021_feminfDROITE_(4)_ORIGINAL.jpg;63
262;179;262;MANDRILLS BKB_262_20180621_id3021_feminf_ORIGINAL.jpg;83
170;187;262;MANDRILLS BKB_262_20180629_id3021_feminfDEVANT_ORIGINAL.jpg;17
203;187;262;MANDRILLS BKB_262_20180629_id3021_feminfDROITE_(1)_ORIGINAL.jpg;16
212;187;262;MANDRILLS BKB_262_20180629_id3021_feminfDROITE_(2)_ORIGINAL.jpg;25
214;187;262;MANDRILLS BKB_262_20180629_id3021_feminfDROITE_(3)_ORIGINAL.jpg;27
174;199;262;MANDRILLS BKB_262_20180711_id3021_feminfDEVANT_(1)_ORIGINAL.jpg;25
199;199;262;MANDRILLS BKB_262_20180711_id3021_feminfDEVANT_(4)_ORIGINAL.jpg;0
201;199;262;MANDRILLS BKB_262_20180711_id3021_feminfDEVANT_(6)_ORIGINAL.jpg;2
181;199;262;MANDRILLS BKB_262_20180711_id3021_feminfDEVANT_(7)_ORIGINAL.jpg;18
180;199;262;MANDRILLS BKB_262_20180711_id3021_feminfDEVANT_(8)_ORIGINAL.jpg;19
161;199;262;MANDRILLS BKB_262_20180711_id3021_feminfDROITE_ORIGINAL.jpg;38
280;228;262;MANDRILLS BKB_262_20180809_id3021_feminf_(1)_ORIGINAL.jpg;52
294;228;262;MANDRILLS BKB_262_20180809_id3021_feminf_(10)_ORIGINAL.jpg;66
251;228;262;MANDRILLS BKB_262_20180809_id3021_feminf_(11)_ORIGINAL.jpg;23
244;228;262;MANDRILLS BKB_262_20180809_id3021_feminf_(12)_ORIGINAL.jpg;16
229;228;262;MANDRILLS BKB_262_20180809_id3021_feminf_(13)_ORIGINAL.jpg;1
310;228;262;MANDRILLS BKB_262_20180809_id3021_feminf_(14)_ORIGINAL.jpg;82
257;228;262;MANDRILLS BKB_262_20180809_id3021_feminf_(15)_ORIGINAL.jpg;29
318;228;262;MANDRILLS BKB_262_20180809_id3021_feminf_(16)_ORIGINAL.jpg;90
281;228;262;MANDRILLS BKB_262_20180809_id3021_feminf_(17)_ORIGINAL.jpg;53
263;228;262;MANDRILLS BKB_262_20180809_id3021_feminf_(18)_ORIGINAL.jpg;35
249;228;262;MANDRILLS BKB_262_20180809_id3021_feminf_(19)_ORIGINAL.jpg;21
341;228;262;MANDRILLS BKB_262_20180809_id3021_feminf_(2)_ORIGINAL.jpg;113
260;228;262;MANDRILLS BKB_262_20180809_id3021_feminf_(20)_ORIGINAL.jpg;32
230;228;262;MANDRILLS BKB_262_20180809_id3021_feminf_(22)_ORIGINAL.jpg;2
322;228;262;MANDRILLS BKB_262_20180809_id3021_feminf_(23)_ORIGINAL.jpg;94
300;228;262;MANDRILLS BKB_262_20180809_id3021_feminf_(26)_ORIGINAL.jpg;72
348;228;262;MANDRILLS BKB_262_20180809_id3021_feminf_(27)_ORIGINAL.jpg;120
200;228;262;MANDRILLS BKB_262_20180809_id3021_feminf_(3)_ORIGINAL.jpg;28
325;228;262;MANDRILLS BKB_262_20180809_id3021_feminf_(30)_ORIGINAL.jpg;97
271;228;262;MANDRILLS BKB_262_20180809_id3021_feminf_(4)_ORIGINAL.jpg;43
168;228;262;MANDRILLS BKB_262_20180809_id3021_feminf_(5)_ORIGINAL.jpg;60
235;228;262;MANDRILLS BKB_262_20180809_id3021_feminf_(6)_ORIGINAL.jpg;7
187;228;262;MANDRILLS BKB_262_20180809_id3021_feminf_(7)_ORIGINAL.jpg;41
247;228;262;MANDRILLS BKB_262_20180809_id3021_feminf_(8)_ORIGINAL.jpg;19
337;228;262;MANDRILLS BKB_262_20180809_id3021_feminf_(9)_ORIGINAL.jpg;109
565;380;262;MANDRILLS BKB_262_20190108_id3021_femjuv_(1)_ORIGINAL.jpg;185
768;448;262;MANDRILLS BKB_262_20190317_id3021_femjuv_DROITE_(1).jpg;320
662;448;262;MANDRILLS BKB_262_20190317_id3021_femjuv_DROITE_(2).jpg;214
723;448;262;MANDRILLS BKB_262_20190317_id3021_femjuv_DROITE_(3).jpg;275
691;448;262;MANDRILLS BKB_262_20190317_id3021_femjuv_DROITE_(4).jpg;243
817;626;262;MANDRILLS BKB_262_20190911_id3021_femjuv_(1).jpg;191
826;626;262;MANDRILLS BKB_262_20190911_id3021_femjuv_(2).jpg;200
956;626;262;MANDRILLS BKB_262_20190911_id3021_femjuv_(3).jpg;330
900;640;262;MANDRILLS BKB_262_20190925_id3021_femjuv_(1).jpg;260
879;640;262;MANDRILLS BKB_262_20190925_id3021_femjuv_(10).jpg;239
926;640;262;MANDRILLS BKB_262_20190925_id3021_femjuv_(2).jpg;286
945;640;262;MANDRILLS BKB_262_20190925_id3021_femjuv_(3).jpg;305
904;640;262;MANDRILLS BKB_262_20190925_id3021_femjuv_(4).jpg;264
882;640;262;MANDRILLS BKB_262_20190925_id3021_femjuv_(5).jpg;242
1070;640;262;MANDRILLS BKB_262_20190925_id3021_femjuv_(6).jpg;430
958;640;262;MANDRILLS BKB_262_20190925_id3021_femjuv_(7).jpg;318
929;640;262;MANDRILLS BKB_262_20190925_id3021_femjuv_(8).jpg;289
959;640;262;MANDRILLS BKB_262_20190925_id3021_femjuv_(9).jpg;319
985;686;262;MANDRILLS BKB_262_20191110_id3021_femjuv.jpg;299
1058;722;262;MANDRILLS BKB_262_20191216_id3021_femjuv_(1).jpg;336
1182;722;262;MANDRILLS BKB_262_20191216_id3021_femjuv_(2).jpg;460
1484;1028;262;MANDRILLS BKB_262_20201017_id3021_femjuv.jpg;456
1284;1030;262;MANDRILLS BKB_262_20201019_id3021_femjuv.jpg;254
1346;1033;262;MANDRILLS BKB_262_20201022_id3021_femjuv_(1).jpg;313
1270;1033;262;MANDRILLS BKB_262_20201022_id3021_femjuv_(2).jpg;237
1282;1033;262;MANDRILLS BKB_262_20201022_id3021_femjuv_(3).jpg;249
1219;1033;262;MANDRILLS BKB_262_20201022_id3021_femjuv_(4).jpg;186
1411;1033;262;MANDRILLS BKB_262_20201022_id3021_femjuv_(5).jpg;378
1366;1033;262;MANDRILLS BKB_262_20201022_id3021_femjuv_(6).jpg;333
1161;1036;262;MANDRILLS BKB_262_20201025_id3021_femadu_(1).jpg;125
1460;1036;262;MANDRILLS BKB_262_20201025_id3021_femadu_(2).jpg;424
1785;1036;262;MANDRILLS BKB_262_20201025_id3021_femadu_(3).jpg;749
1402;1085;262;MANDRILLS BKB_262_20201213_id3021_femjuv.jpg;317
1266;1089;262;MANDRILLS BKB_262_20201217_id3021_femjuv_(1).jpg;177
1288;1089;262;MANDRILLS BKB_262_20201217_id3021_femjuv_(2).jpg;199
1458;1103;262;MANDRILLS BKB_262_20201231_id3021_femjuv.jpg;355
1540;1132;262;MANDRILLS BKB_262_20210129_id3021_femjuv.jpg;408
1447;1135;262;MANDRILLS BKB_262_20210201_id3021_femjuv.jpg;312
1398;1137;262;MANDRILLS BKB_262_20210203_id3021_femjuv_(1).jpg;261
1570;1137;262;MANDRILLS BKB_262_20210203_id3021_femjuv_(2).jpg;433
1552;1137;262;MANDRILLS BKB_262_20210203_id3021_femjuv_(3).jpg;415
1283;1160;262;MANDRILLS BKB_262_20210226_id3021_femjuv_(1).jpg;123
1667;1160;262;MANDRILLS BKB_262_20210226_id3021_femjuv_(2).jpg;507
1332;1160;262;MANDRILLS BKB_262_20210226_id3021_femjuv_(3).jpg;172
1554;1213;262;MANDRILLS BKB_262_20210420_id3021_femjuv.jpg;341
1792;1213;262;MANDRILLS BKB_262_20210420_id3021_femjuv_(1).jpg;579
1698;1381;262;MANDRILLS BKB_262_20211005_id262_femjuv.jpg;317
1666;1400;262;MANDRILLS BKB_262_20211024_id262_femjuv.jpg;266
1747;1433;262;MANDRILLS BKB_262_20211126_id262_femjuv.jpg;314
2229;1447;262;MANDRILLS BKB_262_20211210_id262_femjuv.jpg;782
1884;1454;262;MANDRILLS BKB_262_20211217_id262_femjuv.jpg;430
1750;1457;262;MANDRILLS BKB_262_20211220_ID262_femjuv_(1).jpg;293
1818;1457;262;MANDRILLS BKB_262_20211220_ID262_femjuv_(3).jpg;361
1794;1463;262;MANDRILLS BKB_262_20211226_id262_femadu.jpg;331
2015;1464;262;MANDRILLS BKB_262_20211227_ID262_femadu.jpg;551
1949;1490;262;MANDRILLS BKB_262_20220122_id262 (1).jpg;459
1799;1490;262;MANDRILLS BKB_262_20220122_id262 (2).jpg;309
1959;1500;262;MANDRILLS BKB_262_20220201_id262_femadu.jpg;459
1768;1534;262;MANDRILLS BKB_262_20220307_id262_femadu.jpg;234
2294;1536;262;MANDRILLS BKB_262_20220309_id262_femadu (1).jpg;758
2016;1536;262;MANDRILLS BKB_262_20220309_id262_femadu (2).jpg;480
1910;1536;262;MANDRILLS BKB_262_20220309_id262_femadu (3).jpg;374
2135;1541;262;MANDRILLS BKB_262_20220314_id262_femadu (1).jpg;594
2154;1541;262;MANDRILLS BKB_262_20220314_id262_femadu (2).jpg;613
2429;1541;262;MANDRILLS BKB_262_20220314_id262_femadu (3).jpg;888
2074;1557;262;MANDRILLS BKB_262_20220330_id262_femadu.jpg;517
1876;1562;262;MANDRILLS BKB_262_20220404_id262_femadu (1).jpg;314
1965;1562;262;MANDRILLS BKB_262_20220404_id262_femadu (2).jpg;403
2372;1585;262;MANDRILLS BKB_262_20220427_id262_femadu (1).jpg;787
1885;1585;262;MANDRILLS BKB_262_20220427_id262_femadu (2).jpg;300
1834;1597;262;MANDRILLS BKB_262_20220509_id262_femadu (1).jpg;237
2120;1597;262;MANDRILLS BKB_262_20220509_id262_femadu (2).jpg;523
1920;1604;262;MANDRILLS BKB_262_20220516_id262_femadu (1).jpg;316
1932;1604;262;MANDRILLS BKB_262_20220516_id262_femadu (2).jpg;328
2034;1604;262;MANDRILLS BKB_262_20220516_id262_femadu (3).jpg;430
1999;1620;262;MANDRILLS BKB_262_20220601_id262_femadu.jpg;379
2413;1622;262;MANDRILLS BKB_262_20220603_id262_femadu (1).jpg;791
2340;1622;262;MANDRILLS BKB_262_20220603_id262_femadu (2).jpg;718
1965;1629;262;MANDRILLS BKB_262_20220610_id262_femadu.jpg;336
2271;1642;262;MANDRILLS BKB_262_20220623_id262_femadu.jpg;629
2160;1643;262;MANDRILLS BKB_262_20220624_id262_femadu.jpg;517
2321;1650;262;MANDRILLS BKB_262_20220701_id262.jpg;671
2174;1660;262;MANDRILLS BKB_262_20220711_id262 (1).jpg;514
2109;1660;262;MANDRILLS BKB_262_20220711_id262 (2).jpg;449
2086;1662;262;MANDRILLS BKB_262_20220713_id262.jpg;424
2198;1665;262;MANDRILLS BKB_262_20220716_id262 (2).jpg;533
2150;1665;262;MANDRILLS BKB_262_20220716_id262.jpg;485
1947;1665;262;MANDRILLS BKB_262_20220716_id262_femadu.jpg;282
2450;1706;262;MANDRILLS BKB_262_20220826_id262.jpg;744
2355;1715;262;MANDRILLS BKB_262_20220904_id262 (1).jpg;640
2227;1715;262;MANDRILLS BKB_262_20220904_id262 (2).jpg;512
2080;1723;262;MANDRILLS BKB_262_20220912_id262.jpg;357
2173;1746;262;MANDRILLS BKB_262_20221005_id262 (1).jpg;427
2447;1746;262;MANDRILLS BKB_262_20221005_id262 (2).jpg;701
2042;1760;262;MANDRILLS BKB_262_20221019_id262.jpg;282
2137;1768;262;MANDRILLS BKB_262_20221027_id262 (1).jpg;369
2426;1768;262;MANDRILLS BKB_262_20221027_id262 (2).jpg;658
2629;1781;262;MANDRILLS BKB_262_20221109_id262.jpg;848
2188;1793;262;MANDRILLS BKB_262_20221121_id262.jpg;395
2193;1802;262;MANDRILLS BKB_262_20221130_id262.jpg;391
2593;1804;262;MANDRILLS BKB_262_20221202_id262.jpg;789
2132;1826;262;MANDRILLS BKB_262_20221224_id262.jpg;306
236;210;287;MANDRILLS BKB_287_20190906_id4093_malinf.jpg;26
205;230;287;MANDRILLS BKB_287_20190926_id4093_malinf_(1).jpg;25
278;230;287;MANDRILLS BKB_287_20190926_id4093_malinf_(10).jpg;48
273;230;287;MANDRILLS BKB_287_20190926_id4093_malinf_(12).jpg;43
244;230;287;MANDRILLS BKB_287_20190926_id4093_malinf_(2).jpg;14
322;230;287;MANDRILLS BKB_287_20190926_id4093_malinf_(3).jpg;92
207;230;287;MANDRILLS BKB_287_20190926_id4093_malinf_(6).jpg;23
268;230;287;MANDRILLS BKB_287_20190926_id4093_malinf_(7).jpg;38
267;230;287;MANDRILLS BKB_287_20190926_id4093_malinf_(8).jpg;37
271;230;287;MANDRILLS BKB_287_20190926_id4093_malinf_(9).jpg;41
304;230;287;MANDRILLS BKB_287_20190926_id4093_malinf_GAUCHE_(1).jpg;74
312;262;287;MANDRILLS BKB_287_20191028_id4093_malinf_(1).jpg;50
304;262;287;MANDRILLS BKB_287_20191028_id4093_malinf_(2).jpg;42
358;296;287;MANDRILLS BKB_287_20191201_id4093_malinf.jpg;62
288;334;287;MANDRILLS BKB_287_20200108_id4093_malinf_(1).jpg;46
276;334;287;MANDRILLS BKB_287_20200108_id4093_malinf_(2).jpg;58
430;448;287;MANDRILLS BKB_287_20200501_id4093_maljuv.jpg;18
651;453;287;MANDRILLS BKB_287_20200506_id4093_maljuv_(1).jpg;198
493;453;287;MANDRILLS BKB_287_20200506_id4093_maljuv_(2).jpg;40
354;453;287;MANDRILLS BKB_287_20200506_id4093_maljuv_(3).jpg;99
432;453;287;MANDRILLS BKB_287_20200506_id4093_maljuv_(4).jpg;21
394;453;287;MANDRILLS BKB_287_20200506_id4093_maljuv_(6).jpg;59
416;618;287;MANDRILLS BKB_287_20201018_id4093_maljuv_(1).jpg;202
483;618;287;MANDRILLS BKB_287_20201018_id4093_maljuv_(2).jpg;135
522;618;287;MANDRILLS BKB_287_20201018_id4093_maljuv_(3).jpg;96
578;619;287;MANDRILLS BKB_287_20201019_id4093_maljuv_(1).jpg;41
598;619;287;MANDRILLS BKB_287_20201019_id4093_maljuv_(2).jpg;21
515;619;287;MANDRILLS BKB_287_20201019_id4093_maljuv_(3).jpg;104
596;619;287;MANDRILLS BKB_287_20201019_id4093_maljuv_(4).jpg;23
593;619;287;MANDRILLS BKB_287_20201019_id4093_maljuv_(5).jpg;26
640;619;287;MANDRILLS BKB_287_20201019_id4093_maljuv_(6).jpg;21
624;621;287;MANDRILLS BKB_287_20201021_id4093_maljuv_(1).jpg;3
785;621;287;MANDRILLS BKB_287_20201021_id4093_maljuv_(2).jpg;164
875;621;287;MANDRILLS BKB_287_20201021_id4093_maljuv_(3).jpg;254
740;621;287;MANDRILLS BKB_287_20201021_id4093_maljuv_(4).jpg;119
732;621;287;MANDRILLS BKB_287_20201021_id4093_maljuv_(5).jpg;111
493;623;287;MANDRILLS BKB_287_20201023_id4093_maljuv_(1).jpg;130
512;623;287;MANDRILLS BKB_287_20201023_id4093_maljuv_(2).jpg;111
545;623;287;MANDRILLS BKB_287_20201023_id4093_maljuv_(3).jpg;78
469;623;287;MANDRILLS BKB_287_20201023_id4093_maljuv_(4).jpg;154
589;655;287;MANDRILLS BKB_287_20201124_id4093_maljuv.jpg;66
452;674;287;MANDRILLS BKB_287_20201213_id4093_maljuv.jpg;222
1424;676;287;MANDRILLS BKB_287_20201215_id4093_maljuv_(1).jpg;748
481;676;287;MANDRILLS BKB_287_20201215_id4093_maljuv_(2).jpg;195
881;676;287;MANDRILLS BKB_287_20201215_id4093_maljuv_(3).jpg;205
634;678;287;MANDRILLS BKB_287_20201217_id4093_maljuv.jpg;44
598;683;287;MANDRILLS BKB_287_20201222_id4093_maljuv_(1).jpg;85
794;683;287;MANDRILLS BKB_287_20201222_id4093_maljuv_(2).jpg;111
779;683;287;MANDRILLS BKB_287_20201222_id4093_maljuv_(3).jpg;96
614;683;287;MANDRILLS BKB_287_20201222_id4093_maljuv_(4).jpg;69
654;683;287;MANDRILLS BKB_287_20201222_id4093_maljuv_(5).jpg;29
444;694;287;MANDRILLS BKB_287_20210102_id4093_maljuv_(1).jpg;250
507;694;287;MANDRILLS BKB_287_20210102_id4093_maljuv_(2).jpg;187
507;694;287;MANDRILLS BKB_287_20210102_id4093_maljuv_(3).jpg;187
642;694;287;MANDRILLS BKB_287_20210102_id4093_maljuv_(4).jpg;52
843;749;287;MANDRILLS BKB_287_20210226_id4093_maljuv.jpg;94
793;792;287;MANDRILLS BKB_287_20210410_id4093_maljuv.jpg;1
920;886;287;MANDRILLS BKB_287_20210713_id4093_maljuv.jpg;34
790;899;287;MANDRILLS BKB_287_20210726_id4093_maljuv_(1).jpg;109
964;899;287;MANDRILLS BKB_287_20210726_id4093_maljuv_(2).jpg;65
953;899;287;MANDRILLS BKB_287_20210726_id4093_maljuv_(3).jpg;54
997;901;287;MANDRILLS BKB_287_20210728_id4093_maljuv.jpg;96
963;987;287;MANDRILLS BKB_287_20211022_id4093_maljuv.jpg;24
1086;1043;287;MANDRILLS BKB_287_20211217_id4093_maljuv_(1).jpg;43
1042;1043;287;MANDRILLS BKB_287_20211217_id4093_maljuv_(2).jpg;1
1002;1043;287;MANDRILLS BKB_287_20211217_id4093_maljuv_(3).jpg;41
1256;1104;287;MANDRILLS BKB_287_20220216_id4093_maljuv.jpg;152
1152;1114;287;MANDRILLS BKB_287_20220226_id4093_maljuv.jpg;38
1148;1143;287;MANDRILLS BKB_287_20220327_id4093_maljuv (1).jpg;5
1282;1143;287;MANDRILLS BKB_287_20220327_id4093_maljuv (2).jpg;139
1258;1146;287;MANDRILLS BKB_287_20220330_id4093_maljuv (1).jpg;112
1186;1146;287;MANDRILLS BKB_287_20220330_id4093_maljuv (2).jpg;40
1335;1175;287;MANDRILLS BKB_287_20220428_id4093_maljuv.jpg;160
1271;1193;287;MANDRILLS BKB_287_20220516_id4093_maljuv.jpg;78
1294;1198;287;MANDRILLS BKB_287_20220521_id4093_maljuv (1).jpg;96
1176;1198;287;MANDRILLS BKB_287_20220521_id4093_maljuv (2).jpg;22
1453;1214;287;MANDRILLS BKB_287_20220606_id4093_maljuv.jpg;239
1610;1215;287;MANDRILLS BKB_287_20220607_id4093_maljuv (1).jpg;395
1177;1215;287;MANDRILLS BKB_287_20220607_id4093_maljuv (2).jpg;38
1403;1227;287;MANDRILLS BKB_287_20220619_id4093_maljuv (1).jpg;176
1302;1227;287;MANDRILLS BKB_287_20220619_id4093_maljuv (2).jpg;75
1232;1237;287;MANDRILLS BKB_287_20220629_id4093 (1).jpg;5
1204;1237;287;MANDRILLS BKB_287_20220629_id4093 (2).jpg;33
1241;1250;287;MANDRILLS BKB_287_20220712_id4093.jpg;9
1093;1252;287;MANDRILLS BKB_287_20220714_id4093_maljuv (1).jpg;159
1327;1252;287;MANDRILLS BKB_287_20220714_id4093_maljuv (2).jpg;75
1533;1257;287;MANDRILLS BKB_287_20220719_id4093 (1).jpg;276
1325;1257;287;MANDRILLS BKB_287_20220719_id4093 (2).jpg;68
1359;1274;287;MANDRILLS BKB_287_20220805_id4093 (1).jpg;85
1220;1274;287;MANDRILLS BKB_287_20220805_id4093 (2).jpg;54
1210;1277;287;MANDRILLS BKB_287_20220808_id4093.jpg;67
1247;1281;287;MANDRILLS BKB_287_20220812_id4093 (1).jpg;34
1308;1281;287;MANDRILLS BKB_287_20220812_id4093 (2).jpg;27
1284;1284;287;MANDRILLS BKB_287_20220815_id4093 (2).jpg;0
1282;1295;287;MANDRILLS BKB_287_20220826_id4093 (1).jpg;13
1403;1295;287;MANDRILLS BKB_287_20220826_id4093 (2).jpg;108
1418;1295;287;MANDRILLS BKB_287_20220826_id4093 (3).jpg;123
1262;1304;287;MANDRILLS BKB_287_20220904_id4093.jpg;42
1169;1305;287;MANDRILLS BKB_287_20220905_id4093 (1).jpg;136
1228;1305;287;MANDRILLS BKB_287_20220905_id4093 (2).jpg;77
1251;1311;287;MANDRILLS BKB_287_20220911_id4093 (2).jpg;60
1358;1311;287;MANDRILLS BKB_287_20220911_id4093.jpg;47
1357;1335;287;MANDRILLS BKB_287_20221005_id4093.jpg;22
1390;1352;287;MANDRILLS BKB_287_20221022_id4093.jpg;38
1214;1357;287;MANDRILLS BKB_287_20221027_id4093.jpg;143
1143;1359;287;MANDRILLS BKB_287_20221029_id4093.jpg;216
1464;1391;287;MANDRILLS BKB_287_20221130_id4093.jpg;73
1224;1401;287;MANDRILLS BKB_287_20221210_id287 (2).jpg;177
1518;1401;287;MANDRILLS BKB_287_20221210_id287.jpg;117
1353;1403;287;MANDRILLS BKB_287_20221212_id287 (1).jpg;50
1508;1403;287;MANDRILLS BKB_287_20221212_id287 (2).jpg;105
1335;1415;287;MANDRILLS BKB_287_20221224_id287 (2).jpg;80
1417;1415;287;MANDRILLS BKB_287_20221224_id287.jpg;2
85;108;288;MANDRILLS BKB_288_20190112_id4102_malinf_GAUCHE_(1)_ORIGINAL.jpg;23
106;108;288;MANDRILLS BKB_288_20190112_id4102_malinf_GAUCHE_(2)_ORIGINAL.jpg;2
105;108;288;MANDRILLS BKB_288_20190112_id4102_malinf_GAUCHE_(3)_ORIGINAL.jpg;3
106;108;288;MANDRILLS BKB_288_20190112_id4102_malinf_GAUCHE_(6)_ORIGINAL.jpg;2
102;108;288;MANDRILLS BKB_288_20190112_id4102_malinf_GAUCHE_(7)_ORIGINAL.jpg;6
104;108;288;MANDRILLS BKB_288_20190112_id4102_malinf_GAUCHE_(8)_ORIGINAL.jpg;4
83;108;288;MANDRILLS BKB_288_20190112_id4102_malinf_GAUCHE_(9)_ORIGINAL.jpg;25
135;116;288;MANDRILLS BKB_288_20190120_id4102_malinf_DROITE_(10)_ORIGINAL.jpg;19
99;116;288;MANDRILLS BKB_288_20190120_id4102_malinf_DROITE_(11)_ORIGINAL.jpg;17
117;116;288;MANDRILLS BKB_288_20190120_id4102_malinf_DROITE_(12)_ORIGINAL.jpg;1
93;116;288;MANDRILLS BKB_288_20190120_id4102_malinf_DROITE_(13)_ORIGINAL.jpg;23
111;116;288;MANDRILLS BKB_288_20190120_id4102_malinf_DROITE_(8)_ORIGINAL.jpg;5
147;116;288;MANDRILLS BKB_288_20190120_id4102_malinf_DROITE_(9)_ORIGINAL.jpg;31
293;291;288;MANDRILLS BKB_288_20190714_id4102_malinf_(1).jpg;2
261;291;288;MANDRILLS BKB_288_20190714_id4102_malinf_(2).jpg;30
344;318;288;MANDRILLS BKB_288_20190810_id4102_malinf_(1).jpg;26
330;318;288;MANDRILLS BKB_288_20190810_id4102_malinf_(2).jpg;12
307;330;288;MANDRILLS BKB_288_20190822_id4102_malinf_(1).jpg;23
370;330;288;MANDRILLS BKB_288_20190822_id4102_malinf_(3).jpg;40
323;330;288;MANDRILLS BKB_288_20190822_id4102_malinf_(4).jpg;7
360;350;288;MANDRILLS BKB_288_20190911_id4102_malinf.jpg;10
424;397;288;MANDRILLS BKB_288_20191028_id4102_maljuv.jpg;27
523;502;288;MANDRILLS BKB_288_20200210_id4102_maljuv.jpg;21
430;525;288;MANDRILLS BKB_288_20200304_id4102_maljuv_(1).jpg;95
548;525;288;MANDRILLS BKB_288_20200304_id4102_maljuv_(2).jpg;23
403;525;288;MANDRILLS BKB_288_20200304_id4102_maljuv_(3).jpg;122
503;525;288;MANDRILLS BKB_288_20200304_id4102_maljuv_(4).jpg;22
349;585;288;MANDRILLS BKB_288_20200503_id4102_maljuv.jpg;236
468;587;288;MANDRILLS BKB_288_20200505_id4102_maljuv.jpg;119
828;752;288;MANDRILLS BKB_288_20201017_id4102_maljuv_(1).jpg;76
680;752;288;MANDRILLS BKB_288_20201017_id4102_maljuv_(2).jpg;72
708;752;288;MANDRILLS BKB_288_20201017_id4102_maljuv_(3).jpg;44
721;754;288;MANDRILLS BKB_288_20201019_id4102_maljuv_(1).jpg;33
743;754;288;MANDRILLS BKB_288_20201019_id4102_maljuv_(2).jpg;11
491;754;288;MANDRILLS BKB_288_20201019_id4102_maljuv_(3).jpg;263
809;757;288;MANDRILLS BKB_288_20201022_id4102_maljuv.jpg;52
743;811;288;MANDRILLS BKB_288_20201215_id4102_maljuv_(1).jpg;68
575;811;288;MANDRILLS BKB_288_20201215_id4102_maljuv_(2).jpg;236
942;811;288;MANDRILLS BKB_288_20201215_id4102_maljuv_(3).jpg;131
688;813;288;MANDRILLS BKB_288_20201217_id4102_maljuv_(1).jpg;125
774;813;288;MANDRILLS BKB_288_20201217_id4102_maljuv_(2).jpg;39
796;813;288;MANDRILLS BKB_288_20201217_id4102_maljuv_(3).jpg;17
916;813;288;MANDRILLS BKB_288_20201217_id4102_maljuv_(4).jpg;103
727;813;288;MANDRILLS BKB_288_20201217_id4102_maljuv_(5).jpg;86
856;813;288;MANDRILLS BKB_288_20201217_id4102_maljuv_(6).jpg;43
761;827;288;MANDRILLS BKB_288_20201231_id4102_maljuv_(1).jpg;66
818;827;288;MANDRILLS BKB_288_20201231_id4102_maljuv_(2).jpg;9
716;827;288;MANDRILLS BKB_288_20201231_id4102_maljuv_(3).jpg;111
734;827;288;MANDRILLS BKB_288_20201231_id4102_maljuv_(4).jpg;93
850;827;288;MANDRILLS BKB_288_20201231_id4102_maljuv_(5).jpg;23
682;830;288;MANDRILLS BKB_288_20210103_id4102_maljuv_(1).jpg;148
790;830;288;MANDRILLS BKB_288_20210103_id4102_maljuv_(2).jpg;40
740;831;288;MANDRILLS BKB_288_20210104_id4102_maljuv_(1).jpg;91
734;831;288;MANDRILLS BKB_288_20210104_id4102_maljuv_(2).jpg;97
683;856;288;MANDRILLS BKB_288_20210129_id4102_maljuv_(1).jpg;173
938;856;288;MANDRILLS BKB_288_20210129_id4102_maljuv_(2).jpg;82
848;856;288;MANDRILLS BKB_288_20210129_id4102_maljuv_(3).jpg;8
703;857;288;MANDRILLS BKB_288_20210130_id4102_maljuv.jpg;154
846;916;288;MANDRILLS BKB_288_20210330_id4102_maljuv.jpg;70
897;918;288;MANDRILLS BKB_288_20210401_id4102_maljuv.jpg;21
789;927;288;MANDRILLS BKB_288_20210410_id4102_maljuv.jpg;138
876;960;288;MANDRILLS BKB_288_20210513_id4102_maljuv_(1).jpg;84
908;960;288;MANDRILLS BKB_288_20210513_id4102_maljuv_(2).jpg;52
856;960;288;MANDRILLS BKB_288_20210513_id4102_maljuv_(3).jpg;104
1037;1119;288;MANDRILLS BKB_288_20211019_id4102_femjuv.jpg;82
1004;1174;288;MANDRILLS BKB_288_20211213_id4102_maljuv_(1).jpg;170
1069;1174;288;MANDRILLS BKB_288_20211213_id4102_maljuv_(2).jpg;105
989;1178;288;MANDRILLS BKB_288_20211217_id4102_maljuv.jpg;189
1239;1238;288;MANDRILLS BKB_288_20220215_id4102_maljuv.jpg;1
1202;1255;288;MANDRILLS BKB_288_20220304_id4102_maljuv (1).jpg;53
1195;1255;288;MANDRILLS BKB_288_20220304_id4102_maljuv (2).jpg;60
1127;1258;288;MANDRILLS BKB_288_20220307_id4102_maljuv (1).jpg;131
1160;1258;288;MANDRILLS BKB_288_20220307_id4102_maljuv (2).jpg;98
1194;1275;288;MANDRILLS BKB_288_20220324_id4102_maljuv.jpg;81
1184;1308;288;MANDRILLS BKB_288_20220426_id4102_maljuv.jpg;124
1189;1346;288;MANDRILLS BKB_288_20220603_id4102_maljuv (4).jpg;157
1296;1346;288;MANDRILLS BKB_288_20220603_id4102_maljuv (5).jpg;50
1189;1346;288;MANDRILLS BKB_288_20220603_id4102_maljuv (6).jpg;157
1277;1346;288;MANDRILLS BKB_288_20220603_id4102_maljuv (7).jpg;69
1197;1362;288;MANDRILLS BKB_288_20220619_id4102_maljuv.jpg;165
1307;1379;288;MANDRILLS BKB_288_20220706_id4102.jpg;72
1417;1390;288;MANDRILLS BKB_288_20220717_id4102.jpg;27
1317;1391;288;MANDRILLS BKB_288_20220718_id4102.jpg;74
1270;1416;288;MANDRILLS BKB_288_20220812_id4102.jpg;146
1298;1422;288;MANDRILLS BKB_288_20220818_id4102.jpg;124
1300;1430;288;MANDRILLS BKB_288_20220826_id4102.jpg;130
1302;1439;288;MANDRILLS BKB_288_20220904_id4102 (1).jpg;137
1241;1439;288;MANDRILLS BKB_288_20220904_id4102 (2).jpg;198
1303;1450;288;MANDRILLS BKB_288_20220915_id4102 (1).jpg;147
1212;1450;288;MANDRILLS BKB_288_20220915_id4102 (2).jpg;238
1433;1453;288;MANDRILLS BKB_288_20220918_id4102.jpg;20
1351;1470;288;MANDRILLS BKB_288_20221005_id4102 (1).jpg;119
1472;1470;288;MANDRILLS BKB_288_20221005_id4102 (2).jpg;2
1315;1519;288;MANDRILLS BKB_288_20221123_id4102.jpg;204
1305;1526;288;MANDRILLS BKB_288_20221130_id4102 (2).jpg;221
1446;1526;288;MANDRILLS BKB_288_20221130_id4102 (3).jpg;80
1274;1526;288;MANDRILLS BKB_288_20221130_id4102 (4).jpg;252
1480;1526;288;MANDRILLS BKB_288_20221130_id4102.jpg;46
1452;1536;288;MANDRILLS BKB_288_20221210_id288 (2).jpg;84
1374;1536;288;MANDRILLS BKB_288_20221210_id288.jpg;162
1230;1537;288;MANDRILLS BKB_288_20221211_id288.jpg;307
42;35;296;MANDRILLS BKB_296_20190313_id4166_malinf_BAS_(1).jpg;7
40;35;296;MANDRILLS BKB_296_20190313_id4166_malinf_BAS_(2).jpg;5
51;37;296;MANDRILLS BKB_296_20190315_id4166_malinf_GAUCHE_(1).jpg;14
48;41;296;MANDRILLS BKB_296_20190319_id4166_malinf_(1).jpg;7
38;41;296;MANDRILLS BKB_296_20190319_id4166_malinf_(2).jpg;3
43;41;296;MANDRILLS BKB_296_20190319_id4166_malinf_DROITE_(1).jpg;2
55;41;296;MANDRILLS BKB_296_20190319_id4166_malinf_DROITE_(2).jpg;14
27;41;296;MANDRILLS BKB_296_20190319_id4166_malinf_DROITE_(3).jpg;14
23;41;296;MANDRILLS BKB_296_20190319_id4166_malinf_DROITE_(4).jpg;18
316;210;296;MANDRILLS BKB_296_20190904_id4166_malinf_(1).jpg;106
299;210;296;MANDRILLS BKB_296_20190904_id4166_malinf_(2).jpg;89
274;210;296;MANDRILLS BKB_296_20190904_id4166_malinf_(3).jpg;64
232;210;296;MANDRILLS BKB_296_20190904_id4166_malinf_(4).jpg;22
214;210;296;MANDRILLS BKB_296_20190904_id4166_malinf_(8).jpg;4
238;211;296;MANDRILLS BKB_296_20190905_id4166_malinf_(2).jpg;27
291;212;296;MANDRILLS BKB_296_20190906_id4166_malinf_(1).jpg;79
289;212;296;MANDRILLS BKB_296_20190906_id4166_malinf_(10).jpg;77
272;212;296;MANDRILLS BKB_296_20190906_id4166_malinf_(11).jpg;60
287;212;296;MANDRILLS BKB_296_20190906_id4166_malinf_(12).jpg;75
297;212;296;MANDRILLS BKB_296_20190906_id4166_malinf_(2).jpg;85
278;212;296;MANDRILLS BKB_296_20190906_id4166_malinf_(3).jpg;66
304;212;296;MANDRILLS BKB_296_20190906_id4166_malinf_(4).jpg;92
349;212;296;MANDRILLS BKB_296_20190906_id4166_malinf_(5).jpg;137
370;212;296;MANDRILLS BKB_296_20190906_id4166_malinf_(6).jpg;158
412;212;296;MANDRILLS BKB_296_20190906_id4166_malinf_(7).jpg;200
300;212;296;MANDRILLS BKB_296_20190906_id4166_malinf_(9).jpg;88
394;280;296;MANDRILLS BKB_296_20191113_id4166_malinf.jpg;114
374;281;296;MANDRILLS BKB_296_20191114_id4166_malinf_(1).jpg;93
416;281;296;MANDRILLS BKB_296_20191114_id4166_malinf_(2).jpg;135
378;305;296;MANDRILLS BKB_296_20191208_id4166_malinf_(1).jpg;73
402;305;296;MANDRILLS BKB_296_20191208_id4166_malinf_(2).jpg;97
358;305;296;MANDRILLS BKB_296_20191208_id4166_malinf_(3).jpg;53
398;305;296;MANDRILLS BKB_296_20191208_id4166_malinf_(4).jpg;93
395;305;296;MANDRILLS BKB_296_20191208_id4166_malinf_(5).jpg;90
420;343;296;MANDRILLS BKB_296_20200115_id4166_malinf.jpg;77
439;400;296;MANDRILLS BKB_296_20200312_id4166_maljuv_(1).jpg;39
359;400;296;MANDRILLS BKB_296_20200312_id4166_maljuv_(2).jpg;41
467;400;296;MANDRILLS BKB_296_20200312_id4166_maljuv_(3).jpg;67
564;419;296;MANDRILLS BKB_296_20200331_id4166_maljuv_(1).jpg;145
439;419;296;MANDRILLS BKB_296_20200331_id4166_maljuv_(2).jpg;20
554;419;296;MANDRILLS BKB_296_20200331_id4166_maljuv_(3).jpg;135
415;419;296;MANDRILLS BKB_296_20200331_id4166_maljuv_(4).jpg;4
543;455;296;MANDRILLS BKB_296_20200506_id4166_maljuv.jpg;88
589;617;296;MANDRILLS BKB_296_20201015_id4166_maljuv_(1).jpg;28
576;617;296;MANDRILLS BKB_296_20201015_id4166_maljuv_(2).jpg;41
570;617;296;MANDRILLS BKB_296_20201015_id4166_maljuv_(3).jpg;47
596;617;296;MANDRILLS BKB_296_20201015_id4166_maljuv_(4).jpg;21
613;617;296;MANDRILLS BKB_296_20201015_id4166_maljuv_(5).jpg;4
524;624;296;MANDRILLS BKB_296_20201022_id4166_maljuv_(1).jpg;100
670;624;296;MANDRILLS BKB_296_20201022_id4166_maljuv_(2).jpg;46
558;624;296;MANDRILLS BKB_296_20201022_id4166_maljuv_(3).jpg;66
648;624;296;MANDRILLS BKB_296_20201022_id4166_maljuv_(4).jpg;24
492;630;296;MANDRILLS BKB_296_20201028_id4166_maljuv.jpg;138
663;636;296;MANDRILLS BKB_296_20201103_id4166_maljuv_(1).jpg;27
605;636;296;MANDRILLS BKB_296_20201103_id4166_maljuv_(2).jpg;31
789;636;296;MANDRILLS BKB_296_20201103_id4166_maljuv_(3).jpg;153
591;636;296;MANDRILLS BKB_296_20201103_id4166_maljuv_(4).jpg;45
621;637;296;MANDRILLS BKB_296_20201104_id4166_maljuv.jpg;16
583;643;296;MANDRILLS BKB_296_20201110_id4166_maljuv.jpg;60
760;676;296;MANDRILLS BKB_296_20201213_id4166_maljuv_(1).jpg;84
745;676;296;MANDRILLS BKB_296_20201213_id4166_maljuv_(2).jpg;69
798;693;296;MANDRILLS BKB_296_20201230_id4166_maljuv_(1).jpg;105
866;693;296;MANDRILLS BKB_296_20201230_id4166_maljuv_(2).jpg;173
787;693;296;MANDRILLS BKB_296_20201230_id4166_maljuv_(3).jpg;94
739;693;296;MANDRILLS BKB_296_20201230_id4166_maljuv_(4).jpg;46
596;701;296;MANDRILLS BKB_296_20210107_id4166_maljuv_(1).jpg;105
633;701;296;MANDRILLS BKB_296_20210107_id4166_maljuv_(2).jpg;68
681;701;296;MANDRILLS BKB_296_20210107_id4166_maljuv_(3).jpg;20
791;723;296;MANDRILLS BKB_296_20210129_id4166_maljuv.jpg;68
899;735;296;MANDRILLS BKB_296_20210210_id4166_maljuv_(1).jpg;164
877;735;296;MANDRILLS BKB_296_20210210_id4166_maljuv_(2).jpg;142
805;742;296;MANDRILLS BKB_296_20210217_id4166_maljuv.jpg;63
536;749;296;MANDRILLS BKB_296_20210224_id4166_maljuv_(1).jpg;213
589;749;296;MANDRILLS BKB_296_20210224_id4166_maljuv_(2).jpg;160
639;749;296;MANDRILLS BKB_296_20210224_id4166_maljuv_(3).jpg;110
810;785;296;MANDRILLS BKB_296_20210401_id4166_maljuv.jpg;25
588;789;296;MANDRILLS BKB_296_20210405_id4166_maljuv_(1).jpg;201
555;789;296;MANDRILLS BKB_296_20210405_id4166_maljuv_(2).jpg;234
843;794;296;MANDRILLS BKB_296_20210410_id4166_maljuv_(1).jpg;49
889;794;296;MANDRILLS BKB_296_20210410_id4166_maljuv_(2).jpg;95
1002;846;296;MANDRILLS BKB_296_20210601_id4166_maljuv_(1).jpg;156
1088;846;296;MANDRILLS BKB_296_20210601_id4166_maljuv_(2).jpg;242
998;846;296;MANDRILLS BKB_296_20210601_id4166_maljuv_(3).jpg;152
866;852;296;MANDRILLS BKB_296_20210607_id4166_maljuv_(1).jpg;14
817;852;296;MANDRILLS BKB_296_20210607_id4166_maljuv_(10).jpg;35
920;852;296;MANDRILLS BKB_296_20210607_id4166_maljuv_(11).jpg;68
886;852;296;MANDRILLS BKB_296_20210607_id4166_maljuv_(12).jpg;34
1122;852;296;MANDRILLS BKB_296_20210607_id4166_maljuv_(2).jpg;270
868;852;296;MANDRILLS BKB_296_20210607_id4166_maljuv_(3).jpg;16
857;852;296;MANDRILLS BKB_296_20210607_id4166_maljuv_(4).jpg;5
855;852;296;MANDRILLS BKB_296_20210607_id4166_maljuv_(5).jpg;3
923;852;296;MANDRILLS BKB_296_20210607_id4166_maljuv_(6).jpg;71
952;852;296;MANDRILLS BKB_296_20210607_id4166_maljuv_(7).jpg;100
864;852;296;MANDRILLS BKB_296_20210607_id4166_maljuv_(8).jpg;12
964;852;296;MANDRILLS BKB_296_20210607_id4166_maljuv_(9).jpg;112
1041;865;296;MANDRILLS BKB_296_20210620_id4166_maljuv_(1).jpg;176
1059;865;296;MANDRILLS BKB_296_20210620_id4166_maljuv_(2).jpg;194
851;898;296;MANDRILLS BKB_296_20210723_id4166_maljuv_(1).jpg;47
885;898;296;MANDRILLS BKB_296_20210723_id4166_maljuv_(2).jpg;13
1010;898;296;MANDRILLS BKB_296_20210723_id4166_maljuv_(3).jpg;112
972;898;296;MANDRILLS BKB_296_20210723_id4166_maljuv_(4).jpg;74
934;898;296;MANDRILLS BKB_296_20210723_id4166_maljuv_(5).jpg;36
783;941;296;MANDRILLS BKB_296_20210904_id4166_maljuv (1).jpg;158
976;941;296;MANDRILLS BKB_296_20210904_id4166_maljuv (2).jpg;35
1030;954;296;MANDRILLS BKB_296_20210917_id4166_maljuv.jpg;76
941;970;296;MANDRILLS BKB_296_20211003_id4166_maljuv.jpg;29
1091;986;296;MANDRILLS BKB_296_20211019_id4166_maljuv.jpg;105
1199;1047;296;MANDRILLS BKB_296_20211219_id4166_maljuv.jpg;152
1278;1054;296;MANDRILLS BKB_296_20211226_id4166_maljuv_(1).jpg;224
1146;1054;296;MANDRILLS BKB_296_20211226_id4166_maljuv_(3).jpg;92
1208;1091;296;MANDRILLS BKB_296_20220201_id4166_maljuv.jpg;117
1128;1101;296;MANDRILLS BKB_296_20220211_id4166_maljuv (1).jpg;27
1104;1101;296;MANDRILLS BKB_296_20220211_id4166_maljuv (2).jpg;3
1099;1101;296;MANDRILLS BKB_296_20220211_id4166_maljuv (3).jpg;2
985;1125;296;MANDRILLS BKB_296_20220307_id4166_maljuv (1).jpg;140
1106;1125;296;MANDRILLS BKB_296_20220307_id4166_maljuv (2).jpg;19
1165;1125;296;MANDRILLS BKB_296_20220307_id4166_maljuv (3).jpg;40
1335;1137;296;MANDRILLS BKB_296_20220319_id4166_maljuv (1).jpg;198
1154;1137;296;MANDRILLS BKB_296_20220319_id4166_maljuv (2).jpg;17
1114;1139;296;MANDRILLS BKB_296_20220321_id4166_maljuv.jpg;25
1290;1175;296;MANDRILLS BKB_296_20220426_id4166_maljuv.jpg;115
1378;1195;296;MANDRILLS BKB_296_20220516_id4166_maljuv.jpg;183
1206;1203;296;MANDRILLS BKB_296_20220524_id4166_maljuv.jpg;3
1221;1205;296;MANDRILLS BKB_296_20220526_id4166_maljuv.jpg;16
1254;1217;296;MANDRILLS BKB_296_20220607_id4166_maljuv.jpg;37
1274;1231;296;MANDRILLS BKB_296_20220621_id4166_maljuv.jpg;43
1234;1239;296;MANDRILLS BKB_296_20220629_id4166 (1).jpg;5
1212;1239;296;MANDRILLS BKB_296_20220629_id4166 (2).jpg;27
1376;1239;296;MANDRILLS BKB_296_20220629_id4166 (3).jpg;137
1088;1246;296;MANDRILLS BKB_296_20220706_id4166.jpg;158
1311;1256;296;MANDRILLS BKB_296_20220716_id4166_maljuv.jpg;55
1412;1286;296;MANDRILLS BKB_296_20220815_id4166.jpg;126
1240;1289;296;MANDRILLS BKB_296_20220818_id4166.jpg;49
1333;1298;296;MANDRILLS BKB_296_20220827_id4166 (2).jpg;35
1395;1306;296;MANDRILLS BKB_296_20220904_id4166 (1).jpg;89
1398;1306;296;MANDRILLS BKB_296_20220904_id4166 (2).jpg;92
1378;1313;296;MANDRILLS BKB_296_20220911_id4166 (1).jpg;65
1386;1313;296;MANDRILLS BKB_296_20220911_id4166 (2).jpg;73
1277;1314;296;MANDRILLS BKB_296_20220912_id4166.jpg;37
1320;1315;296;MANDRILLS BKB_296_20220913_id4166.jpg;5
1403;1317;296;MANDRILLS BKB_296_20220915_id4166.jpg;86
1337;1337;296;MANDRILLS BKB_296_20221005_id4166 (1).jpg;0
1395;1337;296;MANDRILLS BKB_296_20221005_id4166 (2).jpg;58
1444;1337;296;MANDRILLS BKB_296_20221005_id4166 (3).jpg;107
1435;1359;296;MANDRILLS BKB_296_20221027_id4166.jpg;76
1449;1378;296;MANDRILLS BKB_296_20221115_id4166 (1).jpg;71
1368;1378;296;MANDRILLS BKB_296_20221115_id4166 (2).jpg;10
1411;1379;296;MANDRILLS BKB_296_20221116_id4166.jpg;32
1519;1388;296;MANDRILLS BKB_296_20221125_id4166 (1).jpg;131
1493;1388;296;MANDRILLS BKB_296_20221125_id4166 (2).jpg;105
1423;1393;296;MANDRILLS BKB_296_20221130_id4166 (1).jpg;30
1464;1393;296;MANDRILLS BKB_296_20221130_id4166 (2).jpg;71
1511;1407;296;MANDRILLS BKB_296_20221214_id296 (1).jpg;104
1504;1407;296;MANDRILLS BKB_296_20221214_id296 (2).jpg;97
1318;1411;296;MANDRILLS BKB_296_20221218_id296 (2).jpg;93
1377;1411;296;MANDRILLS BKB_296_20221218_id296 (3).jpg;34
1466;1411;296;MANDRILLS BKB_296_20221218_id296 (4).jpg;55
1358;1411;296;MANDRILLS BKB_296_20221218_id296 (5).jpg;53
1412;1411;296;MANDRILLS BKB_296_20221218_id296 (6).jpg;1
1469;1411;296;MANDRILLS BKB_296_20221218_id296.jpg;58
39;44;302;MANDRILLS BKB_302_20190227_id4048_inf_GAUCHE_(1)_ORIGINAL.jpg;5
24;44;302;MANDRILLS BKB_302_20190227_id4048_inf_GAUCHE_(2)_ORIGINAL.jpg;20
234;233;302;MANDRILLS BKB_302_20190904_id4048_feminf_(1).jpg;1
239;233;302;MANDRILLS BKB_302_20190904_id4048_feminf_(2).jpg;6
206;233;302;MANDRILLS BKB_302_20190904_id4048_feminf_(3).jpg;27
292;240;302;MANDRILLS BKB_302_20190911_id4048_feminf_(2).jpg;52
275;240;302;MANDRILLS BKB_302_20190911_id4048_feminf_(5).jpg;35
255;240;302;MANDRILLS BKB_302_20190911_id4048_feminf_(6).jpg;15
329;298;302;MANDRILLS BKB_302_20191108_id4048_feminf.jpg;31
685;423;302;MANDRILLS BKB_302_20200312_id4048_femjuv.jpg;262
525;478;302;MANDRILLS BKB_302_20200506_id4048_femjuv_(1).jpg;47
480;478;302;MANDRILLS BKB_302_20200506_id4048_femjuv_(10).jpg;2
422;478;302;MANDRILLS BKB_302_20200506_id4048_femjuv_(11).jpg;56
504;478;302;MANDRILLS BKB_302_20200506_id4048_femjuv_(12).jpg;26
466;478;302;MANDRILLS BKB_302_20200506_id4048_femjuv_(13).jpg;12
426;478;302;MANDRILLS BKB_302_20200506_id4048_femjuv_(14).jpg;52
463;478;302;MANDRILLS BKB_302_20200506_id4048_femjuv_(15).jpg;15
470;478;302;MANDRILLS BKB_302_20200506_id4048_femjuv_(3).jpg;8
501;478;302;MANDRILLS BKB_302_20200506_id4048_femjuv_(4).jpg;23
480;478;302;MANDRILLS BKB_302_20200506_id4048_femjuv_(5).jpg;2
426;478;302;MANDRILLS BKB_302_20200506_id4048_femjuv_(6).jpg;52
399;478;302;MANDRILLS BKB_302_20200506_id4048_femjuv_(7).jpg;79
540;478;302;MANDRILLS BKB_302_20200506_id4048_femjuv_(8).jpg;62
476;478;302;MANDRILLS BKB_302_20200506_id4048_femjuv_(9).jpg;2
495;642;302;MANDRILLS BKB_302_20201017_id4048_femjuv_(1).jpg;147
661;642;302;MANDRILLS BKB_302_20201017_id4048_femjuv_(2).jpg;19
334;642;302;MANDRILLS BKB_302_20201017_id4048_femjuv_(3).jpg;308
467;642;302;MANDRILLS BKB_302_20201017_id4048_femjuv_(4).jpg;175
689;657;302;MANDRILLS BKB_302_20201101_id4048_femjuv.jpg;32
722;707;302;MANDRILLS BKB_302_20201221_id4048_femjuv_(1).jpg;15
717;707;302;MANDRILLS BKB_302_20201221_id4048_femjuv_(2).jpg;10
813;707;302;MANDRILLS BKB_302_20201221_id4048_femjuv_(3).jpg;106
732;708;302;MANDRILLS BKB_302_20201222_id4048_femjuv.jpg;24
790;745;302;MANDRILLS BKB_302_20210128_id4048_femjuv.jpg;45
528;749;302;MANDRILLS BKB_302_20210201_id4048_femjuv_(1).jpg;221
689;749;302;MANDRILLS BKB_302_20210201_id4048_femjuv_(2).jpg;60
714;749;302;MANDRILLS BKB_302_20210201_id4048_femjuv_(3).jpg;35
850;774;302;MANDRILLS BKB_302_20210226_id4048_femjuv_(1)-2.jpg;76
738;774;302;MANDRILLS BKB_302_20210226_id4048_femjuv_(1).jpg;36
574;774;302;MANDRILLS BKB_302_20210226_id4048_femjuv_(2).jpg;200
854;809;302;MANDRILLS BKB_302_20210402_id4048_femjuv_(1).jpg;45
734;809;302;MANDRILLS BKB_302_20210402_id4048_femjuv_(2).jpg;75
859;826;302;MANDRILLS BKB_302_20210419_id4048_femjuv_(2).jpg;33
544;960;302;MANDRILLS BKB_302_20210831_id4048_femjuv_(1).jpg;416
892;960;302;MANDRILLS BKB_302_20210831_id4048_femjuv_(2).jpg;68
847;960;302;MANDRILLS BKB_302_20210831_id4048_femjuv_(3).jpg;113
891;960;302;MANDRILLS BKB_302_20210831_id4048_femjuv_(4).jpg;69
774;960;302;MANDRILLS BKB_302_20210831_id4048_femjuv_(5).jpg;186
720;960;302;MANDRILLS BKB_302_20210831_id4048_femjuv_(6).jpg;240
1047;1014;302;MANDRILLS BKB_302_20211024_id4048_femjuv.jpg;33
945;1064;302;MANDRILLS BKB_302_20211213_id4048_femjuv.jpg;119
916;1070;302;MANDRILLS BKB_302_20211219_id4048_femjuv.jpg;154
1107;1168;302;MANDRILLS BKB_302_20220327_id4048_femjuv (1).jpg;61
1157;1168;302;MANDRILLS BKB_302_20220327_id4048_femjuv (2).jpg;11
1089;1168;302;MANDRILLS BKB_302_20220327_id4048_femjuv (3).jpg;79
1256;1218;302;MANDRILLS BKB_302_20220516_id4048_femjuv (1).jpg;38
1177;1218;302;MANDRILLS BKB_302_20220516_id4048_femjuv (2).jpg;41
1168;1262;302;MANDRILLS BKB_302_20220629_id4048.jpg;94
1202;1279;302;MANDRILLS BKB_302_20220716_id4048_femjuv (1).jpg;77
1126;1279;302;MANDRILLS BKB_302_20220716_id4048_femjuv (2).jpg;153
1093;1287;302;MANDRILLS BKB_302_20220724_id4048 (2).jpg;194
1242;1287;302;MANDRILLS BKB_302_20220724_id4048.jpg;45
1138;1299;302;MANDRILLS BKB_302_20220805_id4048 (1).jpg;161
1340;1299;302;MANDRILLS BKB_302_20220805_id4048 (2).jpg;41
1079;1299;302;MANDRILLS BKB_302_20220805_id4048 (3).jpg;220
1090;1299;302;MANDRILLS BKB_302_20220805_id4048 (4).jpg;209
1267;1312;302;MANDRILLS BKB_302_20220818_id4048.jpg;45
1137;1329;302;MANDRILLS BKB_302_20220904_id4048 (2).jpg;192
1344;1330;302;MANDRILLS BKB_302_20220905_id4048 (1).jpg;14
1122;1330;302;MANDRILLS BKB_302_20220905_id4048 (2).jpg;208
1228;1337;302;MANDRILLS BKB_302_20220912_id4048 (1).jpg;109
1176;1337;302;MANDRILLS BKB_302_20220912_id4048 (2).jpg;161
1270;1360;302;MANDRILLS BKB_302_20221005_id4048.jpg;90
1253;1374;302;MANDRILLS BKB_302_20221019_id4048.jpg;121
1323;1376;302;MANDRILLS BKB_302_20221021_id4048 (1).jpg;53
1162;1376;302;MANDRILLS BKB_302_20221021_id4048 (2).jpg;214
1407;1376;302;MANDRILLS BKB_302_20221021_id4048 (3).jpg;31
1229;1416;302;MANDRILLS BKB_302_20221130_id4048.jpg;187
1354;1430;302;MANDRILLS BKB_302_20221214_id302.jpg;76
86;99;309;MANDRILLS BKB_309_20190315_id4137_feminf_GAUCHE_(1).jpg;13
107;99;309;MANDRILLS BKB_309_20190315_id4137_feminf_GAUCHE_(2).jpg;8
64;99;309;MANDRILLS BKB_309_20190315_id4137_feminf_GAUCHE_(4).jpg;35
270;224;309;MANDRILLS BKB_309_20190718_id4137_feminf_(1).jpg;46
260;224;309;MANDRILLS BKB_309_20190718_id4137_feminf_(2).jpg;36
217;224;309;MANDRILLS BKB_309_20190718_id4137_feminf_(3).jpg;7
251;224;309;MANDRILLS BKB_309_20190718_id4137_feminf_(4).jpg;27
273;224;309;MANDRILLS BKB_309_20190718_id4137_feminf_(5).jpg;49
453;398;309;MANDRILLS BKB_309_20200108_id4137_femjuv_(1).jpg;55
520;398;309;MANDRILLS BKB_309_20200108_id4137_femjuv_(2).jpg;122
486;398;309;MANDRILLS BKB_309_20200108_id4137_femjuv_(3).jpg;88
514;398;309;MANDRILLS BKB_309_20200108_id4137_femjuv_(4).jpg;116
576;398;309;MANDRILLS BKB_309_20200108_id4137_femjuv_(5).jpg;178
465;440;309;MANDRILLS BKB_309_20200219_id4137_femjuv_(1).jpg;25
506;440;309;MANDRILLS BKB_309_20200219_id4137_femjuv_(3).jpg;66
588;440;309;MANDRILLS BKB_309_20200219_id4137_femjuv_(5).jpg;148
446;440;309;MANDRILLS BKB_309_20200219_id4137_femjuv_(6).jpg;6
446;440;309;MANDRILLS BKB_309_20200219_id4137_femjuv_(7).jpg;6
873;686;309;MANDRILLS BKB_309_20201022_id4137_femjuv_(1).jpg;187
812;686;309;MANDRILLS BKB_309_20201022_id4137_femjuv_(2).jpg;126
806;686;309;MANDRILLS BKB_309_20201022_id4137_femjuv_(3).jpg;120
802;686;309;MANDRILLS BKB_309_20201022_id4137_femjuv_(4).jpg;116
809;701;309;MANDRILLS BKB_309_20201106_id4137_femjuv_(1).jpg;108
967;701;309;MANDRILLS BKB_309_20201106_id4137_femjuv_(2).jpg;266
821;701;309;MANDRILLS BKB_309_20201106_id4137_femjuv_(3).jpg;120
796;701;309;MANDRILLS BKB_309_20201106_id4137_femjuv_(4).jpg;95
840;701;309;MANDRILLS BKB_309_20201106_id4137_femjuv_(5).jpg;139
913;760;309;MANDRILLS BKB_309_20210104_id4137_femjuv_(1).jpg;153
761;760;309;MANDRILLS BKB_309_20210104_id4137_femjuv_(2).jpg;1
755;762;309;MANDRILLS BKB_309_20210106_id4137_femjuv_(1).jpg;7
804;762;309;MANDRILLS BKB_309_20210106_id4137_femjuv_(2).jpg;42
856;765;309;MANDRILLS BKB_309_20210109_id4137_femjuv_(1).jpg;91
845;765;309;MANDRILLS BKB_309_20210109_id4137_femjuv_(2).jpg;80
935;765;309;MANDRILLS BKB_309_20210109_id4137_femjuv_(3).jpg;170
972;765;309;MANDRILLS BKB_309_20210109_id4137_femjuv_(4).jpg;207
930;856;309;MANDRILLS BKB_309_20210410_id4137_femjuv.jpg;74
1017;1034;309;MANDRILLS BKB_309_20211005_id4137_femjuv_(1).jpg;17
1136;1034;309;MANDRILLS BKB_309_20211005_id4137_femjuv_(2).jpg;102
1062;1034;309;MANDRILLS BKB_309_20211005_id4137_femjuv_(3).jpg;28
1108;1107;309;MANDRILLS BKB_309_20211217_id4137_femjuv_(1).jpg;1
1273;1107;309;MANDRILLS BKB_309_20211217_id4137_femjuv_(2).jpg;166
1259;1107;309;MANDRILLS BKB_309_20211217_id4137_femjuv_(3).jpg;152
1206;1107;309;MANDRILLS BKB_309_20211217_id4137_femjuv_(4).jpg;99
1082;1111;309;MANDRILLS BKB_309_20211221_id4137_femjuv.jpg;29
1329;1163;309;MANDRILLS BKB_309_20220211_id4137.jpg;166
1422;1202;309;MANDRILLS BKB_309_20220322_id4137_femjuv (1).jpg;220
1348;1202;309;MANDRILLS BKB_309_20220322_id4137_femjuv (2).jpg;146
1726;1207;309;MANDRILLS BKB_309_20220327_id4137_femjuv (1).jpg;519
1393;1207;309;MANDRILLS BKB_309_20220327_id4137_femjuv (2).jpg;186
1183;1207;309;MANDRILLS BKB_309_20220327_id4137_femjuv (3).jpg;24
1230;1207;309;MANDRILLS BKB_309_20220327_id4137_femjuv (4).jpg;23
1440;1216;309;MANDRILLS BKB_309_20220405_id4137_femjuv (3).jpg;224
1511;1216;309;MANDRILLS BKB_309_20220405_id4137_femjuv.jpg;295
1476;1236;309;MANDRILLS BKB_309_20220425_id4137_femjuv (2).jpg;240
1650;1236;309;MANDRILLS BKB_309_20220425_id4137_femjuv (3).jpg;414
1431;1257;309;MANDRILLS BKB_309_20220516_id4137_femjuv (1).jpg;174
1347;1257;309;MANDRILLS BKB_309_20220516_id4137_femjuv (2).jpg;90
1407;1257;309;MANDRILLS BKB_309_20220516_id4137_femjuv (3).jpg;150
1412;1257;309;MANDRILLS BKB_309_20220516_id4137_femjuv (4).jpg;155
1559;1295;309;MANDRILLS BKB_309_20220623_id4137_femjuv.jpg;264
1371;1296;309;MANDRILLS BKB_309_20220624_id4137_femjuv (1).jpg;75
1415;1296;309;MANDRILLS BKB_309_20220624_id4137_femjuv (2).jpg;119
1545;1303;309;MANDRILLS BKB_309_20220701_id4137 (2).jpg;242
1209;1303;309;MANDRILLS BKB_309_20220701_id4137.jpg;94
1425;1308;309;MANDRILLS BKB_309_20220706_id4137 (2).jpg;117
1557;1308;309;MANDRILLS BKB_309_20220706_id4137 (3).jpg;249
1445;1308;309;MANDRILLS BKB_309_20220706_id4137.jpg;137
1634;1313;309;MANDRILLS BKB_309_20220711_id4137 (2).jpg;321
1201;1313;309;MANDRILLS BKB_309_20220711_id4137 (4).jpg;112
1431;1313;309;MANDRILLS BKB_309_20220711_id4137.jpg;118
1537;1316;309;MANDRILLS BKB_309_20220714_id4137.jpg;221
1408;1318;309;MANDRILLS BKB_309_20220716_id4137_femjuv (1).jpg;90
1368;1320;309;MANDRILLS BKB_309_20220718_id4137.jpg;48
1395;1323;309;MANDRILLS BKB_309_20220721_id4137 (1).jpg;72
1262;1323;309;MANDRILLS BKB_309_20220721_id4137 (2).jpg;61
1538;1327;309;MANDRILLS BKB_309_20220725_id4137.jpg;211
1503;1331;309;MANDRILLS BKB_309_20220729_id4137.jpg;172
2069;1335;309;MANDRILLS BKB_309_20220802_id4137 (1).jpg;734
1788;1335;309;MANDRILLS BKB_309_20220802_id4137 (2).jpg;453
1522;1348;309;MANDRILLS BKB_309_20220815_id4137 (2).jpg;174
1577;1351;309;MANDRILLS BKB_309_20220818_id4137.jpg;226
1555;1359;309;MANDRILLS BKB_309_20220826_id4137 (1).jpg;196
1452;1359;309;MANDRILLS BKB_309_20220826_id4137 (2).jpg;93
1406;1368;309;MANDRILLS BKB_309_20220904_id4137 (1).jpg;38
1474;1368;309;MANDRILLS BKB_309_20220904_id4137 (2).jpg;106
1383;1369;309;MANDRILLS BKB_309_20220905_id4137.jpg;14
1464;1399;309;MANDRILLS BKB_309_20221005_id4137 (1).jpg;65
1591;1399;309;MANDRILLS BKB_309_20221005_id4137 (2).jpg;192
1581;1399;309;MANDRILLS BKB_309_20221005_id4137.jpg;182
1553;1416;309;MANDRILLS BKB_309_20221022_id4137 (1).jpg;137
1499;1416;309;MANDRILLS BKB_309_20221022_id4137 (2).jpg;83
2182;1448;309;MANDRILLS BKB_309_20221123_id4137 (2).jpg;734
1444;1448;309;MANDRILLS BKB_309_20221123_id4137 (3).jpg;4
1230;1464;309;MANDRILLS BKB_309_20221209_id309 (1).jpg;234
1300;1464;309;MANDRILLS BKB_309_20221209_id309 (2).jpg;164
20;5;311;MANDRILLS BKB_311_20181212_id4156_feminf_(10)_ORIGINAL.jpg;15
34;5;311;MANDRILLS BKB_311_20181212_id4156_feminf_(11)_ORIGINAL.jpg;29
44;5;311;MANDRILLS BKB_311_20181212_id4156_feminf_(3)_ORIGINAL.jpg;39
42;5;311;MANDRILLS BKB_311_20181212_id4156_feminf_(4)_ORIGINAL.jpg;37
15;5;311;MANDRILLS BKB_311_20181212_id4156_feminf_(5)_ORIGINAL.jpg;10
25;5;311;MANDRILLS BKB_311_20181212_id4156_feminf_(6)_ORIGINAL.jpg;20
16;5;311;MANDRILLS BKB_311_20181212_id4156_feminf_(7)_ORIGINAL.jpg;11
10;5;311;MANDRILLS BKB_311_20181212_id4156_feminf_(8)_ORIGINAL.jpg;5
39;5;311;MANDRILLS BKB_311_20181212_id4156_feminf_(9)_ORIGINAL.jpg;34
12;5;311;MANDRILLS BKB_311_20181212_id4156_feminf_BAS_(1)_ORIGINAL.jpg;7
11;5;311;MANDRILLS BKB_311_20181212_id4156_feminf_BAS_(2)_ORIGINAL.jpg;6
-6;5;311;MANDRILLS BKB_311_20181212_id4156_feminf_BAS_(4)_ORIGINAL.jpg;11
52;98;311;MANDRILLS BKB_311_20190315_id4156_feminf_BAS_(1).jpg;46
62;98;311;MANDRILLS BKB_311_20190315_id4156_feminf_BAS_(2).jpg;36
77;98;311;MANDRILLS BKB_311_20190315_id4156_feminf_DROITE_(1).jpg;21
101;98;311;MANDRILLS BKB_311_20190315_id4156_feminf_DROITE_(2).jpg;3
65;98;311;MANDRILLS BKB_311_20190315_id4156_feminf_DROITE_(3).jpg;33
97;98;311;MANDRILLS BKB_311_20190315_id4156_feminf_DROITE_(4).jpg;1
90;98;311;MANDRILLS BKB_311_20190315_id4156_feminf_DROITE_(5).jpg;8
91;98;311;MANDRILLS BKB_311_20190315_id4156_feminf_DROITE_(6).jpg;7
25;98;311;MANDRILLS BKB_311_20190315_id4156_feminf_DROITE_(7).jpg;73
102;102;311;MANDRILLS BKB_311_20190319_id4156_feminf_BAS_(1).jpg;0
84;102;311;MANDRILLS BKB_311_20190319_id4156_feminf_BAS_(2).jpg;18
65;102;311;MANDRILLS BKB_311_20190319_id4156_feminf_BAS_(3).jpg;37
86;102;311;MANDRILLS BKB_311_20190319_id4156_feminf_BAS_(4).jpg;16
95;102;311;MANDRILLS BKB_311_20190319_id4156_feminf_BAS_(5).jpg;7
82;102;311;MANDRILLS BKB_311_20190319_id4156_feminf_BAS_(6).jpg;20
248;193;311;MANDRILLS BKB_311_20190618_id4156_feminf_(1).jpg;55
259;193;311;MANDRILLS BKB_311_20190618_id4156_feminf_(2).jpg;66
216;193;311;MANDRILLS BKB_311_20190618_id4156_feminf_(3).jpg;23
225;193;311;MANDRILLS BKB_311_20190618_id4156_feminf_(4).jpg;32
244;211;311;MANDRILLS BKB_311_20190706_id4156_feminf_(2).jpg;33
274;246;311;MANDRILLS BKB_311_20190810_id4156_feminf_GAUCHE_(1).jpg;28
252;246;311;MANDRILLS BKB_311_20190810_id4156_feminf_GAUCHE_(2).jpg;6
345;325;311;MANDRILLS BKB_311_20191028_id4156_feminf.jpg;20
431;396;311;MANDRILLS BKB_311_20200107_id4156_femjuv.jpg;35
561;443;311;MANDRILLS BKB_311_20200223_id4156_femjuv_(1).jpg;118
553;461;311;MANDRILLS BKB_311_20200312_id4156_femjuv_(1).jpg;92
534;461;311;MANDRILLS BKB_311_20200312_id4156_femjuv_(2).jpg;73
487;461;311;MANDRILLS BKB_311_20200312_id4156_femjuv_(3).jpg;26
548;461;311;MANDRILLS BKB_311_20200312_id4156_femjuv_(4).jpg;87
477;461;311;MANDRILLS BKB_311_20200312_id4156_femjuv_(5).jpg;16
505;461;311;MANDRILLS BKB_311_20200312_id4156_femjuv_(6).jpg;44
528;515;311;MANDRILLS BKB_311_20200505_id4156_femjuv.jpg;13
503;679;311;MANDRILLS BKB_311_20201016_id4156_femjuv.jpg;176
794;691;311;MANDRILLS BKB_311_20201028_id4156_femjuv_(1).jpg;103
624;691;311;MANDRILLS BKB_311_20201028_id4156_femjuv_(2).jpg;67
457;691;311;MANDRILLS BKB_311_20201028_id4156_femjuv_(3).jpg;234
540;692;311;MANDRILLS BKB_311_20201029_id4156_femjuv_(1).jpg;152
685;692;311;MANDRILLS BKB_311_20201029_id4156_femjuv_(2).jpg;7
537;692;311;MANDRILLS BKB_311_20201029_id4156_femjuv_(3).jpg;155
599;692;311;MANDRILLS BKB_311_20201029_id4156_femjuv_(4).jpg;93
606;692;311;MANDRILLS BKB_311_20201029_id4156_femjuv_(5).jpg;86
601;692;311;MANDRILLS BKB_311_20201029_id4156_femjuv_(6).jpg;91
549;692;311;MANDRILLS BKB_311_20201029_id4156_femjuv_(7).jpg;143
518;692;311;MANDRILLS BKB_311_20201029_id4156_femjuv_(8).jpg;174
548;692;311;MANDRILLS BKB_311_20201029_id4156_femjuv_(9).jpg;144
659;697;311;MANDRILLS BKB_311_20201103_id4156_femjuv.jpg;38
815;700;311;MANDRILLS BKB_311_20201106_id4156_femjuv_(1).jpg;115
675;700;311;MANDRILLS BKB_311_20201106_id4156_femjuv_(2).jpg;25
659;700;311;MANDRILLS BKB_311_20201106_id4156_femjuv_(3).jpg;41
686;700;311;MANDRILLS BKB_311_20201106_id4156_femjuv_(4).jpg;14
560;700;311;MANDRILLS BKB_311_20201106_id4156_femjuv_(5).jpg;140
717;700;311;MANDRILLS BKB_311_20201106_id4156_femjuv_(6).jpg;17
629;700;311;MANDRILLS BKB_311_20201106_id4156_femjuv_(7).jpg;71
621;700;311;MANDRILLS BKB_311_20201106_id4156_femjuv_(8).jpg;79
581;700;311;MANDRILLS BKB_311_20201106_id4156_femjuv_(9).jpg;119
582;708;311;MANDRILLS BKB_311_20201114_id4156_femjuv.jpg;126
631;757;311;MANDRILLS BKB_311_20210102_id4156_femjuv.jpg;126
701;768;311;MANDRILLS BKB_311_20210113_id4156_femjuv_(1).jpg;67
781;768;311;MANDRILLS BKB_311_20210113_id4156_femjuv_(2).jpg;13
706;776;311;MANDRILLS BKB_311_20210121_id4156_femjuv_(1).jpg;70
664;776;311;MANDRILLS BKB_311_20210121_id4156_femjuv_(2).jpg;112
778;776;311;MANDRILLS BKB_311_20210121_id4156_femjuv_(3).jpg;2
598;784;311;MANDRILLS BKB_311_20210129_id4156_femjuv_(1).jpg;186
609;784;311;MANDRILLS BKB_311_20210129_id4156_femjuv_(2).jpg;175
677;784;311;MANDRILLS BKB_311_20210129_id4156_femjuv_(4).jpg;107
1101;784;311;MANDRILLS BKB_311_20210129_id4156_femjuv_(5).jpg;317
802;843;311;MANDRILLS BKB_311_20210329_id4156_femjuv_(1).jpg;41
778;843;311;MANDRILLS BKB_311_20210329_id4156_femjuv_(2).jpg;65
653;855;311;MANDRILLS BKB_311_20210410_id4156_femjuv.jpg;202
1099;886;311;MANDRILLS BKB_311_20210511_id4156_femjuv_(1).jpg;213
812;886;311;MANDRILLS BKB_311_20210511_id4156_femjuv_(2).jpg;74
786;886;311;MANDRILLS BKB_311_20210511_id4156_femjuv_(3).jpg;100
1029;886;311;MANDRILLS BKB_311_20210511_id4156_femjuv_(4).jpg;143
975;886;311;MANDRILLS BKB_311_20210511_id4156_femjuv_(5).jpg;89
992;886;311;MANDRILLS BKB_311_20210511_id4156_femjuv_(6).jpg;106
902;886;311;MANDRILLS BKB_311_20210511_id4156_femjuv_(7).jpg;16
739;888;311;MANDRILLS BKB_311_20210513_id4156_femjuv_(1).jpg;149
913;888;311;MANDRILLS BKB_311_20210513_id4156_femjuv_(2).jpg;25
801;1019;311;MANDRILLS BKB_311_20210921_id4156_femjuv.jpg;218
963;1050;311;MANDRILLS BKB_311_20211022_id4156_femjuv_(2).jpg;87
1042;1093;311;MANDRILLS BKB_311_20211204_id4156_femjuv.jpg;51
1121;1142;311;MANDRILLS BKB_311_20220122_id4156 (2).jpg;21
989;1147;311;MANDRILLS BKB_311_20220127_id4156 (2).jpg;158
966;1147;311;MANDRILLS BKB_311_20220127_id4156.jpg;181
995;1152;311;MANDRILLS BKB_311_20220201_id4156_femjuv (1).jpg;157
963;1152;311;MANDRILLS BKB_311_20220201_id4156_femjuv (2).jpg;189
1071;1193;311;MANDRILLS BKB_311_20220314_id4156_femjuv.jpg;122
965;1198;311;MANDRILLS BKB_311_20220319_id4156_femjuv (2).jpg;233
1043;1198;311;MANDRILLS BKB_311_20220319_id4156_femjuv.jpg;155
1066;1215;311;MANDRILLS BKB_311_20220405_id4156_femjuv (1).jpg;149
1127;1215;311;MANDRILLS BKB_311_20220405_id4156_femjuv (2).jpg;88
1034;1215;311;MANDRILLS BKB_311_20220405_id4156_femjuv (4).jpg;181
1048;1215;311;MANDRILLS BKB_311_20220405_id4156_femjuv (5).jpg;167
1036;1215;311;MANDRILLS BKB_311_20220405_id4156_femjuv (6).jpg;179
1079;1215;311;MANDRILLS BKB_311_20220405_id4156_femjuv (7).jpg;136
1067;1215;311;MANDRILLS BKB_311_20220405_id4156_femjuv (8).jpg;148
1146;1230;311;MANDRILLS BKB_311_20220420_id4156_femjuv (1).jpg;84
1194;1230;311;MANDRILLS BKB_311_20220420_id4156_femjuv (3).jpg;36
998;1243;311;MANDRILLS BKB_311_20220503_id4156_femjuv (2).jpg;245
1003;1243;311;MANDRILLS BKB_311_20220503_id4156_femjuv.jpg;240
1139;1264;311;MANDRILLS BKB_311_20220524_id4156_femjuv (1).jpg;125
1171;1264;311;MANDRILLS BKB_311_20220524_id4156_femjuv (2).jpg;93
1089;1264;311;MANDRILLS BKB_311_20220524_id4156_femjuv (3).jpg;175
1038;1295;311;MANDRILLS BKB_311_20220624_id4156_femjuv (2).jpg;257
1025;1295;311;MANDRILLS BKB_311_20220624_id4156_femjuv.jpg;270
1193;1306;311;MANDRILLS BKB_311_20220705_id4156 (2).jpg;113
1214;1312;311;MANDRILLS BKB_311_20220711_id4156.jpg;98
1213;1315;311;MANDRILLS BKB_311_20220714_id4156_femjuv.jpg;102
1037;1318;311;MANDRILLS BKB_311_20220717_id4156 (1).jpg;281
1256;1319;311;MANDRILLS BKB_311_20220718_id4156.jpg;63
1321;1320;311;MANDRILLS BKB_311_20220719_id4156 (1).jpg;1
1243;1320;311;MANDRILLS BKB_311_20220719_id4156 (3).jpg;77
1181;1320;311;MANDRILLS BKB_311_20220719_id4156 (4).jpg;139
1238;1320;311;MANDRILLS BKB_311_20220719_id4156 (5).jpg;82
1205;1329;311;MANDRILLS BKB_311_20220728_id4156.jpg;124
1243;1333;311;MANDRILLS BKB_311_20220801_id4156.jpg;90
1083;1336;311;MANDRILLS BKB_311_20220804_id4156 (2).jpg;253
1092;1336;311;MANDRILLS BKB_311_20220804_id4156 (3).jpg;244
1179;1358;311;MANDRILLS BKB_311_20220826_id4156.jpg;179
1218;1368;311;MANDRILLS BKB_311_20220905_id4156.jpg;150
1304;1374;311;MANDRILLS BKB_311_20220911_id4156 (1).jpg;70
998;1374;311;MANDRILLS BKB_311_20220911_id4156 (2).jpg;376
1230;1398;311;MANDRILLS BKB_311_20221005_id4156 (1).jpg;168
1252;1398;311;MANDRILLS BKB_311_20221005_id4156 (2).jpg;146
1211;1398;311;MANDRILLS BKB_311_20221005_id4156 (3).jpg;187
1066;1403;311;MANDRILLS BKB_311_20221010_id4156.jpg;337
1100;1414;311;MANDRILLS BKB_311_20221021_id4156.jpg;314
1316;1415;311;MANDRILLS BKB_311_20221022_id4156.jpg;99
1046;1464;311;MANDRILLS BKB_311_20221210_id311.jpg;418
1312;1472;311;MANDRILLS BKB_311_20221218_id311 (2).jpg;160
1195;1472;311;MANDRILLS BKB_311_20221218_id311.jpg;277
4131;3429;45;MANDRILLS BKB_45_20120522_id45_femaduDERRIERE_ORIGINAL.jpg;702
4146;3471;45;MANDRILLS BKB_45_20120703_id45_femadu_ORIGINAL.jpg;675
5443;4204;45;MANDRILLS BKB_45_20140706_id45_femadu_(1)_ORIGINAL.jpg;1239
5161;4204;45;MANDRILLS BKB_45_20140706_id45_femadu_(2)_ORIGINAL.jpg;957
5241;4204;45;MANDRILLS BKB_45_20140706_id45_femadu_(3)_ORIGINAL.jpg;1037
5148;4204;45;MANDRILLS BKB_45_20140706_id45_femadu_(4)_ORIGINAL.jpg;944
4940;4722;45;MANDRILLS BKB_45_20151206_id45_femadu_(1)_ORIGINAL.jpg;218
4948;4722;45;MANDRILLS BKB_45_20151206_id45_femadu_(2)_ORIGINAL.jpg;226
5099;4722;45;MANDRILLS BKB_45_20151206_id45_femadu_(3)_ORIGINAL.jpg;377
5805;5666;45;MANDRILLS BKB_45_20180707_id45_femaduDEVANT_(1)_ORIGINAL.jpg;139
5407;5666;45;MANDRILLS BKB_45_20180707_id45_femaduDEVANT_(2)_ORIGINAL.jpg;259
5253;5666;45;MANDRILLS BKB_45_20180707_id45_femaduDEVANT_(3)_ORIGINAL.jpg;413
5441;5666;45;MANDRILLS BKB_45_20180707_id45_femaduDEVANT_(4)_ORIGINAL.jpg;225
6088;5666;45;MANDRILLS BKB_45_20180707_id45_femaduDEVANT_(5)_ORIGINAL.jpg;422
5218;5666;45;MANDRILLS BKB_45_20180707_id45_femaduDEVANT_(6)_ORIGINAL.jpg;448
4717;5684;45;MANDRILLS BKB_45_20180725_id45_femadu_(1)_ORIGINAL.jpg;967
4706;5684;45;MANDRILLS BKB_45_20180725_id45_femadu_(10)_ORIGINAL.jpg;978
4968;5684;45;MANDRILLS BKB_45_20180725_id45_femadu_(12)_ORIGINAL.jpg;716
5268;5684;45;MANDRILLS BKB_45_20180725_id45_femadu_(13)_ORIGINAL.jpg;416
6514;5684;45;MANDRILLS BKB_45_20180725_id45_femadu_(14)_ORIGINAL.jpg;830
5698;5684;45;MANDRILLS BKB_45_20180725_id45_femadu_(15)_ORIGINAL.jpg;14
4462;5684;45;MANDRILLS BKB_45_20180725_id45_femadu_(16)_ORIGINAL.jpg;1222
5820;5684;45;MANDRILLS BKB_45_20180725_id45_femadu_(2)_ORIGINAL.jpg;136
5916;5684;45;MANDRILLS BKB_45_20180725_id45_femadu_(4)_ORIGINAL.jpg;232
5745;5684;45;MANDRILLS BKB_45_20180725_id45_femadu_(5)_ORIGINAL.jpg;61
5426;5684;45;MANDRILLS BKB_45_20180725_id45_femadu_(6)_ORIGINAL.jpg;258
4792;5684;45;MANDRILLS BKB_45_20180725_id45_femadu_(7)_ORIGINAL.jpg;892
4810;5684;45;MANDRILLS BKB_45_20180725_id45_femadu_(8)_ORIGINAL.jpg;874
5621;5685;45;MANDRILLS BKB_45_20180726_id45_femadu_ORIGINAL.jpg;64
5897;5843;45;MANDRILLS BKB_45_20181231_id45_femadu_(1)_ORIGINAL.jpg;54
5403;5843;45;MANDRILLS BKB_45_20181231_id45_femadu_(10)_ORIGINAL.jpg;440
6000;5843;45;MANDRILLS BKB_45_20181231_id45_femadu_(11)_ORIGINAL.jpg;157
5755;5843;45;MANDRILLS BKB_45_20181231_id45_femadu_(12)_ORIGINAL.jpg;88
5936;5843;45;MANDRILLS BKB_45_20181231_id45_femadu_(13)_ORIGINAL.jpg;93
5977;5843;45;MANDRILLS BKB_45_20181231_id45_femadu_(14)_ORIGINAL.jpg;134
5792;5843;45;MANDRILLS BKB_45_20181231_id45_femadu_(15)_ORIGINAL.jpg;51
5779;5843;45;MANDRILLS BKB_45_20181231_id45_femadu_(16)_ORIGINAL.jpg;64
5780;5843;45;MANDRILLS BKB_45_20181231_id45_femadu_(17)_ORIGINAL.jpg;63
6479;5843;45;MANDRILLS BKB_45_20181231_id45_femadu_(18)_ORIGINAL.jpg;636
6067;5843;45;MANDRILLS BKB_45_20181231_id45_femadu_(19)_ORIGINAL.jpg;224
6015;5843;45;MANDRILLS BKB_45_20181231_id45_femadu_(2)_ORIGINAL.jpg;172
5970;5843;45;MANDRILLS BKB_45_20181231_id45_femadu_(20)_ORIGINAL.jpg;127
6037;5843;45;MANDRILLS BKB_45_20181231_id45_femadu_(21)_ORIGINAL.jpg;194
5436;5843;45;MANDRILLS BKB_45_20181231_id45_femadu_(22)_ORIGINAL.jpg;407
6055;5843;45;MANDRILLS BKB_45_20181231_id45_femadu_(23)_ORIGINAL.jpg;212
6076;5843;45;MANDRILLS BKB_45_20181231_id45_femadu_(24)_ORIGINAL.jpg;233
5726;5843;45;MANDRILLS BKB_45_20181231_id45_femadu_(25)_ORIGINAL.jpg;117
6011;5843;45;MANDRILLS BKB_45_20181231_id45_femadu_(3)_ORIGINAL.jpg;168
6157;5843;45;MANDRILLS BKB_45_20181231_id45_femadu_(4)_ORIGINAL.jpg;314
5920;5843;45;MANDRILLS BKB_45_20181231_id45_femadu_(5)_ORIGINAL.jpg;77
6053;5843;45;MANDRILLS BKB_45_20181231_id45_femadu_(6)_ORIGINAL.jpg;210
6044;5843;45;MANDRILLS BKB_45_20181231_id45_femadu_(8)_ORIGINAL.jpg;201
7184;6040;45;MANDRILLS BKB_45_20190716_id45_femadu_(1).jpg;1144
7268;6040;45;MANDRILLS BKB_45_20190716_id45_femadu_(2).jpg;1228
7277;6040;45;MANDRILLS BKB_45_20190716_id45_femadu_(3).jpg;1237
7015;6040;45;MANDRILLS BKB_45_20190716_id45_femadu_(4).jpg;975
7046;6040;45;MANDRILLS BKB_45_20190716_id45_femadu_HAUT_(1).jpg;1006
5854;6040;45;MANDRILLS BKB_45_20190716_id45_femadu_HAUT_(2).jpg;186
7170;6040;45;MANDRILLS BKB_45_20190716_id45_femadu_HAUT_(3).jpg;1130
6695;6090;45;MANDRILLS BKB_45_20190904_id45_femadu_DROITE.jpg;605
6446;6335;45;MANDRILLS BKB_45_20200506_id45_femadu_(1).jpg;111
7377;6335;45;MANDRILLS BKB_45_20200506_id45_femadu_(2).jpg;1042
7159;6335;45;MANDRILLS BKB_45_20200506_id45_femadu_(3).jpg;824
7060;6335;45;MANDRILLS BKB_45_20200506_id45_femadu_(4).jpg;725
6803;6335;45;MANDRILLS BKB_45_20200506_id45_femadu_(5).jpg;468
7064;6335;45;MANDRILLS BKB_45_20200506_id45_femadu_(6).jpg;729
7228;6335;45;MANDRILLS BKB_45_20200506_id45_femadu_(7).jpg;893
7327;6335;45;MANDRILLS BKB_45_20200506_id45_femadu_(8).jpg;992
6181;6499;45;MANDRILLS BKB_45_20201017_id45_femadu.jpg;318
7640;6500;45;MANDRILLS BKB_45_20201018_id45_femadu.jpg;1140
7031;6511;45;MANDRILLS BKB_45_20201029_id45_femadu_(1).jpg;520
7340;6511;45;MANDRILLS BKB_45_20201029_id45_femadu_(2).jpg;829
6733;6511;45;MANDRILLS BKB_45_20201029_id45_femadu_(3).jpg;222
7623;6536;45;MANDRILLS BKB_45_20201123_id45_femadu_(1).jpg;1087
8018;6536;45;MANDRILLS BKB_45_20201123_id45_femadu_(2).jpg;1482
7820;6536;45;MANDRILLS BKB_45_20201123_id45_femadu_(3).jpg;1284
7697;6536;45;MANDRILLS BKB_45_20201123_id45_femadu_(4).jpg;1161
7392;6561;45;MANDRILLS BKB_45_20201218_id45_femadu_(1).jpg;831
7449;6561;45;MANDRILLS BKB_45_20201218_id45_femadu_(2).jpg;888
7692;6594;45;MANDRILLS BKB_45_20210120_id45_femadu.jpg;1098
7434;6604;45;MANDRILLS BKB_45_20210130_id45_femadu.jpg;830
7580;6615;45;MANDRILLS BKB_45_20210210_id45_femadu_(1).jpg;965
7000;6615;45;MANDRILLS BKB_45_20210210_id45_femadu_(2).jpg;385
7939;6615;45;MANDRILLS BKB_45_20210210_id45_femadu_(4).jpg;1324
7276;6684;45;MANDRILLS BKB_45_20210420_id45_femadu.jpg;592
7685;6687;45;MANDRILLS BKB_45_20210423_id45_femadu.jpg;998
6597;6834;45;MANDRILLS BKB_45_20210917_id45_femadu (1).jpg;237
6517;6834;45;MANDRILLS BKB_45_20210917_id45_femadu (2).jpg;317
7561;6841;45;MANDRILLS BKB_45_20210924_id45_femadu (1).jpg;720
7373;6841;45;MANDRILLS BKB_45_20210924_id45_femadu (2).jpg;532
7697;6841;45;MANDRILLS BKB_45_20210924_id45_femadu (3).jpg;856
6907;6841;45;MANDRILLS BKB_45_20210924_id45_femadu (4).jpg;66
7385;6841;45;MANDRILLS BKB_45_20210924_id45_femadu (5).jpg;544
6972;6902;45;MANDRILLS BKB_45_20211124_id45_femadu.jpg;70
5315;6918;45;MANDRILLS BKB_45_20211210_id45_femadu.jpg;1603
7599;6928;45;MANDRILLS BKB_45_20211220_ID45_femadu_(1).jpg;671
6982;6928;45;MANDRILLS BKB_45_20211220_ID45_femadu_(2).jpg;54
7953;6934;45;MANDRILLS BKB_45_20211226_id45_femadu_(2).jpg;1019
6962;7005;45;MANDRILLS BKB_45_20220307_id45_femadu (1).jpg;43
6660;7005;45;MANDRILLS BKB_45_20220307_id45_femadu (2).jpg;345
7066;7005;45;MANDRILLS BKB_45_20220307_id45_femadu.jpg;61
7083;7025;45;MANDRILLS BKB_45_20220327_id45_femadu.jpg;58
7842;7027;45;MANDRILLS BKB_45_20220329_id45_femadu (1).jpg;815
7726;7027;45;MANDRILLS BKB_45_20220329_id45_femadu (3).jpg;699
7501;7027;45;MANDRILLS BKB_45_20220329_id45_femadu (4).jpg;474
7382;7033;45;MANDRILLS BKB_45_20220404_id45_femadu (1).jpg;349
7253;7033;45;MANDRILLS BKB_45_20220404_id45_femadu (3).jpg;220
7319;7054;45;MANDRILLS BKB_45_20220425_id45_femadu (1).jpg;265
7485;7054;45;MANDRILLS BKB_45_20220425_id45_femadu (2).jpg;431
7474;7054;45;MANDRILLS BKB_45_20220425_id45_femadu (3).jpg;420
7188;7054;45;MANDRILLS BKB_45_20220425_id45_femadu (4).jpg;134
6240;7074;45;MANDRILLS BKB_45_20220515_id45_femadu (1).jpg;834
7570;7074;45;MANDRILLS BKB_45_20220515_id45_femadu (2).jpg;496
7212;7074;45;MANDRILLS BKB_45_20220515_id45_femadu (4).jpg;138
7513;7074;45;MANDRILLS BKB_45_20220515_id45_femadu (5).jpg;439
6348;7110;45;MANDRILLS BKB_45_20220620_id45_femadu.jpg;762
7630;7131;45;MANDRILLS BKB_45_20220711_id45.jpg;499
7763;7134;45;MANDRILLS BKB_45_20220714_id45_femadu (1).jpg;629
7705;7134;45;MANDRILLS BKB_45_20220714_id45_femadu (2).jpg;571
7815;7136;45;MANDRILLS BKB_45_20220716_id45.jpg;679
7756;7169;45;MANDRILLS BKB_45_20220818_id45.jpg;587
8026;7186;45;MANDRILLS BKB_45_20220904_id45 (1).jpg;840
8141;7186;45;MANDRILLS BKB_45_20220904_id45 (2).jpg;955
8065;7186;45;MANDRILLS BKB_45_20220904_id45 (3).jpg;879
8002;7191;45;MANDRILLS BKB_45_20220909_id45.jpg;811
7656;7194;45;MANDRILLS BKB_45_20220912_id45 (2).jpg;462
7725;7215;45;MANDRILLS BKB_45_20221003_id45 (2).jpg;510
6950;7215;45;MANDRILLS BKB_45_20221003_id45.jpg;265
7931;7231;45;MANDRILLS BKB_45_20221019_id45 (1).jpg;700
7991;7231;45;MANDRILLS BKB_45_20221019_id45 (2).jpg;760
7500;7231;45;MANDRILLS BKB_45_20221019_id45.jpg;269
7802;7260;45;MANDRILLS BKB_45_20221117_id45 (1).jpg;542
7519;7266;45;MANDRILLS BKB_45_20221123_id45.jpg;253
7727;7283;45;MANDRILLS BKB_45_20221210_id45 (1).jpg;444
8129;7283;45;MANDRILLS BKB_45_20221210_id45 (3).jpg;846
7521;7291;45;MANDRILLS BKB_45_20221218_id45.jpg;230
6840;7295;45;MANDRILLS BKB_45_20221222_id45.jpg;455
35;12;4916;MANDRILLS BKB_4916_20190112_id4916_feminf_BAS_(1)_ORIGINAL.jpg;23
36;12;4916;MANDRILLS BKB_4916_20190112_id4916_feminf_BAS_(13)_ORIGINAL.jpg;24
34;12;4916;MANDRILLS BKB_4916_20190112_id4916_feminf_BAS_(14)_ORIGINAL.jpg;22
31;12;4916;MANDRILLS BKB_4916_20190112_id4916_feminf_BAS_(15)_ORIGINAL.jpg;19
49;12;4916;MANDRILLS BKB_4916_20190112_id4916_feminf_BAS_(16)_ORIGINAL.jpg;37
46;12;4916;MANDRILLS BKB_4916_20190112_id4916_feminf_BAS_(17)_ORIGINAL.jpg;34
45;12;4916;MANDRILLS BKB_4916_20190112_id4916_feminf_BAS_(18)_ORIGINAL.jpg;33
38;12;4916;MANDRILLS BKB_4916_20190112_id4916_feminf_BAS_(19)_ORIGINAL.jpg;26
33;12;4916;MANDRILLS BKB_4916_20190112_id4916_feminf_BAS_(2)_ORIGINAL.jpg;21
25;12;4916;MANDRILLS BKB_4916_20190112_id4916_feminf_BAS_(20)_ORIGINAL.jpg;13
41;12;4916;MANDRILLS BKB_4916_20190112_id4916_feminf_BAS_(21)_ORIGINAL.jpg;29
27;12;4916;MANDRILLS BKB_4916_20190112_id4916_feminf_BAS_(22)_ORIGINAL.jpg;15
20;12;4916;MANDRILLS BKB_4916_20190112_id4916_feminf_BAS_(23)_ORIGINAL.jpg;8
31;12;4916;MANDRILLS BKB_4916_20190112_id4916_feminf_BAS_(24)_ORIGINAL.jpg;19
34;12;4916;MANDRILLS BKB_4916_20190112_id4916_feminf_BAS_(25)_ORIGINAL.jpg;22
23;12;4916;MANDRILLS BKB_4916_20190112_id4916_feminf_BAS_(26)_ORIGINAL.jpg;11
24;12;4916;MANDRILLS BKB_4916_20190112_id4916_feminf_BAS_(27)_ORIGINAL.jpg;12
29;12;4916;MANDRILLS BKB_4916_20190112_id4916_feminf_BAS_(28)_ORIGINAL.jpg;17
7;12;4916;MANDRILLS BKB_4916_20190112_id4916_feminf_BAS_(3)_ORIGINAL.jpg;5
36;12;4916;MANDRILLS BKB_4916_20190112_id4916_feminf_BAS_(30)_ORIGINAL.jpg;24
19;12;4916;MANDRILLS BKB_4916_20190112_id4916_feminf_BAS_(31)_ORIGINAL.jpg;7
36;12;4916;MANDRILLS BKB_4916_20190112_id4916_feminf_BAS_(32)_ORIGINAL.jpg;24
22;12;4916;MANDRILLS BKB_4916_20190112_id4916_feminf_BAS_(4)_ORIGINAL.jpg;10
13;12;4916;MANDRILLS BKB_4916_20190112_id4916_feminf_BAS_(5)_ORIGINAL.jpg;1
32;12;4916;MANDRILLS BKB_4916_20190112_id4916_feminf_BAS_(6)_ORIGINAL.jpg;20
20;12;4916;MANDRILLS BKB_4916_20190112_id4916_feminf_BAS_(7)_ORIGINAL.jpg;8
30;12;4916;MANDRILLS BKB_4916_20190112_id4916_feminf_BAS_(8)_ORIGINAL.jpg;18
30;12;4916;MANDRILLS BKB_4916_20190112_id4916_feminf_BAS_(9)_ORIGINAL.jpg;18
70;64;4916;MANDRILLS BKB_4916_20190305_id4916_feminf_GAUCHE_(1)_ORIGINAL.jpg;6
89;64;4916;MANDRILLS BKB_4916_20190305_id4916_feminf_GAUCHE_(10)_ORIGINAL.jpg;25
73;64;4916;MANDRILLS BKB_4916_20190305_id4916_feminf_GAUCHE_(2)_ORIGINAL.jpg;9
99;64;4916;MANDRILLS BKB_4916_20190305_id4916_feminf_GAUCHE_(22)_ORIGINAL.jpg;35
85;64;4916;MANDRILLS BKB_4916_20190305_id4916_feminf_GAUCHE_(27)_ORIGINAL.jpg;21
80;64;4916;MANDRILLS BKB_4916_20190305_id4916_feminf_GAUCHE_(28)_ORIGINAL.jpg;16
86;64;4916;MANDRILLS BKB_4916_20190305_id4916_feminf_GAUCHE_(29)_ORIGINAL.jpg;22
73;64;4916;MANDRILLS BKB_4916_20190305_id4916_feminf_GAUCHE_(33)_ORIGINAL.jpg;9
63;64;4916;MANDRILLS BKB_4916_20190305_id4916_feminf_GAUCHE_(34)_ORIGINAL.jpg;1
60;64;4916;MANDRILLS BKB_4916_20190305_id4916_feminf_GAUCHE_(35)_ORIGINAL.jpg;4
54;64;4916;MANDRILLS BKB_4916_20190305_id4916_feminf_GAUCHE_(36)_ORIGINAL.jpg;10
64;64;4916;MANDRILLS BKB_4916_20190305_id4916_feminf_GAUCHE_(38)_ORIGINAL.jpg;0
76;64;4916;MANDRILLS BKB_4916_20190305_id4916_feminf_GAUCHE_(39)_ORIGINAL.jpg;12
94;64;4916;MANDRILLS BKB_4916_20190305_id4916_feminf_GAUCHE_(4)_ORIGINAL.jpg;30
84;64;4916;MANDRILLS BKB_4916_20190305_id4916_feminf_GAUCHE_(5)_ORIGINAL.jpg;20
102;64;4916;MANDRILLS BKB_4916_20190305_id4916_feminf_GAUCHE_(8)_ORIGINAL.jpg;38
86;64;4916;MANDRILLS BKB_4916_20190305_id4916_feminf_GAUCHE_(9)_ORIGINAL.jpg;22
25;72;4916;MANDRILLS BKB_4916_20190313_id4916_feminf_BAS_(1).jpg;47
88;72;4916;MANDRILLS BKB_4916_20190313_id4916_feminf_BAS_(2).jpg;16
114;74;4916;MANDRILLS BKB_4916_20190315_id4916_feminf_(1).jpg;40
73;74;4916;MANDRILLS BKB_4916_20190315_id4916_feminf_(2).jpg;1
46;74;4916;MANDRILLS BKB_4916_20190315_id4916_feminf_(3).jpg;28
87;74;4916;MANDRILLS BKB_4916_20190315_id4916_feminf_BAS_(1).jpg;13
103;74;4916;MANDRILLS BKB_4916_20190315_id4916_feminf_BAS_(2).jpg;29
26;74;4916;MANDRILLS BKB_4916_20190315_id4916_feminf_BAS_(3).jpg;48
129;76;4916;MANDRILLS BKB_4916_20190317_id4916_feminf_(1).jpg;53
48;76;4916;MANDRILLS BKB_4916_20190317_id4916_feminf_BAS.jpg;28
109;76;4916;MANDRILLS BKB_4916_20190317_id4916_feminf_DROITE_(1).jpg;33
120;76;4916;MANDRILLS BKB_4916_20190317_id4916_feminf_DROITE_(2).jpg;44
62;76;4916;MANDRILLS BKB_4916_20190317_id4916_feminf_GAUCHE_(2).jpg;14
46;76;4916;MANDRILLS BKB_4916_20190317_id4916_feminf_GAUCHE_(3).jpg;30
80;76;4916;MANDRILLS BKB_4916_20190317_id4916_feminf_GAUCHE_(4).jpg;4
145;78;4916;MANDRILLS BKB_4916_20190319_id4916_feminf_(1).jpg;67
133;78;4916;MANDRILLS BKB_4916_20190319_id4916_feminf_(2).jpg;55
116;78;4916;MANDRILLS BKB_4916_20190319_id4916_feminf_(3).jpg;38
120;78;4916;MANDRILLS BKB_4916_20190319_id4916_feminf_(4).jpg;42
117;78;4916;MANDRILLS BKB_4916_20190319_id4916_feminf_(5).jpg;39
105;78;4916;MANDRILLS BKB_4916_20190319_id4916_feminf_(6).jpg;27
112;78;4916;MANDRILLS BKB_4916_20190319_id4916_feminf_BAS_(1).jpg;34
106;78;4916;MANDRILLS BKB_4916_20190319_id4916_feminf_BAS_(4).jpg;28
86;78;4916;MANDRILLS BKB_4916_20190319_id4916_feminf_BAS_(5).jpg;8
93;79;4916;MANDRILLS BKB_4916_20190320_id4916_feminf_BAS.jpg;14
7;0;5038;MANDRILLS BKB_5038_20191231_id5038_feminf.jpg;7
30;7;5038;MANDRILLS BKB_5038_20200107_id5038_feminf.jpg;23
64;45;5038;MANDRILLS BKB_5038_20200214_id5038_feminf_(1).jpg;19
65;45;5038;MANDRILLS BKB_5038_20200214_id5038_feminf_(2).jpg;20
57;45;5038;MANDRILLS BKB_5038_20200214_id5038_feminf_(3).jpg;12
72;64;5038;MANDRILLS BKB_5038_20200304_id5038_feminf.jpg;8
87;64;5038;MANDRILLS BKB_5038_20200304_id5038_feminf_(1).jpg;23
103;126;5038;MANDRILLS BKB_5038_20200505_id5038_feminf_(1).jpg;23
96;126;5038;MANDRILLS BKB_5038_20200505_id5038_feminf_(2).jpg;30
92;126;5038;MANDRILLS BKB_5038_20200505_id5038_feminf_(3).jpg;34
111;126;5038;MANDRILLS BKB_5038_20200505_id5038_feminf_(4).jpg;15
112;127;5038;MANDRILLS BKB_5038_20200506_id5038_feminf_(1).jpg;15
107;127;5038;MANDRILLS BKB_5038_20200506_id5038_feminf_(2).jpg;20
273;293;5038;MANDRILLS BKB_5038_20201019_id5038_feminf_(1).jpg;20
275;293;5038;MANDRILLS BKB_5038_20201019_id5038_feminf_(2).jpg;18
263;295;5038;MANDRILLS BKB_5038_20201021_id5038_feminf_(1).jpg;32
245;295;5038;MANDRILLS BKB_5038_20201021_id5038_feminf_(2).jpg;50
247;296;5038;MANDRILLS BKB_5038_20201022_id5038_feminf_(1).jpg;49
303;296;5038;MANDRILLS BKB_5038_20201022_id5038_feminf_(2).jpg;7
256;296;5038;MANDRILLS BKB_5038_20201022_id5038_feminf_(3).jpg;40
279;297;5038;MANDRILLS BKB_5038_20201023_id5038_feminf.jpg;18
308;303;5038;MANDRILLS BKB_5038_20201029_id5038_feminf_(1).jpg;5
351;303;5038;MANDRILLS BKB_5038_20201029_id5038_feminf_(2).jpg;48
325;303;5038;MANDRILLS BKB_5038_20201029_id5038_feminf_(3).jpg;22
327;311;5038;MANDRILLS BKB_5038_20201106_id5038_feminf_(1).jpg;16
272;311;5038;MANDRILLS BKB_5038_20201106_id5038_feminf_(2).jpg;39
279;311;5038;MANDRILLS BKB_5038_20201106_id5038_feminf_(3).jpg;32
299;311;5038;MANDRILLS BKB_5038_20201106_id5038_feminf_(4).jpg;12
304;329;5038;MANDRILLS BKB_5038_20201124_id5038_feminf_(1).jpg;25
309;329;5038;MANDRILLS BKB_5038_20201124_id5038_feminf_(2).jpg;20
296;357;5038;MANDRILLS BKB_5038_20201222_id5038_feminf_(1).jpg;61
364;357;5038;MANDRILLS BKB_5038_20201222_id5038_feminf_(2).jpg;7
359;370;5038;MANDRILLS BKB_5038_20210104_id5038_femjuv.jpg;11
289;395;5038;MANDRILLS BKB_5038_20210129_id5038_femjuv_(1).jpg;106
321;395;5038;MANDRILLS BKB_5038_20210129_id5038_femjuv_(2).jpg;74
314;395;5038;MANDRILLS BKB_5038_20210129_id5038_femjuv_(3).jpg;81
349;395;5038;MANDRILLS BKB_5038_20210129_id5038_femjuv_(5).jpg;46
454;466;5038;MANDRILLS BKB_5038_20210410_id5038_femjuv_(1).jpg;12
474;466;5038;MANDRILLS BKB_5038_20210410_id5038_femjuv_(2).jpg;8
389;466;5038;MANDRILLS BKB_5038_20210410_id5038_femjuv_(3).jpg;77
487;466;5038;MANDRILLS BKB_5038_20210410_id5038_femjuv_(4).jpg;21
495;466;5038;MANDRILLS BKB_5038_20210410_id5038_femjuv_(5).jpg;29
440;476;5038;MANDRILLS BKB_5038_20210420_id5038_femjuv.jpg;36
367;478;5038;MANDRILLS BKB_5038_20210422_id5038_femjuv_(1).jpg;111
451;478;5038;MANDRILLS BKB_5038_20210422_id5038_femjuv_(2).jpg;27
466;478;5038;MANDRILLS BKB_5038_20210422_id5038_femjuv_(3).jpg;12
516;478;5038;MANDRILLS BKB_5038_20210422_id5038_femjuv_(4).jpg;38
576;478;5038;MANDRILLS BKB_5038_20210422_id5038_femjuv_(5).jpg;98
479;478;5038;MANDRILLS BKB_5038_20210422_id5038_femjuv_(6).jpg;1
473;478;5038;MANDRILLS BKB_5038_20210422_id5038_femjuv_(7).jpg;5
454;478;5038;MANDRILLS BKB_5038_20210422_id5038_femjuv_(8).jpg;24
426;499;5038;MANDRILLS BKB_5038_20210513_id5038_femjuv.jpg;73
581;572;5038;MANDRILLS BKB_5038_20210725_id5038_femjuv_(1).jpg;9
555;572;5038;MANDRILLS BKB_5038_20210725_id5038_femjuv_(2).jpg;17
528;572;5038;MANDRILLS BKB_5038_20210725_id5038_femjuv_(4).jpg;44
459;572;5038;MANDRILLS BKB_5038_20210725_id5038_femjuv_(5).jpg;113
417;573;5038;MANDRILLS BKB_5038_20210726_id5038_femjuv_(1).jpg;156
593;573;5038;MANDRILLS BKB_5038_20210726_id5038_femjuv_(2).jpg;20
444;573;5038;MANDRILLS BKB_5038_20210726_id5038_femjuv_(3).jpg;129
490;573;5038;MANDRILLS BKB_5038_20210726_id5038_femjuv_(4).jpg;83
555;573;5038;MANDRILLS BKB_5038_20210726_id5038_femjuv_(5).jpg;18
459;573;5038;MANDRILLS BKB_5038_20210726_id5038_femjuv_(6).jpg;114
460;573;5038;MANDRILLS BKB_5038_20210726_id5038_femjuv_(7).jpg;113
431;622;5038;MANDRILLS BKB_5038_20210913_id5038_femjuv.jpg;191
471;644;5038;MANDRILLS BKB_5038_20211005_id5038_femjuv_(1).jpg;173
522;644;5038;MANDRILLS BKB_5038_20211005_id5038_femjuv_(2).jpg;122
581;644;5038;MANDRILLS BKB_5038_20211005_id5038_femjuv_(3).jpg;63
571;644;5038;MANDRILLS BKB_5038_20211005_id5038_femjuv_(4).jpg;73
502;644;5038;MANDRILLS BKB_5038_20211005_id5038_femjuv_(5).jpg;142
658;658;5038;MANDRILLS BKB_5038_20211019_id5038_femjuv_(1).jpg;0
450;678;5038;MANDRILLS BKB_5038_20211108_id5038_femjuv.jpg;228
812;717;5038;MANDRILLS BKB_5038_20211217_id5038_femjuv_(1).jpg;95
687;717;5038;MANDRILLS BKB_5038_20211217_id5038_femjuv_(2).jpg;30
599;717;5038;MANDRILLS BKB_5038_20211217_id5038_femjuv_(3).jpg;118
657;717;5038;MANDRILLS BKB_5038_20211217_id5038_femjuv_(4).jpg;60
591;717;5038;MANDRILLS BKB_5038_20211217_id5038_femjuv_(5).jpg;126
709;717;5038;MANDRILLS BKB_5038_20211217_id5038_femjuv_(6).jpg;8
942;763;5038;MANDRILLS BKB_5038_20220201_id5038_femjuv (1).jpg;179
752;763;5038;MANDRILLS BKB_5038_20220201_id5038_femjuv (2).jpg;11
743;763;5038;MANDRILLS BKB_5038_20220201_id5038_femjuv (3).jpg;20
723;763;5038;MANDRILLS BKB_5038_20220201_id5038_femjuv (4).jpg;40
736;763;5038;MANDRILLS BKB_5038_20220201_id5038_femjuv (5).jpg;27
681;780;5038;MANDRILLS BKB_5038_20220218_id5038_femjuv (1).jpg;99
556;780;5038;MANDRILLS BKB_5038_20220218_id5038_femjuv (2).jpg;224
811;780;5038;MANDRILLS BKB_5038_20220218_id5038_femjuv (3).jpg;31
921;780;5038;MANDRILLS BKB_5038_20220218_id5038_femjuv (4).jpg;141
703;780;5038;MANDRILLS BKB_5038_20220218_id5038_femjuv (5).jpg;77
745;783;5038;MANDRILLS BKB_5038_20220221_id5038_femjuv.jpg;38
759;820;5038;MANDRILLS BKB_5038_20220330_id5038_femjuv (1).jpg;61
770;820;5038;MANDRILLS BKB_5038_20220330_id5038_femjuv (2).jpg;50
660;867;5038;MANDRILLS BKB_5038_20220516_id5038_femjuv (1).jpg;207
543;867;5038;MANDRILLS BKB_5038_20220516_id5038_femjuv (2).jpg;324
832;867;5038;MANDRILLS BKB_5038_20220516_id5038_femjuv (3).jpg;35
700;867;5038;MANDRILLS BKB_5038_20220516_id5038_femjuv (4).jpg;167
835;880;5038;MANDRILLS BKB_5038_20220529_id5038_femjuv (1).jpg;45
709;880;5038;MANDRILLS BKB_5038_20220529_id5038_femjuv (2).jpg;171
1091;906;5038;MANDRILLS BKB_5038_20220624_id5038_femjuv (1).jpg;185
794;906;5038;MANDRILLS BKB_5038_20220624_id5038_femjuv (2).jpg;112
981;906;5038;MANDRILLS BKB_5038_20220624_id5038_femjuv (3).jpg;75
700;911;5038;MANDRILLS BKB_5038_20220629_id5038 (1).jpg;211
899;911;5038;MANDRILLS BKB_5038_20220629_id5038 (2).jpg;12
821;911;5038;MANDRILLS BKB_5038_20220629_id5038 (3).jpg;90
884;913;5038;MANDRILLS BKB_5038_20220701_id5038 (1).jpg;29
838;913;5038;MANDRILLS BKB_5038_20220701_id5038 (2).jpg;75
1032;931;5038;MANDRILLS BKB_5038_20220719_id5038 (1).jpg;101
906;931;5038;MANDRILLS BKB_5038_20220719_id5038 (2).jpg;25
968;931;5038;MANDRILLS BKB_5038_20220719_id5038 (3).jpg;37
901;931;5038;MANDRILLS BKB_5038_20220719_id5038 (4).jpg;30
851;933;5038;MANDRILLS BKB_5038_20220721_id5038.jpg;82
971;940;5038;MANDRILLS BKB_5038_20220728_id5038 (2).jpg;31
880;940;5038;MANDRILLS BKB_5038_20220728_id5038.jpg;60
1001;945;5038;MANDRILLS BKB_5038_20220802_id5038 (1).jpg;56
957;945;5038;MANDRILLS BKB_5038_20220802_id5038 (2).jpg;12
786;945;5038;MANDRILLS BKB_5038_20220802_id5038 (3).jpg;159
1000;955;5038;MANDRILLS BKB_5038_20220812_id5038 (1).jpg;45
1182;955;5038;MANDRILLS BKB_5038_20220812_id5038 (2).jpg;227
944;969;5038;MANDRILLS BKB_5038_20220826_id5038.jpg;25
887;979;5038;MANDRILLS BKB_5038_20220905_id5038 (1).jpg;92
981;979;5038;MANDRILLS BKB_5038_20220905_id5038 (2).jpg;2
772;986;5038;MANDRILLS BKB_5038_20220912_id5038 (1).jpg;214
876;986;5038;MANDRILLS BKB_5038_20220912_id5038 (2).jpg;110
972;1002;5038;MANDRILLS BKB_5038_20220928_id5038.jpg;30
963;1009;5038;MANDRILLS BKB_5038_20221005_id5038 (1).jpg;46
821;1009;5038;MANDRILLS BKB_5038_20221005_id5038 (2).jpg;188
1016;1015;5038;MANDRILLS BKB_5038_20221011_id5038 (2).jpg;1
998;1015;5038;MANDRILLS BKB_5038_20221011_id5038.jpg;17
1054;1058;5038;MANDRILLS BKB_5038_20221123_id5038 (1).jpg;4
1074;1058;5038;MANDRILLS BKB_5038_20221123_id5038 (2).jpg;16
1094;1058;5038;MANDRILLS BKB_5038_20221123_id5038 (3).jpg;36
894;1065;5038;MANDRILLS BKB_5038_20221130_id5038 (2).jpg;171
1004;1075;5038;MANDRILLS BKB_5038_20221210_id5038.jpg;71
922;1086;5038;MANDRILLS BKB_5038_20221221_id5038 (2).jpg;164
996;1086;5038;MANDRILLS BKB_5038_20221221_id5038.jpg;90
52;6;5100;MANDRILLS BKB_5100_20191201_id5100_feminf.jpg;46
131;32;5100;MANDRILLS BKB_5100_20191227_id5100_feminf_(1).jpg;99
85;32;5100;MANDRILLS BKB_5100_20191227_id5100_feminf_(2).jpg;53
58;36;5100;MANDRILLS BKB_5100_20191231_id5100_feminf.jpg;22
60;43;5100;MANDRILLS BKB_5100_20200107_id5100_feminf.jpg;17
85;74;5100;MANDRILLS BKB_5100_20200207_id5100_feminf.jpg;11
221;162;5100;MANDRILLS BKB_5100_20200505_id5100_feminf_(1).jpg;59
260;162;5100;MANDRILLS BKB_5100_20200505_id5100_feminf_(2).jpg;98
220;162;5100;MANDRILLS BKB_5100_20200505_id5100_feminf_(3).jpg;58
246;162;5100;MANDRILLS BKB_5100_20200505_id5100_feminf_(4).jpg;84
264;163;5100;MANDRILLS BKB_5100_20200506_id5100_femjuv.jpg;101
388;329;5100;MANDRILLS BKB_5100_20201019_id5100_feminf_(1).jpg;59
392;329;5100;MANDRILLS BKB_5100_20201019_id5100_feminf_(2).jpg;63
366;329;5100;MANDRILLS BKB_5100_20201019_id5100_feminf_(3).jpg;37
437;329;5100;MANDRILLS BKB_5100_20201019_id5100_feminf_(4).jpg;108
397;329;5100;MANDRILLS BKB_5100_20201019_id5100_feminf_(5).jpg;68
381;332;5100;MANDRILLS BKB_5100_20201022_id5100_feminf.jpg;49
377;332;5100;MANDRILLS BKB_5100_20201022_id5100_feminf_(1).jpg;45
432;332;5100;MANDRILLS BKB_5100_20201022_id5100_feminf_(2).jpg;100
390;332;5100;MANDRILLS BKB_5100_20201022_id5100_feminf_(3).jpg;58
341;332;5100;MANDRILLS BKB_5100_20201022_id5100_feminf_(4).jpg;9
408;338;5100;MANDRILLS BKB_5100_20201028_id5100_feminf_(1).jpg;70
349;338;5100;MANDRILLS BKB_5100_20201028_id5100_feminf_(2).jpg;11
388;338;5100;MANDRILLS BKB_5100_20201028_id5100_feminf_(3).jpg;50
324;342;5100;MANDRILLS BKB_5100_20201101_id5100_feminf.jpg;18
352;344;5100;MANDRILLS BKB_5100_20201103_id5100_feminf.jpg;8
493;348;5100;MANDRILLS BKB_5100_20201107_id5100_feminf_(1).jpg;145
404;348;5100;MANDRILLS BKB_5100_20201107_id5100_feminf_(2).jpg;56
412;348;5100;MANDRILLS BKB_5100_20201107_id5100_feminf_(3).jpg;64
384;348;5100;MANDRILLS BKB_5100_20201107_id5100_feminf_(4).jpg;36
390;365;5100;MANDRILLS BKB_5100_20201124_id5100_femjuv_(1).jpg;25
353;365;5100;MANDRILLS BKB_5100_20201124_id5100_femjuv_(2).jpg;12
274;365;5100;MANDRILLS BKB_5100_20201124_id5100_femjuv_(3).jpg;91
472;384;5100;MANDRILLS BKB_5100_20201213_id5100_femjuv_(1).jpg;88
443;384;5100;MANDRILLS BKB_5100_20201213_id5100_femjuv_(2).jpg;59
548;384;5100;MANDRILLS BKB_5100_20201213_id5100_femjuv_(3).jpg;164
529;384;5100;MANDRILLS BKB_5100_20201213_id5100_femjuv_(4).jpg;145
415;384;5100;MANDRILLS BKB_5100_20201213_id5100_femjuv_(5).jpg;31
381;393;5100;MANDRILLS BKB_5100_20201222_id5100_femjuv.jpg;12
425;401;5100;MANDRILLS BKB_5100_20201230_id5100_femjuv_(2).jpg;24
507;401;5100;MANDRILLS BKB_5100_20201230_id5100_femjuv_(3).jpg;106
404;430;5100;MANDRILLS BKB_5100_20210128_id5100_femjuv_(1).jpg;26
418;430;5100;MANDRILLS BKB_5100_20210128_id5100_femjuv_(2).jpg;12
434;430;5100;MANDRILLS BKB_5100_20210128_id5100_femjuv_(3).jpg;4
482;430;5100;MANDRILLS BKB_5100_20210128_id5100_femjuv_(4).jpg;52
450;430;5100;MANDRILLS BKB_5100_20210128_id5100_femjuv_(5).jpg;20
413;430;5100;MANDRILLS BKB_5100_20210128_id5100_femjuv_(6).jpg;17
316;430;5100;MANDRILLS BKB_5100_20210128_id5100_femjuv_(7).jpg;114
499;431;5100;MANDRILLS BKB_5100_20210129_id5100_femjuv_(1).jpg;68
508;431;5100;MANDRILLS BKB_5100_20210129_id5100_femjuv_(2).jpg;77
539;486;5100;MANDRILLS BKB_5100_20210325_id5100_femjuv.jpg;53
637;554;5100;MANDRILLS BKB_5100_20210601_id5100_femjuv.jpg;83
751;608;5100;MANDRILLS BKB_5100_20210725_id5100_femjuv_(2).jpg;143
691;649;5100;MANDRILLS BKB_5100_20210904_id5100_femjuv (1).jpg;42
623;649;5100;MANDRILLS BKB_5100_20210904_id5100_femjuv (2).jpg;26
734;725;5100;MANDRILLS BKB_5100_20211119_id5100_femjuv.jpg;9
929;840;5100;MANDRILLS BKB_5100_20220314_id5100_femjuv (1).jpg;89
807;840;5100;MANDRILLS BKB_5100_20220314_id5100_femjuv (2).jpg;33
862;858;5100;MANDRILLS BKB_5100_20220401_id5100_femjuv (1).jpg;4
835;858;5100;MANDRILLS BKB_5100_20220401_id5100_femjuv (2).jpg;23
1030;884;5100;MANDRILLS BKB_5100_20220427_id5100_femjuv (1).jpg;146
972;884;5100;MANDRILLS BKB_5100_20220427_id5100_femjuv (2).jpg;88
1133;903;5100;MANDRILLS BKB_5100_20220516_id5100_femjuv.jpg;230
1134;937;5100;MANDRILLS BKB_5100_20220619_id5100_femjuv (1).jpg;197
1041;937;5100;MANDRILLS BKB_5100_20220619_id5100_femjuv (2).jpg;104
1205;949;5100;MANDRILLS BKB_5100_20220701_id5100.jpg;256
997;962;5100;MANDRILLS BKB_5100_20220714_id5100_femjuv (1).jpg;35
1058;962;5100;MANDRILLS BKB_5100_20220714_id5100_femjuv (2).jpg;96
1046;964;5100;MANDRILLS BKB_5100_20220716_id5100 (2).jpg;82
1192;964;5100;MANDRILLS BKB_5100_20220716_id5100.jpg;228
1040;969;5100;MANDRILLS BKB_5100_20220721_id5100 (2).jpg;71
1028;969;5100;MANDRILLS BKB_5100_20220721_id5100.jpg;59
1169;977;5100;MANDRILLS BKB_5100_20220729_id5100 (1).jpg;192
1056;977;5100;MANDRILLS BKB_5100_20220729_id5100 (2).jpg;79
1066;977;5100;MANDRILLS BKB_5100_20220729_id5100 (3).jpg;89
1194;980;5100;MANDRILLS BKB_5100_20220801_id5100 (1).jpg;214
1018;980;5100;MANDRILLS BKB_5100_20220801_id5100 (2).jpg;38
1112;991;5100;MANDRILLS BKB_5100_20220812_id5100.jpg;121
1051;1005;5100;MANDRILLS BKB_5100_20220826_id5100 (1).jpg;46
1147;1005;5100;MANDRILLS BKB_5100_20220826_id5100 (2).jpg;142
1255;1005;5100;MANDRILLS BKB_5100_20220826_id5100 (3).jpg;250
1474;1005;5100;MANDRILLS BKB_5100_20220826_id5100.jpg;469
1191;1022;5100;MANDRILLS BKB_5100_20220912_id5100.jpg;169
1168;1059;5100;MANDRILLS BKB_5100_20221019_id5100.jpg;109
1165;1061;5100;MANDRILLS BKB_5100_20221021_id5100 (1).jpg;104
1161;1061;5100;MANDRILLS BKB_5100_20221021_id5100 (2).jpg;100
1317;1061;5100;MANDRILLS BKB_5100_20221021_id5100 (3).jpg;256
1152;1062;5100;MANDRILLS BKB_5100_20221022_id5100 (2).jpg;90
1365;1062;5100;MANDRILLS BKB_5100_20221022_id5100.jpg;303
1275;1103;5100;MANDRILLS BKB_5100_20221202_id5100.jpg;172
1337;1115;5100;MANDRILLS BKB_5100_20221214_id5100.jpg;222
25;4;5104;MANDRILLS BKB_5104_20191231_id5104_malinf_(1).jpg;21
41;4;5104;MANDRILLS BKB_5104_20191231_id5104_malinf_(2).jpg;37
41;4;5104;MANDRILLS BKB_5104_20191231_id5104_malinf_(3).jpg;37
48;4;5104;MANDRILLS BKB_5104_20191231_id5104_malinf_(4).jpg;44
65;4;5104;MANDRILLS BKB_5104_20191231_id5104_malinf_(5).jpg;61
27;11;5104;MANDRILLS BKB_5104_20200107_id5104_malinf_(1).jpg;16
33;11;5104;MANDRILLS BKB_5104_20200107_id5104_malinf_(2).jpg;22
54;11;5104;MANDRILLS BKB_5104_20200107_id5104_malinf_(3).jpg;43
65;11;5104;MANDRILLS BKB_5104_20200107_id5104_malinf_(4).jpg;54
115;59;5104;MANDRILLS BKB_5104_20200224_id5104_malinf_(1).jpg;56
111;59;5104;MANDRILLS BKB_5104_20200224_id5104_malinf_(2).jpg;52
117;84;5104;MANDRILLS BKB_5104_20200320_id5104_malinf.jpg;33
139;126;5104;MANDRILLS BKB_5104_20200501_id5104_malinf_(1).jpg;13
116;126;5104;MANDRILLS BKB_5104_20200501_id5104_malinf_(2).jpg;10
137;126;5104;MANDRILLS BKB_5104_20200501_id5104_malinf_(3).jpg;11
288;299;5104;MANDRILLS BKB_5104_20201021_id5104_malinf_(1).jpg;11
259;299;5104;MANDRILLS BKB_5104_20201021_id5104_malinf_(10).jpg;40
305;299;5104;MANDRILLS BKB_5104_20201021_id5104_malinf_(11).jpg;6
234;299;5104;MANDRILLS BKB_5104_20201021_id5104_malinf_(12).jpg;65
225;299;5104;MANDRILLS BKB_5104_20201021_id5104_malinf_(13).jpg;74
231;299;5104;MANDRILLS BKB_5104_20201021_id5104_malinf_(14).jpg;68
279;299;5104;MANDRILLS BKB_5104_20201021_id5104_malinf_(3).jpg;20
251;299;5104;MANDRILLS BKB_5104_20201021_id5104_malinf_(4).jpg;48
257;299;5104;MANDRILLS BKB_5104_20201021_id5104_malinf_(5).jpg;42
380;299;5104;MANDRILLS BKB_5104_20201021_id5104_malinf_(6).jpg;81
274;299;5104;MANDRILLS BKB_5104_20201021_id5104_malinf_(7).jpg;25
270;299;5104;MANDRILLS BKB_5104_20201021_id5104_malinf_(8).jpg;29
529;299;5104;MANDRILLS BKB_5104_20201021_id5104_malinf_(9).jpg;230
299;300;5104;MANDRILLS BKB_5104_20201022_id5104_malinf.jpg;1
246;309;5104;MANDRILLS BKB_5104_20201031_id5104_malinf_(1).jpg;63
276;309;5104;MANDRILLS BKB_5104_20201031_id5104_malinf_(2).jpg;33
275;309;5104;MANDRILLS BKB_5104_20201031_id5104_malinf_(3).jpg;34
184;311;5104;MANDRILLS BKB_5104_20201102_id5104_malinf.jpg;127
271;315;5104;MANDRILLS BKB_5104_20201106_id5104_malinf.jpg;44
285;333;5104;MANDRILLS BKB_5104_20201124_id5104_malinf_(1).jpg;48
244;333;5104;MANDRILLS BKB_5104_20201124_id5104_malinf_(2).jpg;89
263;333;5104;MANDRILLS BKB_5104_20201124_id5104_malinf_(3).jpg;70
338;361;5104;MANDRILLS BKB_5104_20201222_id5104_maljuv.jpg;23
371;366;5104;MANDRILLS BKB_5104_20201227_id5104_malinf_(1).jpg;5
315;366;5104;MANDRILLS BKB_5104_20201227_id5104_malinf_(2).jpg;51
278;376;5104;MANDRILLS BKB_5104_20210106_id5104_maljuv.jpg;98
288;386;5104;MANDRILLS BKB_5104_20210116_id5104_maljuv_(1).jpg;98
273;386;5104;MANDRILLS BKB_5104_20210116_id5104_maljuv_(2).jpg;113
315;386;5104;MANDRILLS BKB_5104_20210116_id5104_maljuv_(3).jpg;71
290;386;5104;MANDRILLS BKB_5104_20210116_id5104_maljuv_(4).jpg;96
419;399;5104;MANDRILLS BKB_5104_20210129_id5104_maljuv_(1).jpg;20
318;399;5104;MANDRILLS BKB_5104_20210129_id5104_maljuv_(10).jpg;81
322;399;5104;MANDRILLS BKB_5104_20210129_id5104_maljuv_(11).jpg;77
283;399;5104;MANDRILLS BKB_5104_20210129_id5104_maljuv_(12).jpg;116
323;399;5104;MANDRILLS BKB_5104_20210129_id5104_maljuv_(13).jpg;76
278;399;5104;MANDRILLS BKB_5104_20210129_id5104_maljuv_(2).jpg;121
339;399;5104;MANDRILLS BKB_5104_20210129_id5104_maljuv_(3).jpg;60
347;399;5104;MANDRILLS BKB_5104_20210129_id5104_maljuv_(5).jpg;52
301;399;5104;MANDRILLS BKB_5104_20210129_id5104_maljuv_(6).jpg;98
328;399;5104;MANDRILLS BKB_5104_20210129_id5104_maljuv_(7).jpg;71
428;399;5104;MANDRILLS BKB_5104_20210129_id5104_maljuv_(8).jpg;29
337;399;5104;MANDRILLS BKB_5104_20210129_id5104_maljuv_(9).jpg;62
38;2;5126;MANDRILLS BKB_5126_20191231_id5126_malinf_(1).jpg;36
23;2;5126;MANDRILLS BKB_5126_20191231_id5126_malinf_(2).jpg;21
23;2;5126;MANDRILLS BKB_5126_20191231_id5126_malinf_(3).jpg;21
34;18;5126;MANDRILLS BKB_5126_20200116_id5126_feminf.jpg;16
98;55;5126;MANDRILLS BKB_5126_20200222_id5126_feminf_check_with_the_list_of_PAUL_(1).jpg;43
98;55;5126;MANDRILLS BKB_5126_20200222_id5126_feminf_check_with_the_list_of_PAUL_(2).jpg;43
86;55;5126;MANDRILLS BKB_5126_20200222_id5126_feminf_check_with_the_list_of_PAUL_(3).jpg;31
103;57;5126;MANDRILLS BKB_5126_20200224_id5126_feminf.jpg;46
78;66;5126;MANDRILLS BKB_5126_20200304_id5126_feminf_(1).jpg;12
95;66;5126;MANDRILLS BKB_5126_20200304_id5126_feminf_(2).jpg;29
66;66;5126;MANDRILLS BKB_5126_20200304_id5126_feminf_(3).jpg;0
62;66;5126;MANDRILLS BKB_5126_20200304_id5126_feminf_(4).jpg;4
87;66;5126;MANDRILLS BKB_5126_20200304_id5126_feminf_(5).jpg;21
54;66;5126;MANDRILLS BKB_5126_20200304_id5126_feminf_(6).jpg;12
94;66;5126;MANDRILLS BKB_5126_20200304_id5126_feminf_(7).jpg;28
169;66;5126;MANDRILLS BKB_5126_20200304_id5126_feminf_(8).jpg;103
85;66;5126;MANDRILLS BKB_5126_20200304_id5126_feminf_(9).jpg;19
112;126;5126;MANDRILLS BKB_5126_20200503_id5126_feminf_(1).jpg;14
125;126;5126;MANDRILLS BKB_5126_20200503_id5126_feminf_(2).jpg;1
139;128;5126;MANDRILLS BKB_5126_20200505_id5126_feminf_(1).jpg;11
119;128;5126;MANDRILLS BKB_5126_20200505_id5126_feminf_(2).jpg;9
146;128;5126;MANDRILLS BKB_5126_20200505_id5126_feminf_(3).jpg;18
118;128;5126;MANDRILLS BKB_5126_20200505_id5126_feminf_(4).jpg;10
144;128;5126;MANDRILLS BKB_5126_20200505_id5126_feminf_(5).jpg;16
119;128;5126;MANDRILLS BKB_5126_20200505_id5126_feminf_(6).jpg;9
124;128;5126;MANDRILLS BKB_5126_20200505_id5126_feminf_(7).jpg;4
130;128;5126;MANDRILLS BKB_5126_20200505_id5126_feminf_(8).jpg;2
118;129;5126;MANDRILLS BKB_5126_20200506_id5126_feminf.jpg;11
10;129;5126;MANDRILLS BKB_5126_20200506_id5126_feminf_(2).jpg;119
302;305;5126;MANDRILLS BKB_5126_20201029_id5126_feminf_(1).jpg;3
383;305;5126;MANDRILLS BKB_5126_20201029_id5126_feminf_(2).jpg;78
255;305;5126;MANDRILLS BKB_5126_20201029_id5126_feminf_(3).jpg;50
326;305;5126;MANDRILLS BKB_5126_20201029_id5126_feminf_(4).jpg;21
258;307;5126;MANDRILLS BKB_5126_20201031_id5126_feminf_(1).jpg;49
262;307;5126;MANDRILLS BKB_5126_20201031_id5126_feminf_(2).jpg;45
289;307;5126;MANDRILLS BKB_5126_20201031_id5126_feminf_(3).jpg;18
263;310;5126;MANDRILLS BKB_5126_20201103_id5126_feminf_(1).jpg;47
198;310;5126;MANDRILLS BKB_5126_20201103_id5126_feminf_(2).jpg;112
237;310;5126;MANDRILLS BKB_5126_20201103_id5126_feminf_(3).jpg;73
310;310;5126;MANDRILLS BKB_5126_20201103_id5126_feminf_(4).jpg;0
270;310;5126;MANDRILLS BKB_5126_20201103_id5126_feminf_(5).jpg;40
353;310;5126;MANDRILLS BKB_5126_20201103_id5126_feminf_(6).jpg;43
286;310;5126;MANDRILLS BKB_5126_20201103_id5126_feminf_(7).jpg;24
327;310;5126;MANDRILLS BKB_5126_20201103_id5126_feminf_(8).jpg;17
294;331;5126;MANDRILLS BKB_5126_20201124_id5126_feminf_(1).jpg;37
164;331;5126;MANDRILLS BKB_5126_20201124_id5126_feminf_(2).jpg;167
352;331;5126;MANDRILLS BKB_5126_20201124_id5126_feminf_(3).jpg;21
315;331;5126;MANDRILLS BKB_5126_20201124_id5126_feminf_(4).jpg;16
217;365;5126;MANDRILLS BKB_5126_20201228_id5126_maljuv_(1).jpg;148
313;365;5126;MANDRILLS BKB_5126_20201228_id5126_maljuv_(10).jpg;52
261;365;5126;MANDRILLS BKB_5126_20201228_id5126_maljuv_(2).jpg;104
269;365;5126;MANDRILLS BKB_5126_20201228_id5126_maljuv_(3).jpg;96
361;365;5126;MANDRILLS BKB_5126_20201228_id5126_maljuv_(4).jpg;4
315;365;5126;MANDRILLS BKB_5126_20201228_id5126_maljuv_(5).jpg;50
342;365;5126;MANDRILLS BKB_5126_20201228_id5126_maljuv_(6).jpg;23
290;365;5126;MANDRILLS BKB_5126_20201228_id5126_maljuv_(7).jpg;75
319;365;5126;MANDRILLS BKB_5126_20201228_id5126_maljuv_(8).jpg;46
300;365;5126;MANDRILLS BKB_5126_20201228_id5126_maljuv_(9).jpg;65
308;367;5126;MANDRILLS BKB_5126_20201230_id5126_maljuv_(2).jpg;59
301;384;5126;MANDRILLS BKB_5126_20210116_id5126_maljuv.jpg;83
305;397;5126;MANDRILLS BKB_5126_20210129_id5126_maljuv_(1).jpg;92
329;397;5126;MANDRILLS BKB_5126_20210129_id5126_maljuv_(2).jpg;68
306;397;5126;MANDRILLS BKB_5126_20210129_id5126_maljuv_(3).jpg;91
349;397;5126;MANDRILLS BKB_5126_20210129_id5126_maljuv_(4).jpg;48
371;400;5126;MANDRILLS BKB_5126_20210201_id5126_maljuv_(2).jpg;29
331;400;5126;MANDRILLS BKB_5126_20210201_id5126_maljuv_(3).jpg;69
321;435;5126;MANDRILLS BKB_5126_20210308_id5126_maljuv_(1).jpg;114
386;435;5126;MANDRILLS BKB_5126_20210308_id5126_maljuv_(10).jpg;49
355;435;5126;MANDRILLS BKB_5126_20210308_id5126_maljuv_(2).jpg;80
325;435;5126;MANDRILLS BKB_5126_20210308_id5126_maljuv_(3).jpg;110
325;435;5126;MANDRILLS BKB_5126_20210308_id5126_maljuv_(4).jpg;110
361;435;5126;MANDRILLS BKB_5126_20210308_id5126_maljuv_(5).jpg;74
362;435;5126;MANDRILLS BKB_5126_20210308_id5126_maljuv_(6).jpg;73
378;435;5126;MANDRILLS BKB_5126_20210308_id5126_maljuv_(7).jpg;57
356;435;5126;MANDRILLS BKB_5126_20210308_id5126_maljuv_(8).jpg;79
358;435;5126;MANDRILLS BKB_5126_20210308_id5126_maljuv_(9).jpg;77
486;468;5126;MANDRILLS BKB_5126_20210410_id5126_maljuv_(1).jpg;18
494;468;5126;MANDRILLS BKB_5126_20210410_id5126_maljuv_(2).jpg;26
438;562;5126;MANDRILLS BKB_5126_20210713_id5126_maljuv.jpg;124
596;574;5126;MANDRILLS BKB_5126_20210725_id5126_maljuv_(1).jpg;22
674;574;5126;MANDRILLS BKB_5126_20210725_id5126_maljuv_(2).jpg;100
662;574;5126;MANDRILLS BKB_5126_20210725_id5126_maljuv_(3).jpg;88
476;615;5126;MANDRILLS BKB_5126_20210904_id5126_maljuv (2).jpg;139
527;615;5126;MANDRILLS BKB_5126_20210904_id5126_maljuv (3).jpg;88
524;615;5126;MANDRILLS BKB_5126_20210904_id5126_maljuv (4).jpg;91
504;615;5126;MANDRILLS BKB_5126_20210904_id5126_maljuv (5).jpg;111
455;665;5126;MANDRILLS BKB_5126_20211024_id5126_maljuv.jpg;210
610;719;5126;MANDRILLS BKB_5126_20211217_id5126_maljuv_(1).jpg;109
714;719;5126;MANDRILLS BKB_5126_20211217_id5126_maljuv_(2).jpg;5
666;728;5126;MANDRILLS BKB_5126_20211226_id5126_maljuv.jpg;62
66;17;6014;MANDRILLS BKB_6014_20201213_id6014_malinf.jpg;49
34;17;6014;MANDRILLS BKB_6014_20201213_id6014_malinf_(1).jpg;17
30;17;6014;MANDRILLS BKB_6014_20201213_id6014_malinf_(10).jpg;13
38;17;6014;MANDRILLS BKB_6014_20201213_id6014_malinf_(2).jpg;21
45;17;6014;MANDRILLS BKB_6014_20201213_id6014_malinf_(3).jpg;28
29;17;6014;MANDRILLS BKB_6014_20201213_id6014_malinf_(4).jpg;12
30;17;6014;MANDRILLS BKB_6014_20201213_id6014_malinf_(5).jpg;13
27;17;6014;MANDRILLS BKB_6014_20201213_id6014_malinf_(6).jpg;10
55;17;6014;MANDRILLS BKB_6014_20201213_id6014_malinf_(7).jpg;38
28;17;6014;MANDRILLS BKB_6014_20201213_id6014_malinf_(8).jpg;11
51;17;6014;MANDRILLS BKB_6014_20201213_id6014_malinf_(9).jpg;34
42;22;6014;MANDRILLS BKB_6014_20201218_id6014_malinf.jpg;20
70;26;6014;MANDRILLS BKB_6014_20201222_id6014_malinf.jpg;44
65;51;6014;MANDRILLS BKB_6014_20210116_id6014_malinf_(1).jpg;14
64;51;6014;MANDRILLS BKB_6014_20210116_id6014_malinf_(2).jpg;13
156;148;6014;MANDRILLS BKB_6014_20210423_id6014_malinf.jpg;8
364;164;6014;MANDRILLS BKB_6014_20210509_id6014_malinf_(1).jpg;200
346;164;6014;MANDRILLS BKB_6014_20210509_id6014_malinf_(2).jpg;182
180;164;6014;MANDRILLS BKB_6014_20210509_id6014_malinf_(3).jpg;16
337;164;6014;MANDRILLS BKB_6014_20210509_id6014_malinf_(4).jpg;173
307;164;6014;MANDRILLS BKB_6014_20210509_id6014_malinf_(5).jpg;143
199;164;6014;MANDRILLS BKB_6014_20210509_id6014_malinf_(6).jpg;35
352;164;6014;MANDRILLS BKB_6014_20210509_id6014_malinf_(7).jpg;188
298;164;6014;MANDRILLS BKB_6014_20210509_id6014_malinf_(8).jpg;134
266;164;6014;MANDRILLS BKB_6014_20210509_id6014_malinf_(9).jpg;102
258;166;6014;MANDRILLS BKB_6014_20210511_id6014_malinf_(1).jpg;92
215;166;6014;MANDRILLS BKB_6014_20210511_id6014_malinf_(2).jpg;49
169;166;6014;MANDRILLS BKB_6014_20210511_id6014_malinf_(3).jpg;3
401;229;6014;MANDRILLS BKB_6014_20210713_id6014_malinf_(1).jpg;172
361;229;6014;MANDRILLS BKB_6014_20210713_id6014_malinf_(2).jpg;132
210;229;6014;MANDRILLS BKB_6014_20210713_id6014_malinf_(3).jpg;19
411;282;6014;MANDRILLS BKB_6014_20210904_id6014_malinf (1).jpg;129
302;282;6014;MANDRILLS BKB_6014_20210904_id6014_malinf (2).jpg;20
443;285;6014;MANDRILLS BKB_6014_20210907_id6014_malinf (1).jpg;158
420;285;6014;MANDRILLS BKB_6014_20210907_id6014_malinf (2).jpg;135
380;285;6014;MANDRILLS BKB_6014_20210907_id6014_malinf (3).jpg;95
383;289;6014;MANDRILLS BKB_6014_20210911_id6014_malinf.jpg;94
480;299;6014;MANDRILLS BKB_6014_20210921_id6014_malinf (1).jpg;181
536;299;6014;MANDRILLS BKB_6014_20210921_id6014_malinf (2).jpg;237
440;299;6014;MANDRILLS BKB_6014_20210921_id6014_malinf (3).jpg;141
347;299;6014;MANDRILLS BKB_6014_20210921_id6014_malinf (4).jpg;48
409;313;6014;MANDRILLS BKB_6014_20211005_id6014_malinf_(1).jpg;96
396;313;6014;MANDRILLS BKB_6014_20211005_id6014_malinf_(2).jpg;83
530;383;6014;MANDRILLS BKB_6014_20211214_id6014_maljuv.jpg;147
717;432;6014;MANDRILLS BKB_6014_20220201_id6014_maljuv (1).jpg;285
706;432;6014;MANDRILLS BKB_6014_20220201_id6014_maljuv (2).jpg;274
611;432;6014;MANDRILLS BKB_6014_20220201_id6014_maljuv (3).jpg;179
797;432;6014;MANDRILLS BKB_6014_20220201_id6014_maljuv (4).jpg;365
748;432;6014;MANDRILLS BKB_6014_20220201_id6014_maljuv (5).jpg;316
723;432;6014;MANDRILLS BKB_6014_20220201_id6014_maljuv (6).jpg;291
724;454;6014;MANDRILLS BKB_6014_20220223_id6014_maljuv.jpg;270
749;466;6014;MANDRILLS BKB_6014_20220307_id6014_maljuv (1).jpg;283
835;466;6014;MANDRILLS BKB_6014_20220307_id6014_maljuv (2).jpg;369
843;486;6014;MANDRILLS BKB_6014_20220327_id6014_maljuv (1).jpg;357
777;486;6014;MANDRILLS BKB_6014_20220327_id6014_maljuv (2).jpg;291
754;486;6014;MANDRILLS BKB_6014_20220327_id6014_maljuv (3).jpg;268
683;486;6014;MANDRILLS BKB_6014_20220327_id6014_maljuv (4).jpg;197
703;486;6014;MANDRILLS BKB_6014_20220327_id6014_maljuv (5).jpg;217
659;486;6014;MANDRILLS BKB_6014_20220327_id6014_maljuv (6).jpg;173
765;486;6014;MANDRILLS BKB_6014_20220327_id6014_maljuv (7).jpg;279
656;486;6014;MANDRILLS BKB_6014_20220327_id6014_maljuv (8).jpg;170
730;486;6014;MANDRILLS BKB_6014_20220327_id6014_maljuv (9).jpg;244
749;488;6014;MANDRILLS BKB_6014_20220329_id6014_maljuv.jpg;261
772;500;6014;MANDRILLS BKB_6014_20220410_id6014_maljuv.jpg;272
1054;550;6014;MANDRILLS BKB_6014_20220530_id6014_maljuv (2).jpg;504
1231;575;6014;MANDRILLS BKB_6014_20220624_id6014_maljuv (1).jpg;656
778;575;6014;MANDRILLS BKB_6014_20220624_id6014_maljuv (2).jpg;203
726;575;6014;MANDRILLS BKB_6014_20220624_id6014_maljuv (3).jpg;151
716;592;6014;MANDRILLS BKB_6014_20220711_id6014 (1).jpg;124
776;592;6014;MANDRILLS BKB_6014_20220711_id6014 (2).jpg;184
707;595;6014;MANDRILLS BKB_6014_20220714_id6014_maljuv (2).jpg;112
557;595;6014;MANDRILLS BKB_6014_20220714_id6014_maljuv (3).jpg;38
755;595;6014;MANDRILLS BKB_6014_20220714_id6014_maljuv (4).jpg;160
842;595;6014;MANDRILLS BKB_6014_20220714_id6014_maljuv (5).jpg;247
819;595;6014;MANDRILLS BKB_6014_20220714_id6014_maljuv (6).jpg;224
907;597;6014;MANDRILLS BKB_6014_20220716_id6014_maljuv (1).jpg;310
899;597;6014;MANDRILLS BKB_6014_20220716_id6014_maljuv (2).jpg;302
771;597;6014;MANDRILLS BKB_6014_20220716_id6014_maljuv (3).jpg;174
864;599;6014;MANDRILLS BKB_6014_20220718_id6014.jpg;265
754;609;6014;MANDRILLS BKB_6014_20220728_id6014.jpg;145
752;658;6014;MANDRILLS BKB_6014_20220915_id6014.jpg;94
1128;683;6014;MANDRILLS BKB_6014_20221010_id6014.jpg;445
673;684;6014;MANDRILLS BKB_6014_20221011_id6014.jpg;11
804;694;6014;MANDRILLS BKB_6014_20221021_id6014 (1).jpg;110
1041;694;6014;MANDRILLS BKB_6014_20221021_id6014 (2).jpg;347
949;695;6014;MANDRILLS BKB_6014_20221022_id6014.jpg;254
820;703;6014;MANDRILLS BKB_6014_20221030_id6014 (1).jpg;117
744;703;6014;MANDRILLS BKB_6014_20221030_id6014 (2).jpg;41
861;721;6014;MANDRILLS BKB_6014_20221117_id6014 (1).jpg;140
754;721;6014;MANDRILLS BKB_6014_20221117_id6014 (2).jpg;33
882;721;6014;MANDRILLS BKB_6014_20221117_id6014 (5).jpg;161
987;743;6014;MANDRILLS BKB_6014_20221209_id6014 (1).jpg;244
934;745;6014;MANDRILLS BKB_6014_20221211_id6014.jpg;189
999;748;6014;MANDRILLS BKB_6014_20221214_id6014.jpg;251
945;749;6014;MANDRILLS BKB_6014_20221215_id6014 (2).jpg;196
970;749;6014;MANDRILLS BKB_6014_20221215_id6014 (3).jpg;221
946;758;6014;MANDRILLS BKB_6014_20221224_id6014.jpg;188
52;4;6056;MANDRILLS BKB_6056_20201019_id6056_malinf_(1).jpg;48
36;4;6056;MANDRILLS BKB_6056_20201019_id6056_malinf_(2).jpg;32
13;4;6056;MANDRILLS BKB_6056_20201019_id6056_malinf_(3).jpg;9
35;4;6056;MANDRILLS BKB_6056_20201019_id6056_malinf_(4).jpg;31
39;4;6056;MANDRILLS BKB_6056_20201019_id6056_malinf_(5).jpg;35
56;7;6056;MANDRILLS BKB_6056_20201022_id6056_malinf_(1).jpg;49
61;7;6056;MANDRILLS BKB_6056_20201022_id6056_malinf_(2).jpg;54
80;7;6056;MANDRILLS BKB_6056_20201022_id6056_malinf_(3).jpg;73
27;7;6056;MANDRILLS BKB_6056_20201022_id6056_malinf_(4).jpg;20
5;7;6056;MANDRILLS BKB_6056_20201022_id6056_malinf_(5).jpg;2
43;13;6056;MANDRILLS BKB_6056_20201028_id6056_malinf_(1).jpg;30
36;13;6056;MANDRILLS BKB_6056_20201028_id6056_malinf_(2).jpg;23
46;13;6056;MANDRILLS BKB_6056_20201028_id6056_malinf_(3).jpg;33
36;26;6056;MANDRILLS BKB_6056_20201110_id6056_malinf_(1).jpg;10
44;26;6056;MANDRILLS BKB_6056_20201110_id6056_malinf_(2).jpg;18
50;37;6056;MANDRILLS BKB_6056_20201121_id6056_malinf_(1).jpg;13
77;37;6056;MANDRILLS BKB_6056_20201121_id6056_malinf_(1b).jpg;40
65;37;6056;MANDRILLS BKB_6056_20201121_id6056_malinf_(2).jpg;28
63;37;6056;MANDRILLS BKB_6056_20201121_id6056_malinf_(2b).jpg;26
41;37;6056;MANDRILLS BKB_6056_20201121_id6056_malinf_(3).jpg;4
65;37;6056;MANDRILLS BKB_6056_20201121_id6056_malinf_(3b).jpg;28
68;37;6056;MANDRILLS BKB_6056_20201121_id6056_malinf_(4).jpg;31
78;37;6056;MANDRILLS BKB_6056_20201121_id6056_malinf_(5).jpg;41
81;37;6056;MANDRILLS BKB_6056_20201121_id6056_malinf_(6).jpg;44
44;41;6056;MANDRILLS BKB_6056_20201125_id6056_malinf_(1).jpg;3
72;41;6056;MANDRILLS BKB_6056_20201125_id6056_malinf_(2).jpg;31
58;41;6056;MANDRILLS BKB_6056_20201125_id6056_malinf_(3).jpg;17
129;59;6056;MANDRILLS BKB_6056_20201213_id6056_malinf_(1).jpg;70
95;59;6056;MANDRILLS BKB_6056_20201213_id6056_malinf_(2).jpg;36
102;62;6056;MANDRILLS BKB_6056_20201216_id6056_malinf_(1).jpg;40
79;62;6056;MANDRILLS BKB_6056_20201216_id6056_malinf_(2).jpg;17
95;62;6056;MANDRILLS BKB_6056_20201216_id6056_malinf_(3).jpg;33
38;62;6056;MANDRILLS BKB_6056_20201216_id6056_malinf_(4).jpg;24
59;62;6056;MANDRILLS BKB_6056_20201216_id6056_malinf_(5).jpg;3
77;62;6056;MANDRILLS BKB_6056_20201216_id6056_malinf_(6).jpg;15
105;62;6056;MANDRILLS BKB_6056_20201216_id6056_malinf_(7).jpg;43
92;68;6056;MANDRILLS BKB_6056_20201222_id6056_maljuv.jpg;24
97;74;6056;MANDRILLS BKB_6056_20201228_id6056_malinf.jpg;23
105;76;6056;MANDRILLS BKB_6056_20201230_id6056_malinf_(1).jpg;29
35;76;6056;MANDRILLS BKB_6056_20201230_id6056_malinf_(2).jpg;41
96;76;6056;MANDRILLS BKB_6056_20201230_id6056_malinf_(3).jpg;20
96;90;6056;MANDRILLS BKB_6056_20210113_id6056_malinf_(1).jpg;6
126;90;6056;MANDRILLS BKB_6056_20210113_id6056_malinf_(2).jpg;36
106;90;6056;MANDRILLS BKB_6056_20210113_id6056_malinf_(3).jpg;16
112;90;6056;MANDRILLS BKB_6056_20210113_id6056_malinf_(4).jpg;22
92;90;6056;MANDRILLS BKB_6056_20210113_id6056_malinf_(5).jpg;2
138;106;6056;MANDRILLS BKB_6056_20210129_id6056_malinf_(1).jpg;32
141;106;6056;MANDRILLS BKB_6056_20210129_id6056_malinf_(10).jpg;35
141;106;6056;MANDRILLS BKB_6056_20210129_id6056_malinf_(11).jpg;35
131;106;6056;MANDRILLS BKB_6056_20210129_id6056_malinf_(12).jpg;25
122;106;6056;MANDRILLS BKB_6056_20210129_id6056_malinf_(13).jpg;16
136;106;6056;MANDRILLS BKB_6056_20210129_id6056_malinf_(14).jpg;30
117;106;6056;MANDRILLS BKB_6056_20210129_id6056_malinf_(15).jpg;11
77;106;6056;MANDRILLS BKB_6056_20210129_id6056_malinf_(16).jpg;29
145;106;6056;MANDRILLS BKB_6056_20210129_id6056_malinf_(17).jpg;39
165;106;6056;MANDRILLS BKB_6056_20210129_id6056_malinf_(18).jpg;59
400;106;6056;MANDRILLS BKB_6056_20210129_id6056_malinf_(19).jpg;294
159;106;6056;MANDRILLS BKB_6056_20210129_id6056_malinf_(2).jpg;53
151;106;6056;MANDRILLS BKB_6056_20210129_id6056_malinf_(3).jpg;45
154;106;6056;MANDRILLS BKB_6056_20210129_id6056_malinf_(4).jpg;48
134;106;6056;MANDRILLS BKB_6056_20210129_id6056_malinf_(5).jpg;28
108;106;6056;MANDRILLS BKB_6056_20210129_id6056_malinf_(6).jpg;2
176;106;6056;MANDRILLS BKB_6056_20210129_id6056_malinf_(7).jpg;70
96;106;6056;MANDRILLS BKB_6056_20210129_id6056_malinf_(8).jpg;10
86;106;6056;MANDRILLS BKB_6056_20210129_id6056_malinf_(9).jpg;20
197;117;6056;MANDRILLS BKB_6056_20210209_id6056_malinf.jpg;80
181;126;6056;MANDRILLS BKB_6056_20210218_id6056_malinf_(1).jpg;55
178;126;6056;MANDRILLS BKB_6056_20210218_id6056_malinf_(2).jpg;52
239;126;6056;MANDRILLS BKB_6056_20210218_id6056_malinf_(3).jpg;113
214;126;6056;MANDRILLS BKB_6056_20210218_id6056_malinf_(4).jpg;88
95;126;6056;MANDRILLS BKB_6056_20210218_id6056_malinf_(5).jpg;31
286;168;6056;MANDRILLS BKB_6056_20210401_id6056_malinf.jpg;118
261;187;6056;MANDRILLS BKB_6056_20210420_id6056_malinf.jpg;74
255;190;6056;MANDRILLS BKB_6056_20210423_id6056_malinf_(1).jpg;65
281;190;6056;MANDRILLS BKB_6056_20210423_id6056_malinf_(2).jpg;91
294;190;6056;MANDRILLS BKB_6056_20210423_id6056_malinf_(3).jpg;104
252;190;6056;MANDRILLS BKB_6056_20210423_id6056_malinf_(4).jpg;62
389;327;6056;MANDRILLS BKB_6056_20210907_id6056_malinf (1).jpg;62
355;327;6056;MANDRILLS BKB_6056_20210907_id6056_malinf (2).jpg;28
443;330;6056;MANDRILLS BKB_6056_20210910_id6056_malinf (1).jpg;113
435;330;6056;MANDRILLS BKB_6056_20210910_id6056_malinf (3).jpg;105
442;353;6056;MANDRILLS BKB_6056_20211003_id6056_(2).jpg;89
395;372;6056;MANDRILLS BKB_6056_20211022_id6056_maljuv_(1).jpg;23
351;372;6056;MANDRILLS BKB_6056_20211022_id6056_maljuv_(2).jpg;21
432;372;6056;MANDRILLS BKB_6056_20211022_id6056_maljuv_(4).jpg;60
449;387;6056;MANDRILLS BKB_6056_20211106_id6056_maljuv_(1).jpg;62
445;387;6056;MANDRILLS BKB_6056_20211106_id6056_maljuv_(2).jpg;58
432;387;6056;MANDRILLS BKB_6056_20211106_id6056_maljuv_(3).jpg;45
480;428;6056;MANDRILLS BKB_6056_20211217_id6056_maljuv.jpg;52
463;464;6056;MANDRILLS BKB_6056_20220122_id6056.jpg;1
587;474;6056;MANDRILLS BKB_6056_20220201_id6056_maljuv.jpg;113
545;494;6056;MANDRILLS BKB_6056_20220221_id6056_maljuv (1).jpg;51
536;494;6056;MANDRILLS BKB_6056_20220221_id6056_maljuv (3).jpg;42
540;512;6056;MANDRILLS BKB_6056_20220311_id6056_maljuv (1).jpg;28
496;512;6056;MANDRILLS BKB_6056_20220311_id6056_maljuv (2).jpg;16
507;512;6056;MANDRILLS BKB_6056_20220311_id6056_maljuv (3).jpg;5
525;520;6056;MANDRILLS BKB_6056_20220319_id6056_maljuv (1).jpg;5
597;520;6056;MANDRILLS BKB_6056_20220319_id6056_maljuv (2).jpg;77
521;552;6056;MANDRILLS BKB_6056_20220420_id6056_maljuv (1).jpg;31
505;552;6056;MANDRILLS BKB_6056_20220420_id6056_maljuv (2).jpg;47
642;578;6056;MANDRILLS BKB_6056_20220516_id6056_maljuv.jpg;64
528;612;6056;MANDRILLS BKB_6056_20220619_id6056_maljuv (1).jpg;84
743;612;6056;MANDRILLS BKB_6056_20220619_id6056_maljuv (2).jpg;131
648;622;6056;MANDRILLS BKB_6056_20220629_id6056 (1).jpg;26
794;622;6056;MANDRILLS BKB_6056_20220629_id6056 (10).jpg;172
662;622;6056;MANDRILLS BKB_6056_20220629_id6056 (11).jpg;40
867;622;6056;MANDRILLS BKB_6056_20220629_id6056 (12).jpg;245
839;622;6056;MANDRILLS BKB_6056_20220629_id6056 (13).jpg;217
850;622;6056;MANDRILLS BKB_6056_20220629_id6056 (2).jpg;228
771;622;6056;MANDRILLS BKB_6056_20220629_id6056 (3).jpg;149
530;622;6056;MANDRILLS BKB_6056_20220629_id6056 (4).jpg;92
941;622;6056;MANDRILLS BKB_6056_20220629_id6056 (5).jpg;319
740;622;6056;MANDRILLS BKB_6056_20220629_id6056 (6).jpg;118
722;622;6056;MANDRILLS BKB_6056_20220629_id6056 (7).jpg;100
691;622;6056;MANDRILLS BKB_6056_20220629_id6056 (8).jpg;69
629;622;6056;MANDRILLS BKB_6056_20220629_id6056 (9).jpg;7
866;637;6056;MANDRILLS BKB_6056_20220714_id6056_maljuv (1).jpg;229
409;637;6056;MANDRILLS BKB_6056_20220714_id6056_maljuv (2).jpg;228
716;639;6056;MANDRILLS BKB_6056_20220716_id6056.jpg;77
795;677;6056;MANDRILLS BKB_6056_20220823_id6056.jpg;118
1094;680;6056;MANDRILLS BKB_6056_20220826_id6056 (1).jpg;414
806;680;6056;MANDRILLS BKB_6056_20220826_id6056 (2).jpg;126
765;681;6056;MANDRILLS BKB_6056_20220827_id6056.jpg;84
870;684;6056;MANDRILLS BKB_6056_20220830_id6056 (1).jpg;186
951;684;6056;MANDRILLS BKB_6056_20220830_id6056 (2).jpg;267
709;703;6056;MANDRILLS BKB_6056_20220918_id6056 (1).jpg;6
791;703;6056;MANDRILLS BKB_6056_20220918_id6056 (2).jpg;88
691;703;6056;MANDRILLS BKB_6056_20220918_id6056 (3).jpg;12
786;706;6056;MANDRILLS BKB_6056_20220921_id6056.jpg;80
724;746;6056;MANDRILLS BKB_6056_20221031_id6056 (1).jpg;22
943;746;6056;MANDRILLS BKB_6056_20221031_id6056 (2).jpg;197
716;746;6056;MANDRILLS BKB_6056_20221031_id6056 (3).jpg;30
1021;767;6056;MANDRILLS BKB_6056_20221121_id6056 (2).jpg;254
1367;767;6056;MANDRILLS BKB_6056_20221121_id6056.jpg;600
987;785;6056;MANDRILLS BKB_6056_20221209_id6056 (1).jpg;202
928;785;6056;MANDRILLS BKB_6056_20221209_id6056 (2).jpg;143
1040;785;6056;MANDRILLS BKB_6056_20221209_id6056 (3).jpg;255
1170;785;6056;MANDRILLS BKB_6056_20221209_id6056 (5).jpg;385
1140;790;6056;MANDRILLS BKB_6056_20221214_id6056.jpg;350
33;0;6076;MANDRILLS BKB_6076_20201104_id6076_feminf.jpg;33
27;2;6076;MANDRILLS BKB_6076_20201106_id6076_feminf_(1).jpg;25
-32;2;6076;MANDRILLS BKB_6076_20201106_id6076_feminf_(2).jpg;34
16;2;6076;MANDRILLS BKB_6076_20201106_id6076_feminf_(3).jpg;14
29;2;6076;MANDRILLS BKB_6076_20201106_id6076_feminf_(4).jpg;27
10;2;6076;MANDRILLS BKB_6076_20201106_id6076_feminf_(5).jpg;8
9;2;6076;MANDRILLS BKB_6076_20201106_id6076_feminf_(6).jpg;7
49;19;6076;MANDRILLS BKB_6076_20201123_id6076_feminf_(2).jpg;30
25;19;6076;MANDRILLS BKB_6076_20201123_id6076_feminf_(3).jpg;6
44;19;6076;MANDRILLS BKB_6076_20201123_id6076_feminf_(4).jpg;25
15;20;6076;MANDRILLS BKB_6076_20201124_id6076_feminf_(1).jpg;5
3;20;6076;MANDRILLS BKB_6076_20201124_id6076_feminf_(1b).jpg;17
8;20;6076;MANDRILLS BKB_6076_20201124_id6076_feminf_(2).jpg;12
-10;20;6076;MANDRILLS BKB_6076_20201124_id6076_feminf_(2b).jpg;30
66;20;6076;MANDRILLS BKB_6076_20201124_id6076_feminf_(3).jpg;46
49;20;6076;MANDRILLS BKB_6076_20201124_id6076_feminf_(4).jpg;29
33;20;6076;MANDRILLS BKB_6076_20201124_id6076_feminf_(5).jpg;13
50;39;6076;MANDRILLS BKB_6076_20201213_id6076_feminf.jpg;11
59;42;6076;MANDRILLS BKB_6076_20201216_id6076_feminf_(1).jpg;17
57;42;6076;MANDRILLS BKB_6076_20201216_id6076_feminf_(2).jpg;15
49;42;6076;MANDRILLS BKB_6076_20201216_id6076_feminf_(3).jpg;7
46;42;6076;MANDRILLS BKB_6076_20201216_id6076_feminf_(4).jpg;4
68;42;6076;MANDRILLS BKB_6076_20201216_id6076_feminf_(5).jpg;26
54;43;6076;MANDRILLS BKB_6076_20201217_id6076_feminf.jpg;11
60;48;6076;MANDRILLS BKB_6076_20201222_id6076_feminf.jpg;12
24;54;6076;MANDRILLS BKB_6076_20201228_id6076_feminf_(1).jpg;30
49;54;6076;MANDRILLS BKB_6076_20201228_id6076_feminf_(2).jpg;5
76;56;6076;MANDRILLS BKB_6076_20201230_id6076_feminf_(1).jpg;20
82;56;6076;MANDRILLS BKB_6076_20201230_id6076_feminf_(10).jpg;26
91;56;6076;MANDRILLS BKB_6076_20201230_id6076_feminf_(2).jpg;35
71;56;6076;MANDRILLS BKB_6076_20201230_id6076_feminf_(3).jpg;15
80;56;6076;MANDRILLS BKB_6076_20201230_id6076_feminf_(4).jpg;24
90;56;6076;MANDRILLS BKB_6076_20201230_id6076_feminf_(5).jpg;34
63;56;6076;MANDRILLS BKB_6076_20201230_id6076_feminf_(6).jpg;7
89;56;6076;MANDRILLS BKB_6076_20201230_id6076_feminf_(7).jpg;33
75;56;6076;MANDRILLS BKB_6076_20201230_id6076_feminf_(8).jpg;19
62;56;6076;MANDRILLS BKB_6076_20201230_id6076_feminf_(9).jpg;6
77;73;6076;MANDRILLS BKB_6076_20210116_id6076_feminf_(1).jpg;4
87;73;6076;MANDRILLS BKB_6076_20210116_id6076_feminf_(2).jpg;14
60;73;6076;MANDRILLS BKB_6076_20210116_id6076_feminf_(3).jpg;13
103;78;6076;MANDRILLS BKB_6076_20210121_id6076_feminf_(1).jpg;25
86;78;6076;MANDRILLS BKB_6076_20210121_id6076_feminf_(2).jpg;8
115;78;6076;MANDRILLS BKB_6076_20210121_id6076_feminf_(3).jpg;37
101;78;6076;MANDRILLS BKB_6076_20210121_id6076_feminf_(4).jpg;23
111;78;6076;MANDRILLS BKB_6076_20210121_id6076_feminf_(5).jpg;33
78;86;6076;MANDRILLS BKB_6076_20210129_id6076_femjuv_(1).jpg;8
83;86;6076;MANDRILLS BKB_6076_20210129_id6076_femjuv_(2).jpg;3
120;86;6076;MANDRILLS BKB_6076_20210129_id6076_femjuv_(3).jpg;34
115;86;6076;MANDRILLS BKB_6076_20210129_id6076_femjuv_(4).jpg;29
81;86;6076;MANDRILLS BKB_6076_20210129_id6076_femjuv_(5).jpg;5
106;86;6076;MANDRILLS BKB_6076_20210129_id6076_femjuv_(6).jpg;20
94;102;6076;MANDRILLS BKB_6076_20210214_id6076_feminf.jpg;8
119;121;6076;MANDRILLS BKB_6076_20210305_id6076_feminf.jpg;2
23;124;6076;MANDRILLS BKB_6076_20210308_id6076_feminf_(1).jpg;101
132;124;6076;MANDRILLS BKB_6076_20210308_id6076_feminf_(2).jpg;8
159;124;6076;MANDRILLS BKB_6076_20210308_id6076_feminf_(3).jpg;35
119;149;6076;MANDRILLS BKB_6076_20210402_id6076_feminf_(1).jpg;30
156;149;6076;MANDRILLS BKB_6076_20210402_id6076_feminf_(2).jpg;7
137;149;6076;MANDRILLS BKB_6076_20210402_id6076_feminf_(3).jpg;12
212;167;6076;MANDRILLS BKB_6076_20210420_id6076_feminf_(1).jpg;45
224;167;6076;MANDRILLS BKB_6076_20210420_id6076_feminf_(2).jpg;57
279;188;6076;MANDRILLS BKB_6076_20210511_id6076_feminf_(1).jpg;91
250;188;6076;MANDRILLS BKB_6076_20210511_id6076_feminf_(2).jpg;62
282;188;6076;MANDRILLS BKB_6076_20210511_id6076_feminf_(3).jpg;94
229;189;6076;MANDRILLS BKB_6076_20210512_id6076_feminf.jpg;40
218;190;6076;MANDRILLS BKB_6076_20210513_id6076_feminf_(1).jpg;28
273;190;6076;MANDRILLS BKB_6076_20210513_id6076_feminf_(10).jpg;83
241;190;6076;MANDRILLS BKB_6076_20210513_id6076_feminf_(11).jpg;51
266;190;6076;MANDRILLS BKB_6076_20210513_id6076_feminf_(12).jpg;76
235;190;6076;MANDRILLS BKB_6076_20210513_id6076_feminf_(13).jpg;45
276;190;6076;MANDRILLS BKB_6076_20210513_id6076_feminf_(14).jpg;86
256;190;6076;MANDRILLS BKB_6076_20210513_id6076_feminf_(15).jpg;66
306;190;6076;MANDRILLS BKB_6076_20210513_id6076_feminf_(16).jpg;116
259;190;6076;MANDRILLS BKB_6076_20210513_id6076_feminf_(17).jpg;69
243;190;6076;MANDRILLS BKB_6076_20210513_id6076_feminf_(18).jpg;53
228;190;6076;MANDRILLS BKB_6076_20210513_id6076_feminf_(19).jpg;38
202;190;6076;MANDRILLS BKB_6076_20210513_id6076_feminf_(2).jpg;12
260;190;6076;MANDRILLS BKB_6076_20210513_id6076_feminf_(20).jpg;70
242;190;6076;MANDRILLS BKB_6076_20210513_id6076_feminf_(21).jpg;52
267;190;6076;MANDRILLS BKB_6076_20210513_id6076_feminf_(3).jpg;77
202;190;6076;MANDRILLS BKB_6076_20210513_id6076_feminf_(4).jpg;12
187;190;6076;MANDRILLS BKB_6076_20210513_id6076_feminf_(5).jpg;3
193;190;6076;MANDRILLS BKB_6076_20210513_id6076_feminf_(6).jpg;3
261;190;6076;MANDRILLS BKB_6076_20210513_id6076_feminf_(7).jpg;71
248;190;6076;MANDRILLS BKB_6076_20210513_id6076_feminf_(8).jpg;58
250;190;6076;MANDRILLS BKB_6076_20210513_id6076_feminf_(9).jpg;60
242;244;6076;MANDRILLS BKB_6076_20210706_id6076_feminf_(1).jpg;2
273;244;6076;MANDRILLS BKB_6076_20210706_id6076_feminf_(2).jpg;29
258;244;6076;MANDRILLS BKB_6076_20210706_id6076_feminf_(3).jpg;14
270;244;6076;MANDRILLS BKB_6076_20210706_id6076_feminf_(4).jpg;26
258;244;6076;MANDRILLS BKB_6076_20210706_id6076_feminf_(5).jpg;14
253;244;6076;MANDRILLS BKB_6076_20210706_id6076_feminf_(6).jpg;9
264;244;6076;MANDRILLS BKB_6076_20210706_id6076_feminf_(7).jpg;20
281;244;6076;MANDRILLS BKB_6076_20210706_id6076_feminf_(9).jpg;37
284;249;6076;MANDRILLS BKB_6076_20210711_id6076_feminf_(1).jpg;35
275;249;6076;MANDRILLS BKB_6076_20210711_id6076_feminf_(2).jpg;26
301;251;6076;MANDRILLS BKB_6076_20210713_id6076_feminf.jpg;50
309;259;6076;MANDRILLS BKB_6076_20210721_id6076_feminf_(1).jpg;50
283;259;6076;MANDRILLS BKB_6076_20210721_id6076_feminf_(2).jpg;24
299;259;6076;MANDRILLS BKB_6076_20210721_id6076_feminf_(3).jpg;40
337;264;6076;MANDRILLS BKB_6076_20210726_id6076_feminf_(1).jpg;73
310;264;6076;MANDRILLS BKB_6076_20210726_id6076_feminf_(2).jpg;46
232;264;6076;MANDRILLS BKB_6076_20210726_id6076_feminf_(3).jpg;32
250;264;6076;MANDRILLS BKB_6076_20210726_id6076_feminf_(4).jpg;14
272;264;6076;MANDRILLS BKB_6076_20210726_id6076_feminf_(5).jpg;8
318;264;6076;MANDRILLS BKB_6076_20210726_id6076_feminf_(6).jpg;54
354;264;6076;MANDRILLS BKB_6076_20210726_id6076_feminf_(7).jpg;90
272;264;6076;MANDRILLS BKB_6076_20210726_id6076_feminf_(8).jpg;8
249;264;6076;MANDRILLS BKB_6076_20210726_id6076_feminf_(9).jpg;15
327;304;6076;MANDRILLS BKB_6076_20210904_id6076_feminf (1).jpg;23
261;304;6076;MANDRILLS BKB_6076_20210904_id6076_feminf (2).jpg;43
319;310;6076;MANDRILLS BKB_6076_20210910_id6076_feminf (1).jpg;9
302;310;6076;MANDRILLS BKB_6076_20210910_id6076_feminf (2).jpg;8
322;310;6076;MANDRILLS BKB_6076_20210910_id6076_feminf (3).jpg;12
371;316;6076;MANDRILLS BKB_6076_20210916_id6076_feminf.jpg;55
383;319;6076;MANDRILLS BKB_6076_20210919_id6076_feminf.jpg;64
297;321;6076;MANDRILLS BKB_6076_20210921_id6076_feminf (1).jpg;24
307;321;6076;MANDRILLS BKB_6076_20210921_id6076_feminf (2).jpg;14
330;321;6076;MANDRILLS BKB_6076_20210921_id6076_feminf (3).jpg;9
374;321;6076;MANDRILLS BKB_6076_20210921_id6076_feminf (4).jpg;53
341;321;6076;MANDRILLS BKB_6076_20210921_id6076_feminf (5).jpg;20
280;321;6076;MANDRILLS BKB_6076_20210921_id6076_feminf_(2).jpg;41
330;335;6076;MANDRILLS BKB_6076_20211005_id6076_feminf_(1).jpg;5
344;335;6076;MANDRILLS BKB_6076_20211005_id6076_feminf_(2).jpg;9
342;337;6076;MANDRILLS BKB_6076_20211007_id6076_feminf.jpg;5
437;367;6076;MANDRILLS BKB_6076_20211106_id6076_femjuv.jpg;70
375;369;6076;MANDRILLS BKB_6076_20211108_id6076_femjuv_(1).jpg;6
429;369;6076;MANDRILLS BKB_6076_20211108_id6076_femjuv_(2).jpg;60
409;369;6076;MANDRILLS BKB_6076_20211108_id6076_femjuv_(3).jpg;40
387;369;6076;MANDRILLS BKB_6076_20211108_id6076_femjuv_(4).jpg;18
375;369;6076;MANDRILLS BKB_6076_20211108_id6076_femjuv_(5).jpg;6
382;387;6076;MANDRILLS BKB_6076_20211126_id6076_femjuv.jpg;5
443;408;6076;MANDRILLS BKB_6076_20211217_id6076_femjuv_(1).jpg;35
505;408;6076;MANDRILLS BKB_6076_20211217_id6076_femjuv_(2).jpg;97
365;408;6076;MANDRILLS BKB_6076_20211217_id6076_femjuv_(3).jpg;43
376;410;6076;MANDRILLS BKB_6076_20211219_id6076_femjuv.jpg;34
549;417;6076;MANDRILLS BKB_6076_20211226_id6076_femjuv.jpg;132
436;451;6076;MANDRILLS BKB_6076_20220129_id6076_1.jpg;15
443;451;6076;MANDRILLS BKB_6076_20220129_id6076_2.jpg;8
613;454;6076;MANDRILLS BKB_6076_20220201_id6076_femjuv.jpg;159
510;474;6076;MANDRILLS BKB_6076_20220221_id6076_femjuv (1).jpg;36
622;474;6076;MANDRILLS BKB_6076_20220221_id6076_femjuv (2).jpg;148
474;474;6076;MANDRILLS BKB_6076_20220221_id6076_femjuv (3).jpg;0
474;479;6076;MANDRILLS BKB_6076_20220226_id6076 (1).jpg;5
518;479;6076;MANDRILLS BKB_6076_20220226_id6076 (2).jpg;39
475;479;6076;MANDRILLS BKB_6076_20220226_id6076 (3).jpg;4
391;479;6076;MANDRILLS BKB_6076_20220226_id6076 (4).jpg;88
413;488;6076;MANDRILLS BKB_6076_20220307_id6076 (1).jpg;75
461;488;6076;MANDRILLS BKB_6076_20220307_id6076 (2).jpg;27
517;488;6076;MANDRILLS BKB_6076_20220307_id6076 (3).jpg;29
428;488;6076;MANDRILLS BKB_6076_20220307_id6076 (4).jpg;60
449;488;6076;MANDRILLS BKB_6076_20220307_id6076 (5).jpg;39
436;495;6076;MANDRILLS BKB_6076_20220314_id6076_femjuv.jpg;59
688;558;6076;MANDRILLS BKB_6076_20220516_id6076_femjuv (1).jpg;130
573;558;6076;MANDRILLS BKB_6076_20220516_id6076_femjuv (2).jpg;15
393;558;6076;MANDRILLS BKB_6076_20220516_id6076_femjuv.jpg;165
568;568;6076;MANDRILLS BKB_6076_20220526_id6076_femjuv.jpg;0
493;572;6076;MANDRILLS BKB_6076_20220530_id6076_femjuv (1).jpg;79
567;572;6076;MANDRILLS BKB_6076_20220530_id6076_femjuv (2).jpg;5
529;572;6076;MANDRILLS BKB_6076_20220530_id6076_femjuv (3).jpg;43
664;572;6076;MANDRILLS BKB_6076_20220530_id6076_femjuv (4).jpg;92
574;572;6076;MANDRILLS BKB_6076_20220530_id6076_femjuv (5).jpg;2
585;574;6076;MANDRILLS BKB_6076_20220601_id6076_femjuv.jpg;11
636;590;6076;MANDRILLS BKB_6076_20220617_id6076_femjuv (2).jpg;46
591;590;6076;MANDRILLS BKB_6076_20220617_id6076_femjuv.jpg;1
563;602;6076;MANDRILLS BKB_6076_20220629_id6076 (1).jpg;39
708;602;6076;MANDRILLS BKB_6076_20220629_id6076 (2).jpg;106
453;602;6076;MANDRILLS BKB_6076_20220629_id6076 (3).jpg;149
597;602;6076;MANDRILLS BKB_6076_20220629_id6076.jpg;5
537;603;6076;MANDRILLS BKB_6076_20220630_id6076.jpg;66
584;617;6076;MANDRILLS BKB_6076_20220714_id6076_femjuv.jpg;33
565;619;6076;MANDRILLS BKB_6076_20220716_id6076 (2).jpg;54
620;619;6076;MANDRILLS BKB_6076_20220716_id6076.jpg;1
861;619;6076;MANDRILLS BKB_6076_20220716_id6076_femjuv (2).jpg;242
563;627;6076;MANDRILLS BKB_6076_20220724_id6076 (1).jpg;64
580;627;6076;MANDRILLS BKB_6076_20220724_id6076 (2).jpg;47
643;632;6076;MANDRILLS BKB_6076_20220729_id6076 (1).jpg;11
637;632;6076;MANDRILLS BKB_6076_20220729_id6076 (2).jpg;5
697;646;6076;MANDRILLS BKB_6076_20220812_id6076.jpg;51
612;660;6076;MANDRILLS BKB_6076_20220826_id6076 (1).jpg;48
608;660;6076;MANDRILLS BKB_6076_20220826_id6076 (2).jpg;52
651;660;6076;MANDRILLS BKB_6076_20220826_id6076.jpg;9
639;661;6076;MANDRILLS BKB_6076_20220827_id6076.jpg;22
574;669;6076;MANDRILLS BKB_6076_20220904_id6076 (1).jpg;95
552;669;6076;MANDRILLS BKB_6076_20220904_id6076 (2).jpg;117
608;673;6076;MANDRILLS BKB_6076_20220908_id6076.jpg;65
573;676;6076;MANDRILLS BKB_6076_20220911_id6076.jpg;103
656;677;6076;MANDRILLS BKB_6076_20220912_id6076.jpg;21
548;700;6076;MANDRILLS BKB_6076_20221005_id6076 (1).jpg;152
775;700;6076;MANDRILLS BKB_6076_20221005_id6076 (2).jpg;75
774;714;6076;MANDRILLS BKB_6076_20221019_id6076 (2).jpg;60
700;714;6076;MANDRILLS BKB_6076_20221019_id6076 (3).jpg;14
718;714;6076;MANDRILLS BKB_6076_20221019_id6076.jpg;4
671;756;6076;MANDRILLS BKB_6076_20221130_id6076.jpg;85
832;766;6076;MANDRILLS BKB_6076_20221210_id6076.jpg;66
854;774;6076;MANDRILLS BKB_6076_20221218_id6076 (1).jpg;80
746;774;6076;MANDRILLS BKB_6076_20221218_id6076 (2).jpg;28
757;774;6076;MANDRILLS BKB_6076_20221218_id6076 (3).jpg;17
732;774;6076;MANDRILLS BKB_6076_20221218_id6076.jpg;42
42;4;6080;MANDRILLS BKB_6080_20210217_id6080_malinf_(1).jpg;38
25;4;6080;MANDRILLS BKB_6080_20210217_id6080_malinf_(2).jpg;21
60;16;6094;MANDRILLS BKB_6094_20210116_id6094_malinf_(1).jpg;44
27;16;6094;MANDRILLS BKB_6094_20210116_id6094_malinf_(2).jpg;11
38;16;6094;MANDRILLS BKB_6094_20210116_id6094_malinf_(3).jpg;22
46;25;6094;MANDRILLS BKB_6094_20210125_id6094_malinf.jpg;21
53;26;6094;MANDRILLS BKB_6094_20210126_id6094_malinf_(1).jpg;27
38;26;6094;MANDRILLS BKB_6094_20210126_id6094_malinf_(2).jpg;12
37;26;6094;MANDRILLS BKB_6094_20210126_id6094_malinf_(3).jpg;11
70;26;6094;MANDRILLS BKB_6094_20210126_id6094_malinf_(4).jpg;44
45;26;6094;MANDRILLS BKB_6094_20210126_id6094_malinf_(5).jpg;19
39;28;6094;MANDRILLS BKB_6094_20210128_id6094_malinf.jpg;11
36;29;6094;MANDRILLS BKB_6094_20210129_id6094_malinf.jpg;7
44;34;6094;MANDRILLS BKB_6094_20210203_id6094_malinf_(1).jpg;10
46;34;6094;MANDRILLS BKB_6094_20210203_id6094_malinf_(2).jpg;12
43;37;6094;MANDRILLS BKB_6094_20210206_id6094_malinf_(1).jpg;6
25;37;6094;MANDRILLS BKB_6094_20210206_id6094_malinf_(2).jpg;12
54;37;6094;MANDRILLS BKB_6094_20210206_id6094_malinf_(3).jpg;17
57;37;6094;MANDRILLS BKB_6094_20210206_id6094_malinf_(4).jpg;20
45;37;6094;MANDRILLS BKB_6094_20210206_id6094_malinf_(5).jpg;8
40;37;6094;MANDRILLS BKB_6094_20210206_id6094_malinf_(6).jpg;3
54;40;6094;MANDRILLS BKB_6094_20210209_id6094_malinf.jpg;14
20;43;6094;MANDRILLS BKB_6094_20210212_id6094_malinf_(1).jpg;23
64;43;6094;MANDRILLS BKB_6094_20210212_id6094_malinf_(2).jpg;21
27;43;6094;MANDRILLS BKB_6094_20210212_id6094_malinf_(3).jpg;16
32;43;6094;MANDRILLS BKB_6094_20210212_id6094_malinf_(4).jpg;11
53;43;6094;MANDRILLS BKB_6094_20210212_id6094_malinf_(5).jpg;10
25;43;6094;MANDRILLS BKB_6094_20210212_id6094_malinf_(6).jpg;18
50;48;6094;MANDRILLS BKB_6094_20210217_id6094_malinf_(1).jpg;2
59;48;6094;MANDRILLS BKB_6094_20210217_id6094_malinf_(2).jpg;11
58;48;6094;MANDRILLS BKB_6094_20210217_id6094_malinf_(3).jpg;10
61;48;6094;MANDRILLS BKB_6094_20210217_id6094_malinf_(4).jpg;13
48;48;6094;MANDRILLS BKB_6094_20210217_id6094_malinf_(5).jpg;0
66;48;6094;MANDRILLS BKB_6094_20210217_id6094_malinf_(6).jpg;18
65;49;6094;MANDRILLS BKB_6094_20210218_id6094_malinf_(1).jpg;16
69;49;6094;MANDRILLS BKB_6094_20210218_id6094_malinf_(2).jpg;20
49;49;6094;MANDRILLS BKB_6094_20210218_id6094_malinf_(3).jpg;0
65;49;6094;MANDRILLS BKB_6094_20210218_id6094_malinf_(4).jpg;16
47;49;6094;MANDRILLS BKB_6094_20210218_id6094_malinf_(5).jpg;2
56;49;6094;MANDRILLS BKB_6094_20210218_id6094_malinf_(6).jpg;7
54;49;6094;MANDRILLS BKB_6094_20210218_id6094_malinf_(7).jpg;5
97;84;6094;MANDRILLS BKB_6094_20210325_id6094_malinf_(1).jpg;13
51;84;6094;MANDRILLS BKB_6094_20210325_id6094_malinf_(2).jpg;33
52;92;6094;MANDRILLS BKB_6094_20210402_id6094_malinf.jpg;40
90;92;6094;MANDRILLS BKB_6094_20210402_id6094_malinf_(1).jpg;2
79;92;6094;MANDRILLS BKB_6094_20210402_id6094_malinf_(2).jpg;13
96;92;6094;MANDRILLS BKB_6094_20210402_id6094_malinf_(3).jpg;4
91;92;6094;MANDRILLS BKB_6094_20210402_id6094_malinf_(4).jpg;1
78;92;6094;MANDRILLS BKB_6094_20210402_id6094_malinf_(5).jpg;14
75;92;6094;MANDRILLS BKB_6094_20210402_id6094_malinf_(6).jpg;17
68;97;6094;MANDRILLS BKB_6094_20210407_id6094_malinf.jpg;29
103;110;6094;MANDRILLS BKB_6094_20210420_id6094_malinf_(1).jpg;7
99;110;6094;MANDRILLS BKB_6094_20210420_id6094_malinf_(2).jpg;11
84;110;6094;MANDRILLS BKB_6094_20210420_id6094_malinf_(3).jpg;26
246;264;6094;MANDRILLS BKB_6094_20210921_id6094_malinf_(3).jpg;18
291;292;6094;MANDRILLS BKB_6094_20211019_id6094_malinf.jpg;1
202;312;6094;MANDRILLS BKB_6094_20211108_id6094_malinf_(1).jpg;110
432;312;6094;MANDRILLS BKB_6094_20211108_id6094_malinf_(2).jpg;120
558;412;6094;MANDRILLS BKB_6094_20220216_id6094_maljuv (1).jpg;146
472;412;6094;MANDRILLS BKB_6094_20220216_id6094_maljuv (2).jpg;60
491;412;6094;MANDRILLS BKB_6094_20220216_id6094_maljuv (3).jpg;79
590;422;6094;MANDRILLS BKB_6094_20220226_id6094_maljuv (2).jpg;168
501;422;6094;MANDRILLS BKB_6094_20220226_id6094_maljuv (3).jpg;79
513;422;6094;MANDRILLS BKB_6094_20220226_id6094_maljuv (4).jpg;91
501;435;6094;MANDRILLS BKB_6094_20220311_id6094_maljuv (1).jpg;66
402;435;6094;MANDRILLS BKB_6094_20220311_id6094_maljuv (2).jpg;33
481;448;6094;MANDRILLS BKB_6094_20220324_id6094_maljuv (1).jpg;33
289;448;6094;MANDRILLS BKB_6094_20220324_id6094_maljuv (2).jpg;159
405;448;6094;MANDRILLS BKB_6094_20220324_id6094_maljuv (3).jpg;43
536;448;6094;MANDRILLS BKB_6094_20220324_id6094_maljuv (4).jpg;88
535;448;6094;MANDRILLS BKB_6094_20220324_id6094_maljuv (5).jpg;87
463;456;6094;MANDRILLS BKB_6094_20220401_id6094_maljuv (1).jpg;7
642;456;6094;MANDRILLS BKB_6094_20220401_id6094_maljuv (2).jpg;186
645;456;6094;MANDRILLS BKB_6094_20220401_id6094_maljuv (3).jpg;189
554;456;6094;MANDRILLS BKB_6094_20220401_id6094_maljuv (4).jpg;98
558;456;6094;MANDRILLS BKB_6094_20220401_id6094_maljuv (5).jpg;102
522;456;6094;MANDRILLS BKB_6094_20220401_id6094_maljuv (7).jpg;66
794;511;6094;MANDRILLS BKB_6094_20220526_id6094_maljuv.jpg;283
695;540;6094;MANDRILLS BKB_6094_20220624_id6094_maljuv (1).jpg;155
641;540;6094;MANDRILLS BKB_6094_20220624_id6094_maljuv (2).jpg;101
456;540;6094;MANDRILLS BKB_6094_20220624_id6094_maljuv (3).jpg;84
643;540;6094;MANDRILLS BKB_6094_20220624_id6094_maljuv (4).jpg;103
501;540;6094;MANDRILLS BKB_6094_20220624_id6094_maljuv (5).jpg;39
564;545;6094;MANDRILLS BKB_6094_20220629_id6094.jpg;19
674;559;6094;MANDRILLS BKB_6094_20220713_id6094 (2).jpg;115
558;559;6094;MANDRILLS BKB_6094_20220713_id6094 (3).jpg;1
563;562;6094;MANDRILLS BKB_6094_20220716_id6094_maljuv (1).jpg;1
808;562;6094;MANDRILLS BKB_6094_20220716_id6094_maljuv (2).jpg;246
545;562;6094;MANDRILLS BKB_6094_20220716_id6094_maljuv.jpg;17
498;589;6094;MANDRILLS BKB_6094_20220812_id6094 (1).jpg;91
646;589;6094;MANDRILLS BKB_6094_20220812_id6094 (2).jpg;57
597;589;6094;MANDRILLS BKB_6094_20220812_id6094 (3).jpg;8
532;589;6094;MANDRILLS BKB_6094_20220812_id6094 (5).jpg;57
569;603;6094;MANDRILLS BKB_6094_20220826_id6094.jpg;34
625;619;6094;MANDRILLS BKB_6094_20220911_id6094 (2).jpg;6
732;620;6094;MANDRILLS BKB_6094_20220912_id6094 (1).jpg;112
805;620;6094;MANDRILLS BKB_6094_20220912_id6094 (2).jpg;185
770;636;6094;MANDRILLS BKB_6094_20220928_id6094 (2).jpg;134
744;636;6094;MANDRILLS BKB_6094_20220928_id6094.jpg;108
863;657;6094;MANDRILLS BKB_6094_20221019_id6094 (1).jpg;206
747;657;6094;MANDRILLS BKB_6094_20221019_id6094 (2).jpg;90
631;659;6094;MANDRILLS BKB_6094_20221021_id6094.jpg;28
724;678;6094;MANDRILLS BKB_6094_20221109_id6094.jpg;46
775;709;6094;MANDRILLS BKB_6094_20221210_id6094.jpg;66
693;723;6094;MANDRILLS BKB_6094_20221224_id6094.jpg;30
11;4;6139;MANDRILLS BKB_6139_20210221_id6139_malinf.jpg;7
52;12;6139;MANDRILLS BKB_6139_20210301_id6139_malinf_(1).jpg;40
56;12;6139;MANDRILLS BKB_6139_20210301_id6139_malinf_(2).jpg;44
30;12;6139;MANDRILLS BKB_6139_20210301_id6139_malinf_(3).jpg;18
25;16;6139;MANDRILLS BKB_6139_20210305_id6139_malinf_(1).jpg;9
32;16;6139;MANDRILLS BKB_6139_20210305_id6139_malinf_(2).jpg;16
31;16;6139;MANDRILLS BKB_6139_20210305_id6139_malinf_(3).jpg;15
32;16;6139;MANDRILLS BKB_6139_20210305_id6139_malinf_(4).jpg;16
53;40;6139;MANDRILLS BKB_6139_20210329_id6139_malinf_(1).jpg;13
62;40;6139;MANDRILLS BKB_6139_20210329_id6139_malinf_(10).jpg;22
52;40;6139;MANDRILLS BKB_6139_20210329_id6139_malinf_(11).jpg;12
44;40;6139;MANDRILLS BKB_6139_20210329_id6139_malinf_(12).jpg;4
57;40;6139;MANDRILLS BKB_6139_20210329_id6139_malinf_(13).jpg;17
41;40;6139;MANDRILLS BKB_6139_20210329_id6139_malinf_(14).jpg;1
46;40;6139;MANDRILLS BKB_6139_20210329_id6139_malinf_(15).jpg;6
60;40;6139;MANDRILLS BKB_6139_20210329_id6139_malinf_(2).jpg;20
49;40;6139;MANDRILLS BKB_6139_20210329_id6139_malinf_(3).jpg;9
62;40;6139;MANDRILLS BKB_6139_20210329_id6139_malinf_(4).jpg;22
59;40;6139;MANDRILLS BKB_6139_20210329_id6139_malinf_(5).jpg;19
59;40;6139;MANDRILLS BKB_6139_20210329_id6139_malinf_(6).jpg;19
45;40;6139;MANDRILLS BKB_6139_20210329_id6139_malinf_(7).jpg;5
54;40;6139;MANDRILLS BKB_6139_20210329_id6139_malinf_(8).jpg;14
46;40;6139;MANDRILLS BKB_6139_20210329_id6139_malinf_(9).jpg;6
54;44;6139;MANDRILLS BKB_6139_20210402_id6139_malinf.jpg;10
46;47;6139;MANDRILLS BKB_6139_20210405_id6139_malinf_(1).jpg;1
27;47;6139;MANDRILLS BKB_6139_20210405_id6139_malinf_(2).jpg;20
54;52;6139;MANDRILLS BKB_6139_20210410_id6139_malinf_(1).jpg;2
59;52;6139;MANDRILLS BKB_6139_20210410_id6139_malinf_(2).jpg;7
52;52;6139;MANDRILLS BKB_6139_20210410_id6139_malinf_(3).jpg;0
61;52;6139;MANDRILLS BKB_6139_20210410_id6139_malinf_(4).jpg;9
85;52;6139;MANDRILLS BKB_6139_20210410_id6139_malinf_(5).jpg;33
59;52;6139;MANDRILLS BKB_6139_20210410_id6139_malinf_(6).jpg;7
50;52;6139;MANDRILLS BKB_6139_20210410_id6139_malinf_(7).jpg;2
41;52;6139;MANDRILLS BKB_6139_20210410_id6139_malinf_(8).jpg;11
102;62;6139;MANDRILLS BKB_6139_20210420_id6139_malinf.jpg;40
221;151;6139;MANDRILLS BKB_6139_20210718_id6139_malinf_(1).jpg;70
192;151;6139;MANDRILLS BKB_6139_20210718_id6139_malinf_(2).jpg;41
291;151;6139;MANDRILLS BKB_6139_20210718_id6139_malinf_(3).jpg;140
207;151;6139;MANDRILLS BKB_6139_20210718_id6139_malinf_(4).jpg;56
215;154;6139;MANDRILLS BKB_6139_20210721_id6139_malinf.jpg;61
365;156;6139;MANDRILLS BKB_6139_20210723_id6139_malinf_(1).jpg;209
275;156;6139;MANDRILLS BKB_6139_20210723_id6139_malinf_(2).jpg;119
225;156;6139;MANDRILLS BKB_6139_20210723_id6139_malinf_(3).jpg;69
228;159;6139;MANDRILLS BKB_6139_20210726_id6139_malinf_(1).jpg;69
201;159;6139;MANDRILLS BKB_6139_20210726_id6139_malinf_(2).jpg;42
329;247;6139;MANDRILLS BKB_6139_20211022_id6139_malinf_(2).jpg;82
251;247;6139;MANDRILLS BKB_6139_20211022_id6139_malinf_(3).jpg;4
425;249;6139;MANDRILLS BKB_6139_20211024_id6139_malinf.jpg;176
539;343;6139;MANDRILLS BKB_6139_20220126_id6139 (1).jpg;196
530;343;6139;MANDRILLS BKB_6139_20220126_id6139 (2).jpg;187
515;343;6139;MANDRILLS BKB_6139_20220126_id6139 (3).jpg;172
485;354;6139;MANDRILLS BKB_6139_20220206_id6139_maljuv (1).jpg;131
544;354;6139;MANDRILLS BKB_6139_20220206_id6139_maljuv (2).jpg;190
615;354;6139;MANDRILLS BKB_6139_20220206_id6139_maljuv (3).jpg;261
724;380;6139;MANDRILLS BKB_6139_20220304_id6139_maljuv (1).jpg;344
607;380;6139;MANDRILLS BKB_6139_20220304_id6139_maljuv (2).jpg;227
638;386;6139;MANDRILLS BKB_6139_20220310_id6139_maljuv.jpg;252
643;387;6139;MANDRILLS BKB_6139_20220311_id6139_maljuv (1).jpg;256
652;387;6139;MANDRILLS BKB_6139_20220311_id6139_maljuv (2).jpg;265
551;387;6139;MANDRILLS BKB_6139_20220311_id6139_maljuv (3).jpg;164
607;390;6139;MANDRILLS BKB_6139_20220314_id6139_maljuv.jpg;217
599;395;6139;MANDRILLS BKB_6139_20220319_id6139_maljuv (1).jpg;204
630;395;6139;MANDRILLS BKB_6139_20220319_id6139_maljuv (2).jpg;235
613;400;6139;MANDRILLS BKB_6139_20220324_id6139_maljuv (1).jpg;213
669;400;6139;MANDRILLS BKB_6139_20220324_id6139_maljuv (2).jpg;269
631;400;6139;MANDRILLS BKB_6139_20220324_id6139_maljuv (3).jpg;231
608;400;6139;MANDRILLS BKB_6139_20220324_id6139_maljuv (4).jpg;208
675;402;6139;MANDRILLS BKB_6139_20220326_id6139_maljuv (1).jpg;273
630;402;6139;MANDRILLS BKB_6139_20220326_id6139_maljuv (2).jpg;228
612;402;6139;MANDRILLS BKB_6139_20220326_id6139_maljuv (3).jpg;210
598;408;6139;MANDRILLS BKB_6139_20220401_id6139_maljuv (1).jpg;190
573;408;6139;MANDRILLS BKB_6139_20220401_id6139_maljuv (2).jpg;165
632;455;6139;MANDRILLS BKB_6139_20220518_id6139_maljuv (1).jpg;177
548;455;6139;MANDRILLS BKB_6139_20220518_id6139_maljuv (2).jpg;93
585;455;6139;MANDRILLS BKB_6139_20220518_id6139_maljuv (3).jpg;130
732;455;6139;MANDRILLS BKB_6139_20220518_id6139_maljuv (4).jpg;277
634;455;6139;MANDRILLS BKB_6139_20220518_id6139_maljuv (5).jpg;179
779;492;6139;MANDRILLS BKB_6139_20220624_id6139_maljuv.jpg;287
588;512;6139;MANDRILLS BKB_6139_20220714_id6139_maljuv.jpg;76
694;519;6139;MANDRILLS BKB_6139_20220721_id6139 (1).jpg;175
611;519;6139;MANDRILLS BKB_6139_20220721_id6139 (2).jpg;92
726;534;6139;MANDRILLS BKB_6139_20220805_id6139 (1).jpg;192
785;534;6139;MANDRILLS BKB_6139_20220805_id6139 (2).jpg;251
673;541;6139;MANDRILLS BKB_6139_20220812_id6139.jpg;132
753;555;6139;MANDRILLS BKB_6139_20220826_id6139 (2).jpg;198
849;555;6139;MANDRILLS BKB_6139_20220826_id6139.jpg;294
963;609;6139;MANDRILLS BKB_6139_20221019_id6139 (1).jpg;354
902;609;6139;MANDRILLS BKB_6139_20221019_id6139 (2).jpg;293
792;620;6139;MANDRILLS BKB_6139_20221030_id6139.jpg;172
929;630;6139;MANDRILLS BKB_6139_20221109_id6139.jpg;299
780;644;6139;MANDRILLS BKB_6139_20221123_id6139 (1).jpg;136
749;644;6139;MANDRILLS BKB_6139_20221123_id6139 (2).jpg;105
875;653;6139;MANDRILLS BKB_6139_20221202_id6139 (1).jpg;222
918;653;6139;MANDRILLS BKB_6139_20221202_id6139 (2).jpg;265
986;653;6139;MANDRILLS BKB_6139_20221202_id6139 (3).jpg;333
906;653;6139;MANDRILLS BKB_6139_20221202_id6139 (4).jpg;253
871;661;6139;MANDRILLS BKB_6139_20221210_id6139.jpg;210
1045;669;6139;MANDRILLS BKB_6139_20221218_id6139.jpg;376
982;675;6139;MANDRILLS BKB_6139_20221224_id6139.jpg;307
29;2;6143;MANDRILLS BKB_6143_20201213_id6143_feminf_(1).jpg;27
17;2;6143;MANDRILLS BKB_6143_20201213_id6143_feminf_(2).jpg;15
14;2;6143;MANDRILLS BKB_6143_20201213_id6143_feminf_(3).jpg;12
21;2;6143;MANDRILLS BKB_6143_20201213_id6143_feminf_(4).jpg;19
32;4;6143;MANDRILLS BKB_6143_20201215_id6143_feminf_(1).jpg;28
20;4;6143;MANDRILLS BKB_6143_20201215_id6143_feminf_(10).jpg;16
54;4;6143;MANDRILLS BKB_6143_20201215_id6143_feminf_(11).jpg;50
41;4;6143;MANDRILLS BKB_6143_20201215_id6143_feminf_(12).jpg;37
41;4;6143;MANDRILLS BKB_6143_20201215_id6143_feminf_(13).jpg;37
27;4;6143;MANDRILLS BKB_6143_20201215_id6143_feminf_(2).jpg;23
33;4;6143;MANDRILLS BKB_6143_20201215_id6143_feminf_(3).jpg;29
15;4;6143;MANDRILLS BKB_6143_20201215_id6143_feminf_(4).jpg;11
4;4;6143;MANDRILLS BKB_6143_20201215_id6143_feminf_(5).jpg;0
57;4;6143;MANDRILLS BKB_6143_20201215_id6143_feminf_(6).jpg;53
51;4;6143;MANDRILLS BKB_6143_20201215_id6143_feminf_(7).jpg;47
67;4;6143;MANDRILLS BKB_6143_20201215_id6143_feminf_(8).jpg;63
69;4;6143;MANDRILLS BKB_6143_20201215_id6143_feminf_(9).jpg;65
26;7;6143;MANDRILLS BKB_6143_20201218_id6143_feminf_(1).jpg;19
33;7;6143;MANDRILLS BKB_6143_20201218_id6143_feminf_(2).jpg;26
38;7;6143;MANDRILLS BKB_6143_20201218_id6143_feminf_(3).jpg;31
44;7;6143;MANDRILLS BKB_6143_20201218_id6143_feminf_(4).jpg;37
34;7;6143;MANDRILLS BKB_6143_20201218_id6143_feminf_(5).jpg;27
19;7;6143;MANDRILLS BKB_6143_20201218_id6143_feminf_(6).jpg;12
65;19;6143;MANDRILLS BKB_6143_20201230_id6143_feminf.jpg;46
52;33;6143;MANDRILLS BKB_6143_20210113_id6143_feminf_(1).jpg;19
66;33;6143;MANDRILLS BKB_6143_20210113_id6143_feminf_(2).jpg;33
59;33;6143;MANDRILLS BKB_6143_20210113_id6143_feminf_(3).jpg;26
53;33;6143;MANDRILLS BKB_6143_20210113_id6143_feminf_(4).jpg;20
39;36;6143;MANDRILLS BKB_6143_20210116_id6143_feminf.jpg;3
60;63;6143;MANDRILLS BKB_6143_20210212_id6143_feminf_(1).jpg;3
75;63;6143;MANDRILLS BKB_6143_20210212_id6143_feminf_(2).jpg;12
61;63;6143;MANDRILLS BKB_6143_20210212_id6143_feminf_(3).jpg;2
108;112;6143;MANDRILLS BKB_6143_20210402_id6143_feminf_(1).jpg;4
134;112;6143;MANDRILLS BKB_6143_20210402_id6143_feminf_(2).jpg;22
95;112;6143;MANDRILLS BKB_6143_20210402_id6143_feminf_(3).jpg;17
128;120;6143;MANDRILLS BKB_6143_20210410_id6143_feminf.jpg;8
202;146;6143;MANDRILLS BKB_6143_20210506_id6143_feminf_(1).jpg;56
136;146;6143;MANDRILLS BKB_6143_20210506_id6143_feminf_(2).jpg;10
345;214;6143;MANDRILLS BKB_6143_20210713_id6143_feminf_(1).jpg;131
302;214;6143;MANDRILLS BKB_6143_20210713_id6143_feminf_(2).jpg;88
300;214;6143;MANDRILLS BKB_6143_20210713_id6143_feminf_(3).jpg;86
332;214;6143;MANDRILLS BKB_6143_20210713_id6143_feminf_(4).jpg;118
270;214;6143;MANDRILLS BKB_6143_20210713_id6143_feminf_(5).jpg;56
360;298;6143;MANDRILLS BKB_6143_20211005_id6143_feminf_(1).jpg;62
348;298;6143;MANDRILLS BKB_6143_20211005_id6143_feminf_(2).jpg;50
310;298;6143;MANDRILLS BKB_6143_20211005_id6143_feminf_(3).jpg;12
350;298;6143;MANDRILLS BKB_6143_20211005_id6143_feminf_(4).jpg;52
388;315;6143;MANDRILLS BKB_6143_20211022_id6143_feminf_(1).jpg;73
410;315;6143;MANDRILLS BKB_6143_20211022_id6143_feminf_(2).jpg;95
526;350;6143;MANDRILLS BKB_6143_20211126_id6143_femjuv.jpg;176
454;405;6143;MANDRILLS BKB_6143_20220120_id6143 (3).jpg;49
460;405;6143;MANDRILLS BKB_6143_20220120_id6143 (4).jpg;55
479;405;6143;MANDRILLS BKB_6143_20220120_id6143.jpg;74
541;417;6143;MANDRILLS BKB_6143_20220201_id6143_femjuv (1).jpg;124
566;417;6143;MANDRILLS BKB_6143_20220201_id6143_femjuv (2).jpg;149
437;417;6143;MANDRILLS BKB_6143_20220201_id6143_femjuv (3).jpg;20
457;422;6143;MANDRILLS BKB_6143_20220206_id6143_femjuv (1).jpg;35
501;422;6143;MANDRILLS BKB_6143_20220206_id6143_femjuv (2).jpg;79
461;422;6143;MANDRILLS BKB_6143_20220206_id6143_femjuv (3).jpg;39
665;437;6143;MANDRILLS BKB_6143_20220221_id6143_femjuv.jpg;228
506;451;6143;MANDRILLS BKB_6143_20220307_id6143_femjuv.jpg;55
403;465;6143;MANDRILLS BKB_6143_20220321_id6143_femjuv (2).jpg;62
549;468;6143;MANDRILLS BKB_6143_20220324_id6143_femjuv (1).jpg;81
558;468;6143;MANDRILLS BKB_6143_20220324_id6143_femjuv (2).jpg;90
572;468;6143;MANDRILLS BKB_6143_20220324_id6143_femjuv (3).jpg;104
562;468;6143;MANDRILLS BKB_6143_20220324_id6143_femjuv (4).jpg;94
571;468;6143;MANDRILLS BKB_6143_20220324_id6143_femjuv.jpg;103
498;502;6143;MANDRILLS BKB_6143_20220427_id6143_femjuv (1).jpg;4
490;502;6143;MANDRILLS BKB_6143_20220427_id6143_femjuv (2).jpg;12
457;502;6143;MANDRILLS BKB_6143_20220427_id6143_femjuv (4).jpg;45
516;502;6143;MANDRILLS BKB_6143_20220427_id6143_femjuv (5).jpg;14
452;502;6143;MANDRILLS BKB_6143_20220427_id6143_femjuv (6).jpg;50
708;521;6143;MANDRILLS BKB_6143_20220516_id6143_femjuv (1).jpg;187
674;521;6143;MANDRILLS BKB_6143_20220516_id6143_femjuv (2).jpg;153
567;521;6143;MANDRILLS BKB_6143_20220516_id6143_femjuv (3).jpg;46
539;521;6143;MANDRILLS BKB_6143_20220516_id6143_femjuv (4).jpg;18
841;555;6143;MANDRILLS BKB_6143_20220619_id6143_femjuv (1).jpg;286
590;555;6143;MANDRILLS BKB_6143_20220619_id6143_femjuv (2).jpg;35
587;555;6143;MANDRILLS BKB_6143_20220619_id6143_femjuv (3).jpg;32
582;580;6143;MANDRILLS BKB_6143_20220714_id6143_femjuv (1).jpg;2
638;580;6143;MANDRILLS BKB_6143_20220714_id6143_femjuv (2).jpg;58
549;580;6143;MANDRILLS BKB_6143_20220714_id6143_femjuv (3).jpg;31
603;580;6143;MANDRILLS BKB_6143_20220714_id6143_femjuv (4).jpg;23
659;599;6143;MANDRILLS BKB_6143_20220802_id6143 (2).jpg;60
722;602;6143;MANDRILLS BKB_6143_20220805_id6143.jpg;120
778;620;6143;MANDRILLS BKB_6143_20220823_id6143 (3).jpg;158
664;640;6143;MANDRILLS BKB_6143_20220912_id6143.jpg;24
728;677;6143;MANDRILLS BKB_6143_20221019_id6143 (1).jpg;51
641;677;6143;MANDRILLS BKB_6143_20221019_id6143 (2).jpg;36
833;685;6143;MANDRILLS BKB_6143_20221027_id6143.jpg;148
776;687;6143;MANDRILLS BKB_6143_20221029_id6143.jpg;89
52;6;6163;MANDRILLS BKB_6163_20201124_id6163_malinf.jpg;46
31;7;6163;MANDRILLS BKB_6163_20201125_id6163_malinf.jpg;24
55;28;6163;MANDRILLS BKB_6163_20201216_id6163_malinf_(1).jpg;27
41;28;6163;MANDRILLS BKB_6163_20201216_id6163_malinf_(2).jpg;13
78;28;6163;MANDRILLS BKB_6163_20201216_id6163_malinf_(3).jpg;50
46;28;6163;MANDRILLS BKB_6163_20201216_id6163_malinf_(4).jpg;18
64;28;6163;MANDRILLS BKB_6163_20201216_id6163_malinf_(5).jpg;36
65;28;6163;MANDRILLS BKB_6163_20201216_id6163_malinf_(6).jpg;37
47;28;6163;MANDRILLS BKB_6163_20201216_id6163_malinf_(7).jpg;19
61;29;6163;MANDRILLS BKB_6163_20201217_id6163_malinf_(1).jpg;32
46;29;6163;MANDRILLS BKB_6163_20201217_id6163_malinf_(2).jpg;17
60;29;6163;MANDRILLS BKB_6163_20201217_id6163_malinf_(3).jpg;31
59;29;6163;MANDRILLS BKB_6163_20201217_id6163_malinf_(4).jpg;30
70;63;6163;MANDRILLS BKB_6163_20210120_id6163_malinf.jpg;7
76;69;6163;MANDRILLS BKB_6163_20210126_id6163_malinf_(1).jpg;7
84;69;6163;MANDRILLS BKB_6163_20210126_id6163_malinf_(2).jpg;15
51;69;6163;MANDRILLS BKB_6163_20210126_id6163_malinf_(3).jpg;18
86;69;6163;MANDRILLS BKB_6163_20210126_id6163_malinf_(4).jpg;17
81;71;6163;MANDRILLS BKB_6163_20210128_id6163_malinf_(1).jpg;10
66;71;6163;MANDRILLS BKB_6163_20210128_id6163_malinf_(2).jpg;5
80;75;6163;MANDRILLS BKB_6163_20210201_id6163_malinf_(1).jpg;5
78;75;6163;MANDRILLS BKB_6163_20210201_id6163_malinf_(2).jpg;3
80;75;6163;MANDRILLS BKB_6163_20210201_id6163_malinf_(3).jpg;5
67;75;6163;MANDRILLS BKB_6163_20210201_id6163_malinf_(4).jpg;8
130;75;6163;MANDRILLS BKB_6163_20210201_id6163_malinf_(5).jpg;55
86;75;6163;MANDRILLS BKB_6163_20210201_id6163_malinf_(6).jpg;11
90;83;6163;MANDRILLS BKB_6163_20210209_id6163_malinf.jpg;7
140;88;6163;MANDRILLS BKB_6163_20210214_id6163_malinf.jpg;52
114;89;6163;MANDRILLS BKB_6163_20210215_id6163_malinf_(1).jpg;25
118;89;6163;MANDRILLS BKB_6163_20210215_id6163_malinf_(2).jpg;29
108;89;6163;MANDRILLS BKB_6163_20210215_id6163_malinf_(3).jpg;19
91;89;6163;MANDRILLS BKB_6163_20210215_id6163_malinf_(4).jpg;2
114;89;6163;MANDRILLS BKB_6163_20210215_id6163_malinf_(5).jpg;25
94;89;6163;MANDRILLS BKB_6163_20210215_id6163_malinf_(6).jpg;5
57;89;6163;MANDRILLS BKB_6163_20210215_id6163_malinf_(7).jpg;32
143;103;6163;MANDRILLS BKB_6163_20210301_id6163_feminf_(1).jpg;40
133;103;6163;MANDRILLS BKB_6163_20210301_id6163_feminf_(2).jpg;30
127;103;6163;MANDRILLS BKB_6163_20210301_id6163_feminf_(3).jpg;24
133;103;6163;MANDRILLS BKB_6163_20210301_id6163_feminf_(4).jpg;30
149;103;6163;MANDRILLS BKB_6163_20210301_id6163_feminf_(5).jpg;46
126;103;6163;MANDRILLS BKB_6163_20210301_id6163_feminf_(6).jpg;23
141;107;6163;MANDRILLS BKB_6163_20210305_id6163_malinf_(1).jpg;34
146;107;6163;MANDRILLS BKB_6163_20210305_id6163_malinf_(2).jpg;39
126;107;6163;MANDRILLS BKB_6163_20210305_id6163_malinf_(3).jpg;19
120;107;6163;MANDRILLS BKB_6163_20210305_id6163_malinf_(4).jpg;13
133;110;6163;MANDRILLS BKB_6163_20210308_id6163_malinf_(1).jpg;23
138;110;6163;MANDRILLS BKB_6163_20210308_id6163_malinf_(2).jpg;28
176;131;6163;MANDRILLS BKB_6163_20210329_id6163_malinf_(1).jpg;45
153;131;6163;MANDRILLS BKB_6163_20210329_id6163_malinf_(2).jpg;22
215;152;6163;MANDRILLS BKB_6163_20210419_id6163_malinf.jpg;63
201;154;6163;MANDRILLS BKB_6163_20210421_id6163_malinf_(1).jpg;47
199;154;6163;MANDRILLS BKB_6163_20210421_id6163_malinf_(2).jpg;45
193;156;6163;MANDRILLS BKB_6163_20210423_id6163_malinf_(1).jpg;37
227;156;6163;MANDRILLS BKB_6163_20210423_id6163_malinf_(2).jpg;71
140;156;6163;MANDRILLS BKB_6163_20210423_id6163_malinf_(3).jpg;16
392;390;6163;MANDRILLS BKB_6163_20211213_id6163_maljuv.jpg;2
328;395;6163;MANDRILLS BKB_6163_20211218_id6163_maljuv_(1).jpg;67
360;395;6163;MANDRILLS BKB_6163_20211218_id6163_maljuv_(2).jpg;35
315;395;6163;MANDRILLS BKB_6163_20211218_id6163_maljuv_(3).jpg;80
300;403;6163;MANDRILLS BKB_6163_20211226_id6163_maljuv_(1).jpg;103
430;403;6163;MANDRILLS BKB_6163_20211226_id6163_maljuv_(2).jpg;27
361;403;6163;MANDRILLS BKB_6163_20211226_id6163_maljuv_(3).jpg;42
233;403;6163;MANDRILLS BKB_6163_20211226_id6163_maljuv_(5).jpg;170
401;404;6163;MANDRILLS BKB_6163_20211227_id6163_maljuv.jpg;3
414;447;6163;MANDRILLS BKB_6163_20220208_id6163_maljuv.jpg;33
437;462;6163;MANDRILLS BKB_6163_20220223_id6163_maljuv.jpg;25
377;465;6163;MANDRILLS BKB_6163_20220226_id6163_maljuv (1).jpg;88
424;465;6163;MANDRILLS BKB_6163_20220226_id6163_maljuv (2).jpg;41
498;465;6163;MANDRILLS BKB_6163_20220226_id6163_maljuv.jpg;33
470;474;6163;MANDRILLS BKB_6163_20220307_id6163_maljuv (1).jpg;4
387;474;6163;MANDRILLS BKB_6163_20220307_id6163_maljuv (2).jpg;87
454;486;6163;MANDRILLS BKB_6163_20220319_id6163_maljuv (1).jpg;32
458;486;6163;MANDRILLS BKB_6163_20220319_id6163_maljuv (2).jpg;28
550;486;6163;MANDRILLS BKB_6163_20220319_id6163_maljuv (3).jpg;64
427;497;6163;MANDRILLS BKB_6163_20220330_id6163_maljuv (1).jpg;70
362;523;6163;MANDRILLS BKB_6163_20220425_id6163_maljuv (2).jpg;161
388;523;6163;MANDRILLS BKB_6163_20220425_id6163_maljuv (3).jpg;135
390;523;6163;MANDRILLS BKB_6163_20220425_id6163_maljuv (4).jpg;133
463;523;6163;MANDRILLS BKB_6163_20220425_id6163_maljuv (5).jpg;60
524;524;6163;MANDRILLS BKB_6163_20220426_id6163_maljuv.jpg;0
551;557;6163;MANDRILLS BKB_6163_20220529_id6163_maljuv.jpg;6
561;566;6163;MANDRILLS BKB_6163_20220607_id6163_maljuv (1).jpg;5
493;566;6163;MANDRILLS BKB_6163_20220607_id6163_maljuv (2).jpg;73
390;583;6163;MANDRILLS BKB_6163_20220624_id6163_maljuv (1).jpg;193
417;583;6163;MANDRILLS BKB_6163_20220624_id6163_maljuv (2).jpg;166
385;605;6163;MANDRILLS BKB_6163_20220716_id6163_maljuv (3).jpg;220
411;605;6163;MANDRILLS BKB_6163_20220716_id6163_maljuv (4).jpg;194
692;608;6163;MANDRILLS BKB_6163_20220719_id6163 (1).jpg;84
624;613;6163;MANDRILLS BKB_6163_20220724_id6163 (2).jpg;11
547;623;6163;MANDRILLS BKB_6163_20220803_id6163 (1).jpg;76
721;623;6163;MANDRILLS BKB_6163_20220803_id6163 (2).jpg;98
473;623;6163;MANDRILLS BKB_6163_20220803_id6163 (3).jpg;150
629;623;6163;MANDRILLS BKB_6163_20220803_id6163 (4).jpg;6
588;655;6163;MANDRILLS BKB_6163_20220904_id6163 (1).jpg;67
578;655;6163;MANDRILLS BKB_6163_20220904_id6163 (2).jpg;77
613;655;6163;MANDRILLS BKB_6163_20220904_id6163 (4).jpg;42
460;656;6163;MANDRILLS BKB_6163_20220905_id6163 (1).jpg;196
485;656;6163;MANDRILLS BKB_6163_20220905_id6163 (2).jpg;171
590;708;6163;MANDRILLS BKB_6163_20221027_id6163.jpg;118
643;737;6163;MANDRILLS BKB_6163_20221125_id6163 (3).jpg;94
567;737;6163;MANDRILLS BKB_6163_20221125_id6163 (5).jpg;170
558;751;6163;MANDRILLS BKB_6163_20221209_id6163 (1).jpg;193
664;751;6163;MANDRILLS BKB_6163_20221209_id6163 (2).jpg;87
571;751;6163;MANDRILLS BKB_6163_20221209_id6163 (3).jpg;180
579;752;6163;MANDRILLS BKB_6163_20221210_id6163 (1).jpg;173
630;752;6163;MANDRILLS BKB_6163_20221210_id6163 (2).jpg;122
43;0;6166;MANDRILLS BKB_6166_20201230_id6166_feminf_(1).jpg;43
29;0;6166;MANDRILLS BKB_6166_20201230_id6166_feminf_(2).jpg;29
46;0;6166;MANDRILLS BKB_6166_20201230_id6166_feminf_(3).jpg;46
45;0;6166;MANDRILLS BKB_6166_20201230_id6166_feminf_(4).jpg;45
23;0;6166;MANDRILLS BKB_6166_20201230_id6166_feminf_(5).jpg;23
3;1;6166;MANDRILLS BKB_6166_20201231_id6166_feminf_(1).jpg;2
0;1;6166;MANDRILLS BKB_6166_20201231_id6166_feminf_(2).jpg;1
23;8;6166;MANDRILLS BKB_6166_20210107_id6166_feminf_(1).jpg;15
22;8;6166;MANDRILLS BKB_6166_20210107_id6166_feminf_(2).jpg;14
4;8;6166;MANDRILLS BKB_6166_20210107_id6166_feminf_(3).jpg;4
59;14;6166;MANDRILLS BKB_6166_20210113_id6166_feminf_(1).jpg;45
55;14;6166;MANDRILLS BKB_6166_20210113_id6166_feminf_(2).jpg;41
72;14;6166;MANDRILLS BKB_6166_20210113_id6166_feminf_(3).jpg;58
70;14;6166;MANDRILLS BKB_6166_20210113_id6166_feminf_(4).jpg;56
65;14;6166;MANDRILLS BKB_6166_20210113_id6166_feminf_(5).jpg;51
63;33;6166;MANDRILLS BKB_6166_20210201_id6166_feminf_(1).jpg;30
66;33;6166;MANDRILLS BKB_6166_20210201_id6166_feminf_(2).jpg;33
63;33;6166;MANDRILLS BKB_6166_20210201_id6166_feminf_(3).jpg;30
44;33;6166;MANDRILLS BKB_6166_20210201_id6166_feminf_(4).jpg;11
51;33;6166;MANDRILLS BKB_6166_20210201_id6166_feminf_(5).jpg;18
56;33;6166;MANDRILLS BKB_6166_20210201_id6166_feminf_(6).jpg;23
54;33;6166;MANDRILLS BKB_6166_20210201_id6166_feminf_(7).jpg;21
89;41;6166;MANDRILLS BKB_6166_20210209_id6166_feminf_(1).jpg;48
77;41;6166;MANDRILLS BKB_6166_20210209_id6166_feminf_(2).jpg;36
48;41;6166;MANDRILLS BKB_6166_20210209_id6166_feminf_(3).jpg;7
65;42;6166;MANDRILLS BKB_6166_20210210_id6166_feminf_(1).jpg;23
71;42;6166;MANDRILLS BKB_6166_20210210_id6166_feminf_(2).jpg;29
79;42;6166;MANDRILLS BKB_6166_20210210_id6166_feminf_(3).jpg;37
63;47;6166;MANDRILLS BKB_6166_20210215_id6166_feminf_(1).jpg;16
28;47;6166;MANDRILLS BKB_6166_20210215_id6166_feminf_(2).jpg;19
82;47;6166;MANDRILLS BKB_6166_20210215_id6166_feminf_(3).jpg;35
83;50;6166;MANDRILLS BKB_6166_20210218_id6166_feminf_(1).jpg;33
80;50;6166;MANDRILLS BKB_6166_20210218_id6166_feminf_(2).jpg;30
106;50;6166;MANDRILLS BKB_6166_20210218_id6166_feminf_(3).jpg;56
98;50;6166;MANDRILLS BKB_6166_20210218_id6166_feminf_(4).jpg;48
85;50;6166;MANDRILLS BKB_6166_20210218_id6166_feminf_(5).jpg;35
84;58;6166;MANDRILLS BKB_6166_20210226_id6166_feminf_(1).jpg;26
98;58;6166;MANDRILLS BKB_6166_20210226_id6166_feminf_(2).jpg;40
145;110;6166;MANDRILLS BKB_6166_20210419_id6166_feminf.jpg;35
125;111;6166;MANDRILLS BKB_6166_20210420_id6166_femjuv.jpg;14
282;196;6166;MANDRILLS BKB_6166_20210714_id6166_feminf_(1).jpg;86
313;196;6166;MANDRILLS BKB_6166_20210714_id6166_feminf_(2).jpg;117
256;200;6166;MANDRILLS BKB_6166_20210718_id6166_feminf_(1).jpg;56
339;200;6166;MANDRILLS BKB_6166_20210718_id6166_feminf_(2).jpg;139
308;200;6166;MANDRILLS BKB_6166_20210718_id6166_feminf_(3).jpg;108
280;207;6166;MANDRILLS BKB_6166_20210725_id6166_feminf.jpg;73
289;208;6166;MANDRILLS BKB_6166_20210726_id6166_feminf_(1).jpg;81
329;208;6166;MANDRILLS BKB_6166_20210726_id6166_feminf_(10).jpg;121
270;208;6166;MANDRILLS BKB_6166_20210726_id6166_feminf_(11).jpg;62
324;208;6166;MANDRILLS BKB_6166_20210726_id6166_feminf_(2).jpg;116
377;208;6166;MANDRILLS BKB_6166_20210726_id6166_feminf_(3).jpg;169
332;208;6166;MANDRILLS BKB_6166_20210726_id6166_feminf_(4).jpg;124
349;208;6166;MANDRILLS BKB_6166_20210726_id6166_feminf_(5).jpg;141
314;208;6166;MANDRILLS BKB_6166_20210726_id6166_feminf_(6).jpg;106
327;208;6166;MANDRILLS BKB_6166_20210726_id6166_feminf_(7).jpg;119
307;208;6166;MANDRILLS BKB_6166_20210726_id6166_feminf_(8).jpg;99
293;208;6166;MANDRILLS BKB_6166_20210726_id6166_feminf_(9).jpg;85
319;210;6166;MANDRILLS BKB_6166_20210728_id6166_feminf_(1).jpg;109
304;210;6166;MANDRILLS BKB_6166_20210728_id6166_feminf_(2).jpg;94
242;279;6166;MANDRILLS BKB_6166_20211005_id6166_feminf.jpg;37
294;280;6166;MANDRILLS BKB_6166_20211006_id6166_feminf.jpg;14
375;282;6166;MANDRILLS BKB_6166_20211008_id6166_feminf_(1).jpg;93
327;282;6166;MANDRILLS BKB_6166_20211008_id6166_feminf_(2).jpg;45
301;282;6166;MANDRILLS BKB_6166_20211008_id6166_feminf_(3).jpg;19
281;293;6166;MANDRILLS BKB_6166_20211019_id6166_feminf_(1).jpg;12
319;293;6166;MANDRILLS BKB_6166_20211019_id6166_feminf_(2).jpg;26
392;295;6166;MANDRILLS BKB_6166_20211021_id6166_feminf.jpg;97
347;298;6166;MANDRILLS BKB_6166_20211024_id6166_feminf.jpg;49
380;313;6166;MANDRILLS BKB_6166_20211108_id6166_feminf_(1).jpg;67
335;313;6166;MANDRILLS BKB_6166_20211108_id6166_feminf_(2).jpg;22
460;324;6166;MANDRILLS BKB_6166_20211119_id6166_feminf.jpg;136
455;340;6166;MANDRILLS BKB_6166_20211205_id6166_feminf.jpg;115
590;352;6166;MANDRILLS BKB_6166_20211217_id6166_feminf_(1).jpg;238
489;352;6166;MANDRILLS BKB_6166_20211217_id6166_feminf_(2).jpg;137
594;352;6166;MANDRILLS BKB_6166_20211217_id6166_feminf_(3).jpg;242
323;354;6166;MANDRILLS BKB_6166_20211219_id6166_feminf.jpg;31
364;526;62;MANDRILLS BKB_62_20140704_id62_maljuv_(2)_ORIGINAL.jpg;162
1434;829;62;MANDRILLS BKB_62_20150503_id62_maljuv_(1)_ORIGINAL.jpg;605
1392;829;62;MANDRILLS BKB_62_20150503_id62_maljuv_(2)_ORIGINAL.jpg;563
1298;829;62;MANDRILLS BKB_62_20150503_id62_maljuv_(3)_ORIGINAL.jpg;469
1403;829;62;MANDRILLS BKB_62_20150503_id62_maljuv_(4)_ORIGINAL.jpg;574
1510;829;62;MANDRILLS BKB_62_20150503_id62_maljuv_(5)_ORIGINAL.jpg;681
1472;829;62;MANDRILLS BKB_62_20150503_id62_maljuv_(6)_ORIGINAL.jpg;643
1188;843;62;MANDRILLS BKB_62_20150517_id62_maljuv_ORIGINAL.jpg;345
1310;1032;62;MANDRILLS BKB_62_20151122_id62_maljuv_(2)_ORIGINAL.jpg;278
1631;1032;62;MANDRILLS BKB_62_20151122_id62_maljuv_ORIGINAL.jpg;599
1665;1328;62;MANDRILLS BKB_62_20160913_id62_maljuv_(1)_ORIGINAL.jpg;337
1759;1328;62;MANDRILLS BKB_62_20160913_id62_maljuv_(2)_ORIGINAL.jpg;431
1772;1360;62;MANDRILLS BKB_62_20161015_id62_maljuv_(2)_ORIGINAL.jpg;412
2060;1901;62;MANDRILLS BKB_62_20180409_id62_malado_(1)_ORIGINAL.jpg;159
2120;1901;62;MANDRILLS BKB_62_20180409_id62_malado_(10)_ORIGINAL.jpg;219
2175;1901;62;MANDRILLS BKB_62_20180409_id62_malado_(11)_ORIGINAL.jpg;274
2116;1901;62;MANDRILLS BKB_62_20180409_id62_malado_(12)_ORIGINAL.jpg;215
1983;1901;62;MANDRILLS BKB_62_20180409_id62_malado_(13)_ORIGINAL.jpg;82
2030;1901;62;MANDRILLS BKB_62_20180409_id62_malado_(14)_ORIGINAL.jpg;129
2003;1901;62;MANDRILLS BKB_62_20180409_id62_malado_(15)_ORIGINAL.jpg;102
2004;1901;62;MANDRILLS BKB_62_20180409_id62_malado_(16)_ORIGINAL.jpg;103
2027;1901;62;MANDRILLS BKB_62_20180409_id62_malado_(17)_ORIGINAL.jpg;126
2216;1901;62;MANDRILLS BKB_62_20180409_id62_malado_(18)_ORIGINAL.jpg;315
2183;1901;62;MANDRILLS BKB_62_20180409_id62_malado_(19)_ORIGINAL.jpg;282
3845;1901;62;MANDRILLS BKB_62_20180409_id62_malado_(2)_ORIGINAL.jpg;1944
1990;1901;62;MANDRILLS BKB_62_20180409_id62_malado_(3)_ORIGINAL.jpg;89
2057;1901;62;MANDRILLS BKB_62_20180409_id62_malado_(4)_ORIGINAL.jpg;156
1912;1901;62;MANDRILLS BKB_62_20180409_id62_malado_(5)_ORIGINAL.jpg;11
2039;1901;62;MANDRILLS BKB_62_20180409_id62_malado_(6)_ORIGINAL.jpg;138
2187;1901;62;MANDRILLS BKB_62_20180409_id62_malado_(7)_ORIGINAL.jpg;286
2002;1901;62;MANDRILLS BKB_62_20180409_id62_malado_(8)_ORIGINAL.jpg;101
1925;1901;62;MANDRILLS BKB_62_20180409_id62_malado_(9)_ORIGINAL.jpg;24
2027;1967;62;MANDRILLS BKB_62_20180614_id62_malado_(1)_ORIGINAL.jpg;60
2013;1967;62;MANDRILLS BKB_62_20180614_id62_malado_(2)_ORIGINAL.jpg;46
2069;1967;62;MANDRILLS BKB_62_20180614_id62_malado_(3)_ORIGINAL.jpg;102
1964;1967;62;MANDRILLS BKB_62_20180614_id62_malado_(4)_ORIGINAL.jpg;3
1948;1967;62;MANDRILLS BKB_62_20180614_id62_malado_(5)_ORIGINAL.jpg;19
2248;1969;62;MANDRILLS BKB_62_20180616_id62_malado_(11)_ORIGINAL.jpg;279
2288;1969;62;MANDRILLS BKB_62_20180616_id62_malado_(12)_ORIGINAL.jpg;319
2142;1969;62;MANDRILLS BKB_62_20180616_id62_malado_(14)_ORIGINAL.jpg;173
1987;1969;62;MANDRILLS BKB_62_20180616_id62_malado_(15)_ORIGINAL.jpg;18
1946;1969;62;MANDRILLS BKB_62_20180616_id62_malado_(19)_ORIGINAL.jpg;23
2327;1969;62;MANDRILLS BKB_62_20180616_id62_malado_(24)_ORIGINAL.jpg;358
1873;1969;62;MANDRILLS BKB_62_20180616_id62_malado_(3)_ORIGINAL.jpg;96
2083;1969;62;MANDRILLS BKB_62_20180616_id62_malado_(5)_ORIGINAL.jpg;114
1991;1969;62;MANDRILLS BKB_62_20180616_id62_malado_(6)_ORIGINAL.jpg;22
2106;1969;62;MANDRILLS BKB_62_20180616_id62_malado_(7)_ORIGINAL.jpg;137
2045;1969;62;MANDRILLS BKB_62_20180616_id62_malado_(9)_ORIGINAL.jpg;76
2294;1971;62;MANDRILLS BKB_62_20180618_id62_malado_(2)_ORIGINAL.jpg;323
2001;1971;62;MANDRILLS BKB_62_20180618_id62_malado_(4)_ORIGINAL.jpg;30
2002;1974;62;MANDRILLS BKB_62_20180621_id62_malado_(1)_ORIGINAL.jpg;28
2079;1974;62;MANDRILLS BKB_62_20180621_id62_malado_(2)_ORIGINAL.jpg;105
2082;1974;62;MANDRILLS BKB_62_20180621_id62_malado_(3)_ORIGINAL.jpg;108
2156;1974;62;MANDRILLS BKB_62_20180621_id62_malado_(4)_ORIGINAL.jpg;182
2069;1974;62;MANDRILLS BKB_62_20180621_id62_malado_(5)_ORIGINAL.jpg;95
1976;1974;62;MANDRILLS BKB_62_20180621_id62_malado_(6)_ORIGINAL.jpg;2
2527;1974;62;MANDRILLS BKB_62_20180621_id62_malado_ORIGINAL.jpg;553
2076;1975;62;MANDRILLS BKB_62_20180622_id62_malado_ORIGINAL.jpg;101
2413;1988;62;MANDRILLS BKB_62_20180705_id62_maladoCENTRE_(11)_ORIGINAL.jpg;425
2332;1988;62;MANDRILLS BKB_62_20180705_id62_maladoCENTRE_(8)_ORIGINAL.jpg;344
2191;1988;62;MANDRILLS BKB_62_20180705_id62_maladoGAUCHE_(1)_ORIGINAL.jpg;203
2263;1988;62;MANDRILLS BKB_62_20180705_id62_malado_(11)_ORIGINAL.jpg;275
1736;1990;62;MANDRILLS BKB_62_20180707_id62_malado_(1)_ORIGINAL.jpg;254
1737;1990;62;MANDRILLS BKB_62_20180707_id62_malado_(2)_ORIGINAL.jpg;253
1938;1990;62;MANDRILLS BKB_62_20180707_id62_malado_(3)_ORIGINAL.jpg;52
1915;2000;62;MANDRILLS BKB_62_20180717_id62_malado_(1)_ORIGINAL.jpg;85
2055;2000;62;MANDRILLS BKB_62_20180717_id62_malado_(2)_ORIGINAL.jpg;55
1958;2000;62;MANDRILLS BKB_62_20180717_id62_malado_(5)_ORIGINAL.jpg;42
1923;2000;62;MANDRILLS BKB_62_20180717_id62_malado_(6)_ORIGINAL.jpg;77
1978;2013;62;MANDRILLS BKB_62_20180730_id62_malado_(1)_ORIGINAL.jpg;35
1924;2013;62;MANDRILLS BKB_62_20180730_id62_malado_(10)_ORIGINAL.jpg;89
2221;2013;62;MANDRILLS BKB_62_20180730_id62_malado_(2)_ORIGINAL.jpg;208
1865;2013;62;MANDRILLS BKB_62_20180730_id62_malado_(3)_ORIGINAL.jpg;148
1677;2013;62;MANDRILLS BKB_62_20180730_id62_malado_(4)_ORIGINAL.jpg;336
1929;2013;62;MANDRILLS BKB_62_20180730_id62_malado_(5)_ORIGINAL.jpg;84
1904;2013;62;MANDRILLS BKB_62_20180730_id62_malado_(6)_ORIGINAL.jpg;109
2071;2013;62;MANDRILLS BKB_62_20180730_id62_malado_(7)_ORIGINAL.jpg;58
1918;2013;62;MANDRILLS BKB_62_20180730_id62_malado_(8)_ORIGINAL.jpg;95
1916;2013;62;MANDRILLS BKB_62_20180730_id62_malado_(9)_ORIGINAL.jpg;97
1941;2015;62;MANDRILLS BKB_62_20180801_id62_malado_(1)_ORIGINAL.jpg;74
2049;2015;62;MANDRILLS BKB_62_20180801_id62_malado_(2)_ORIGINAL.jpg;34
2004;2015;62;MANDRILLS BKB_62_20180801_id62_malado_(3)_ORIGINAL.jpg;11
2247;2157;62;MANDRILLS BKB_62_20181221_id62_(1)_ORIGINAL.jpg;90
2071;2157;62;MANDRILLS BKB_62_20181221_id62_(2)_ORIGINAL.jpg;86
2178;2157;62;MANDRILLS BKB_62_20181221_id62_(3)_ORIGINAL.jpg;21
2222;2167;62;MANDRILLS BKB_62_20181231_id62_malado_(1)_ORIGINAL.jpg;55
2091;2167;62;MANDRILLS BKB_62_20181231_id62_malado_(5)_ORIGINAL.jpg;76
2100;2167;62;MANDRILLS BKB_62_20181231_id62_malado_(6)_ORIGINAL.jpg;67
2212;2167;62;MANDRILLS BKB_62_20181231_id62_malado_(8)_ORIGINAL.jpg;45
2212;2239;62;MANDRILLS BKB_62_20190313_id62_malado_(1).jpg;27
2297;2239;62;MANDRILLS BKB_62_20190313_id62_malado_(10).jpg;58
3177;2239;62;MANDRILLS BKB_62_20190313_id62_malado_(11).jpg;938
2412;2239;62;MANDRILLS BKB_62_20190313_id62_malado_(13).jpg;173
2496;2239;62;MANDRILLS BKB_62_20190313_id62_malado_(14).jpg;257
1789;2239;62;MANDRILLS BKB_62_20190313_id62_malado_(15).jpg;450
2310;2239;62;MANDRILLS BKB_62_20190313_id62_malado_(16).jpg;71
1898;2239;62;MANDRILLS BKB_62_20190313_id62_malado_(17).jpg;341
1835;2239;62;MANDRILLS BKB_62_20190313_id62_malado_(18).jpg;404
2081;2239;62;MANDRILLS BKB_62_20190313_id62_malado_(19).jpg;158
2249;2239;62;MANDRILLS BKB_62_20190313_id62_malado_(2).jpg;10
2486;2239;62;MANDRILLS BKB_62_20190313_id62_malado_(20).jpg;247
2298;2239;62;MANDRILLS BKB_62_20190313_id62_malado_(21).jpg;59
2561;2239;62;MANDRILLS BKB_62_20190313_id62_malado_(22).jpg;322
2310;2239;62;MANDRILLS BKB_62_20190313_id62_malado_(23).jpg;71
2287;2239;62;MANDRILLS BKB_62_20190313_id62_malado_(24).jpg;48
2244;2239;62;MANDRILLS BKB_62_20190313_id62_malado_(25).jpg;5
2348;2239;62;MANDRILLS BKB_62_20190313_id62_malado_(3).jpg;109
2331;2239;62;MANDRILLS BKB_62_20190313_id62_malado_(4).jpg;92
2139;2239;62;MANDRILLS BKB_62_20190313_id62_malado_(5).jpg;100
2157;2239;62;MANDRILLS BKB_62_20190313_id62_malado_(6).jpg;82
2327;2239;62;MANDRILLS BKB_62_20190313_id62_malado_(7).jpg;88
2290;2239;62;MANDRILLS BKB_62_20190313_id62_malado_(8).jpg;51
2329;2245;62;MANDRILLS BKB_62_20190319_id62_malado.jpg;84
2470;2339;62;MANDRILLS BKB_62_20190621_id62_malado.jpg;131
3112;2356;62;MANDRILLS BKB_62_20190708_id62_malado_(1).jpg;756
2307;2356;62;MANDRILLS BKB_62_20190708_id62_malado_(2).jpg;49
2351;2356;62;MANDRILLS BKB_62_20190708_id62_malado_(3).jpg;5
2457;2356;62;MANDRILLS BKB_62_20190708_id62_malado_(4).jpg;101
2410;2356;62;MANDRILLS BKB_62_20190708_id62_malado_(5).jpg;54
2386;2356;62;MANDRILLS BKB_62_20190708_id62_malado_(6).jpg;30
2433;2356;62;MANDRILLS BKB_62_20190708_id62_malado_(7).jpg;77
2477;2364;62;MANDRILLS BKB_62_20190716_id62_malado_(1).jpg;113
2498;2364;62;MANDRILLS BKB_62_20190716_id62_malado_(2).jpg;134
2508;2364;62;MANDRILLS BKB_62_20190716_id62_malado_(4).jpg;144
2869;2428;62;MANDRILLS BKB_62_20190918_id62_malado_(1).jpg;441
2819;2428;62;MANDRILLS BKB_62_20190918_id62_malado_(2).jpg;391
2538;2499;62;MANDRILLS BKB_62_20191128_id62_malado.jpg;39
2762;2658;62;MANDRILLS BKB_62_20200505_id62_malsub_(2).jpg;104
2808;2658;62;MANDRILLS BKB_62_20200505_id62_malsub_(3).jpg;150
2695;2659;62;MANDRILLS BKB_62_20200506_id62_malsub_(1).jpg;36
2803;2659;62;MANDRILLS BKB_62_20200506_id62_malsub_(2).jpg;144
2741;2828;62;MANDRILLS BKB_62_20201022_id62_malsub_(1).jpg;87
2789;2828;62;MANDRILLS BKB_62_20201022_id62_malsub_(2).jpg;39
2819;2828;62;MANDRILLS BKB_62_20201022_id62_malsub_(3).jpg;9
2940;2828;62;MANDRILLS BKB_62_20201022_id62_malsub_(4).jpg;112
2757;2828;62;MANDRILLS BKB_62_20201022_id62_malsub_(5).jpg;71
2726;2828;62;MANDRILLS BKB_62_20201022_id62_malsub_(6).jpg;102
2666;2844;62;MANDRILLS BKB_62_20201107_id62_malsub_(1).jpg;178
2883;2844;62;MANDRILLS BKB_62_20201107_id62_malsub_(2).jpg;39
4888;2906;62;MANDRILLS BKB_62_20210108_id62_malsub_(1).jpg;1982
2954;2906;62;MANDRILLS BKB_62_20210108_id62_malsub_(2).jpg;48
2774;2906;62;MANDRILLS BKB_62_20210108_id62_malsub_(3).jpg;132
2695;2906;62;MANDRILLS BKB_62_20210108_id62_malsub_(4).jpg;211
2849;2906;62;MANDRILLS BKB_62_20210108_id62_malsub_(5).jpg;57
3082;2924;62;MANDRILLS BKB_62_20210126_id62_malsub.jpg;158
2818;2924;62;MANDRILLS BKB_62_20210126_id62_malsub_(1).jpg;106
2813;2924;62;MANDRILLS BKB_62_20210126_id62_malsub_(2).jpg;111
2880;2924;62;MANDRILLS BKB_62_20210126_id62_malsub_(3).jpg;44
4387;2927;62;MANDRILLS BKB_62_20210129_id62_malsub_(1).jpg;1460
4532;2927;62;MANDRILLS BKB_62_20210129_id62_malsub_(2).jpg;1605
2777;2927;62;MANDRILLS BKB_62_20210129_id62_malsub_(4).jpg;150
2846;2928;62;MANDRILLS BKB_62_20210130_id62_malsub_(2).jpg;82
2782;2928;62;MANDRILLS BKB_62_20210130_id62_malsub_(4).jpg;146
2796;2928;62;MANDRILLS BKB_62_20210130_id62_malsub_(5).jpg;132
3131;2928;62;MANDRILLS BKB_62_20210130_id62_malsub_(6).jpg;203
2904;2930;62;MANDRILLS BKB_62_20210201_id62_malsub_(2).jpg;26
2953;2938;62;MANDRILLS BKB_62_20210209_id62_malsub_(1).jpg;15
3016;2938;62;MANDRILLS BKB_62_20210209_id62_malsub_(2).jpg;78
3087;2938;62;MANDRILLS BKB_62_20210209_id62_malsub_(3).jpg;149
2710;2938;62;MANDRILLS BKB_62_20210209_id62_malsub_(4).jpg;228
2992;2938;62;MANDRILLS BKB_62_20210209_id62_malsub_(5).jpg;54
3197;2938;62;MANDRILLS BKB_62_20210209_id62_malsub_(6).jpg;259
2769;2938;62;MANDRILLS BKB_62_20210209_id62_malsub_(7).jpg;169
2850;2989;62;MANDRILLS BKB_62_20210401_id62_malsub.jpg;139
2816;2990;62;MANDRILLS BKB_62_20210402_id62_malsub_(1).jpg;174
2510;2990;62;MANDRILLS BKB_62_20210402_id62_malsub_(2).jpg;480
2676;2990;62;MANDRILLS BKB_62_20210402_id62_malsub_(3).jpg;314
2448;2990;62;MANDRILLS BKB_62_20210402_id62_malsub_(4).jpg;542
2885;2990;62;MANDRILLS BKB_62_20210402_id62_malsub_(5).jpg;105
2701;2990;62;MANDRILLS BKB_62_20210402_id62_malsub_(6).jpg;289
2559;2990;62;MANDRILLS BKB_62_20210402_id62_malsub_(7).jpg;431
2920;2998;62;MANDRILLS BKB_62_20210410_id62_malsub.jpg;78
2906;3223;62;MANDRILLS BKB_62_20211121_id62_malsub_(1).jpg;317
2876;3223;62;MANDRILLS BKB_62_20211121_id62_malsub_(2).jpg;347
2927;3223;62;MANDRILLS BKB_62_20211121_id62_malsub_(3).jpg;296
2635;3223;62;MANDRILLS BKB_62_20211121_id62_malsub_(7).jpg;588
3016;3224;62;MANDRILLS BKB_62_20211122_id62_malsub.jpg;208
2880;3242;62;MANDRILLS BKB_62_20211210_id62_malsub_(1).jpg;362
2817;3242;62;MANDRILLS BKB_62_20211210_id62_malsub_(2).jpg;425
3208;3245;62;MANDRILLS BKB_62_20211213_id62_malsub(2).jpg;37
3133;3245;62;MANDRILLS BKB_62_20211213_id62_malsub.jpg;112
3346;3249;62;MANDRILLS BKB_62_20211217_id62_malsub.jpg;97
2912;3251;62;MANDRILLS BKB_62_20211219_id62_malsub_(1).jpg;339
3044;3251;62;MANDRILLS BKB_62_20211219_id62_malsub_(2).jpg;207
3114;3252;62;MANDRILLS BKB_62_20211220_ID62_malsub.jpg;138
3130;3253;62;MANDRILLS BKB_62_20211221_id62_malsub.jpg;123
4587;3347;62;MANDRILLS BKB_62_20220325_id62_malsub.jpg;1240
4382;3348;62;MANDRILLS BKB_62_20220326_id62_malsub (1).jpg;1034
5691;3348;62;MANDRILLS BKB_62_20220326_id62_malsub (2).jpg;2343
2967;3348;62;MANDRILLS BKB_62_20220326_id62_malsub (3).jpg;381
5247;3348;62;MANDRILLS BKB_62_20220326_id62_malsub (4).jpg;1899
4841;3348;62;MANDRILLS BKB_62_20220326_id62_malsub (5).jpg;1493
4325;3348;62;MANDRILLS BKB_62_20220326_id62_malsub (6).jpg;977
5178;3348;62;MANDRILLS BKB_62_20220326_id62_malsub (7).jpg;1830
5307;3348;62;MANDRILLS BKB_62_20220326_id62_malsub (8).jpg;1959
2862;3348;62;MANDRILLS BKB_62_20220326_id62_malsub (9).jpg;486
2887;3349;62;MANDRILLS BKB_62_20220327_id62_malsub (1).jpg;462
3147;3349;62;MANDRILLS BKB_62_20220327_id62_malsub (2).jpg;202
3394;3349;62;MANDRILLS BKB_62_20220327_id62_malsub.jpg;45
2528;3352;62;MANDRILLS BKB_62_20220330_id62_malsub (1).jpg;824
3050;3352;62;MANDRILLS BKB_62_20220330_id62_malsub (2).jpg;302
3359;3352;62;MANDRILLS BKB_62_20220330_id62_malsub (3).jpg;7
3533;3352;62;MANDRILLS BKB_62_20220330_id62_malsub (4).jpg;181
3077;3352;62;MANDRILLS BKB_62_20220330_id62_malsub (5).jpg;275
2886;3379;62;MANDRILLS BKB_62_20220426_id62_malsub (1).jpg;493
3172;3379;62;MANDRILLS BKB_62_20220426_id62_malsub (2).jpg;207
3196;3379;62;MANDRILLS BKB_62_20220426_id62_malsub (3).jpg;183
3058;3379;62;MANDRILLS BKB_62_20220426_id62_malsub (4).jpg;321
3064;3379;62;MANDRILLS BKB_62_20220426_id62_malsub (5).jpg;315
3081;3379;62;MANDRILLS BKB_62_20220426_id62_malsub.jpg;298
3636;3399;62;MANDRILLS BKB_62_20220516_id62_malsub (1).jpg;237
3153;3399;62;MANDRILLS BKB_62_20220516_id62_malsub (2).jpg;246
2602;3399;62;MANDRILLS BKB_62_20220516_id62_malsub.jpg;797
3222;3400;62;MANDRILLS BKB_62_20220517_id62_malsub (1).jpg;178
3333;3400;62;MANDRILLS BKB_62_20220517_id62_malsub (2).jpg;67
2980;3400;62;MANDRILLS BKB_62_20220517_id62_malsub (3).jpg;420
3107;3400;62;MANDRILLS BKB_62_20220517_id62_malsub (4).jpg;293
3053;3407;62;MANDRILLS BKB_62_20220524_id62_malsub (1).jpg;354
3163;3407;62;MANDRILLS BKB_62_20220524_id62_malsub (2).jpg;244
3511;3412;62;MANDRILLS BKB_62_20220529_id62_malsub (1).jpg;99
3730;3412;62;MANDRILLS BKB_62_20220529_id62_malsub (2).jpg;318
4948;3413;62;MANDRILLS BKB_62_20220530_id62_malsub.jpg;1535
2992;3421;62;MANDRILLS BKB_62_20220607_id62_malsub.jpg;429
3264;3430;62;MANDRILLS BKB_62_20220616_id62_malsub.jpg;166
3069;3431;62;MANDRILLS BKB_62_20220617_id62_malsub (1).jpg;362
3237;3431;62;MANDRILLS BKB_62_20220617_id62_malsub (2).jpg;194
3219;3436;62;MANDRILLS BKB_62_20220622_id62_malsub (1).jpg;217
3355;3436;62;MANDRILLS BKB_62_20220622_id62_malsub (2).jpg;81
3669;3437;62;MANDRILLS BKB_62_20220623_id62_malsub (1).jpg;232
2959;3437;62;MANDRILLS BKB_62_20220623_id62_malsub (2).jpg;478
5114;3438;62;MANDRILLS BKB_62_20220624_id62_malsub (1).jpg;1676
3006;3438;62;MANDRILLS BKB_62_20220624_id62_malsub (2).jpg;432
3305;3443;62;MANDRILLS BKB_62_20220629_id62 (2).jpg;138
3298;3443;62;MANDRILLS BKB_62_20220629_id62.jpg;145
3384;3445;62;MANDRILLS BKB_62_20220701_id62 (2).jpg;61
2857;3445;62;MANDRILLS BKB_62_20220701_id62 (3).jpg;588
3269;3445;62;MANDRILLS BKB_62_20220701_id62.jpg;176
5361;3447;62;MANDRILLS BKB_62_20220703_id62 (1).jpg;1914
2741;3447;62;MANDRILLS BKB_62_20220703_id62 (2).jpg;706
3209;3450;62;MANDRILLS BKB_62_20220706_id62 (1).jpg;241
2976;3450;62;MANDRILLS BKB_62_20220706_id62 (2).jpg;474
2985;3450;62;MANDRILLS BKB_62_20220706_id62 (3).jpg;465
3216;3450;62;MANDRILLS BKB_62_20220706_id62 (4).jpg;234
3032;3450;62;MANDRILLS BKB_62_20220706_id62.jpg;418
3936;3452;62;MANDRILLS BKB_62_20220708_id62 (2).jpg;484
3285;3452;62;MANDRILLS BKB_62_20220708_id62 (3).jpg;167
2901;3452;62;MANDRILLS BKB_62_20220708_id62.jpg;551
2999;3458;62;MANDRILLS BKB_62_20220714_id62_malsub.jpg;459
3257;3460;62;MANDRILLS BKB_62_20220716_id62 (2).jpg;203
3244;3460;62;MANDRILLS BKB_62_20220716_id62 (7).jpg;216
3269;3460;62;MANDRILLS BKB_62_20220716_id62.jpg;191
3175;3460;62;MANDRILLS BKB_62_20220716_id62_malsub (1).jpg;285
3215;3460;62;MANDRILLS BKB_62_20220716_id62_malsub (2).jpg;245
3200;3460;62;MANDRILLS BKB_62_20220716_id62_malsub (3).jpg;260
3377;3460;62;MANDRILLS BKB_62_20220716_id62_malsub (4).jpg;83
2990;3461;62;MANDRILLS BKB_62_20220717_id62.jpg;471
3160;3465;62;MANDRILLS BKB_62_20220721_id62.jpg;305
3126;3470;62;MANDRILLS BKB_62_20220726_id62.jpg;344
3884;3479;62;MANDRILLS BKB_62_20220804_id62.jpg;405
4346;3482;62;MANDRILLS BKB_62_20220807_id62.jpg;864
4199;3483;62;MANDRILLS BKB_62_20220808_id62 (1).jpg;716
3993;3483;62;MANDRILLS BKB_62_20220808_id62 (3).jpg;510
3303;3486;62;MANDRILLS BKB_62_20220811_id62.jpg;183
3233;3487;62;MANDRILLS BKB_62_20220812_id62 (1).jpg;254
3266;3487;62;MANDRILLS BKB_62_20220812_id62 (3).jpg;221
2995;3494;62;MANDRILLS BKB_62_20220819_id62.jpg;499
3024;3501;62;MANDRILLS BKB_62_20220826_id62.jpg;477
2978;3510;62;MANDRILLS BKB_62_20220904_id62 (1).jpg;532
3325;3510;62;MANDRILLS BKB_62_20220904_id62 (2).jpg;185
3265;3520;62;MANDRILLS BKB_62_20220914_id62.jpg;255
3455;3532;62;MANDRILLS BKB_62_20220926_id62.jpg;77
3256;3541;62;MANDRILLS BKB_62_20221005_id62.jpg;285
4340;3566;62;MANDRILLS BKB_62_20221030_id62.jpg;774
3262;3580;62;MANDRILLS BKB_62_20221113_id62.jpg;318
3121;3583;62;MANDRILLS BKB_62_20221116_id62 (1).jpg;462
3159;3583;62;MANDRILLS BKB_62_20221116_id62 (3).jpg;424
3048;3590;62;MANDRILLS BKB_62_20221123_id62.jpg;542
3015;3592;62;MANDRILLS BKB_62_20221125_id62 (1).jpg;577
3070;3592;62;MANDRILLS BKB_62_20221125_id62 (2).jpg;522
3051;3597;62;MANDRILLS BKB_62_20221130_id62 (1).jpg;546
3005;3597;62;MANDRILLS BKB_62_20221130_id62 (2).jpg;592
4521;3606;62;MANDRILLS BKB_62_20221209_id62 (1).jpg;915
2861;3606;62;MANDRILLS BKB_62_20221209_id62 (2).jpg;745
3091;3607;62;MANDRILLS BKB_62_20221210_id62 (2).jpg;516
3057;3607;62;MANDRILLS BKB_62_20221210_id62.jpg;550
2968;3621;62;MANDRILLS BKB_62_20221224_id62.jpg;653
37;0;6222;MANDRILLS BKB_6222_20210212_id6222_malinf_(1).jpg;37
35;0;6222;MANDRILLS BKB_6222_20210212_id6222_malinf_(2).jpg;35
30;0;6222;MANDRILLS BKB_6222_20210212_id6222_malinf_(3).jpg;30
41;0;6222;MANDRILLS BKB_6222_20210212_id6222_malinf_(4).jpg;41
39;0;6222;MANDRILLS BKB_6222_20210212_id6222_malinf_(5).jpg;39
33;0;6222;MANDRILLS BKB_6222_20210212_id6222_malinf_(6).jpg;33
27;0;6222;MANDRILLS BKB_6222_20210212_id6222_malinf_(7).jpg;27
-2;0;6222;MANDRILLS BKB_6222_20210212_id6222_malinf_(8).jpg;2
16;0;6222;MANDRILLS BKB_6222_20210212_id6222_malinf_(9).jpg;16
28;2;6222;MANDRILLS BKB_6222_20210214_id6222_malinf_(1).jpg;26
44;2;6222;MANDRILLS BKB_6222_20210214_id6222_malinf_(10).jpg;42
41;2;6222;MANDRILLS BKB_6222_20210214_id6222_malinf_(11).jpg;39
48;2;6222;MANDRILLS BKB_6222_20210214_id6222_malinf_(12).jpg;46
38;2;6222;MANDRILLS BKB_6222_20210214_id6222_malinf_(13).jpg;36
43;2;6222;MANDRILLS BKB_6222_20210214_id6222_malinf_(14).jpg;41
29;2;6222;MANDRILLS BKB_6222_20210214_id6222_malinf_(15).jpg;27
42;2;6222;MANDRILLS BKB_6222_20210214_id6222_malinf_(2).jpg;40
24;2;6222;MANDRILLS BKB_6222_20210214_id6222_malinf_(3).jpg;22
36;2;6222;MANDRILLS BKB_6222_20210214_id6222_malinf_(4).jpg;34
48;2;6222;MANDRILLS BKB_6222_20210214_id6222_malinf_(5).jpg;46
30;2;6222;MANDRILLS BKB_6222_20210214_id6222_malinf_(6).jpg;28
58;2;6222;MANDRILLS BKB_6222_20210214_id6222_malinf_(7).jpg;56
43;2;6222;MANDRILLS BKB_6222_20210214_id6222_malinf_(8).jpg;41
49;2;6222;MANDRILLS BKB_6222_20210214_id6222_malinf_(9).jpg;47
25;4;6222;MANDRILLS BKB_6222_20210216_id6222_malinf.jpg;21
22;17;6222;MANDRILLS BKB_6222_20210301_id6222_malinf_(1).jpg;5
55;17;6222;MANDRILLS BKB_6222_20210301_id6222_malinf_(2).jpg;38
41;17;6222;MANDRILLS BKB_6222_20210301_id6222_malinf_(3).jpg;24
47;17;6222;MANDRILLS BKB_6222_20210301_id6222_malinf_(4).jpg;30
30;17;6222;MANDRILLS BKB_6222_20210301_id6222_malinf_(5).jpg;13
32;17;6222;MANDRILLS BKB_6222_20210301_id6222_malinf_(6).jpg;15
15;41;6222;MANDRILLS BKB_6222_20210325_id6222_malinf.jpg;26
59;48;6222;MANDRILLS BKB_6222_20210401_id6222_malinf.jpg;11
28;52;6222;MANDRILLS BKB_6222_20210405_id6222_malinf.jpg;24
55;57;6222;MANDRILLS BKB_6222_20210410_id6222_malinf_(1).jpg;2
65;57;6222;MANDRILLS BKB_6222_20210410_id6222_malinf_(2).jpg;8
62;66;6222;MANDRILLS BKB_6222_20210419_id6222_malinf_(1).jpg;4
78;66;6222;MANDRILLS BKB_6222_20210419_id6222_malinf_(2).jpg;12
60;66;6222;MANDRILLS BKB_6222_20210419_id6222_malinf_(3).jpg;6
0;2;7080;MANDRILLS BKB_7080_20211029_id7080_malinf_(2).jpg;2
46;2;7080;MANDRILLS BKB_7080_20211029_id7080_malinf_(3).jpg;44
24;2;7080;MANDRILLS BKB_7080_20211029_id7080_malinf_(4).jpg;22
48;10;7080;MANDRILLS BKB_7080_20211106_id7080_malinf_(1).jpg;38
45;10;7080;MANDRILLS BKB_7080_20211106_id7080_malinf_(2).jpg;35
12;10;7080;MANDRILLS BKB_7080_20211106_id7080_malinf_(3).jpg;2
26;23;7080;MANDRILLS BKB_7080_20211119_id7080_malinf.jpg;3
58;25;7080;MANDRILLS BKB_7080_20211121_id7080_malinf_(1).jpg;33
60;25;7080;MANDRILLS BKB_7080_20211121_id7080_malinf_(2).jpg;35
37;25;7080;MANDRILLS BKB_7080_20211121_id7080_malinf_(3).jpg;12
44;26;7080;MANDRILLS BKB_7080_20211122_id7080_malinf.jpg;18
40;44;7080;MANDRILLS BKB_7080_20211210_id7080_malinf.jpg;4
24;50;7080;MANDRILLS BKB_7080_20211216_ID7080_malinf.jpg;26
72;52;7080;MANDRILLS BKB_7080_20211218_id7080_malinf_(1).jpg;20
73;52;7080;MANDRILLS BKB_7080_20211218_id7080_malinf_(2).jpg;21
88;52;7080;MANDRILLS BKB_7080_20211218_id7080_malinf_(3).jpg;36
76;52;7080;MANDRILLS BKB_7080_20211218_id7080_malinf_(4).jpg;24
79;64;7080;MANDRILLS BKB_7080_20211230_id7080_malinf_(1).jpg;15
92;64;7080;MANDRILLS BKB_7080_20211230_id7080_malinf_(10).jpg;28
91;64;7080;MANDRILLS BKB_7080_20211230_id7080_malinf_(11).jpg;27
77;64;7080;MANDRILLS BKB_7080_20211230_id7080_malinf_(2).jpg;13
84;64;7080;MANDRILLS BKB_7080_20211230_id7080_malinf_(3).jpg;20
47;64;7080;MANDRILLS BKB_7080_20211230_id7080_malinf_(4).jpg;17
73;64;7080;MANDRILLS BKB_7080_20211230_id7080_malinf_(5).jpg;9
62;64;7080;MANDRILLS BKB_7080_20211230_id7080_malinf_(6).jpg;2
99;64;7080;MANDRILLS BKB_7080_20211230_id7080_malinf_(7).jpg;35
90;64;7080;MANDRILLS BKB_7080_20211230_id7080_malinf_(8).jpg;26
109;64;7080;MANDRILLS BKB_7080_20211230_id7080_malinf_(9).jpg;45
124;97;7080;MANDRILLS BKB_7080_20220201_id7080_malinf.jpg;27
232;135;7080;MANDRILLS BKB_7080_20220311_id7080_malinf (1).jpg;97
184;135;7080;MANDRILLS BKB_7080_20220311_id7080_malinf (2).jpg;49
192;135;7080;MANDRILLS BKB_7080_20220311_id7080_malinf (3).jpg;57
173;138;7080;MANDRILLS BKB_7080_20220314_id7080 (1).jpg;35
196;138;7080;MANDRILLS BKB_7080_20220314_id7080 (2).jpg;58
175;156;7080;MANDRILLS BKB_7080_20220401_id7080_malinf (1).jpg;19
245;156;7080;MANDRILLS BKB_7080_20220401_id7080_malinf (2).jpg;89
219;156;7080;MANDRILLS BKB_7080_20220401_id7080_malinf (3).jpg;63
175;156;7080;MANDRILLS BKB_7080_20220401_id7080_malinf (4).jpg;19
202;156;7080;MANDRILLS BKB_7080_20220401_id7080_malinf (5).jpg;46
217;180;7080;MANDRILLS BKB_7080_20220425_id7080_malinf (1).jpg;37
264;180;7080;MANDRILLS BKB_7080_20220425_id7080_malinf (2).jpg;84
241;180;7080;MANDRILLS BKB_7080_20220425_id7080_malinf (3).jpg;61
245;180;7080;MANDRILLS BKB_7080_20220425_id7080_malinf (5).jpg;65
275;195;7080;MANDRILLS BKB_7080_20220510_id7080_malinf (1).jpg;80
195;195;7080;MANDRILLS BKB_7080_20220510_id7080_malinf (2).jpg;0
268;195;7080;MANDRILLS BKB_7080_20220510_id7080_malinf (3).jpg;73
247;209;7080;MANDRILLS BKB_7080_20220524_id7080_malinf (1).jpg;38
243;209;7080;MANDRILLS BKB_7080_20220524_id7080_malinf (2).jpg;34
305;209;7080;MANDRILLS BKB_7080_20220524_id7080_malinf (3).jpg;96
270;209;7080;MANDRILLS BKB_7080_20220524_id7080_malinf (4).jpg;61
240;223;7080;MANDRILLS BKB_7080_20220607_id7080_malinf.jpg;17
276;235;7080;MANDRILLS BKB_7080_20220619_id7080_malinf.jpg;41
366;240;7080;MANDRILLS BKB_7080_20220624_id7080_malinf (1).jpg;126
304;240;7080;MANDRILLS BKB_7080_20220624_id7080_malinf (2).jpg;64
307;240;7080;MANDRILLS BKB_7080_20220624_id7080_malinf (3).jpg;67
227;240;7080;MANDRILLS BKB_7080_20220624_id7080_malinf (4).jpg;13
297;240;7080;MANDRILLS BKB_7080_20220624_id7080_malinf (5).jpg;57
304;240;7080;MANDRILLS BKB_7080_20220624_id7080_malinf (6).jpg;64
288;240;7080;MANDRILLS BKB_7080_20220624_id7080_malinf (7).jpg;48
260;245;7080;MANDRILLS BKB_7080_20220629_id7080 (1).jpg;15
302;245;7080;MANDRILLS BKB_7080_20220629_id7080 (2).jpg;57
296;245;7080;MANDRILLS BKB_7080_20220629_id7080 (3).jpg;51
306;254;7080;MANDRILLS BKB_7080_20220708_id7080.jpg;52
364;257;7080;MANDRILLS BKB_7080_20220711_id7080 (2).jpg;107
323;257;7080;MANDRILLS BKB_7080_20220711_id7080 (3).jpg;66
276;257;7080;MANDRILLS BKB_7080_20220711_id7080 (6).jpg;19
349;257;7080;MANDRILLS BKB_7080_20220711_id7080.jpg;92
339;260;7080;MANDRILLS BKB_7080_20220714_id7080_malinf (1).jpg;79
306;260;7080;MANDRILLS BKB_7080_20220714_id7080_malinf (2).jpg;46
328;260;7080;MANDRILLS BKB_7080_20220714_id7080_malinf (3).jpg;68
323;267;7080;MANDRILLS BKB_7080_20220721_id7080 (1).jpg;56
432;267;7080;MANDRILLS BKB_7080_20220721_id7080 (3).jpg;165
292;312;7080;MANDRILLS BKB_7080_20220904_id7080 (1).jpg;20
322;312;7080;MANDRILLS BKB_7080_20220904_id7080 (2).jpg;10
366;312;7080;MANDRILLS BKB_7080_20220904_id7080 (3).jpg;54
281;313;7080;MANDRILLS BKB_7080_20220905_id7080 (1).jpg;32
330;313;7080;MANDRILLS BKB_7080_20220905_id7080 (2).jpg;17
396;313;7080;MANDRILLS BKB_7080_20220905_id7080 (3).jpg;83
303;313;7080;MANDRILLS BKB_7080_20220905_id7080 (4).jpg;10
345;313;7080;MANDRILLS BKB_7080_20220905_id7080 (5).jpg;32
362;343;7080;MANDRILLS BKB_7080_20221005_id7080 (2).jpg;19
377;343;7080;MANDRILLS BKB_7080_20221005_id7080.jpg;34
432;357;7080;MANDRILLS BKB_7080_20221019_id7080 (1).jpg;75
324;357;7080;MANDRILLS BKB_7080_20221019_id7080 (2).jpg;33
372;357;7080;MANDRILLS BKB_7080_20221019_id7080 (4).jpg;15
392;357;7080;MANDRILLS BKB_7080_20221019_id7080 (5).jpg;35
446;360;7080;MANDRILLS BKB_7080_20221022_id7080.jpg;86
406;368;7080;MANDRILLS BKB_7080_20221030_id7080.jpg;38
417;369;7080;MANDRILLS BKB_7080_20221031_id7080 (1).jpg;48
350;369;7080;MANDRILLS BKB_7080_20221031_id7080 (2).jpg;19
414;369;7080;MANDRILLS BKB_7080_20221031_id7080 (3).jpg;45
391;386;7080;MANDRILLS BKB_7080_20221117_id7080 (2).jpg;5
384;386;7080;MANDRILLS BKB_7080_20221117_id7080 (3).jpg;2
260;386;7080;MANDRILLS BKB_7080_20221117_id7080 (4).jpg;126
470;390;7080;MANDRILLS BKB_7080_20221121_id7080 (1).jpg;80
495;390;7080;MANDRILLS BKB_7080_20221121_id7080 (2).jpg;105
445;390;7080;MANDRILLS BKB_7080_20221121_id7080 (3).jpg;55
483;390;7080;MANDRILLS BKB_7080_20221121_id7080 (4).jpg;93
476;399;7080;MANDRILLS BKB_7080_20221130_id7080 (1).jpg;77
400;399;7080;MANDRILLS BKB_7080_20221130_id7080 (2).jpg;1
500;399;7080;MANDRILLS BKB_7080_20221130_id7080 (3).jpg;101
368;399;7080;MANDRILLS BKB_7080_20221130_id7080 (5).jpg;31
443;399;7080;MANDRILLS BKB_7080_20221130_id7080 (6).jpg;44
383;408;7080;MANDRILLS BKB_7080_20221209_id7080 (2).jpg;25
387;408;7080;MANDRILLS BKB_7080_20221209_id7080 (3).jpg;21
364;408;7080;MANDRILLS BKB_7080_20221209_id7080 (4).jpg;44
360;408;7080;MANDRILLS BKB_7080_20221209_id7080 (6).jpg;48
481;409;7080;MANDRILLS BKB_7080_20221210_id7080 (1).jpg;72
469;409;7080;MANDRILLS BKB_7080_20221210_id7080 (2).jpg;60
565;409;7080;MANDRILLS BKB_7080_20221210_id7080 (3).jpg;156
395;409;7080;MANDRILLS BKB_7080_20221210_id7080.jpg;14
435;413;7080;MANDRILLS BKB_7080_20221214_id7080.jpg;22
637;423;7080;MANDRILLS BKB_7080_20221224_id7080.jpg;214
41;2;8038;MANDRILLS BKB_8038_20221027_id8038 (1).jpg;39
68;2;8038;MANDRILLS BKB_8038_20221027_id8038 (2).jpg;66
63;2;8038;MANDRILLS BKB_8038_20221027_id8038 (3).jpg;61
35;2;8038;MANDRILLS BKB_8038_20221027_id8038 (4).jpg;33
55;2;8038;MANDRILLS BKB_8038_20221027_id8038 (5).jpg;53
3;2;8038;MANDRILLS BKB_8038_20221027_id8038 (6).jpg;1
54;2;8038;MANDRILLS BKB_8038_20221027_id8038 (7).jpg;52
22;2;8038;MANDRILLS BKB_8038_20221027_id8038 (8).jpg;20
76;6;8038;MANDRILLS BKB_8038_20221031_id8038 (1).jpg;70
31;6;8038;MANDRILLS BKB_8038_20221031_id8038 (2).jpg;25
40;6;8038;MANDRILLS BKB_8038_20221031_id8038 (4).jpg;34
45;6;8038;MANDRILLS BKB_8038_20221031_id8038 (5).jpg;39
44;6;8038;MANDRILLS BKB_8038_20221031_id8038 (6).jpg;38
59;23;8038;MANDRILLS BKB_8038_20221117_id8038 (1).jpg;36
36;23;8038;MANDRILLS BKB_8038_20221117_id8038 (11).jpg;13
34;23;8038;MANDRILLS BKB_8038_20221117_id8038 (12).jpg;11
52;23;8038;MANDRILLS BKB_8038_20221117_id8038 (14).jpg;29
33;23;8038;MANDRILLS BKB_8038_20221117_id8038 (15).jpg;10
18;23;8038;MANDRILLS BKB_8038_20221117_id8038 (16).jpg;5
55;23;8038;MANDRILLS BKB_8038_20221117_id8038 (17).jpg;32
66;23;8038;MANDRILLS BKB_8038_20221117_id8038 (2).jpg;43
28;23;8038;MANDRILLS BKB_8038_20221117_id8038 (9).jpg;5
75;36;8038;MANDRILLS BKB_8038_20221130_id8038 (1).jpg;39
56;36;8038;MANDRILLS BKB_8038_20221130_id8038 (2).jpg;20
66;36;8038;MANDRILLS BKB_8038_20221130_id8038.jpg;30
49;45;8038;MANDRILLS BKB_8038_20221209_id8038 (2).jpg;4
33;46;8038;MANDRILLS BKB_8038_20221210_id8038 (1).jpg;13
65;46;8038;MANDRILLS BKB_8038_20221210_id8038 (2).jpg;19
76;46;8038;MANDRILLS BKB_8038_20221210_id8038 (3).jpg;30
43;46;8038;MANDRILLS BKB_8038_20221210_id8038 (4).jpg;3
39;46;8038;MANDRILLS BKB_8038_20221210_id8038 (5).jpg;7
91;48;8038;MANDRILLS BKB_8038_20221212_id8038 (1).jpg;43
77;48;8038;MANDRILLS BKB_8038_20221212_id8038 (2).jpg;29
87;48;8038;MANDRILLS BKB_8038_20221212_id8038 (4).jpg;39
54;23;8041;MANDRILLS BKB_8041_20221209_id8041 (2).jpg;31
61;24;8041;MANDRILLS BKB_8041_20221210_id8041 (1).jpg;37
59;24;8041;MANDRILLS BKB_8041_20221210_id8041 (2).jpg;35
53;24;8041;MANDRILLS BKB_8041_20221210_id8041 (3).jpg;29
67;24;8041;MANDRILLS BKB_8041_20221210_id8041 (4).jpg;43
56;24;8041;MANDRILLS BKB_8041_20221210_id8041.jpg;32
87;20;8043;MANDRILLS BKB_8043_20221123_id8043 (1).jpg;67
87;27;8043;MANDRILLS BKB_8043_20221130_id8043 (1).jpg;60
96;27;8043;MANDRILLS BKB_8043_20221130_id8043 (2).jpg;69
71;27;8043;MANDRILLS BKB_8043_20221130_id8043 (3).jpg;44
72;36;8043;MANDRILLS BKB_8043_20221209_id8043 (2).jpg;36
57;36;8043;MANDRILLS BKB_8043_20221209_id8043 (3).jpg;21
78;38;8043;MANDRILLS BKB_8043_20221211_id8043.jpg;40
95;39;8043;MANDRILLS BKB_8043_20221212_id8043 (1).jpg;56
81;39;8043;MANDRILLS BKB_8043_20221212_id8043 (2).jpg;42
89;39;8043;MANDRILLS BKB_8043_20221212_id8043 (3).jpg;50
76;39;8043;MANDRILLS BKB_8043_20221212_id8043 (4).jpg;37
85;39;8043;MANDRILLS BKB_8043_20221212_id8043 (6).jpg;46
117;39;8043;MANDRILLS BKB_8043_20221212_id8043 (7).jpg;78
62;14;8045;MANDRILLS BKB_8045_20221210_id8045 (1).jpg;48
56;14;8045;MANDRILLS BKB_8045_20221210_id8045 (2).jpg;42
57;14;8045;MANDRILLS BKB_8045_20221210_id8045 (3).jpg;43
14;14;8045;MANDRILLS BKB_8045_20221210_id8045 (4).jpg;0
54;14;8045;MANDRILLS BKB_8045_20221210_id8045 (5).jpg;40
62;14;8045;MANDRILLS BKB_8045_20221210_id8045 (6).jpg;48
42;1;8063;MANDRILLS BKB_8063_20221029_id8063 (2).jpg;41
24;1;8063;MANDRILLS BKB_8063_20221029_id8063 (3).jpg;23
43;1;8063;MANDRILLS BKB_8063_20221029_id8063 (4).jpg;42
51;2;8063;MANDRILLS BKB_8063_20221030_id8063 (1).jpg;49
43;2;8063;MANDRILLS BKB_8063_20221030_id8063 (2).jpg;41
42;2;8063;MANDRILLS BKB_8063_20221030_id8063 (3).jpg;40
34;2;8063;MANDRILLS BKB_8063_20221030_id8063 (4).jpg;32
32;2;8063;MANDRILLS BKB_8063_20221030_id8063 (5).jpg;30
34;2;8063;MANDRILLS BKB_8063_20221030_id8063 (6).jpg;32
69;2;8063;MANDRILLS BKB_8063_20221030_id8063 (7).jpg;67
32;3;8063;MANDRILLS BKB_8063_20221031_id8063 (1).jpg;29
49;19;8063;MANDRILLS BKB_8063_20221116_id8063 (2).jpg;30
41;19;8063;MANDRILLS BKB_8063_20221116_id8063 (3).jpg;22
61;24;8063;MANDRILLS BKB_8063_20221121_id8063 (1).jpg;37
73;24;8063;MANDRILLS BKB_8063_20221121_id8063 (2).jpg;49
50;43;8063;MANDRILLS BKB_8063_20221210_id8063.jpg;7
55;45;8063;MANDRILLS BKB_8063_20221212_id8063 (1).jpg;10
116;45;8063;MANDRILLS BKB_8063_20221212_id8063 (2).jpg;71
65;45;8063;MANDRILLS BKB_8063_20221212_id8063 (3).jpg;20
64;57;8063;MANDRILLS BKB_8063_20221224_id8063 (2).jpg;7
66;57;8063;MANDRILLS BKB_8063_20221224_id8063 (3).jpg;9
41;57;8063;MANDRILLS BKB_8063_20221224_id8063 (4).jpg;16
78;57;8063;MANDRILLS BKB_8063_20221224_id8063.jpg;21
54;14;8071;MANDRILLS BKB_8071_20221130_id8071 (2).jpg;40
37;14;8071;MANDRILLS BKB_8071_20221130_id8071 (4).jpg;23
40;14;8071;MANDRILLS BKB_8071_20221130_id8071.jpg;26
37;24;8071;MANDRILLS BKB_8071_20221210_id8071 (3).jpg;13
58;32;8071;MANDRILLS BKB_8071_20221218_id8071.jpg;26
44;1;8076;MANDRILLS BKB_8076_20221125_id8076 (1).jpg;43
48;1;8076;MANDRILLS BKB_8076_20221125_id8076 (2).jpg;47
36;1;8076;MANDRILLS BKB_8076_20221125_id8076 (3).jpg;35
45;1;8076;MANDRILLS BKB_8076_20221125_id8076 (5).jpg;44
54;13;8093;MANDRILLS BKB_8093_20221215_id8093 (4).jpg;41
28;13;8093;MANDRILLS BKB_8093_20221215_id8093 (5).jpg;15
32;13;8093;MANDRILLS BKB_8093_20221215_id8093 (6).jpg;19
46;13;8093;MANDRILLS BKB_8093_20221215_id8093 (7).jpg;33
86;20;8093;MANDRILLS BKB_8093_20221222_id8093.jpg;66
56;26;8104;MANDRILLS BKB_8104_20221130_id8104 (1).jpg;30
73;26;8104;MANDRILLS BKB_8104_20221130_id8104 (2).jpg;47
89;32;8104;MANDRILLS BKB_8104_20221206_id8104 (1).jpg;57
154;32;8104;MANDRILLS BKB_8104_20221206_id8104 (2).jpg;122
48;32;8104;MANDRILLS BKB_8104_20221206_id8104 (4).jpg;16
60;32;8104;MANDRILLS BKB_8104_20221206_id8104 (6).jpg;28
118;36;8104;MANDRILLS BKB_8104_20221210_id8104 (1).jpg;82
47;36;8104;MANDRILLS BKB_8104_20221210_id8104 (2).jpg;11
56;36;8104;MANDRILLS BKB_8104_20221210_id8104 (3).jpg;20
46;36;8104;MANDRILLS BKB_8104_20221210_id8104 (4).jpg;10
39;7;8124;MANDRILLS BKB_8124_20221210_id8124 (2).jpg;32
16;7;8124;MANDRILLS BKB_8124_20221210_id8124 (3).jpg;9
24;7;8124;MANDRILLS BKB_8124_20221210_id8124 (4).jpg;17
40;7;8124;MANDRILLS BKB_8124_20221210_id8124 (5).jpg;33
53;7;8124;MANDRILLS BKB_8124_20221210_id8124 (7).jpg;46
22;7;8124;MANDRILLS BKB_8124_20221210_id8124 (8).jpg;15
71;2;8156;MANDRILLS BKB_8156_20221119_id8156 (1).jpg;69
31;2;8156;MANDRILLS BKB_8156_20221119_id8156 (2).jpg;29
24;2;8156;MANDRILLS BKB_8156_20221119_id8156 (3).jpg;22
54;4;8156;MANDRILLS BKB_8156_20221121_id8156 (2).jpg;50
61;4;8156;MANDRILLS BKB_8156_20221121_id8156 (3).jpg;57
55;6;8156;MANDRILLS BKB_8156_20221123_id8156.jpg;49
41;13;8156;MANDRILLS BKB_8156_20221130_id8156 (2).jpg;28
58;13;8156;MANDRILLS BKB_8156_20221130_id8156 (3).jpg;45
1;27;8156;MANDRILLS BKB_8156_20221214_id8156 (1).jpg;26
33;6;8161;MANDRILLS BKB_8161_20221214_id8161 (1).jpg;27
33;6;8161;MANDRILLS BKB_8161_20221214_id8161 (2).jpg;27
54;0;8210;MANDRILLS BKB_8210_20221218_id8210.jpg;54
131;73;829;MANDRILLS BKB_829_20140216_id829_feminfDROITE_(1)_ORIGINAL.jpg;58
39;73;829;MANDRILLS BKB_829_20140216_id829_feminfDROITE_(3)_ORIGINAL.jpg;34
43;73;829;MANDRILLS BKB_829_20140216_id829_feminfDROITE_(4)_ORIGINAL.jpg;30
66;73;829;MANDRILLS BKB_829_20140216_id829_feminfDROITE_(5)_ORIGINAL.jpg;7
107;73;829;MANDRILLS BKB_829_20140216_id829_feminfDROITE_(6)_ORIGINAL.jpg;34
417;548;87;MANDRILLS BKB_87_20140630_id87_maljuv_(1)_ORIGINAL.jpg;131
388;548;87;MANDRILLS BKB_87_20140630_id87_maljuv_(2)_ORIGINAL.jpg;160
400;548;87;MANDRILLS BKB_87_20140630_id87_maljuv_(3)_ORIGINAL.jpg;148
1486;1385;87;MANDRILLS BKB_87_20161014_id87_maljuv_(1)_ORIGINAL.jpg;101
1413;1385;87;MANDRILLS BKB_87_20161014_id87_maljuv_ORIGINAL.jpg;28
1371;1416;87;MANDRILLS BKB_87_20161114_id87_maljuv_ORIGINAL.jpg;45
1986;1995;87;MANDRILLS BKB_87_20180616_id87_malado_(1)_ORIGINAL.jpg;9
2054;1995;87;MANDRILLS BKB_87_20180616_id87_malado_(10)_ORIGINAL.jpg;59
2101;1995;87;MANDRILLS BKB_87_20180616_id87_malado_(11)_ORIGINAL.jpg;106
2051;1995;87;MANDRILLS BKB_87_20180616_id87_malado_(12)_ORIGINAL.jpg;56
2087;1995;87;MANDRILLS BKB_87_20180616_id87_malado_(13)_ORIGINAL.jpg;92
2024;1995;87;MANDRILLS BKB_87_20180616_id87_malado_(14)_ORIGINAL.jpg;29
1964;1995;87;MANDRILLS BKB_87_20180616_id87_malado_(15)_ORIGINAL.jpg;31
1995;1995;87;MANDRILLS BKB_87_20180616_id87_malado_(16)_ORIGINAL.jpg;0
2108;1995;87;MANDRILLS BKB_87_20180616_id87_malado_(17)_ORIGINAL.jpg;113
2097;1995;87;MANDRILLS BKB_87_20180616_id87_malado_(18)_ORIGINAL.jpg;102
1933;1995;87;MANDRILLS BKB_87_20180616_id87_malado_(19)_ORIGINAL.jpg;62
2036;1995;87;MANDRILLS BKB_87_20180616_id87_malado_(2)_ORIGINAL.jpg;41
2077;1995;87;MANDRILLS BKB_87_20180616_id87_malado_(20)_ORIGINAL.jpg;82
1907;1995;87;MANDRILLS BKB_87_20180616_id87_malado_(21)_ORIGINAL.jpg;88
2020;1995;87;MANDRILLS BKB_87_20180616_id87_malado_(22)_ORIGINAL.jpg;25
1959;1995;87;MANDRILLS BKB_87_20180616_id87_malado_(23)_ORIGINAL.jpg;36
1954;1995;87;MANDRILLS BKB_87_20180616_id87_malado_(24)_ORIGINAL.jpg;41
1896;1995;87;MANDRILLS BKB_87_20180616_id87_malado_(25)_ORIGINAL.jpg;99
2048;1995;87;MANDRILLS BKB_87_20180616_id87_malado_(26)_ORIGINAL.jpg;53
2120;1995;87;MANDRILLS BKB_87_20180616_id87_malado_(27)_ORIGINAL.jpg;125
2212;1995;87;MANDRILLS BKB_87_20180616_id87_malado_(28)_ORIGINAL.jpg;217
2137;1995;87;MANDRILLS BKB_87_20180616_id87_malado_(29)_ORIGINAL.jpg;142
2080;1995;87;MANDRILLS BKB_87_20180616_id87_malado_(3)_ORIGINAL.jpg;85
2018;1995;87;MANDRILLS BKB_87_20180616_id87_malado_(30)_ORIGINAL.jpg;23
2079;1995;87;MANDRILLS BKB_87_20180616_id87_malado_(31)_ORIGINAL.jpg;84
2025;1995;87;MANDRILLS BKB_87_20180616_id87_malado_(32)_ORIGINAL.jpg;30
2227;1995;87;MANDRILLS BKB_87_20180616_id87_malado_(4)_ORIGINAL.jpg;232
2074;1995;87;MANDRILLS BKB_87_20180616_id87_malado_(5)_ORIGINAL.jpg;79
1944;1995;87;MANDRILLS BKB_87_20180616_id87_malado_(6)_ORIGINAL.jpg;51
2016;1995;87;MANDRILLS BKB_87_20180616_id87_malado_(7)_ORIGINAL.jpg;21
2063;1995;87;MANDRILLS BKB_87_20180616_id87_malado_(8)_ORIGINAL.jpg;68
2058;1995;87;MANDRILLS BKB_87_20180616_id87_malado_(9)_ORIGINAL.jpg;63
2182;2000;87;MANDRILLS BKB_87_20180621_id87_malado_(1)_ORIGINAL.jpg;182
2148;2000;87;MANDRILLS BKB_87_20180621_id87_malado_(2)_ORIGINAL.jpg;148
2139;2000;87;MANDRILLS BKB_87_20180621_id87_malado_(4)_ORIGINAL.jpg;139
2123;2236;87;MANDRILLS BKB_87_20190212_id87_malado_(1)_ORIGINAL.jpg;113
2092;2236;87;MANDRILLS BKB_87_20190212_id87_malado_(3)_ORIGINAL.jpg;144
2280;2264;87;MANDRILLS BKB_87_20190312_id87_malado_(1).jpg;16
2254;2264;87;MANDRILLS BKB_87_20190312_id87_malado_(2).jpg;10
2277;2264;87;MANDRILLS BKB_87_20190312_id87_malado_(3).jpg;13
2527;2265;87;MANDRILLS BKB_87_20190313_id87_malado.jpg;262
2086;2267;87;MANDRILLS BKB_87_20190315_id87_malado_(1).jpg;181
2230;2267;87;MANDRILLS BKB_87_20190315_id87_malado_(2).jpg;37
2237;2269;87;MANDRILLS BKB_87_20190317_id87_malado_(1).jpg;32
2180;2269;87;MANDRILLS BKB_87_20190317_id87_malado_(2).jpg;89
2222;2275;87;MANDRILLS BKB_87_20190323_id87_malado_(2).jpg;53
2381;2391;87;MANDRILLS BKB_87_20190717_id87_malado.jpg;10
2346;2392;87;MANDRILLS BKB_87_20190718_id87_malado_(1).jpg;46
2249;2392;87;MANDRILLS BKB_87_20190718_id87_malado_(2).jpg;143
2274;2392;87;MANDRILLS BKB_87_20190718_id87_malado_(3).jpg;118
2394;2392;87;MANDRILLS BKB_87_20190718_id87_malado_(4).jpg;2
2337;2415;87;MANDRILLS BKB_87_20190810_id87_malado_(1).jpg;78
2342;2415;87;MANDRILLS BKB_87_20190810_id87_malado_(2).jpg;73
2308;2415;87;MANDRILLS BKB_87_20190810_id87_malado_(3).jpg;107
2318;2415;87;MANDRILLS BKB_87_20190810_id87_malado_(4).jpg;97
3357;2440;87;MANDRILLS BKB_87_20190904_id87_malado_CENTRE.jpg;917
2667;2508;87;MANDRILLS BKB_87_20191111_id87_malado.jpg;159
2503;2511;87;MANDRILLS BKB_87_20191114_id87_malado.jpg;8
2396;2525;87;MANDRILLS BKB_87_20191128_id87_malado.jpg;129
2573;2596;87;MANDRILLS BKB_87_20200207_id87_malsub_(1).jpg;23
2745;2596;87;MANDRILLS BKB_87_20200207_id87_malsub_(3).jpg;149
2954;2685;87;MANDRILLS BKB_87_20200506_id87_malsub_(1).jpg;269
2678;2685;87;MANDRILLS BKB_87_20200506_id87_malsub_(2).jpg;7
2599;2685;87;MANDRILLS BKB_87_20200506_id87_malsub_(3).jpg;86
2494;2849;87;MANDRILLS BKB_87_20201017_id87_malsub_(1).jpg;355
2643;2849;87;MANDRILLS BKB_87_20201017_id87_malsub_(3).jpg;206
2516;2850;87;MANDRILLS BKB_87_20201018_id87_malsub_(1).jpg;334
2507;2850;87;MANDRILLS BKB_87_20201018_id87_malsub_(2).jpg;343
2550;2854;87;MANDRILLS BKB_87_20201022_id87_malsub.jpg;304
2925;2867;87;MANDRILLS BKB_87_20201104_id87_malsub_(1).jpg;58
2709;2867;87;MANDRILLS BKB_87_20201104_id87_malsub_(2).jpg;158
2720;2867;87;MANDRILLS BKB_87_20201104_id87_malsub_(3).jpg;147
2577;2867;87;MANDRILLS BKB_87_20201104_id87_malsub_(4).jpg;290
2607;2867;87;MANDRILLS BKB_87_20201104_id87_malsub_(5).jpg;260
2680;2870;87;MANDRILLS BKB_87_20201107_id87_malsub_(1).jpg;190
2699;2870;87;MANDRILLS BKB_87_20201107_id87_malsub_(2).jpg;171
2641;2870;87;MANDRILLS BKB_87_20201107_id87_malsub_(3).jpg;229
2834;2884;87;MANDRILLS BKB_87_20201121_id87_(1).jpg;50
4028;2884;87;MANDRILLS BKB_87_20201121_id87_(2).jpg;1144
2806;2884;87;MANDRILLS BKB_87_20201121_id87_malsub_(1).jpg;78
2777;2884;87;MANDRILLS BKB_87_20201121_id87_malsub_(2).jpg;107
2907;2884;87;MANDRILLS BKB_87_20201121_id87_malsub_(3).jpg;23
2283;2909;87;MANDRILLS BKB_87_20201216_id87_malsub_(1).jpg;626
2474;2909;87;MANDRILLS BKB_87_20201216_id87_malsub_(2).jpg;435
2770;2991;87;MANDRILLS BKB_87_20210308_id87_malsub_(1).jpg;221
2854;2991;87;MANDRILLS BKB_87_20210308_id87_malsub_(2).jpg;137
2950;3284;87;MANDRILLS BKB_87_20211226_id87_malsub_(1).jpg;334
2937;3284;87;MANDRILLS BKB_87_20211226_id87_malsub_(10).jpg;347
2903;3284;87;MANDRILLS BKB_87_20211226_id87_malsub_(11).jpg;381
2947;3284;87;MANDRILLS BKB_87_20211226_id87_malsub_(13).jpg;337
2916;3284;87;MANDRILLS BKB_87_20211226_id87_malsub_(2).jpg;368
2877;3284;87;MANDRILLS BKB_87_20211226_id87_malsub_(3).jpg;407
2977;3284;87;MANDRILLS BKB_87_20211226_id87_malsub_(4).jpg;307
2984;3284;87;MANDRILLS BKB_87_20211226_id87_malsub_(5).jpg;300
2845;3284;87;MANDRILLS BKB_87_20211226_id87_malsub_(6).jpg;439
2889;3284;87;MANDRILLS BKB_87_20211226_id87_malsub_(7).jpg;395
2971;3284;87;MANDRILLS BKB_87_20211226_id87_malsub_(8).jpg;313
3837;3473;87;MANDRILLS BKB_87_20220703_id87 (1).jpg;364
3851;3473;87;MANDRILLS BKB_87_20220703_id87 (2).jpg;378
3861;3473;87;MANDRILLS BKB_87_20220703_id87 (3).jpg;388
3842;3476;87;MANDRILLS BKB_87_20220706_id87 (2).jpg;366
3783;3476;87;MANDRILLS BKB_87_20220706_id87.jpg;307
3866;3478;87;MANDRILLS BKB_87_20220708_id87 (1).jpg;388
3837;3478;87;MANDRILLS BKB_87_20220708_id87 (2).jpg;359
3774;3478;87;MANDRILLS BKB_87_20220708_id87 (3).jpg;296
3871;3478;87;MANDRILLS BKB_87_20220708_id87 (4).jpg;393
3848;3481;87;MANDRILLS BKB_87_20220711_id87.jpg;367
3776;3484;87;MANDRILLS BKB_87_20220714_id87_maladu (1).jpg;292
4026;3484;87;MANDRILLS BKB_87_20220714_id87_maladu (2).jpg;542
3772;3484;87;MANDRILLS BKB_87_20220714_id87_maladu (3).jpg;288
3862;3486;87;MANDRILLS BKB_87_20220716_id87 (2).jpg;376
3827;3486;87;MANDRILLS BKB_87_20220716_id87_maladu (1).jpg;341
3870;3486;87;MANDRILLS BKB_87_20220716_id87_maladu (3).jpg;384
3832;3486;87;MANDRILLS BKB_87_20220716_id87_maladu.jpg;346
3803;3487;87;MANDRILLS BKB_87_20220717_id87.jpg;316
3807;3495;87;MANDRILLS BKB_87_20220725_id87 (2).jpg;312
3889;3495;87;MANDRILLS BKB_87_20220725_id87 (3).jpg;394
3787;3495;87;MANDRILLS BKB_87_20220725_id87.jpg;292
3803;3496;87;MANDRILLS BKB_87_20220726_id87.jpg;307
3850;3498;87;MANDRILLS BKB_87_20220728_id87.jpg;352
3852;3513;87;MANDRILLS BKB_87_20220812_id87 (2).jpg;339
3828;3513;87;MANDRILLS BKB_87_20220812_id87.jpg;315
3942;3516;87;MANDRILLS BKB_87_20220815_id87 (2).jpg;426
3832;3516;87;MANDRILLS BKB_87_20220815_id87.jpg;316
3829;3519;87;MANDRILLS BKB_87_20220818_id87.jpg;310
3783;3527;87;MANDRILLS BKB_87_20220826_id87 (1).jpg;256
3776;3527;87;MANDRILLS BKB_87_20220826_id87 (2).jpg;249
3737;3528;87;MANDRILLS BKB_87_20220827_id87.jpg;209
3876;3536;87;MANDRILLS BKB_87_20220904_id87 (1).jpg;340
3858;3536;87;MANDRILLS BKB_87_20220904_id87 (2).jpg;322
3932;3540;87;MANDRILLS BKB_87_20220908_id87.jpg;392
3832;3544;87;MANDRILLS BKB_87_20220912_id87 (1).jpg;288
3884;3544;87;MANDRILLS BKB_87_20220912_id87 (2).jpg;340
3922;3544;87;MANDRILLS BKB_87_20220912_id87 (4).jpg;378
3808;3546;87;MANDRILLS BKB_87_20220914_id87.jpg;262
3931;3547;87;MANDRILLS BKB_87_20220915_id87.jpg;384
3857;3549;87;MANDRILLS BKB_87_20220917_id87 (1).jpg;308
3814;3549;87;MANDRILLS BKB_87_20220917_id87 (4).jpg;265
3862;3551;87;MANDRILLS BKB_87_20220919_id87.jpg;311
3941;3556;87;MANDRILLS BKB_87_20220924_id87.jpg;385
3864;3567;87;MANDRILLS BKB_87_20221005_id87 (1).jpg;297
3894;3567;87;MANDRILLS BKB_87_20221005_id87 (2).jpg;327
3874;3575;87;MANDRILLS BKB_87_20221013_id87.jpg;299
3876;3581;87;MANDRILLS BKB_87_20221019_id87.jpg;295
3908;3583;87;MANDRILLS BKB_87_20221021_id87.jpg;325
3868;3592;87;MANDRILLS BKB_87_20221030_id87.jpg;276
3901;3595;87;MANDRILLS BKB_87_20221102_id87.jpg;306
3853;3609;87;MANDRILLS BKB_87_20221116_id87 (1).jpg;244
3957;3609;87;MANDRILLS BKB_87_20221116_id87 (2).jpg;348
3890;3609;87;MANDRILLS BKB_87_20221116_id87 (3).jpg;281
3939;3609;87;MANDRILLS BKB_87_20221116_id87 (4).jpg;330
3967;3609;87;MANDRILLS BKB_87_20221116_id87.jpg;358
3904;3610;87;MANDRILLS BKB_87_20221117_id87 (1).jpg;294
3948;3610;87;MANDRILLS BKB_87_20221117_id87 (11).jpg;338
3858;3610;87;MANDRILLS BKB_87_20221117_id87 (14).jpg;248
3916;3610;87;MANDRILLS BKB_87_20221117_id87 (4).jpg;306
3957;3616;87;MANDRILLS BKB_87_20221123_id87 (1).jpg;341
4030;3616;87;MANDRILLS BKB_87_20221123_id87 (2).jpg;414
3879;3616;87;MANDRILLS BKB_87_20221123_id87 (3).jpg;263
3909;3616;87;MANDRILLS BKB_87_20221123_id87 (4).jpg;293
3862;3618;87;MANDRILLS BKB_87_20221125_id87 (1).jpg;244
3965;3618;87;MANDRILLS BKB_87_20221125_id87 (2).jpg;347
3908;3618;87;MANDRILLS BKB_87_20221125_id87 (3).jpg;290
3966;3618;87;MANDRILLS BKB_87_20221125_id87 (4).jpg;348
3897;3618;87;MANDRILLS BKB_87_20221125_id87 (6).jpg;279
3993;3632;87;MANDRILLS BKB_87_20221209_id87 (2).jpg;361
3925;3632;87;MANDRILLS BKB_87_20221209_id87 (4).jpg;293
3857;3633;87;MANDRILLS BKB_87_20221210_id87.jpg;224
3879;3635;87;MANDRILLS BKB_87_20221212_id87 (1).jpg;244
3979;3635;87;MANDRILLS BKB_87_20221212_id87 (2).jpg;344
4042;3650;87;MANDRILLS BKB_87_20221227_id87.jpg;392
171;146;91;MANDRILLS BKB_91_20140701_id91_malinf_(1)_ORIGINAL.jpg;25
184;146;91;MANDRILLS BKB_91_20140701_id91_malinf_(2)_ORIGINAL.jpg;38
189;146;91;MANDRILLS BKB_91_20140701_id91_malinf_(3)_ORIGINAL.jpg;43
548;667;91;MANDRILLS BKB_91_20151204_id91_maljuv_(1)_ORIGINAL.jpg;119
439;667;91;MANDRILLS BKB_91_20151204_id91_maljuv_(2)_ORIGINAL.jpg;228
517;667;91;MANDRILLS BKB_91_20151204_id91_maljuv_(3)_ORIGINAL.jpg;150
621;667;91;MANDRILLS BKB_91_20151204_id91_maljuv_(4)_ORIGINAL.jpg;46
1575;1632;91;MANDRILLS BKB_91_20180726_id91_malado_(1)_ORIGINAL.jpg;57
1808;1632;91;MANDRILLS BKB_91_20180726_id91_malado_(10)_ORIGINAL.jpg;176
1702;1632;91;MANDRILLS BKB_91_20180726_id91_malado_(11)_ORIGINAL.jpg;70
1667;1632;91;MANDRILLS BKB_91_20180726_id91_malado_(12)_ORIGINAL.jpg;35
1688;1632;91;MANDRILLS BKB_91_20180726_id91_malado_(13)_ORIGINAL.jpg;56
1772;1632;91;MANDRILLS BKB_91_20180726_id91_malado_(14)_ORIGINAL.jpg;140
1701;1632;91;MANDRILLS BKB_91_20180726_id91_malado_(15)_ORIGINAL.jpg;69
1703;1632;91;MANDRILLS BKB_91_20180726_id91_malado_(16)_ORIGINAL.jpg;71
1742;1632;91;MANDRILLS BKB_91_20180726_id91_malado_(2)_ORIGINAL.jpg;110
1854;1632;91;MANDRILLS BKB_91_20180726_id91_malado_(3)_ORIGINAL.jpg;222
1686;1632;91;MANDRILLS BKB_91_20180726_id91_malado_(4)_ORIGINAL.jpg;54
1653;1632;91;MANDRILLS BKB_91_20180726_id91_malado_(5)_ORIGINAL.jpg;21
1580;1632;91;MANDRILLS BKB_91_20180726_id91_malado_(6)_ORIGINAL.jpg;52
1570;1632;91;MANDRILLS BKB_91_20180726_id91_malado_(8)_ORIGINAL.jpg;62
1595;1632;91;MANDRILLS BKB_91_20180726_id91_malado_(9)_ORIGINAL.jpg;37
1777;1667;91;MANDRILLS BKB_91_20180830_id91_malado_(1)_ORIGINAL.jpg;110
1789;1667;91;MANDRILLS BKB_91_20180830_id91_malado_(2)_ORIGINAL.jpg;122
1766;1667;91;MANDRILLS BKB_91_20180830_id91_malado_(3)_ORIGINAL.jpg;99
1933;1667;91;MANDRILLS BKB_91_20180830_id91_malado_(4)_ORIGINAL.jpg;266
2041;1765;91;MANDRILLS BKB_91_20181206_id91_malado_(10)_ORIGINAL.jpg;276
1943;1765;91;MANDRILLS BKB_91_20181206_id91_malado_(11)_ORIGINAL.jpg;178
2086;1765;91;MANDRILLS BKB_91_20181206_id91_malado_(12)_ORIGINAL.jpg;321
1929;1771;91;MANDRILLS BKB_91_20181212_id91_malado_(1)_ORIGINAL.jpg;158
1920;1771;91;MANDRILLS BKB_91_20181212_id91_malado_(2)_ORIGINAL.jpg;149
1825;1771;91;MANDRILLS BKB_91_20181212_id91_malado_(3)_ORIGINAL.jpg;54
1931;1771;91;MANDRILLS BKB_91_20181212_id91_malado_(4)_ORIGINAL.jpg;160
2012;1771;91;MANDRILLS BKB_91_20181212_id91_malado_(6)_ORIGINAL.jpg;241
1982;1771;91;MANDRILLS BKB_91_20181212_id91_malado_(7)_ORIGINAL.jpg;211
1898;1854;91;MANDRILLS BKB_91_20190305_id91_malado_(1)_ORIGINAL.jpg;44
1944;1854;91;MANDRILLS BKB_91_20190305_id91_malado_(2)_ORIGINAL.jpg;90
2129;1866;91;MANDRILLS BKB_91_20190317_id91_malado.jpg;263
2017;1945;91;MANDRILLS BKB_91_20190604_id91_malado.jpg;72
2163;2066;91;MANDRILLS BKB_91_20191003_id91_malado.jpg;97
2288;2277;91;MANDRILLS BKB_91_20200501_id91_malado_(1).jpg;11
2364;2277;91;MANDRILLS BKB_91_20200501_id91_malado_(2).jpg;87
2853;2451;91;MANDRILLS BKB_91_20201022_id91_malado_(1).jpg;402
2385;2451;91;MANDRILLS BKB_91_20201022_id91_malado_(2).jpg;66
2420;2451;91;MANDRILLS BKB_91_20201022_id91_malado_(3).jpg;31
2383;2451;91;MANDRILLS BKB_91_20201022_id91_malado_(4).jpg;68
2306;2470;91;MANDRILLS BKB_91_20201110_id91_malado.jpg;164
2872;2485;91;MANDRILLS BKB_91_20201125_id91_malado_(1).jpg;387
2748;2485;91;MANDRILLS BKB_91_20201125_id91_malado_(2).jpg;263
2736;2485;91;MANDRILLS BKB_91_20201125_id91_malado_(3).jpg;251
2867;2485;91;MANDRILLS BKB_91_20201125_id91_malado_(4).jpg;382
2442;2513;91;MANDRILLS BKB_91_20201223_id91_malado.jpg;71
2518;2525;91;MANDRILLS BKB_91_20210104_id91_malado.jpg;7
2343;2534;91;MANDRILLS BKB_91_20210113_id91_malado.jpg;191
2447;2537;91;MANDRILLS BKB_91_20210116_id91_malado.jpg;90
2481;2550;91;MANDRILLS BKB_91_20210129_id91_malado_(1).jpg;69
3995;2550;91;MANDRILLS BKB_91_20210129_id91_malado_(2).jpg;1445
2842;2555;91;MANDRILLS BKB_91_20210203_id91_malado_(1).jpg;287
2691;2555;91;MANDRILLS BKB_91_20210203_id91_malado_(2).jpg;136
2436;2555;91;MANDRILLS BKB_91_20210203_id91_malado_(3).jpg;119
678;524;94;MANDRILLS BKB_94_20140702_id94_femjuv_(1)_ORIGINAL.jpg;154
571;524;94;MANDRILLS BKB_94_20140702_id94_femjuv_(2)_ORIGINAL.jpg;47
594;524;94;MANDRILLS BKB_94_20140702_id94_femjuv_(3)_ORIGINAL.jpg;70
1424;1267;94;MANDRILLS BKB_94_20160714_id94_femjuv_(1)_ORIGINAL.jpg;157
1530;1267;94;MANDRILLS BKB_94_20160714_id94_femjuv_(2)_ORIGINAL.jpg;263
2376;1895;94;MANDRILLS BKB_94_20180403_id94_femadu_(1)_ORIGINAL.jpg;481
2325;1895;94;MANDRILLS BKB_94_20180403_id94_femadu_(2)_ORIGINAL.jpg;430
2220;1979;94;MANDRILLS BKB_94_20180626_id94_femadu_(10)_ORIGINAL.jpg;241
2209;1979;94;MANDRILLS BKB_94_20180626_id94_femadu_(11)_ORIGINAL.jpg;230
2190;1979;94;MANDRILLS BKB_94_20180626_id94_femadu_(12)_ORIGINAL.jpg;211
2173;1979;94;MANDRILLS BKB_94_20180626_id94_femadu_(13)_ORIGINAL.jpg;194
2234;1979;94;MANDRILLS BKB_94_20180626_id94_femadu_(14)_ORIGINAL.jpg;255
2246;1979;94;MANDRILLS BKB_94_20180626_id94_femadu_(15)_ORIGINAL.jpg;267
2235;1979;94;MANDRILLS BKB_94_20180626_id94_femadu_(16)_ORIGINAL.jpg;256
2100;1979;94;MANDRILLS BKB_94_20180626_id94_femadu_(17)_ORIGINAL.jpg;121
1874;1979;94;MANDRILLS BKB_94_20180626_id94_femadu_(18)_ORIGINAL.jpg;105
2016;1979;94;MANDRILLS BKB_94_20180626_id94_femadu_(2)_ORIGINAL.jpg;37
2041;1979;94;MANDRILLS BKB_94_20180626_id94_femadu_(3)_ORIGINAL.jpg;62
2480;1979;94;MANDRILLS BKB_94_20180626_id94_femadu_(4)_ORIGINAL.jpg;501
2148;1979;94;MANDRILLS BKB_94_20180626_id94_femadu_(5)_ORIGINAL.jpg;169
1858;1979;94;MANDRILLS BKB_94_20180626_id94_femadu_(6)_ORIGINAL.jpg;121
2091;1979;94;MANDRILLS BKB_94_20180626_id94_femadu_(7)_ORIGINAL.jpg;112
2096;1979;94;MANDRILLS BKB_94_20180626_id94_femadu_(8)_ORIGINAL.jpg;117
2426;1979;94;MANDRILLS BKB_94_20180626_id94_femadu_(9)_ORIGINAL.jpg;447
2493;2009;94;MANDRILLS BKB_94_20180726_id94_femadu_(2)_ORIGINAL.jpg;484
2303;2009;94;MANDRILLS BKB_94_20180726_id94_femadu_(3)_ORIGINAL.jpg;294
2445;2015;94;MANDRILLS BKB_94_20180801_id94_femadu_(1)_ORIGINAL.jpg;430
2352;2015;94;MANDRILLS BKB_94_20180801_id94_femadu_(10)_ORIGINAL.jpg;337
2426;2015;94;MANDRILLS BKB_94_20180801_id94_femadu_(11)_ORIGINAL.jpg;411
2715;2015;94;MANDRILLS BKB_94_20180801_id94_femadu_(12)_ORIGINAL.jpg;700
3174;2015;94;MANDRILLS BKB_94_20180801_id94_femadu_(13)_ORIGINAL.jpg;1159
2548;2015;94;MANDRILLS BKB_94_20180801_id94_femadu_(14)_ORIGINAL.jpg;533
2105;2015;94;MANDRILLS BKB_94_20180801_id94_femadu_(2)_ORIGINAL.jpg;90
4345;2015;94;MANDRILLS BKB_94_20180801_id94_femadu_(3)_ORIGINAL.jpg;2330
2557;2015;94;MANDRILLS BKB_94_20180801_id94_femadu_(4)_ORIGINAL.jpg;542
2120;2015;94;MANDRILLS BKB_94_20180801_id94_femadu_(5)_ORIGINAL.jpg;105
2452;2015;94;MANDRILLS BKB_94_20180801_id94_femadu_(6)_ORIGINAL.jpg;437
2902;2015;94;MANDRILLS BKB_94_20180801_id94_femadu_(7)_ORIGINAL.jpg;887
4225;2015;94;MANDRILLS BKB_94_20180801_id94_femadu_(8)_ORIGINAL.jpg;2210
3037;2015;94;MANDRILLS BKB_94_20180801_id94_femadu_(9)_ORIGINAL.jpg;1022
2751;2016;94;MANDRILLS BKB_94_20180802_id94_femadu_(1)_ORIGINAL.jpg;735
3390;2016;94;MANDRILLS BKB_94_20180802_id94_femadu_(2)_ORIGINAL.jpg;1374
3378;2016;94;MANDRILLS BKB_94_20180802_id94_femadu_(3)_ORIGINAL.jpg;1362
2607;2016;94;MANDRILLS BKB_94_20180802_id94_femadu_(4)_ORIGINAL.jpg;591
2145;2027;94;MANDRILLS BKB_94_20180813_id94_femadu_(1)_ORIGINAL.jpg;118
2626;2027;94;MANDRILLS BKB_94_20180813_id94_femadu_(10)_ORIGINAL.jpg;599
2421;2027;94;MANDRILLS BKB_94_20180813_id94_femadu_(11)_ORIGINAL.jpg;394
2342;2027;94;MANDRILLS BKB_94_20180813_id94_femadu_(12)_ORIGINAL.jpg;315
2289;2027;94;MANDRILLS BKB_94_20180813_id94_femadu_(13)_ORIGINAL.jpg;262
2252;2027;94;MANDRILLS BKB_94_20180813_id94_femadu_(14)_ORIGINAL.jpg;225
2365;2027;94;MANDRILLS BKB_94_20180813_id94_femadu_(15)_ORIGINAL.jpg;338
2621;2027;94;MANDRILLS BKB_94_20180813_id94_femadu_(16)_ORIGINAL.jpg;594
1921;2027;94;MANDRILLS BKB_94_20180813_id94_femadu_(2)_ORIGINAL.jpg;106
2057;2027;94;MANDRILLS BKB_94_20180813_id94_femadu_(3)_ORIGINAL.jpg;30
2084;2027;94;MANDRILLS BKB_94_20180813_id94_femadu_(4)_ORIGINAL.jpg;57
1955;2027;94;MANDRILLS BKB_94_20180813_id94_femadu_(5)_ORIGINAL.jpg;72
2079;2027;94;MANDRILLS BKB_94_20180813_id94_femadu_(6)_ORIGINAL.jpg;52
1890;2027;94;MANDRILLS BKB_94_20180813_id94_femadu_(7)_ORIGINAL.jpg;137
2071;2027;94;MANDRILLS BKB_94_20180813_id94_femadu_(8)_ORIGINAL.jpg;44
2259;2027;94;MANDRILLS BKB_94_20180813_id94_femadu_(9)_ORIGINAL.jpg;232
2095;2070;94;MANDRILLS BKB_94_20180925_id94_femaduDROITE_(1)_ORIGINAL.jpg;25
2111;2070;94;MANDRILLS BKB_94_20180925_id94_femaduDROITE_(11)_ORIGINAL.jpg;41
2119;2070;94;MANDRILLS BKB_94_20180925_id94_femaduDROITE_(13)_ORIGINAL.jpg;49
1986;2070;94;MANDRILLS BKB_94_20180925_id94_femaduDROITE_(17)_ORIGINAL.jpg;84
2153;2070;94;MANDRILLS BKB_94_20180925_id94_femaduDROITE_(2)_ORIGINAL.jpg;83
2157;2070;94;MANDRILLS BKB_94_20180925_id94_femaduDROITE_(20)_ORIGINAL.jpg;87
2257;2070;94;MANDRILLS BKB_94_20180925_id94_femaduDROITE_(22)_ORIGINAL.jpg;187
2063;2070;94;MANDRILLS BKB_94_20180925_id94_femaduDROITE_(24)_ORIGINAL.jpg;7
1903;2070;94;MANDRILLS BKB_94_20180925_id94_femaduDROITE_(25)_ORIGINAL.jpg;167
2008;2070;94;MANDRILLS BKB_94_20180925_id94_femaduDROITE_(28)_ORIGINAL.jpg;62
2019;2070;94;MANDRILLS BKB_94_20180925_id94_femaduDROITE_(29)_ORIGINAL.jpg;51
2126;2070;94;MANDRILLS BKB_94_20180925_id94_femaduDROITE_(3)_ORIGINAL.jpg;56
1975;2070;94;MANDRILLS BKB_94_20180925_id94_femaduDROITE_(30)_ORIGINAL.jpg;95
2035;2070;94;MANDRILLS BKB_94_20180925_id94_femaduDROITE_(31)_ORIGINAL.jpg;35
1997;2070;94;MANDRILLS BKB_94_20180925_id94_femaduDROITE_(32)_ORIGINAL.jpg;73
2114;2070;94;MANDRILLS BKB_94_20180925_id94_femaduDROITE_(33)_ORIGINAL.jpg;44
2134;2070;94;MANDRILLS BKB_94_20180925_id94_femaduDROITE_(34)_ORIGINAL.jpg;64
2165;2070;94;MANDRILLS BKB_94_20180925_id94_femaduDROITE_(35)_ORIGINAL.jpg;95
2087;2070;94;MANDRILLS BKB_94_20180925_id94_femaduDROITE_(38)_ORIGINAL.jpg;17
2203;2070;94;MANDRILLS BKB_94_20180925_id94_femaduDROITE_(4)_ORIGINAL.jpg;133
2252;2070;94;MANDRILLS BKB_94_20180925_id94_femaduDROITE_(40)_ORIGINAL.jpg;182
2185;2070;94;MANDRILLS BKB_94_20180925_id94_femaduDROITE_(41)_ORIGINAL.jpg;115
2017;2070;94;MANDRILLS BKB_94_20180925_id94_femaduDROITE_(7)_ORIGINAL.jpg;53
2028;2070;94;MANDRILLS BKB_94_20180925_id94_femaduDROITE_(8)_ORIGINAL.jpg;42
2945;2221;94;MANDRILLS BKB_94_20190223_id94_femadu_DROITE_(1)_ORIGINAL.jpg;724
2817;2221;94;MANDRILLS BKB_94_20190223_id94_femadu_DROITE_(14)_ORIGINAL.jpg;596
2744;2221;94;MANDRILLS BKB_94_20190223_id94_femadu_DROITE_(3)_ORIGINAL.jpg;523
2945;2221;94;MANDRILLS BKB_94_20190223_id94_femadu_DROITE_(5)_ORIGINAL.jpg;724
2941;2221;94;MANDRILLS BKB_94_20190223_id94_femadu_DROITE_(7)_ORIGINAL.jpg;720
3062;2243;94;MANDRILLS BKB_94_20190317_id94_femadu_(2).jpg;819
2833;2243;94;MANDRILLS BKB_94_20190317_id94_femadu_(3).jpg;590
3077;2243;94;MANDRILLS BKB_94_20190317_id94_femadu_(4).jpg;834
2861;2245;94;MANDRILLS BKB_94_20190319_id94_femadu.jpg;616
4674;2245;94;MANDRILLS BKB_94_20190319_id94_femadu_CENTRE.jpg;2429
2815;2245;94;MANDRILLS BKB_94_20190319_id94_femadu_GAUCHE_(1).jpg;570
3041;2245;94;MANDRILLS BKB_94_20190319_id94_femadu_GAUCHE_(10).jpg;796
2478;2245;94;MANDRILLS BKB_94_20190319_id94_femadu_GAUCHE_(11).jpg;233
2704;2245;94;MANDRILLS BKB_94_20190319_id94_femadu_GAUCHE_(12).jpg;459
3285;2245;94;MANDRILLS BKB_94_20190319_id94_femadu_GAUCHE_(2).jpg;1040
3159;2245;94;MANDRILLS BKB_94_20190319_id94_femadu_GAUCHE_(5).jpg;914
2712;2366;94;MANDRILLS BKB_94_20190718_id94_femadu_(1).jpg;346
2950;2421;94;MANDRILLS BKB_94_20190911_id94_femadu_GAUCHE.jpg;529
2561;2456;94;MANDRILLS BKB_94_20191016_id94_femadu_(1).jpg;105
2736;2456;94;MANDRILLS BKB_94_20191016_id94_femadu_(2).jpg;280
2546;2587;94;MANDRILLS BKB_94_20200224_id94_femadu.jpg;41
3054;2828;94;MANDRILLS BKB_94_20201022_id94_femadu_(1).jpg;226
2989;2828;94;MANDRILLS BKB_94_20201022_id94_femadu_(2).jpg;161
2929;2828;94;MANDRILLS BKB_94_20201022_id94_femadu_(3).jpg;101
3102;2828;94;MANDRILLS BKB_94_20201022_id94_femadu_(4).jpg;274
3262;2828;94;MANDRILLS BKB_94_20201022_id94_femadu_(5).jpg;434
2512;2884;94;MANDRILLS BKB_94_20201217_id94_femadu.jpg;372
2769;2906;94;MANDRILLS BKB_94_20210108_id94_femadu_(1).jpg;137
2791;2906;94;MANDRILLS BKB_94_20210108_id94_femadu_(2).jpg;115
2750;2914;94;MANDRILLS BKB_94_20210116_id94_femadu_(1).jpg;164
2702;2914;94;MANDRILLS BKB_94_20210116_id94_femadu_(2).jpg;212
2932;2927;94;MANDRILLS BKB_94_20210129_id94_femadu_(1).jpg;5
2711;2927;94;MANDRILLS BKB_94_20210129_id94_femadu_(2).jpg;216
2557;2935;94;MANDRILLS BKB_94_20210206_id94_femadu_(1).jpg;378
2950;2935;94;MANDRILLS BKB_94_20210206_id94_femadu_(2).jpg;15
2941;2947;94;MANDRILLS BKB_94_20210218_id94_femadu_(1).jpg;6
3034;2947;94;MANDRILLS BKB_94_20210218_id94_femadu_(2).jpg;87
3164;2947;94;MANDRILLS BKB_94_20210218_id94_femadu_(3).jpg;217
2976;3217;94;MANDRILLS BKB_94_20211115_id94_femadu.jpg;241
3999;3221;94;MANDRILLS BKB_94_20211119_id94_femadu.jpg;778
3155;3224;94;MANDRILLS BKB_94_20211122_id94_femadu_(1).jpg;69
3287;3224;94;MANDRILLS BKB_94_20211122_id94_femadu_(2).jpg;63
2848;3228;94;MANDRILLS BKB_94_20211126_id94_femadu.jpg;380
3202;3251;94;MANDRILLS BKB_94_20211219_id94_femadu.jpg;49
3108;3258;94;MANDRILLS BKB_94_20211226_id94_femadu_(1).jpg;150
3159;3258;94;MANDRILLS BKB_94_20211226_id94_femadu_(2).jpg;99
2937;3293;94;MANDRILLS BKB_94_20220130_id94 (2).jpg;356
3173;3293;94;MANDRILLS BKB_94_20220130_id94 (3).jpg;120
3099;3305;94;MANDRILLS BKB_94_20220211_id94_femadu.jpg;206
3170;3317;94;MANDRILLS BKB_94_20220223_id94_femadu (1).jpg;147
3364;3317;94;MANDRILLS BKB_94_20220223_id94_femadu (2).jpg;47
3063;3331;94;MANDRILLS BKB_94_20220309_id94_femadu (1).jpg;268
3507;3331;94;MANDRILLS BKB_94_20220309_id94_femadu (2).jpg;176
3350;3346;94;MANDRILLS BKB_94_20220324_id94_femadu (1).jpg;4
3245;3346;94;MANDRILLS BKB_94_20220324_id94_femadu (2).jpg;101
3397;3346;94;MANDRILLS BKB_94_20220324_id94_femadu (3).jpg;51
3441;3352;94;MANDRILLS BKB_94_20220330_id94_femadu.jpg;89
3379;3354;94;MANDRILLS BKB_94_20220401_id94_femadu.jpg;25
3282;3386;94;MANDRILLS BKB_94_20220503_id94_femadu.jpg;104
3330;3399;94;MANDRILLS BKB_94_20220516_id94_femadu (1).jpg;69
3337;3399;94;MANDRILLS BKB_94_20220516_id94_femadu (2).jpg;62
2896;3401;94;MANDRILLS BKB_94_20220518_id94_femadu (1).jpg;505
3409;3409;94;MANDRILLS BKB_94_20220526_id94_femadu.jpg;0
3129;3433;94;MANDRILLS BKB_94_20220619_id94_femadu.jpg;304
3323;3434;94;MANDRILLS BKB_94_20220620_id94_femadu.jpg;111
2856;3438;94;MANDRILLS BKB_94_20220624_id94_femadu.jpg;582
3377;3445;94;MANDRILLS BKB_94_20220701_id94.jpg;68
5199;3452;94;MANDRILLS BKB_94_20220708_id94.jpg;1747
3000;3457;94;MANDRILLS BKB_94_20220713_id94.jpg;457
2990;3458;94;MANDRILLS BKB_94_20220714_id94_femadu.jpg;468
3451;3460;94;MANDRILLS BKB_94_20220716_id94.jpg;9
3405;3460;94;MANDRILLS BKB_94_20220716_id94_femadu.jpg;55
3062;3461;94;MANDRILLS BKB_94_20220717_id94 (1).jpg;399
3352;3461;94;MANDRILLS BKB_94_20220717_id94 (2).jpg;109
3413;3470;94;MANDRILLS BKB_94_20220726_id94 (2).jpg;57
3605;3470;94;MANDRILLS BKB_94_20220726_id94.jpg;135
3390;3487;94;MANDRILLS BKB_94_20220812_id94.jpg;97
3635;3490;94;MANDRILLS BKB_94_20220815_id94 (2).jpg;145
3380;3493;94;MANDRILLS BKB_94_20220818_id94.jpg;113
3374;3503;94;MANDRILLS BKB_94_20220828_id94 (2).jpg;129
3339;3503;94;MANDRILLS BKB_94_20220828_id94.jpg;164
2985;3510;94;MANDRILLS BKB_94_20220904_id94.jpg;525
3161;3534;94;MANDRILLS BKB_94_20220928_id94 (2).jpg;373
3232;3555;94;MANDRILLS BKB_94_20221019_id94 (1).jpg;323
3195;3555;94;MANDRILLS BKB_94_20221019_id94 (2).jpg;360
3246;3558;94;MANDRILLS BKB_94_20221022_id94.jpg;312
3240;3583;94;MANDRILLS BKB_94_20221116_id94 (2).jpg;343
3267;3583;94;MANDRILLS BKB_94_20221116_id94.jpg;316
3297;3588;94;MANDRILLS BKB_94_20221121_id94.jpg;291
2685;3590;94;MANDRILLS BKB_94_20221123_id94.jpg;905
3019;3592;94;MANDRILLS BKB_94_20221125_id94.jpg;573
2980;3606;94;MANDRILLS BKB_94_20221209_id94 (1).jpg;626
3184;3606;94;MANDRILLS BKB_94_20221209_id94 (2).jpg;422
4749;3624;94;MANDRILLS BKB_94_20221227_id94.jpg;1125
4445;5699;45;MANDRILLS CIRMF_45_20180809_id45_femadu_(1)_ORIGINAL.jpg;1254
6259;5699;45;MANDRILLS CIRMF_45_20180809_id45_femadu_(2)_ORIGINAL.jpg;560
4576;5699;45;MANDRILLS CIRMF_45_20180809_id45_femadu_(3)_ORIGINAL.jpg;1123
4812;5699;45;MANDRILLS CIRMF_45_20180809_id45_femadu_(4)_ORIGINAL.jpg;887
656;757;122;MANDRILLS BKB_122_20151202_id122_maljuv_(1)_ORIGINAL.jpg;101
606;757;122;MANDRILLS BKB_122_20151202_id122_maljuv_(2)_ORIGINAL.jpg;151
598;757;122;MANDRILLS BKB_122_20151202_id122_maljuv_(3)_ORIGINAL.jpg;159
695;757;122;MANDRILLS BKB_122_20151202_id122_maljuv_(4)_ORIGINAL.jpg;62
647;757;122;MANDRILLS BKB_122_20151202_id122_maljuv_(5)_ORIGINAL.jpg;110
1728;1703;122;MANDRILLS BKB_122_20180705_id122_malado_(1)_ORIGINAL.jpg;25
1847;1703;122;MANDRILLS BKB_122_20180705_id122_malado_(2)_ORIGINAL.jpg;144
1868;1703;122;MANDRILLS BKB_122_20180705_id122_malado_(7)_ORIGINAL.jpg;165
1849;1717;122;MANDRILLS BKB_122_20180719_id122_maladoDEVANT_ORIGINAL.jpg;132
1704;1717;122;MANDRILLS BKB_122_20180719_id122_maladoDROITE_ORIGINAL.jpg;13
1921;1717;122;MANDRILLS BKB_122_20180719_id122_malado_(1)_ORIGINAL.jpg;204
1859;1717;122;MANDRILLS BKB_122_20180719_id122_malado_(4)_ORIGINAL.jpg;142
1759;1721;122;MANDRILLS BKB_122_20180723_id122_malado_(2)_ORIGINAL.jpg;38
1782;1721;122;MANDRILLS BKB_122_20180723_id122_malado_(4)_ORIGINAL.jpg;61
1761;1721;122;MANDRILLS BKB_122_20180723_id122_malado_(5)_ORIGINAL.jpg;40
1735;1721;122;MANDRILLS BKB_122_20180723_id122_malado_(6)_ORIGINAL.jpg;14
1712;1721;122;MANDRILLS BKB_122_20180723_id122_malado_(7)_ORIGINAL.jpg;9
1845;1752;122;MANDRILLS BKB_122_20180823_id122_malado_(1)_ORIGINAL.jpg;93
1722;1752;122;MANDRILLS BKB_122_20180823_id122_malado_(10)_ORIGINAL.jpg;30
1666;1752;122;MANDRILLS BKB_122_20180823_id122_malado_(11)_ORIGINAL.jpg;86
1641;1752;122;MANDRILLS BKB_122_20180823_id122_malado_(12)_ORIGINAL.jpg;111
1720;1752;122;MANDRILLS BKB_122_20180823_id122_malado_(13)_ORIGINAL.jpg;32
1748;1752;122;MANDRILLS BKB_122_20180823_id122_malado_(14)_ORIGINAL.jpg;4
1811;1752;122;MANDRILLS BKB_122_20180823_id122_malado_(15)_ORIGINAL.jpg;59
1803;1752;122;MANDRILLS BKB_122_20180823_id122_malado_(16)_ORIGINAL.jpg;51
1776;1752;122;MANDRILLS BKB_122_20180823_id122_malado_(17)_ORIGINAL.jpg;24
1753;1752;122;MANDRILLS BKB_122_20180823_id122_malado_(18)_ORIGINAL.jpg;1
1693;1752;122;MANDRILLS BKB_122_20180823_id122_malado_(19)_ORIGINAL.jpg;59
1780;1752;122;MANDRILLS BKB_122_20180823_id122_malado_(2)_ORIGINAL.jpg;28
1722;1752;122;MANDRILLS BKB_122_20180823_id122_malado_(20)_ORIGINAL.jpg;30
1753;1752;122;MANDRILLS BKB_122_20180823_id122_malado_(21)_ORIGINAL.jpg;1
1666;1752;122;MANDRILLS BKB_122_20180823_id122_malado_(22)_ORIGINAL.jpg;86
1786;1752;122;MANDRILLS BKB_122_20180823_id122_malado_(23)_ORIGINAL.jpg;34
1735;1752;122;MANDRILLS BKB_122_20180823_id122_malado_(24)_ORIGINAL.jpg;17
1736;1752;122;MANDRILLS BKB_122_20180823_id122_malado_(25)_ORIGINAL.jpg;16
1611;1752;122;MANDRILLS BKB_122_20180823_id122_malado_(27)_ORIGINAL.jpg;141
1613;1752;122;MANDRILLS BKB_122_20180823_id122_malado_(28)_ORIGINAL.jpg;139
1721;1752;122;MANDRILLS BKB_122_20180823_id122_malado_(29)_ORIGINAL.jpg;31
1722;1752;122;MANDRILLS BKB_122_20180823_id122_malado_(3)_ORIGINAL.jpg;30
1853;1752;122;MANDRILLS BKB_122_20180823_id122_malado_(31)_ORIGINAL.jpg;101
1666;1752;122;MANDRILLS BKB_122_20180823_id122_malado_(4)_ORIGINAL.jpg;86
1688;1752;122;MANDRILLS BKB_122_20180823_id122_malado_(5)_ORIGINAL.jpg;64
1804;1752;122;MANDRILLS BKB_122_20180823_id122_malado_(6)_ORIGINAL.jpg;52
1711;1752;122;MANDRILLS BKB_122_20180823_id122_malado_(7)_ORIGINAL.jpg;41
1712;1752;122;MANDRILLS BKB_122_20180823_id122_malado_(8)_ORIGINAL.jpg;40
1682;1752;122;MANDRILLS BKB_122_20180823_id122_malado_(9)_ORIGINAL.jpg;70
1876;1778;122;MANDRILLS BKB_122_20180918_id122_malado_(14)_ORIGINAL.jpg;98
1739;1778;122;MANDRILLS BKB_122_20180918_id122_malado_(15)_ORIGINAL.jpg;39
1735;1778;122;MANDRILLS BKB_122_20180918_id122_malado_(16)_ORIGINAL.jpg;43
1737;1778;122;MANDRILLS BKB_122_20180918_id122_malado_(17)_ORIGINAL.jpg;41
1932;1778;122;MANDRILLS BKB_122_20180918_id122_malado_(18)_ORIGINAL.jpg;154
1744;1778;122;MANDRILLS BKB_122_20180918_id122_malado_(19)_ORIGINAL.jpg;34
1756;1872;122;MANDRILLS BKB_122_20181221_id122_malado_(1)_ORIGINAL.jpg;116
1955;1872;122;MANDRILLS BKB_122_20181221_id122_malado_(10)_ORIGINAL.jpg;83
1838;1872;122;MANDRILLS BKB_122_20181221_id122_malado_(11)_ORIGINAL.jpg;34
1831;1872;122;MANDRILLS BKB_122_20181221_id122_malado_(12)_ORIGINAL.jpg;41
1947;1872;122;MANDRILLS BKB_122_20181221_id122_malado_(13)_ORIGINAL.jpg;75
1828;1872;122;MANDRILLS BKB_122_20181221_id122_malado_(14)_ORIGINAL.jpg;44
1894;1872;122;MANDRILLS BKB_122_20181221_id122_malado_(15)_ORIGINAL.jpg;22
1837;1872;122;MANDRILLS BKB_122_20181221_id122_malado_(16)_ORIGINAL.jpg;35
1862;1872;122;MANDRILLS BKB_122_20181221_id122_malado_(17)_ORIGINAL.jpg;10
1891;1872;122;MANDRILLS BKB_122_20181221_id122_malado_(18)_ORIGINAL.jpg;19
1843;1872;122;MANDRILLS BKB_122_20181221_id122_malado_(2)_ORIGINAL.jpg;29
1740;1872;122;MANDRILLS BKB_122_20181221_id122_malado_(3)_ORIGINAL.jpg;132
1826;1872;122;MANDRILLS BKB_122_20181221_id122_malado_(4)_ORIGINAL.jpg;46
1763;1872;122;MANDRILLS BKB_122_20181221_id122_malado_(5)_ORIGINAL.jpg;109
1881;1872;122;MANDRILLS BKB_122_20181221_id122_malado_(8)_ORIGINAL.jpg;9
1840;1872;122;MANDRILLS BKB_122_20181221_id122_malado_(9)_ORIGINAL.jpg;32
1752;1902;122;MANDRILLS BKB_122_20190120_id122_malado_(2)_ORIGINAL.jpg;150
1904;1902;122;MANDRILLS BKB_122_20190120_id122_malado_(3)_ORIGINAL.jpg;2
1892;1902;122;MANDRILLS BKB_122_20190120_id122_malado_(4)_ORIGINAL.jpg;10
1881;1902;122;MANDRILLS BKB_122_20190120_id122_malado_(5)_ORIGINAL.jpg;21
1910;1902;122;MANDRILLS BKB_122_20190120_id122_malado_(6)_ORIGINAL.jpg;8
1886;1902;122;MANDRILLS BKB_122_20190120_id122_malado_(7)_ORIGINAL.jpg;16
1905;1902;122;MANDRILLS BKB_122_20190120_id122_malado_(8)_ORIGINAL.jpg;3
1897;1902;122;MANDRILLS BKB_122_20190120_id122_malado_(9)_ORIGINAL.jpg;5
1869;1953;122;MANDRILLS BKB_122_20190312_id122_malado_(1).jpg;84
1951;1953;122;MANDRILLS BKB_122_20190312_id122_malado_(3).jpg;2
2037;1953;122;MANDRILLS BKB_122_20190312_id122_malado_(4).jpg;84
2057;1954;122;MANDRILLS BKB_122_20190313_id122_malado_(1).jpg;103
1942;1954;122;MANDRILLS BKB_122_20190313_id122_malado_(2).jpg;12
1932;1954;122;MANDRILLS BKB_122_20190313_id122_malado_(3).jpg;22
2045;1954;122;MANDRILLS BKB_122_20190313_id122_malado_(4).jpg;91
2008;1954;122;MANDRILLS BKB_122_20190313_id122_malado_(5).jpg;54
1962;1954;122;MANDRILLS BKB_122_20190313_id122_malado_(6).jpg;8
2034;1954;122;MANDRILLS BKB_122_20190313_id122_malado_(7).jpg;80
2106;1960;122;MANDRILLS BKB_122_20190319_id122_malado_(1).jpg;146
2105;1960;122;MANDRILLS BKB_122_20190319_id122_malado_(3).jpg;145
2033;1960;122;MANDRILLS BKB_122_20190319_id122_malado_(5).jpg;73
2084;1960;122;MANDRILLS BKB_122_20190319_id122_malado_(6).jpg;124
2156;2129;122;MANDRILLS BKB_122_20190904_id122_malado_(1).jpg;27
2270;2129;122;MANDRILLS BKB_122_20190904_id122_malado_(12).jpg;141
2289;2129;122;MANDRILLS BKB_122_20190904_id122_malado_(2).jpg;160
2201;2129;122;MANDRILLS BKB_122_20190904_id122_malado_(4).jpg;72
2264;2129;122;MANDRILLS BKB_122_20190904_id122_malado_(5).jpg;135
2164;2129;122;MANDRILLS BKB_122_20190904_id122_malado_(6).jpg;35
2211;2129;122;MANDRILLS BKB_122_20190904_id122_malado_(7).jpg;82
2198;2129;122;MANDRILLS BKB_122_20190904_id122_malado_(8).jpg;69
2312;2129;122;MANDRILLS BKB_122_20190904_id122_malado_(9).jpg;183
2286;2177;122;MANDRILLS BKB_122_20191022_id122_malado.jpg;109
2161;2194;122;MANDRILLS BKB_122_20191108_id122_malado.jpg;33
2282;2223;122;MANDRILLS BKB_122_20191207_id122_malado.jpg;59
2389;2285;122;MANDRILLS BKB_122_20200207_id122_malado.jpg;104
2581;2296;122;MANDRILLS BKB_122_20200218_id122_malado.jpg;285
2308;2335;122;MANDRILLS BKB_122_20200328_id122_malado.jpg;27
2403;2373;122;MANDRILLS BKB_122_20200505_id122_malado.jpg;30
2480;2538;122;MANDRILLS BKB_122_20201017_id122_malado.jpg;58
2650;2539;122;MANDRILLS BKB_122_20201018_id122_malado_(2).jpg;111
2404;2539;122;MANDRILLS BKB_122_20201018_id122_malado_(3).jpg;135
2584;2539;122;MANDRILLS BKB_122_20201018_id122_malado_(4).jpg;45
2511;2539;122;MANDRILLS BKB_122_20201018_id122_malado_(5).jpg;28
2676;2559;122;MANDRILLS BKB_122_20201107_id122_malsub.jpg;117
2764;2595;122;MANDRILLS BKB_122_20201213_id122_malsub.jpg;169
2539;2598;122;MANDRILLS BKB_122_20201216_id122_malsub_(1).jpg;59
2646;2598;122;MANDRILLS BKB_122_20201216_id122_malsub_(2).jpg;48
2697;2598;122;MANDRILLS BKB_122_20201216_id122_malsub_(3).jpg;99
2636;2598;122;MANDRILLS BKB_122_20201216_id122_malsub_(4).jpg;38
2717;2617;122;MANDRILLS BKB_122_20210104_id122_malsub.jpg;100
2590;2618;122;MANDRILLS BKB_122_20210105_id122_malsub.jpg;28
2463;2626;122;MANDRILLS BKB_122_20210113_id122_malsub_(1).jpg;163
2684;2626;122;MANDRILLS BKB_122_20210113_id122_malsub_(2).jpg;58
2582;2626;122;MANDRILLS BKB_122_20210113_id122_malsub_(3).jpg;44
2645;2626;122;MANDRILLS BKB_122_20210113_id122_malsub_(4).jpg;19
2469;2645;122;MANDRILLS BKB_122_20210201_id122_malsub_(1).jpg;176
2765;2645;122;MANDRILLS BKB_122_20210201_id122_malsub_(2).jpg;120
2603;2645;122;MANDRILLS BKB_122_20210201_id122_malsub_(3).jpg;42
2626;2645;122;MANDRILLS BKB_122_20210201_id122_malsub_(4).jpg;19
2495;2645;122;MANDRILLS BKB_122_20210201_id122_malsub_(5).jpg;150
2701;2647;122;MANDRILLS BKB_122_20210203_id122_malsub_(1).jpg;54
2764;2647;122;MANDRILLS BKB_122_20210203_id122_malsub_(4).jpg;117
2746;2647;122;MANDRILLS BKB_122_20210203_id122_malsub_(5).jpg;99
2662;2650;122;MANDRILLS BKB_122_20210206_id122_malsub_(1).jpg;12
2679;2650;122;MANDRILLS BKB_122_20210206_id122_malsub_(2).jpg;29
2892;2701;122;MANDRILLS BKB_122_20210329_id122_malsub_(1).jpg;191
2924;2701;122;MANDRILLS BKB_122_20210329_id122_malsub_(2).jpg;223
2717;2704;122;MANDRILLS BKB_122_20210401_id122_malsub_(1).jpg;13
2760;2704;122;MANDRILLS BKB_122_20210401_id122_malsub_(2).jpg;56
2770;2704;122;MANDRILLS BKB_122_20210401_id122_malsub_(3).jpg;66
2744;2704;122;MANDRILLS BKB_122_20210401_id122_malsub_(4).jpg;40
2706;2704;122;MANDRILLS BKB_122_20210401_id122_malsub_(5).jpg;2
2889;2704;122;MANDRILLS BKB_122_20210401_id122_malsub_(6).jpg;185
2716;2705;122;MANDRILLS BKB_122_20210402_id122_malsub_(1).jpg;11
2617;2705;122;MANDRILLS BKB_122_20210402_id122_malsub_(2).jpg;88
2577;2705;122;MANDRILLS BKB_122_20210402_id122_malsub_(3).jpg;128
2965;2722;122;MANDRILLS BKB_122_20210419_id122_malsub_(1).jpg;243
2998;2722;122;MANDRILLS BKB_122_20210419_id122_malsub_(2).jpg;276
2919;2743;122;MANDRILLS BKB_122_20210510_id122_malsub_(2).jpg;176
2931;2743;122;MANDRILLS BKB_122_20210510_id122_malsub_(3).jpg;188
2569;2743;122;MANDRILLS BKB_122_20210510_id122_malsub_(4).jpg;174
2766;2743;122;MANDRILLS BKB_122_20210510_id122_malsub_(5).jpg;23
2729;2743;122;MANDRILLS BKB_122_20210510_id122_malsub_(6).jpg;14
2849;2746;122;MANDRILLS BKB_122_20210513_id122_malsub_(1).jpg;103
2992;2746;122;MANDRILLS BKB_122_20210513_id122_malsub_(2).jpg;246
3130;2817;122;MANDRILLS BKB_122_20210723_id122_malsub_(1).jpg;313
3152;2817;122;MANDRILLS BKB_122_20210723_id122_malsub_(2).jpg;335
3204;2817;122;MANDRILLS BKB_122_20210723_id122_malsub_(3).jpg;387
3353;2817;122;MANDRILLS BKB_122_20210723_id122_malsub_(4).jpg;536
2944;2865;122;MANDRILLS BKB_122_20210909_id122_malsub.jpg;79
2833;2872;122;MANDRILLS BKB_122_20210916_id122_malsub (1).jpg;39
2986;2872;122;MANDRILLS BKB_122_20210916_id122_malsub (2).jpg;114
2868;2875;122;MANDRILLS BKB_122_20210919_id122_malsub.jpg;7
3089;2878;122;MANDRILLS BKB_122_20210922_id122_malsub.jpg;211
2692;2879;122;MANDRILLS BKB_122_20210923_id122_malsub.jpg;187
2811;2893;122;MANDRILLS BKB_122_20211007_id122_malsub.jpg;82
1108;1673;166;MANDRILLS BKB_166_20180801_id166_femadu_(1)_ORIGINAL.jpg;565
984;1673;166;MANDRILLS BKB_166_20180801_id166_femadu_(10)_ORIGINAL.jpg;689
1141;1673;166;MANDRILLS BKB_166_20180801_id166_femadu_(11)_ORIGINAL.jpg;532
1305;1673;166;MANDRILLS BKB_166_20180801_id166_femadu_(12)_ORIGINAL.jpg;368
929;1673;166;MANDRILLS BKB_166_20180801_id166_femadu_(13)_ORIGINAL.jpg;744
1073;1673;166;MANDRILLS BKB_166_20180801_id166_femadu_(2)_ORIGINAL.jpg;600
1159;1673;166;MANDRILLS BKB_166_20180801_id166_femadu_(3)_ORIGINAL.jpg;514
1019;1673;166;MANDRILLS BKB_166_20180801_id166_femadu_(5)_ORIGINAL.jpg;654
1156;1673;166;MANDRILLS BKB_166_20180801_id166_femadu_(7)_ORIGINAL.jpg;517
1048;1673;166;MANDRILLS BKB_166_20180801_id166_femadu_(8)_ORIGINAL.jpg;625
1108;1673;166;MANDRILLS BKB_166_20180801_id166_femadu_(9)_ORIGINAL.jpg;565
1224;1860;166;MANDRILLS BKB_166_20190204_id166_femadu_(1)_ORIGINAL.jpg;636
1142;1860;166;MANDRILLS BKB_166_20190204_id166_femadu_(2)_ORIGINAL.jpg;718
1082;1860;166;MANDRILLS BKB_166_20190204_id166_femadu_(3)_ORIGINAL.jpg;778
1132;1860;166;MANDRILLS BKB_166_20190204_id166_femadu_(4)_ORIGINAL.jpg;728
1119;1860;166;MANDRILLS BKB_166_20190204_id166_femadu_(5)_ORIGINAL.jpg;741
1188;1860;166;MANDRILLS BKB_166_20190204_id166_femadu_(6)_ORIGINAL.jpg;672
1258;1860;166;MANDRILLS BKB_166_20190204_id166_femadu_(7)_ORIGINAL.jpg;602
1098;1860;166;MANDRILLS BKB_166_20190204_id166_femadu_(8)_ORIGINAL.jpg;762
1251;1863;166;MANDRILLS BKB_166_20190207_id166_femadu_HAUT_(1)_ORIGINAL.jpg;612
1207;1863;166;MANDRILLS BKB_166_20190207_id166_femadu_HAUT_(10)_ORIGINAL.jpg;656
1271;1863;166;MANDRILLS BKB_166_20190207_id166_femadu_HAUT_(11)_ORIGINAL.jpg;592
1292;1863;166;MANDRILLS BKB_166_20190207_id166_femadu_HAUT_(5)_ORIGINAL.jpg;571
1257;1863;166;MANDRILLS BKB_166_20190207_id166_femadu_HAUT_(6)_ORIGINAL.jpg;606
1227;1863;166;MANDRILLS BKB_166_20190207_id166_femadu_HAUT_(7)_ORIGINAL.jpg;636
1175;1863;166;MANDRILLS BKB_166_20190207_id166_femadu_HAUT_(8)_ORIGINAL.jpg;688
1245;1863;166;MANDRILLS BKB_166_20190207_id166_femadu_HAUT_(9)_ORIGINAL.jpg;618
1352;1889;166;MANDRILLS BKB_166_20190305_id166_femadu_(1)_ORIGINAL.jpg;537
1356;1889;166;MANDRILLS BKB_166_20190305_id166_femadu_(2)_ORIGINAL.jpg;533
1254;1889;166;MANDRILLS BKB_166_20190305_id166_femadu_(3)_ORIGINAL.jpg;635
2134;1897;166;MANDRILLS BKB_166_20190313_id166_femadu_DROITE_(2).jpg;237
1599;1897;166;MANDRILLS BKB_166_20190313_id166_femadu_DROITE_(3).jpg;298
1335;1897;166;MANDRILLS BKB_166_20190313_id166_femadu_DROITE_(4).jpg;562
1492;1903;166;MANDRILLS BKB_166_20190319_id166_femadu_(10).jpg;411
1468;1903;166;MANDRILLS BKB_166_20190319_id166_femadu_(11).jpg;435
1759;1903;166;MANDRILLS BKB_166_20190319_id166_femadu_(12).jpg;144
1385;1903;166;MANDRILLS BKB_166_20190319_id166_femadu_(13).jpg;518
1402;1903;166;MANDRILLS BKB_166_20190319_id166_femadu_(14).jpg;501
1659;1903;166;MANDRILLS BKB_166_20190319_id166_femadu_(3).jpg;244
1445;1903;166;MANDRILLS BKB_166_20190319_id166_femadu_(4).jpg;458
1717;1903;166;MANDRILLS BKB_166_20190319_id166_femadu_(5).jpg;186
1465;1903;166;MANDRILLS BKB_166_20190319_id166_femadu_(6).jpg;438
1406;1903;166;MANDRILLS BKB_166_20190319_id166_femadu_(7).jpg;497
1469;1903;166;MANDRILLS BKB_166_20190319_id166_femadu_(8).jpg;434
1531;1903;166;MANDRILLS BKB_166_20190319_id166_femadu_GAUCHE_(2).jpg;372
1242;1903;166;MANDRILLS BKB_166_20190319_id166_femadu_GAUCHE_(5).jpg;661
1809;1903;166;MANDRILLS BKB_166_20190319_id166_femadu_GAUCHE_(6).jpg;94
1271;1903;166;MANDRILLS BKB_166_20190319_id166_femadu_GAUCHE_(7).jpg;632
1376;1903;166;MANDRILLS BKB_166_20190319_id166_femadu_GAUCHE_(8).jpg;527
1453;1923;166;MANDRILLS BKB_166_20190408_id166_femadu_(2).jpg;470
1546;1923;166;MANDRILLS BKB_166_20190408_id166_femadu_HAUT_(1).jpg;377
1395;1923;166;MANDRILLS BKB_166_20190408_id166_femadu_HAUT_(3).jpg;528
1783;1975;166;MANDRILLS BKB_166_20190530_id166_femadu.jpg;192
1458;2072;166;MANDRILLS BKB_166_20190904_id166_femadu_(1).jpg;614
1732;2072;166;MANDRILLS BKB_166_20190904_id166_femadu_(11).jpg;340
1271;2072;166;MANDRILLS BKB_166_20190904_id166_femadu_(12).jpg;801
1334;2072;166;MANDRILLS BKB_166_20190904_id166_femadu_(13).jpg;738
1471;2072;166;MANDRILLS BKB_166_20190904_id166_femadu_(4).jpg;601
1653;2072;166;MANDRILLS BKB_166_20190904_id166_femadu_(5).jpg;419
1395;2126;166;MANDRILLS BKB_166_20191028_id166_femadu_(1).jpg;731
1363;2126;166;MANDRILLS BKB_166_20191028_id166_femadu_(2).jpg;763
1527;2174;166;MANDRILLS BKB_166_20191215_id166_femadu.jpg;647
1523;2268;166;MANDRILLS BKB_166_20200318_id166_femadu.jpg;745
1646;2270;166;MANDRILLS BKB_166_20200320_id166_femadu.jpg;624
1464;2314;166;MANDRILLS BKB_166_20200503_id166_femadu.jpg;850
1887;2486;166;MANDRILLS BKB_166_20201022_id166_femadu.jpg;599
1759;2492;166;MANDRILLS BKB_166_20201028_id166_femadu_(1).jpg;733
1699;2492;166;MANDRILLS BKB_166_20201028_id166_femadu_(2).jpg;793
1664;2546;166;MANDRILLS BKB_166_20201221_id166_femadu.jpg;882
2126;2563;166;MANDRILLS BKB_166_20210107_id166_femadu_(1).jpg;437
1547;2563;166;MANDRILLS BKB_166_20210107_id166_femadu_(2).jpg;1016
1836;2563;166;MANDRILLS BKB_166_20210107_id166_femadu_(3).jpg;727
1699;2563;166;MANDRILLS BKB_166_20210107_id166_femadu_(4).jpg;864
1530;2563;166;MANDRILLS BKB_166_20210107_id166_femadu_(5).jpg;1033
1966;2588;166;MANDRILLS BKB_166_20210201_id166_femadu_(2).jpg;622
1797;2588;166;MANDRILLS BKB_166_20210201_id166_femadu_(3).jpg;791
1872;2591;166;MANDRILLS BKB_166_20210204_id166_femadu_(1).jpg;719
2174;2591;166;MANDRILLS BKB_166_20210204_id166_femadu_(2).jpg;417
2004;2596;166;MANDRILLS BKB_166_20210209_id166_femadu.jpg;592
2146;2602;166;MANDRILLS BKB_166_20210215_id166_femadu_(1).jpg;456
2164;2602;166;MANDRILLS BKB_166_20210215_id166_femadu_(2).jpg;438
2169;2605;166;MANDRILLS BKB_166_20210218_id166_femadu_(1).jpg;436
2051;2605;166;MANDRILLS BKB_166_20210218_id166_femadu_(2).jpg;554
2148;2644;166;MANDRILLS BKB_166_20210329_id166_femadu.jpg;496
1678;2651;166;MANDRILLS BKB_166_20210405_id166_femadu.jpg;973
1811;2656;166;MANDRILLS BKB_166_20210410_id166_femadu.jpg;845
1576;2808;166;MANDRILLS BKB_166_20210909_id166_femadu (1).jpg;1232
1981;2808;166;MANDRILLS BKB_166_20210909_id166_femadu (2).jpg;827
1624;2808;166;MANDRILLS BKB_166_20210909_id166_femadu (3).jpg;1184
2239;2835;166;MANDRILLS BKB_166_20211006_id166_femadu.jpg;596
1784;2845;166;MANDRILLS BKB_166_20211016_id166_femadu_(2).jpg;1061
2012;2848;166;MANDRILLS BKB_166_20211019_id166_femadu.jpg;836
1904;2849;166;MANDRILLS BKB_166_20211020_id166_femadu_(2).jpg;945
1977;2879;166;MANDRILLS BKB_166_20211119_id166_femadu_(1).jpg;902
2004;2879;166;MANDRILLS BKB_166_20211119_id166_femadu_(2).jpg;875
2226;2907;166;MANDRILLS BKB_166_20211217_id166_femadu_(1).jpg;681
2239;2907;166;MANDRILLS BKB_166_20211217_id166_femadu_(2).jpg;668
2059;2917;166;MANDRILLS BKB_166_20211227_id166_femadu_(1).jpg;858
2049;2917;166;MANDRILLS BKB_166_20211227_id166_femadu_(2).jpg;868
1803;2917;166;MANDRILLS BKB_166_20211227_id166_femadu_(3).jpg;1114
1881;2951;166;MANDRILLS BKB_166_20220130_id166 (2).jpg;1070
1920;2951;166;MANDRILLS BKB_166_20220130_id166.jpg;1031
1602;2963;166;MANDRILLS BKB_166_20220211_id166_femadu (1).jpg;1361
1808;2963;166;MANDRILLS BKB_166_20220211_id166_femadu (2).jpg;1155
1908;2963;166;MANDRILLS BKB_166_20220211_id166_femadu (3).jpg;1055
1697;2973;166;MANDRILLS BKB_166_20220221_id166femadu (1).jpg;1276
1732;2973;166;MANDRILLS BKB_166_20220221_id166femadu (2).jpg;1241
1775;2973;166;MANDRILLS BKB_166_20220221_id166femadu (3).jpg;1198
1865;2973;166;MANDRILLS BKB_166_20220221_id166femadu (4).jpg;1108
2179;2973;166;MANDRILLS BKB_166_20220221_id166femadu (5).jpg;794
1688;2973;166;MANDRILLS BKB_166_20220221_id166femadu (6).jpg;1285
1913;2999;166;MANDRILLS BKB_166_20220319_id166_femadu.jpg;1086
1678;3003;166;MANDRILLS BKB_166_20220323_id166_femadu (1).jpg;1325
2117;3003;166;MANDRILLS BKB_166_20220323_id166_femadu (2).jpg;886
1931;3021;166;MANDRILLS BKB_166_20220410_id166_femadu.jpg;1090
2245;3057;166;MANDRILLS BKB_166_20220516_id166_femadu (1).jpg;812
1943;3057;166;MANDRILLS BKB_166_20220516_id166_femadu (2).jpg;1114
2463;3059;166;MANDRILLS BKB_166_20220518_id166_femadu (1).jpg;596
2367;3070;166;MANDRILLS BKB_166_20220529_id166_femadu.jpg;703
1863;3074;166;MANDRILLS BKB_166_20220602_id166_femadu.jpg;1211
2216;3078;166;MANDRILLS BKB_166_20220606_id166_femadu (1).jpg;862
2059;3078;166;MANDRILLS BKB_166_20220606_id166_femadu (2).jpg;1019
1723;3088;166;MANDRILLS BKB_166_20220616_id166_femadu.jpg;1365
2076;3093;166;MANDRILLS BKB_166_20220621_id166_femadu (1).jpg;1017
2225;3093;166;MANDRILLS BKB_166_20220621_id166_femadu (2).jpg;868
2269;3093;166;MANDRILLS BKB_166_20220621_id166_femadu (3).jpg;824
2218;3095;166;MANDRILLS BKB_166_20220623_id166_femadu.jpg;877
2140;3101;166;MANDRILLS BKB_166_20220629_id166 (1).jpg;961
2224;3101;166;MANDRILLS BKB_166_20220629_id166 (2).jpg;877
2328;3101;166;MANDRILLS BKB_166_20220629_id166 (3).jpg;773
1881;3103;166;MANDRILLS BKB_166_20220701_id166 (2).jpg;1222
2161;3103;166;MANDRILLS BKB_166_20220701_id166.jpg;942
2408;3115;166;MANDRILLS BKB_166_20220713_id166 (2).jpg;707
2198;3118;166;MANDRILLS BKB_166_20220716_id166 (1).jpg;920
2358;3118;166;MANDRILLS BKB_166_20220716_id166 (2).jpg;760
2329;3118;166;MANDRILLS BKB_166_20220716_id166_femadu.jpg;789
1972;3121;166;MANDRILLS BKB_166_20220719_id166 (1).jpg;1149
2081;3121;166;MANDRILLS BKB_166_20220719_id166 (2).jpg;1040
1962;3121;166;MANDRILLS BKB_166_20220719_id166 (3).jpg;1159
1994;3121;166;MANDRILLS BKB_166_20220719_id166 (4).jpg;1127
2261;3121;166;MANDRILLS BKB_166_20220719_id166.jpg;860
2280;3127;166;MANDRILLS BKB_166_20220725_id166.jpg;847
2138;3128;166;MANDRILLS BKB_166_20220726_id166.jpg;990
1884;3141;166;MANDRILLS BKB_166_20220808_id166 (1).jpg;1257
2036;3141;166;MANDRILLS BKB_166_20220808_id166 (2).jpg;1105
2018;3141;166;MANDRILLS BKB_166_20220808_id166 (3).jpg;1123
2092;3156;166;MANDRILLS BKB_166_20220823_id166.jpg;1064
1891;3159;166;MANDRILLS BKB_166_20220826_id166.jpg;1268
2582;3169;166;MANDRILLS BKB_166_20220905_id166 (1).jpg;587
2795;3169;166;MANDRILLS BKB_166_20220905_id166 (2).jpg;374
2461;3175;166;MANDRILLS BKB_166_20220911_id166 (1).jpg;714
2443;3175;166;MANDRILLS BKB_166_20220911_id166 (2).jpg;732
1927;3197;166;MANDRILLS BKB_166_20221003_id166.jpg;1270
2158;3199;166;MANDRILLS BKB_166_20221005_id166.jpg;1041
2668;3213;166;MANDRILLS BKB_166_20221019_id166.jpg;545
2411;3215;166;MANDRILLS BKB_166_20221021_id166.jpg;804
2340;3224;166;MANDRILLS BKB_166_20221030_id166 (1).jpg;884
2252;3224;166;MANDRILLS BKB_166_20221030_id166 (2).jpg;972
2317;3224;166;MANDRILLS BKB_166_20221030_id166 (3).jpg;907
2295;3224;166;MANDRILLS BKB_166_20221030_id166.jpg;929
2509;3225;166;MANDRILLS BKB_166_20221031_id166.jpg;716
2493;3234;166;MANDRILLS BKB_166_20221109_id166.jpg;741
2698;3246;166;MANDRILLS BKB_166_20221121_id166 (2).jpg;548
2722;3265;166;MANDRILLS BKB_166_20221210_id166 (2).jpg;543
2486;3265;166;MANDRILLS BKB_166_20221210_id166.jpg;779
2469;3269;166;MANDRILLS BKB_166_20221214_id166.jpg;800
2701;3273;166;MANDRILLS BKB_166_20221218_id166.jpg;572
2484;3277;166;MANDRILLS BKB_166_20221222_id166 (2).jpg;793
631;553;176;MANDRILLS BKB_176_20190708_id176_femjuv_GAUCHE_(1).jpg;78
547;553;176;MANDRILLS BKB_176_20190708_id176_femjuv_GAUCHE_(2).jpg;6
403;553;176;MANDRILLS BKB_176_20190708_id176_femjuv_GAUCHE_(3).jpg;150
452;553;176;MANDRILLS BKB_176_20190708_id176_femjuv_GAUCHE_(4).jpg;101
384;553;176;MANDRILLS BKB_176_20190708_id176_femjuv_GAUCHE_(5).jpg;169
407;553;176;MANDRILLS BKB_176_20190708_id176_femjuv_GAUCHE_(6).jpg;146
571;553;176;MANDRILLS BKB_176_20190708_id176_femjuv_GAUCHE_(7).jpg;18
517;553;176;MANDRILLS BKB_176_20190708_id176_femjuv_GAUCHE_(8).jpg;36
471;553;176;MANDRILLS BKB_176_20190708_id176_femjuv_GAUCHE_(9).jpg;82
571;573;176;MANDRILLS BKB_176_20190728_id176_femjuv_(1).jpg;2
508;573;176;MANDRILLS BKB_176_20190728_id176_femjuv_(2).jpg;65
544;573;176;MANDRILLS BKB_176_20190728_id176_femjuv_(5).jpg;29
470;573;176;MANDRILLS BKB_176_20190728_id176_femjuv_(6).jpg;103
448;574;176;MANDRILLS BKB_176_20190729_id176_femjuv_(2).jpg;126
394;574;176;MANDRILLS BKB_176_20190729_id176_femjuv_(3).jpg;180
477;574;176;MANDRILLS BKB_176_20190729_id176_femjuv_(4).jpg;97
837;617;176;MANDRILLS BKB_176_20190910_id176_femjuv_(1).jpg;220
458;617;176;MANDRILLS BKB_176_20190910_id176_femjuv_(10).jpg;159
585;617;176;MANDRILLS BKB_176_20190910_id176_femjuv_(11).jpg;32
452;617;176;MANDRILLS BKB_176_20190910_id176_femjuv_(12).jpg;165
509;617;176;MANDRILLS BKB_176_20190910_id176_femjuv_(13).jpg;108
703;617;176;MANDRILLS BKB_176_20190910_id176_femjuv_(14).jpg;86
733;617;176;MANDRILLS BKB_176_20190910_id176_femjuv_(15).jpg;116
474;617;176;MANDRILLS BKB_176_20190910_id176_femjuv_(16).jpg;143
588;617;176;MANDRILLS BKB_176_20190910_id176_femjuv_(17).jpg;29
592;617;176;MANDRILLS BKB_176_20190910_id176_femjuv_(18).jpg;25
641;617;176;MANDRILLS BKB_176_20190910_id176_femjuv_(19).jpg;24
722;617;176;MANDRILLS BKB_176_20190910_id176_femjuv_(3).jpg;105
597;617;176;MANDRILLS BKB_176_20190910_id176_femjuv_(6).jpg;20
580;617;176;MANDRILLS BKB_176_20190910_id176_femjuv_(7).jpg;37
742;856;176;MANDRILLS BKB_176_20200506_id176_femjuv_(1).jpg;114
852;856;176;MANDRILLS BKB_176_20200506_id176_femjuv_(10).jpg;4
884;856;176;MANDRILLS BKB_176_20200506_id176_femjuv_(2).jpg;28
639;856;176;MANDRILLS BKB_176_20200506_id176_femjuv_(3).jpg;217
909;856;176;MANDRILLS BKB_176_20200506_id176_femjuv_(5).jpg;53
943;856;176;MANDRILLS BKB_176_20200506_id176_femjuv_(6).jpg;87
886;856;176;MANDRILLS BKB_176_20200506_id176_femjuv_(7).jpg;30
804;856;176;MANDRILLS BKB_176_20200506_id176_femjuv_(9).jpg;52
850;1025;176;MANDRILLS BKB_176_20201022_id176_femjuv_(1).jpg;175
871;1025;176;MANDRILLS BKB_176_20201022_id176_femjuv_(2).jpg;154
901;1025;176;MANDRILLS BKB_176_20201022_id176_femjuv_(3).jpg;124
844;1055;176;MANDRILLS BKB_176_20201121_id176_femjuv_(1).jpg;211
927;1055;176;MANDRILLS BKB_176_20201121_id176_femjuv_(2).jpg;128
904;1055;176;MANDRILLS BKB_176_20201121_id176_femjuv_(3).jpg;151
882;1055;176;MANDRILLS BKB_176_20201121_id176_femjuv_(4).jpg;173
990;1055;176;MANDRILLS BKB_176_20201121_id176_femjuv_(5).jpg;65
933;1077;176;MANDRILLS BKB_176_20201213_id176_femjuv_(1).jpg;144
950;1077;176;MANDRILLS BKB_176_20201213_id176_femjuv_(2).jpg;127
955;1077;176;MANDRILLS BKB_176_20201213_id176_femjuv_(3).jpg;122
1163;1080;176;MANDRILLS BKB_176_20201216_id176_femjuv_(1).jpg;83
1089;1080;176;MANDRILLS BKB_176_20201216_id176_femjuv_(2).jpg;9
1035;1080;176;MANDRILLS BKB_176_20201216_id176_femjuv_(3).jpg;45
1059;1080;176;MANDRILLS BKB_176_20201216_id176_femjuv_(4).jpg;21
1100;1080;176;MANDRILLS BKB_176_20201216_id176_femjuv_(5).jpg;20
1052;1081;176;MANDRILLS BKB_176_20201217_id176_femjuv.jpg;29
930;1086;176;MANDRILLS BKB_176_20201222_id176_femjuv_(1).jpg;156
1087;1086;176;MANDRILLS BKB_176_20201222_id176_femjuv_(2).jpg;1
1057;1091;176;MANDRILLS BKB_176_20201227_id176_femjuv.jpg;34
936;1095;176;MANDRILLS BKB_176_20201231_id176_femjuv_(1).jpg;159
1024;1095;176;MANDRILLS BKB_176_20201231_id176_femjuv_(2).jpg;71
796;1095;176;MANDRILLS BKB_176_20201231_id176_femjuv_(3).jpg;299
893;1095;176;MANDRILLS BKB_176_20201231_id176_femjuv_(4).jpg;202
987;1108;176;MANDRILLS BKB_176_20210113_id176_femadu_(1).jpg;121
1194;1108;176;MANDRILLS BKB_176_20210113_id176_femadu_(2).jpg;86
1128;1111;176;MANDRILLS BKB_176_20210116_id176_femadu.jpg;17
967;1115;176;MANDRILLS BKB_176_20210120_id176_femadu_(1).jpg;148
1061;1115;176;MANDRILLS BKB_176_20210120_id176_femadu_(2).jpg;54
1069;1131;176;MANDRILLS BKB_176_20210205_id176_femadu_(1).jpg;62
954;1131;176;MANDRILLS BKB_176_20210205_id176_femadu_(2).jpg;177
1058;1152;176;MANDRILLS BKB_176_20210226_id176_femadu.jpg;94
955;1155;176;MANDRILLS BKB_176_20210301_id176_femadu_(2).jpg;200
1195;1162;176;MANDRILLS BKB_176_20210308_id176_femadu_(1).jpg;33
1007;1162;176;MANDRILLS BKB_176_20210308_id176_femadu_(2).jpg;155
874;1162;176;MANDRILLS BKB_176_20210308_id176_femadu_(3).jpg;288
1195;1208;176;MANDRILLS BKB_176_20210423_id176_femadu_(1).jpg;13
1193;1208;176;MANDRILLS BKB_176_20210423_id176_femadu_(2).jpg;15
1046;1302;176;MANDRILLS BKB_176_20210726_id176_femadu.jpg;256
1366;1392;176;MANDRILLS BKB_176_20211024_id176_femadu_(2).jpg;26
1170;1392;176;MANDRILLS BKB_176_20211024_id176_femadu_(3).jpg;222
1297;1405;176;MANDRILLS BKB_176_20211106_id176_femadu.jpg;108
1375;1418;176;MANDRILLS BKB_176_20211119_id176_femadu.jpg;43
1454;1487;176;MANDRILLS BKB_176_20220127_id176 (1).jpg;33
1447;1487;176;MANDRILLS BKB_176_20220127_id176.jpg;40
1472;1492;176;MANDRILLS BKB_176_20220201_id176_femadu (1).jpg;20
1430;1492;176;MANDRILLS BKB_176_20220201_id176_femadu (2).jpg;62
1381;1492;176;MANDRILLS BKB_176_20220201_id176_femadu (3).jpg;111
1337;1492;176;MANDRILLS BKB_176_20220201_id176_femadu (4).jpg;155
1490;1492;176;MANDRILLS BKB_176_20220201_id176_femadu (5).jpg;2
1527;1543;176;MANDRILLS BKB_176_20220324_id176_femadu (1).jpg;16
1540;1543;176;MANDRILLS BKB_176_20220324_id176_femadu (2).jpg;3
1521;1543;176;MANDRILLS BKB_176_20220324_id176_femadu (3).jpg;22
1472;1551;176;MANDRILLS BKB_176_20220401_id176_femadu (1).jpg;79
1620;1551;176;MANDRILLS BKB_176_20220401_id176_femadu (2).jpg;69
1717;1551;176;MANDRILLS BKB_176_20220401_id176_femadu (3).jpg;166
1738;1551;176;MANDRILLS BKB_176_20220401_id176_femadu (4).jpg;187
1638;1557;176;MANDRILLS BKB_176_20220407_id176_femadu.jpg;81
1498;1576;176;MANDRILLS BKB_176_20220426_id176_femadu (1).jpg;78
1514;1577;176;MANDRILLS BKB_176_20220427_id176_femadu (1).jpg;63
1590;1591;176;MANDRILLS BKB_176_20220511_id176_femadu.jpg;1
1636;1595;176;MANDRILLS BKB_176_20220515_id176_femadu (1).jpg;41
1644;1596;176;MANDRILLS BKB_176_20220516_id176_femadu (1).jpg;48
1898;1596;176;MANDRILLS BKB_176_20220516_id176_femadu (2).jpg;302
1595;1601;176;MANDRILLS BKB_176_20220521_id176_femadu (1).jpg;6
1494;1601;176;MANDRILLS BKB_176_20220521_id176_femadu (2).jpg;107
1715;1610;176;MANDRILLS BKB_176_20220530_id176_femadu.jpg;105
1770;1642;176;MANDRILLS BKB_176_20220701_id176.jpg;128
1736;1647;176;MANDRILLS BKB_176_20220706_id176.jpg;89
1803;1650;176;MANDRILLS BKB_176_20220709_id176.jpg;153
1972;1652;176;MANDRILLS BKB_176_20220711_id176.jpg;320
1718;1654;176;MANDRILLS BKB_176_20220713_id176 (2).jpg;64
1886;1658;176;MANDRILLS BKB_176_20220717_id176 (1).jpg;228
2169;1658;176;MANDRILLS BKB_176_20220717_id176 (2).jpg;511
1973;1658;176;MANDRILLS BKB_176_20220717_id176 (3).jpg;315
1836;1675;176;MANDRILLS BKB_176_20220803_id176.jpg;161
1997;1684;176;MANDRILLS BKB_176_20220812_id176.jpg;313
1837;1687;176;MANDRILLS BKB_176_20220815_id176.jpg;150
2198;1698;176;MANDRILLS BKB_176_20220826_id176.jpg;500
1644;1710;176;MANDRILLS BKB_176_20220907_id176.jpg;66
1716;1714;176;MANDRILLS BKB_176_20220911_id176.jpg;2
1828;1724;176;MANDRILLS BKB_176_20220921_id176.jpg;104
1991;1756;176;MANDRILLS BKB_176_20221023_id176.jpg;235
1537;1778;176;MANDRILLS BKB_176_20221114_id176.jpg;241
1540;1780;176;MANDRILLS BKB_176_20221116_id176.jpg;240
1453;1783;176;MANDRILLS BKB_176_20221119_id176.jpg;330
1632;1789;176;MANDRILLS BKB_176_20221125_id176 (1).jpg;157
2104;1789;176;MANDRILLS BKB_176_20221125_id176 (2).jpg;315
1908;1794;176;MANDRILLS BKB_176_20221130_id176.jpg;114
2082;1803;176;MANDRILLS BKB_176_20221209_id176.jpg;279
860;889;179;MANDRILLS BKB_179_20180705_id179_femjuv_GAUCHE_(52)_ORIGINAL.jpg;29
804;889;179;MANDRILLS BKB_179_20180705_id179_femjuv_GAUCHE_(53)_ORIGINAL.jpg;85
1199;1255;179;MANDRILLS BKB_179_20190706_id179_femjuv_(1).jpg;56
1277;1255;179;MANDRILLS BKB_179_20190706_id179_femjuv_(10).jpg;22
1241;1255;179;MANDRILLS BKB_179_20190706_id179_femjuv_(17).jpg;14
1171;1255;179;MANDRILLS BKB_179_20190706_id179_femjuv_(18).jpg;84
1383;1255;179;MANDRILLS BKB_179_20190706_id179_femjuv_(19).jpg;128
1227;1255;179;MANDRILLS BKB_179_20190706_id179_femjuv_(23).jpg;28
1296;1255;179;MANDRILLS BKB_179_20190706_id179_femjuv_(24).jpg;41
1217;1255;179;MANDRILLS BKB_179_20190706_id179_femjuv_(4).jpg;38
1147;1255;179;MANDRILLS BKB_179_20190706_id179_femjuv_(5).jpg;108
1177;1255;179;MANDRILLS BKB_179_20190706_id179_femjuv_(9).jpg;78
1616;1302;179;MANDRILLS BKB_179_20190822_id179_femjuv_(1).jpg;314
1445;1302;179;MANDRILLS BKB_179_20190822_id179_femjuv_(2).jpg;143
1302;1302;179;MANDRILLS BKB_179_20190822_id179_femjuv_(3).jpg;0
1259;1302;179;MANDRILLS BKB_179_20190822_id179_femjuv_(4).jpg;43
1235;1336;179;MANDRILLS BKB_179_20190925_id179_femjuv_(3).jpg;101
1333;1413;179;MANDRILLS BKB_179_20191211_id179_femjuv_(1).jpg;80
1445;1413;179;MANDRILLS BKB_179_20191211_id179_femjuv_(2).jpg;32
1830;1557;179;MANDRILLS BKB_179_20200503_id179_femadu.jpg;273
1994;1729;179;MANDRILLS BKB_179_20201022_id179_femadu_(2).jpg;265
2017;1729;179;MANDRILLS BKB_179_20201022_id179_femadu_(3).jpg;288
1752;1729;179;MANDRILLS BKB_179_20201022_id179_femadu_(4).jpg;23
1847;1729;179;MANDRILLS BKB_179_20201022_id179_femadu_(5).jpg;118
2063;1781;179;MANDRILLS BKB_179_20201213_id179_femadu_(1).jpg;282
2030;1781;179;MANDRILLS BKB_179_20201213_id179_femadu_(2).jpg;249
1802;1781;179;MANDRILLS BKB_179_20201213_id179_femadu_(3).jpg;21
2152;1781;179;MANDRILLS BKB_179_20201213_id179_femadu_(4).jpg;371
2000;1839;179;MANDRILLS BKB_179_20210209_id179_femadu_(1).jpg;161
1948;1839;179;MANDRILLS BKB_179_20210209_id179_femadu_(2).jpg;109
2003;1839;179;MANDRILLS BKB_179_20210209_id179_femadu_(3).jpg;164
2205;1866;179;MANDRILLS BKB_179_20210308_id179_femadu_(1).jpg;339
2319;1866;179;MANDRILLS BKB_179_20210308_id179_femadu_(2).jpg;453
2497;1891;179;MANDRILLS BKB_179_20210402_id179_femadu_(1).jpg;606
2458;1891;179;MANDRILLS BKB_179_20210402_id179_femadu_(2).jpg;567
2174;2003;179;MANDRILLS BKB_179_20210723_id179_femadu_(1).jpg;171
2133;2003;179;MANDRILLS BKB_179_20210723_id179_femadu_(2).jpg;130
1991;2051;179;MANDRILLS BKB_179_20210909_id179_femadu.jpg;60
2207;2058;179;MANDRILLS BKB_179_20210916_id179_femadu.jpg;149
2074;2061;179;MANDRILLS BKB_179_20210919_id179_femadu.jpg;13
2280;2122;179;MANDRILLS BKB_179_20211119_id179_femadu_(1).jpg;158
2381;2122;179;MANDRILLS BKB_179_20211119_id179_femadu_(2).jpg;259
2216;2149;179;MANDRILLS BKB_179_20211216_ID179_femadu_(1).jpg;67
2493;2149;179;MANDRILLS BKB_179_20211216_ID179_femadu_(2).jpg;344
2420;2150;179;MANDRILLS BKB_179_20211217_id179_femadu_(1).jpg;270
2594;2150;179;MANDRILLS BKB_179_20211217_id179_femadu_(2).jpg;444
2249;2212;179;MANDRILLS BKB_179_20220217_id179_femadu.jpg;37
2453;2232;179;MANDRILLS BKB_179_20220309_id179_femadu (1).jpg;221
2126;2232;179;MANDRILLS BKB_179_20220309_id179_femadu (2).jpg;106
2567;2232;179;MANDRILLS BKB_179_20220309_id179_femadu (3).jpg;335
3026;2288;179;MANDRILLS BKB_179_20220504_id179_femadu (2).jpg;738
2726;2288;179;MANDRILLS BKB_179_20220504_id179_femadu.jpg;438
2418;2299;179;MANDRILLS BKB_179_20220515_id179_femadu (2).jpg;119
6710;2299;179;MANDRILLS BKB_179_20220515_id179_femadu.jpg;4411
2687;2300;179;MANDRILLS BKB_179_20220516_id179_femadu.jpg;387
2608;2308;179;MANDRILLS BKB_179_20220524_id179_femadu.jpg;300
2233;2310;179;MANDRILLS BKB_179_20220526_id179_femadu.jpg;77
2645;2344;179;MANDRILLS BKB_179_20220629_id179 (1).jpg;301
2713;2344;179;MANDRILLS BKB_179_20220629_id179 (2).jpg;369
3025;2344;179;MANDRILLS BKB_179_20220629_id179 (3).jpg;681
2321;2344;179;MANDRILLS BKB_179_20220629_id179 (4).jpg;23
2769;2344;179;MANDRILLS BKB_179_20220629_id179.jpg;425
2527;2356;179;MANDRILLS BKB_179_20220711_id179 (2).jpg;171
3010;2356;179;MANDRILLS BKB_179_20220711_id179 (3).jpg;654
2758;2356;179;MANDRILLS BKB_179_20220711_id179.jpg;402
2688;2358;179;MANDRILLS BKB_179_20220713_id179 (1).jpg;330
2378;2358;179;MANDRILLS BKB_179_20220713_id179 (2).jpg;20
2743;2358;179;MANDRILLS BKB_179_20220713_id179 (4).jpg;385
3049;2362;179;MANDRILLS BKB_179_20220717_id179.jpg;687
2084;2366;179;MANDRILLS BKB_179_20220721_id179 (1).jpg;282
3371;2366;179;MANDRILLS BKB_179_20220721_id179 (2).jpg;1005
2384;2366;179;MANDRILLS BKB_179_20220721_id179.jpg;18
2761;2370;179;MANDRILLS BKB_179_20220725_id179.jpg;391
2740;2378;179;MANDRILLS BKB_179_20220802_id179.jpg;362
2360;2395;179;MANDRILLS BKB_179_20220819_id179.jpg;35
2476;2411;179;MANDRILLS BKB_179_20220904_id179.jpg;65
2193;2412;179;MANDRILLS BKB_179_20220905_id179 (1).jpg;219
2385;2412;179;MANDRILLS BKB_179_20220905_id179 (2).jpg;27
2817;2456;179;MANDRILLS BKB_179_20221019_id179.jpg;361
2668;2489;179;MANDRILLS BKB_179_20221121_id179.jpg;179
291;313;204;MANDRILLS BKB_204_20190926_id204_femjuv.jpg;22
384;325;204;MANDRILLS BKB_204_20191008_id204_femjuv_(1).jpg;59
364;325;204;MANDRILLS BKB_204_20191008_id204_femjuv_(2).jpg;39
383;325;204;MANDRILLS BKB_204_20191008_id204_femjuv_(3).jpg;58
340;325;204;MANDRILLS BKB_204_20191008_id204_femjuv_(4).jpg;15
484;345;204;MANDRILLS BKB_204_20191028_id204_femjuv_(1).jpg;139
495;345;204;MANDRILLS BKB_204_20191028_id204_femjuv_(2).jpg;150
445;345;204;MANDRILLS BKB_204_20191028_id204_femjuv_(3).jpg;100
423;416;204;MANDRILLS BKB_204_20200107_id204_femjuv_(1).jpg;7
452;416;204;MANDRILLS BKB_204_20200107_id204_femjuv_(2).jpg;36
426;416;204;MANDRILLS BKB_204_20200107_id204_femjuv_(3).jpg;10
463;416;204;MANDRILLS BKB_204_20200107_id204_femjuv_(4).jpg;47
408;416;204;MANDRILLS BKB_204_20200107_id204_femjuv_(5).jpg;8
571;705;204;MANDRILLS BKB_204_20201022_id204_femjuv_(1).jpg;134
674;705;204;MANDRILLS BKB_204_20201022_id204_femjuv_(2).jpg;31
688;706;204;MANDRILLS BKB_204_20201023_id204_femjuv_(1).jpg;18
725;706;204;MANDRILLS BKB_204_20201023_id204_femjuv_(2).jpg;19
459;706;204;MANDRILLS BKB_204_20201023_id204_femjuv_(3).jpg;247
511;706;204;MANDRILLS BKB_204_20201023_id204_femjuv_(4).jpg;195
397;706;204;MANDRILLS BKB_204_20201023_id204_femjuv_(5).jpg;309
732;706;204;MANDRILLS BKB_204_20201023_id204_femjuv_(6).jpg;26
775;714;204;MANDRILLS BKB_204_20201031_id204_femjuv_(1).jpg;61
735;714;204;MANDRILLS BKB_204_20201031_id204_femjuv_(2).jpg;21
624;714;204;MANDRILLS BKB_204_20201031_id204_femjuv_(3).jpg;90
659;714;204;MANDRILLS BKB_204_20201031_id204_femjuv_(4).jpg;55
450;714;204;MANDRILLS BKB_204_20201031_id204_femjuv_(5).jpg;264
657;714;204;MANDRILLS BKB_204_20201031_id204_femjuv_(6).jpg;57
751;715;204;MANDRILLS BKB_204_20201101_id204_femjuv_(1).jpg;36
777;715;204;MANDRILLS BKB_204_20201101_id204_femjuv_(2).jpg;62
692;717;204;MANDRILLS BKB_204_20201103_id204_femadu_(1).jpg;25
635;717;204;MANDRILLS BKB_204_20201103_id204_femadu_(2).jpg;82
882;738;204;MANDRILLS BKB_204_20201124_id204_femjuv.jpg;144
801;788;204;MANDRILLS BKB_204_20210113_id204_fem_(1).jpg;13
790;788;204;MANDRILLS BKB_204_20210113_id204_fem_(2).jpg;2
735;788;204;MANDRILLS BKB_204_20210113_id204_fem_(3).jpg;53
732;788;204;MANDRILLS BKB_204_20210113_id204_fem_(4).jpg;56
841;805;204;MANDRILLS BKB_204_20210130_id204_fem.jpg;36
1018;809;204;MANDRILLS BKB_204_20210203_id204_fem_(1).jpg;209
949;809;204;MANDRILLS BKB_204_20210203_id204_fem_(2).jpg;140
932;809;204;MANDRILLS BKB_204_20210203_id204_fem_(3).jpg;123
919;809;204;MANDRILLS BKB_204_20210203_id204_fem_(4).jpg;110
1008;809;204;MANDRILLS BKB_204_20210203_id204_fem_(5).jpg;199
985;816;204;MANDRILLS BKB_204_20210210_id204_fem_(1).jpg;169
1087;816;204;MANDRILLS BKB_204_20210210_id204_fem_(2).jpg;271
1068;1042;204;MANDRILLS BKB_204_20210924_id204_femjuv (1).jpg;26
1234;1042;204;MANDRILLS BKB_204_20210924_id204_femjuv (2).jpg;192
1046;1053;204;MANDRILLS BKB_204_20211005_id204_femjuv.jpg;7
1375;1126;204;MANDRILLS BKB_204_20211217_id204_femjuv_(1).jpg;249
1347;1126;204;MANDRILLS BKB_204_20211217_id204_femjuv_(2).jpg;221
1163;1128;204;MANDRILLS BKB_204_20211219_id204_femjuv.jpg;35
1150;1156;204;MANDRILLS BKB_204_20220116_id204_femjuv (2).jpg;6
1299;1156;204;MANDRILLS BKB_204_20220116_id204_femjuv(1).jpg;143
1166;1167;204;MANDRILLS BKB_204_20220127_id204 (1).jpg;1
1190;1167;204;MANDRILLS BKB_204_20220127_id204.jpg;23
1191;1172;204;MANDRILLS BKB_204_20220201_id204_femjuv (1).jpg;19
1147;1172;204;MANDRILLS BKB_204_20220201_id204_femjuv (2).jpg;25
1150;1172;204;MANDRILLS BKB_204_20220201_id204_femjuv (3).jpg;22
1321;1187;204;MANDRILLS BKB_204_20220216_id204_femjuv (1).jpg;134
1239;1187;204;MANDRILLS BKB_204_20220216_id204_femjuv (2).jpg;52
1382;1256;204;MANDRILLS BKB_204_20220426_id204_femjuv (1).jpg;126
1351;1256;204;MANDRILLS BKB_204_20220426_id204_femjuv (2).jpg;95
1381;1256;204;MANDRILLS BKB_204_20220426_id204_femjuv.jpg;125
1173;1263;204;MANDRILLS BKB_204_20220503_id204_femjuv (2).jpg;90
1194;1263;204;MANDRILLS BKB_204_20220503_id204_femjuv (3).jpg;69
1244;1263;204;MANDRILLS BKB_204_20220503_id204_femjuv (4).jpg;19
1187;1263;204;MANDRILLS BKB_204_20220503_id204_femjuv (5).jpg;76
1358;1263;204;MANDRILLS BKB_204_20220503_id204_femjuv.jpg;95
1277;1278;204;MANDRILLS BKB_204_20220518_id204_femjuv.jpg;1
1492;1286;204;MANDRILLS BKB_204_20220526_id204_femjuv (1).jpg;206
1518;1286;204;MANDRILLS BKB_204_20220526_id204_femjuv (2).jpg;232
1386;1308;204;MANDRILLS BKB_204_20220617_id204_femjuv.jpg;78
1431;1314;204;MANDRILLS BKB_204_20220623_id204_femjuv.jpg;117
1444;1315;204;MANDRILLS BKB_204_20220624_id204_femjuv.jpg;129
1405;1320;204;MANDRILLS BKB_204_20220629_id204 (1).jpg;85
1346;1320;204;MANDRILLS BKB_204_20220629_id204 (3).jpg;26
1346;1332;204;MANDRILLS BKB_204_20220711_id204 (1).jpg;14
1403;1332;204;MANDRILLS BKB_204_20220711_id204.jpg;71
1310;1364;204;MANDRILLS BKB_204_20220812_id204 (1).jpg;54
1420;1364;204;MANDRILLS BKB_204_20220812_id204 (2).jpg;56
1609;1370;204;MANDRILLS BKB_204_20220818_id204 (1).jpg;239
1608;1378;204;MANDRILLS BKB_204_20220826_id204 (1).jpg;230
1569;1378;204;MANDRILLS BKB_204_20220826_id204 (2).jpg;191
1422;1388;204;MANDRILLS BKB_204_20220905_id204 (1).jpg;34
1433;1395;204;MANDRILLS BKB_204_20220912_id204 (2).jpg;38
1351;1395;204;MANDRILLS BKB_204_20220912_id204 (3).jpg;44
1508;1407;204;MANDRILLS BKB_204_20220924_id204.jpg;101
1407;1409;204;MANDRILLS BKB_204_20220926_id204.jpg;2
1356;1418;204;MANDRILLS BKB_204_20221005_id204 (1).jpg;62
1622;1418;204;MANDRILLS BKB_204_20221005_id204 (3).jpg;204
1383;1424;204;MANDRILLS BKB_204_20221011_id204.jpg;41
1521;1440;204;MANDRILLS BKB_204_20221027_id204 (1).jpg;81
1595;1440;204;MANDRILLS BKB_204_20221027_id204 (2).jpg;155
1522;1442;204;MANDRILLS BKB_204_20221029_id204.jpg;80
1600;1461;204;MANDRILLS BKB_204_20221117_id204.jpg;139
1372;1474;204;MANDRILLS BKB_204_20221130_id204 (2).jpg;102
2077;1483;204;MANDRILLS BKB_204_20221209_id204 (1).jpg;594
1780;1483;204;MANDRILLS BKB_204_20221209_id204 (10).jpg;297
1826;1483;204;MANDRILLS BKB_204_20221209_id204 (2).jpg;343
1452;1483;204;MANDRILLS BKB_204_20221209_id204 (3).jpg;31
1495;1483;204;MANDRILLS BKB_204_20221209_id204 (4).jpg;12
1780;1483;204;MANDRILLS BKB_204_20221209_id204 (5).jpg;297
1914;1483;204;MANDRILLS BKB_204_20221209_id204 (6).jpg;431
1758;1483;204;MANDRILLS BKB_204_20221209_id204 (9).jpg;275
1384;1492;204;MANDRILLS BKB_204_20221218_id204.jpg;108
386;321;205;MANDRILLS BKB_205_20191028_id205_femjuv.jpg;65
408;400;205;MANDRILLS BKB_205_20200115_id205_femjuv.jpg;8
374;402;205;MANDRILLS BKB_205_20200117_id205_femjuv_(1).jpg;28
365;402;205;MANDRILLS BKB_205_20200117_id205_femjuv_(2).jpg;37
503;402;205;MANDRILLS BKB_205_20200117_id205_femjuv_(3).jpg;101
444;449;205;MANDRILLS BKB_205_20200304_id205_femjuv.jpg;5
622;681;205;MANDRILLS BKB_205_20201022_id205_femjuv_(1).jpg;59
774;681;205;MANDRILLS BKB_205_20201022_id205_femjuv_(2).jpg;93
596;681;205;MANDRILLS BKB_205_20201022_id205_femjuv_(3).jpg;85
678;681;205;MANDRILLS BKB_205_20201022_id205_femjuv_(4).jpg;3
611;681;205;MANDRILLS BKB_205_20201022_id205_femjuv_(5).jpg;70
784;696;205;MANDRILLS BKB_205_20201106_id205_femjuv_(1).jpg;88
799;696;205;MANDRILLS BKB_205_20201106_id205_femjuv_(2).jpg;103
725;696;205;MANDRILLS BKB_205_20201106_id205_femjuv_(3).jpg;29
854;711;205;MANDRILLS BKB_205_20201121_id205_femjuv_(1).jpg;143
743;711;205;MANDRILLS BKB_205_20201121_id205_femjuv_(2).jpg;32
853;747;205;MANDRILLS BKB_205_20201227_id205_fem_(1).jpg;106
676;747;205;MANDRILLS BKB_205_20201227_id205_fem_(2).jpg;71
706;755;205;MANDRILLS BKB_205_20210104_id205_fem_(1).jpg;49
711;755;205;MANDRILLS BKB_205_20210104_id205_fem_(2).jpg;44
576;757;205;MANDRILLS BKB_205_20210106_id205_fem_(1).jpg;181
595;757;205;MANDRILLS BKB_205_20210106_id205_fem_(2).jpg;162
769;760;205;MANDRILLS BKB_205_20210109_id205_fem_(1).jpg;9
669;760;205;MANDRILLS BKB_205_20210109_id205_fem_(2).jpg;91
671;760;205;MANDRILLS BKB_205_20210109_id205_fem_(3).jpg;89
623;777;205;MANDRILLS BKB_205_20210126_id205_fem_(1).jpg;154
764;777;205;MANDRILLS BKB_205_20210126_id205_fem_(2).jpg;13
759;785;205;MANDRILLS BKB_205_20210203_id205_fem_(1).jpg;26
1000;808;205;MANDRILLS BKB_205_20210226_id205_fem.jpg;192
864;851;205;MANDRILLS BKB_205_20210410_id205_femjuv.jpg;13
1040;958;205;MANDRILLS BKB_205_20210726_id205_femjuv_(1).jpg;82
1138;958;205;MANDRILLS BKB_205_20210726_id205_femjuv_(2).jpg;180
1057;958;205;MANDRILLS BKB_205_20210726_id205_femjuv_(3).jpg;99
1153;958;205;MANDRILLS BKB_205_20210726_id205_femjuv_(6).jpg;195
1027;958;205;MANDRILLS BKB_205_20210726_id205_femjuv_(7).jpg;69
994;958;205;MANDRILLS BKB_205_20210726_id205_femjuv_(8).jpg;36
632;962;205;MANDRILLS BKB_205_20210730_id205_femjuv_(1).jpg;330
979;962;205;MANDRILLS BKB_205_20210730_id205_femjuv_(2).jpg;17
1206;1018;205;MANDRILLS BKB_205_20210924_id205_femjuv (1).jpg;188
889;1018;205;MANDRILLS BKB_205_20210924_id205_femjuv (2).jpg;129
1143;1018;205;MANDRILLS BKB_205_20210924_id205_femjuv (3).jpg;125
1354;1106;205;MANDRILLS BKB_205_20211221_id205_femjuv.jpg;248
1262;1205;205;MANDRILLS BKB_205_20220330_id205_femjuv (1).jpg;57
1107;1205;205;MANDRILLS BKB_205_20220330_id205_femjuv (2).jpg;98
1174;1205;205;MANDRILLS BKB_205_20220330_id205_femjuv (3).jpg;31
1159;1211;205;MANDRILLS BKB_205_20220405_id205_femjuv.jpg;52
1338;1213;205;MANDRILLS BKB_205_20220407_id205_femjuv.jpg;125
1259;1252;205;MANDRILLS BKB_205_20220516_id205_femjuv.jpg;7
1201;1274;205;MANDRILLS BKB_205_20220607_id205_femjuv.jpg;73
1504;1296;205;MANDRILLS BKB_205_20220629_id205.jpg;208
1367;1316;205;MANDRILLS BKB_205_20220719_id205.jpg;51
1379;1322;205;MANDRILLS BKB_205_20220725_id205.jpg;57
1319;1323;205;MANDRILLS BKB_205_20220726_id205.jpg;4
1218;1330;205;MANDRILLS BKB_205_20220802_id205 (1).jpg;112
1256;1330;205;MANDRILLS BKB_205_20220802_id205 (2).jpg;74
1388;1331;205;MANDRILLS BKB_205_20220803_id205 (1).jpg;57
1215;1331;205;MANDRILLS BKB_205_20220803_id205 (2).jpg;116
1204;1331;205;MANDRILLS BKB_205_20220803_id205 (3).jpg;127
1292;1331;205;MANDRILLS BKB_205_20220803_id205 (4).jpg;39
1179;1332;205;MANDRILLS BKB_205_20220804_id205.jpg;153
1343;1340;205;MANDRILLS BKB_205_20220812_id205 (1).jpg;3
1429;1340;205;MANDRILLS BKB_205_20220812_id205 (2).jpg;89
1411;1354;205;MANDRILLS BKB_205_20220826_id205 (1).jpg;57
1473;1354;205;MANDRILLS BKB_205_20220826_id205 (2).jpg;119
1319;1354;205;MANDRILLS BKB_205_20220826_id205 (3).jpg;35
1408;1354;205;MANDRILLS BKB_205_20220826_id205 (4).jpg;54
1250;1363;205;MANDRILLS BKB_205_20220904_id205 (1).jpg;113
1572;1363;205;MANDRILLS BKB_205_20220904_id205 (3).jpg;209
1452;1371;205;MANDRILLS BKB_205_20220912_id205 (1).jpg;81
1294;1371;205;MANDRILLS BKB_205_20220912_id205 (2).jpg;77
1244;1379;205;MANDRILLS BKB_205_20220920_id205.jpg;135
1469;1394;205;MANDRILLS BKB_205_20221005_id205.jpg;75
1565;1400;205;MANDRILLS BKB_205_20221011_id205 (1).jpg;165
1243;1400;205;MANDRILLS BKB_205_20221011_id205 (2).jpg;157
1384;1408;205;MANDRILLS BKB_205_20221019_id205 (1).jpg;24
1570;1443;205;MANDRILLS BKB_205_20221123_id205.jpg;127
1605;1460;205;MANDRILLS BKB_205_20221210_id205 (1).jpg;145
1499;1460;205;MANDRILLS BKB_205_20221210_id205 (2).jpg;39
6314;4722;21;MANDRILLS BKB_21_20120414_id21_femadu_(1)_ORIGINAL.jpg;1592
6115;4722;21;MANDRILLS BKB_21_20120414_id21_femadu_(10)_ORIGINAL.jpg;1393
4439;4722;21;MANDRILLS BKB_21_20120414_id21_femadu_(11)_ORIGINAL.jpg;283
5293;4722;21;MANDRILLS BKB_21_20120414_id21_femadu_(12)_ORIGINAL.jpg;571
4162;4722;21;MANDRILLS BKB_21_20120414_id21_femadu_(13)_ORIGINAL.jpg;560
5283;4722;21;MANDRILLS BKB_21_20120414_id21_femadu_(14)_ORIGINAL.jpg;561
5350;4722;21;MANDRILLS BKB_21_20120414_id21_femadu_(16)_ORIGINAL.jpg;628
4672;4722;21;MANDRILLS BKB_21_20120414_id21_femadu_(17)_ORIGINAL.jpg;50
4245;4722;21;MANDRILLS BKB_21_20120414_id21_femadu_(18)_ORIGINAL.jpg;477
5339;4722;21;MANDRILLS BKB_21_20120414_id21_femadu_(19)_ORIGINAL.jpg;617
5434;4722;21;MANDRILLS BKB_21_20120414_id21_femadu_(2)_ORIGINAL.jpg;712
6296;4722;21;MANDRILLS BKB_21_20120414_id21_femadu_(20)_ORIGINAL.jpg;1574
4968;4722;21;MANDRILLS BKB_21_20120414_id21_femadu_(21)_ORIGINAL.jpg;246
5006;4722;21;MANDRILLS BKB_21_20120414_id21_femadu_(22)_ORIGINAL.jpg;284
4112;4722;21;MANDRILLS BKB_21_20120414_id21_femadu_(23)_ORIGINAL.jpg;610
4853;4722;21;MANDRILLS BKB_21_20120414_id21_femadu_(24)_ORIGINAL.jpg;131
4332;4722;21;MANDRILLS BKB_21_20120414_id21_femadu_(25)_ORIGINAL.jpg;390
4349;4722;21;MANDRILLS BKB_21_20120414_id21_femadu_(26)_ORIGINAL.jpg;373
4271;4722;21;MANDRILLS BKB_21_20120414_id21_femadu_(27)_ORIGINAL.jpg;451
4854;4722;21;MANDRILLS BKB_21_20120414_id21_femadu_(28)_ORIGINAL.jpg;132
4148;4722;21;MANDRILLS BKB_21_20120414_id21_femadu_(29)_ORIGINAL.jpg;574
4765;4722;21;MANDRILLS BKB_21_20120414_id21_femadu_(3)_ORIGINAL.jpg;43
4062;4722;21;MANDRILLS BKB_21_20120414_id21_femadu_(30)_ORIGINAL.jpg;660
4579;4722;21;MANDRILLS BKB_21_20120414_id21_femadu_(31)_ORIGINAL.jpg;143
5028;4722;21;MANDRILLS BKB_21_20120414_id21_femadu_(32)_ORIGINAL.jpg;306
3907;4722;21;MANDRILLS BKB_21_20120414_id21_femadu_(33)_ORIGINAL.jpg;815
3756;4722;21;MANDRILLS BKB_21_20120414_id21_femadu_(34)_ORIGINAL.jpg;966
5575;4722;21;MANDRILLS BKB_21_20120414_id21_femadu_(35)_ORIGINAL.jpg;853
5010;4722;21;MANDRILLS BKB_21_20120414_id21_femadu_(36)_ORIGINAL.jpg;288
4382;4722;21;MANDRILLS BKB_21_20120414_id21_femadu_(37)_ORIGINAL.jpg;340
4556;4722;21;MANDRILLS BKB_21_20120414_id21_femadu_(38)_ORIGINAL.jpg;166
4171;4722;21;MANDRILLS BKB_21_20120414_id21_femadu_(39)_ORIGINAL.jpg;551
4052;4722;21;MANDRILLS BKB_21_20120414_id21_femadu_(4)_ORIGINAL.jpg;670
4189;4722;21;MANDRILLS BKB_21_20120414_id21_femadu_(40)_ORIGINAL.jpg;533
5245;4722;21;MANDRILLS BKB_21_20120414_id21_femadu_(41)_ORIGINAL.jpg;523
4452;4722;21;MANDRILLS BKB_21_20120414_id21_femadu_(42)_ORIGINAL.jpg;270
3839;4722;21;MANDRILLS BKB_21_20120414_id21_femadu_(43)_ORIGINAL.jpg;883
4382;4722;21;MANDRILLS BKB_21_20120414_id21_femadu_(44)_ORIGINAL.jpg;340
4863;4722;21;MANDRILLS BKB_21_20120414_id21_femadu_(45)_ORIGINAL.jpg;141
4422;4722;21;MANDRILLS BKB_21_20120414_id21_femadu_(5)_ORIGINAL.jpg;300
4447;4722;21;MANDRILLS BKB_21_20120414_id21_femadu_(6)_ORIGINAL.jpg;275
5263;4722;21;MANDRILLS BKB_21_20120414_id21_femadu_(7)_ORIGINAL.jpg;541
5402;4722;21;MANDRILLS BKB_21_20120414_id21_femadu_(8)_ORIGINAL.jpg;680
5564;4722;21;MANDRILLS BKB_21_20120414_id21_femadu_(9)_ORIGINAL.jpg;842
5284;4750;21;MANDRILLS BKB_21_20120512_id21_femaduDROITE_(1)_ORIGINAL.jpg;534
5179;4750;21;MANDRILLS BKB_21_20120512_id21_femaduDROITE_(35)_ORIGINAL.jpg;429
4216;4750;21;MANDRILLS BKB_21_20120512_id21_femaduDROITE_(36)_ORIGINAL.jpg;534
5767;4750;21;MANDRILLS BKB_21_20120512_id21_femaduDROITE_(4)_ORIGINAL.jpg;1017
5470;4750;21;MANDRILLS BKB_21_20120512_id21_femadu_(1)_ORIGINAL.jpg;720
5774;4750;21;MANDRILLS BKB_21_20120512_id21_femadu_(2)_ORIGINAL.jpg;1024
5979;4750;21;MANDRILLS BKB_21_20120512_id21_femadu_(3)_ORIGINAL.jpg;1229
5541;4750;21;MANDRILLS BKB_21_20120512_id21_femadu_(4)_ORIGINAL.jpg;791
5610;4752;21;MANDRILLS BKB_21_20120514_id21_femaduDERRIERE_(1)_ORIGINAL.jpg;858
4615;4752;21;MANDRILLS BKB_21_20120514_id21_femaduDERRIERE_(2)_ORIGINAL.jpg;137
4703;4752;21;MANDRILLS BKB_21_20120514_id21_femaduDERRIERE_(3)_ORIGINAL.jpg;49
5299;4752;21;MANDRILLS BKB_21_20120514_id21_femaduDERRIERE_(4)_ORIGINAL.jpg;547
5285;4752;21;MANDRILLS BKB_21_20120514_id21_femaduDERRIERE_(5)_ORIGINAL.jpg;533
5361;4752;21;MANDRILLS BKB_21_20120514_id21_femaduDERRIERE_(6)_ORIGINAL.jpg;609
5269;4752;21;MANDRILLS BKB_21_20120514_id21_femaduDERRIERE_(7)_ORIGINAL.jpg;517
5333;4752;21;MANDRILLS BKB_21_20120514_id21_femaduDERRIERE_(8)_ORIGINAL.jpg;581
4207;4752;21;MANDRILLS BKB_21_20120514_id21_femadu_(1)_ORIGINAL.jpg;545
5650;4752;21;MANDRILLS BKB_21_20120514_id21_femadu_(10)_ORIGINAL.jpg;898
4820;4752;21;MANDRILLS BKB_21_20120514_id21_femadu_(11)_ORIGINAL.jpg;68
5091;4752;21;MANDRILLS BKB_21_20120514_id21_femadu_(2)_ORIGINAL.jpg;339
5237;4752;21;MANDRILLS BKB_21_20120514_id21_femadu_(3)_ORIGINAL.jpg;485
5218;4752;21;MANDRILLS BKB_21_20120514_id21_femadu_(4)_ORIGINAL.jpg;466
5425;4752;21;MANDRILLS BKB_21_20120514_id21_femadu_(5)_ORIGINAL.jpg;673
6136;4752;21;MANDRILLS BKB_21_20120514_id21_femadu_(6)_ORIGINAL.jpg;1384
5261;4752;21;MANDRILLS BKB_21_20120514_id21_femadu_(7)_ORIGINAL.jpg;509
4862;4752;21;MANDRILLS BKB_21_20120514_id21_femadu_(8)_ORIGINAL.jpg;110
4979;4752;21;MANDRILLS BKB_21_20120514_id21_femadu_(9)_ORIGINAL.jpg;227
5399;4752;21;MANDRILLS BKB_21_20120514_id21_femadu_ORIGINAL.jpg;647
5426;4911;21;MANDRILLS BKB_21_20121020_id21_femadu_(1)_ORIGINAL.jpg;515
5269;4911;21;MANDRILLS BKB_21_20121020_id21_femadu_ORIGINAL.jpg;358
5853;5535;21;MANDRILLS BKB_21_20140706_id21_femadu_(1)_ORIGINAL.jpg;318
5513;5535;21;MANDRILLS BKB_21_20140706_id21_femadu_(2)_ORIGINAL.jpg;22
4271;5535;21;MANDRILLS BKB_21_20140706_id21_femadu_(3)_ORIGINAL.jpg;1264
4298;5535;21;MANDRILLS BKB_21_20140706_id21_femadu_(4)_ORIGINAL.jpg;1237
4974;5538;21;MANDRILLS BKB_21_20140709_id21_femadu_(4)_ORIGINAL.jpg;564
5448;5584;21;MANDRILLS BKB_21_20140824_id21_femadu_(2)_ORIGINAL.jpg;136
5548;5584;21;MANDRILLS BKB_21_20140824_id21_femadu_(3)_ORIGINAL.jpg;36
5586;6053;21;MANDRILLS BKB_21_20151206_id21_femadu_(1)_ORIGINAL.jpg;467
5316;6902;21;MANDRILLS BKB_21_20180403_id21_femadu_(1)_ORIGINAL.jpg;1586
5253;6902;21;MANDRILLS BKB_21_20180403_id21_femadu_(2)_ORIGINAL.jpg;1649
5499;6902;21;MANDRILLS BKB_21_20180403_id21_femadu_(3)_ORIGINAL.jpg;1403
5453;6902;21;MANDRILLS BKB_21_20180403_id21_femadu_(4)_ORIGINAL.jpg;1449
5383;6902;21;MANDRILLS BKB_21_20180403_id21_femadu_(5)_ORIGINAL.jpg;1519
6239;6981;21;MANDRILLS BKB_21_20180621_id21_femadu_ORIGINAL.jpg;742
5687;6988;21;MANDRILLS BKB_21_20180628_id21_femadu_(10)_ORIGINAL.jpg;1301
5860;6988;21;MANDRILLS BKB_21_20180628_id21_femadu_(11)_ORIGINAL.jpg;1128
5845;6988;21;MANDRILLS BKB_21_20180628_id21_femadu_(13)_ORIGINAL.jpg;1143
5917;6988;21;MANDRILLS BKB_21_20180628_id21_femadu_(14)_ORIGINAL.jpg;1071
6185;6988;21;MANDRILLS BKB_21_20180628_id21_femadu_(17)_ORIGINAL.jpg;803
6065;6988;21;MANDRILLS BKB_21_20180628_id21_femadu_(19)_ORIGINAL.jpg;923
5555;6988;21;MANDRILLS BKB_21_20180628_id21_femadu_(2)_ORIGINAL.jpg;1433
5871;6988;21;MANDRILLS BKB_21_20180628_id21_femadu_(20)_ORIGINAL.jpg;1117
6281;6988;21;MANDRILLS BKB_21_20180628_id21_femadu_(21)_ORIGINAL.jpg;707
6309;6988;21;MANDRILLS BKB_21_20180628_id21_femadu_(22)_ORIGINAL.jpg;679
5898;6988;21;MANDRILLS BKB_21_20180628_id21_femadu_(3)_ORIGINAL.jpg;1090
5678;6988;21;MANDRILLS BKB_21_20180628_id21_femadu_(4)_ORIGINAL.jpg;1310
5054;6988;21;MANDRILLS BKB_21_20180628_id21_femadu_(5)_ORIGINAL.jpg;1934
5414;6988;21;MANDRILLS BKB_21_20180628_id21_femadu_(6)_ORIGINAL.jpg;1574
5850;6988;21;MANDRILLS BKB_21_20180628_id21_femadu_(7)_ORIGINAL.jpg;1138
5846;6988;21;MANDRILLS BKB_21_20180628_id21_femadu_(8)_ORIGINAL.jpg;1142
5811;6988;21;MANDRILLS BKB_21_20180628_id21_femadu_(9)_ORIGINAL.jpg;1177
5816;6989;21;MANDRILLS BKB_21_20180629_id21_femadu_(1)_ORIGINAL.jpg;1173
6155;6989;21;MANDRILLS BKB_21_20180629_id21_femadu_(10)_ORIGINAL.jpg;834
6386;6989;21;MANDRILLS BKB_21_20180629_id21_femadu_(11)_ORIGINAL.jpg;603
6052;6989;21;MANDRILLS BKB_21_20180629_id21_femadu_(12)_ORIGINAL.jpg;937
5749;6989;21;MANDRILLS BKB_21_20180629_id21_femadu_(13)_ORIGINAL.jpg;1240
6276;6989;21;MANDRILLS BKB_21_20180629_id21_femadu_(2)_ORIGINAL.jpg;713
5814;6989;21;MANDRILLS BKB_21_20180629_id21_femadu_(5)_ORIGINAL.jpg;1175
5555;6989;21;MANDRILLS BKB_21_20180629_id21_femadu_(6)_ORIGINAL.jpg;1434
6424;6989;21;MANDRILLS BKB_21_20180629_id21_femadu_(8)_ORIGINAL.jpg;565
6125;6989;21;MANDRILLS BKB_21_20180629_id21_femadu_(9)_ORIGINAL.jpg;864
6784;7001;21;MANDRILLS BKB_21_20180711_id21_femadu_(1)_ORIGINAL.jpg;217
5996;7001;21;MANDRILLS BKB_21_20180711_id21_femadu_(2)_ORIGINAL.jpg;1005
6074;7001;21;MANDRILLS BKB_21_20180711_id21_femadu_(3)_ORIGINAL.jpg;927
5854;7001;21;MANDRILLS BKB_21_20180711_id21_femadu_(4)_ORIGINAL.jpg;1147
5750;7008;21;MANDRILLS BKB_21_20180718_id21_femadu_(1)_ORIGINAL.jpg;1258
5799;7008;21;MANDRILLS BKB_21_20180718_id21_femadu_(2)_ORIGINAL.jpg;1209
5822;7008;21;MANDRILLS BKB_21_20180718_id21_femadu_(3)_ORIGINAL.jpg;1186
5889;7008;21;MANDRILLS BKB_21_20180718_id21_femadu_(4)_ORIGINAL.jpg;1119
5970;7008;21;MANDRILLS BKB_21_20180718_id21_femadu_(5)_ORIGINAL.jpg;1038
5589;7017;21;MANDRILLS BKB_21_20180727_id21_femaduDERRIERE_(4)_ORIGINAL.jpg;1428
5996;7017;21;MANDRILLS BKB_21_20180727_id21_femadu_(1)_ORIGINAL.jpg;1021
5795;7017;21;MANDRILLS BKB_21_20180727_id21_femadu_(2)_ORIGINAL.jpg;1222
5902;7017;21;MANDRILLS BKB_21_20180727_id21_femadu_(3)_ORIGINAL.jpg;1115
5891;7017;21;MANDRILLS BKB_21_20180727_id21_femadu_(4)_ORIGINAL.jpg;1126
6105;7017;21;MANDRILLS BKB_21_20180727_id21_femadu_(5)_ORIGINAL.jpg;912
5653;7017;21;MANDRILLS BKB_21_20180727_id21_femadu_(6)_ORIGINAL.jpg;1364
5393;7017;21;MANDRILLS BKB_21_20180727_id21_femadu_(7)_ORIGINAL.jpg;1624
6211;7017;21;MANDRILLS BKB_21_20180727_id21_femadu_(8)_ORIGINAL.jpg;806
6532;7017;21;MANDRILLS BKB_21_20180727_id21_femadu_(9)_ORIGINAL.jpg;485
6121;7037;21;MANDRILLS BKB_21_20180816_id21_femadu_(1)_ORIGINAL.jpg;916
5891;7037;21;MANDRILLS BKB_21_20180816_id21_femadu_(14)_ORIGINAL.jpg;1146
6103;7037;21;MANDRILLS BKB_21_20180816_id21_femadu_(15)_ORIGINAL.jpg;934
6154;7037;21;MANDRILLS BKB_21_20180816_id21_femadu_(16)_ORIGINAL.jpg;883
5929;7037;21;MANDRILLS BKB_21_20180816_id21_femadu_(17)_ORIGINAL.jpg;1108
6227;7037;21;MANDRILLS BKB_21_20180816_id21_femadu_(2)_ORIGINAL.jpg;810
6578;7037;21;MANDRILLS BKB_21_20180816_id21_femadu_(3)_ORIGINAL.jpg;459
6402;7037;21;MANDRILLS BKB_21_20180816_id21_femadu_(4)_ORIGINAL.jpg;635
6126;7037;21;MANDRILLS BKB_21_20180816_id21_femadu_(5)_ORIGINAL.jpg;911
6131;7037;21;MANDRILLS BKB_21_20180816_id21_femadu_(6)_ORIGINAL.jpg;906
5952;7037;21;MANDRILLS BKB_21_20180816_id21_femadu_(7)_ORIGINAL.jpg;1085
5990;7037;21;MANDRILLS BKB_21_20180816_id21_femadu_(8)_ORIGINAL.jpg;1047
6088;7037;21;MANDRILLS BKB_21_20180816_id21_femadu_(9)_ORIGINAL.jpg;949
6440;7182;21;MANDRILLS BKB_21_20190108_id21_femadu_(1)_ORIGINAL.jpg;742
6712;7182;21;MANDRILLS BKB_21_20190108_id21_femadu_(2)_ORIGINAL.jpg;470
6610;7182;21;MANDRILLS BKB_21_20190108_id21_femadu_(3)_ORIGINAL.jpg;572
6761;7182;21;MANDRILLS BKB_21_20190108_id21_femadu_(5)_ORIGINAL.jpg;421
6852;7182;21;MANDRILLS BKB_21_20190108_id21_femadu_(6)_ORIGINAL.jpg;330
6562;7182;21;MANDRILLS BKB_21_20190108_id21_femadu_(7)_ORIGINAL.jpg;620
6382;7182;21;MANDRILLS BKB_21_20190108_id21_femadu_(8)_ORIGINAL.jpg;800
6382;7182;21;MANDRILLS BKB_21_20190108_id21_femadu_(9)_ORIGINAL.jpg;800
6242;7182;21;MANDRILLS BKB_21_20190108_id21_femadu_DERRIERE_(1)_ORIGINAL.jpg;940
6356;7182;21;MANDRILLS BKB_21_20190108_id21_femadu_DERRIERE_(2)_ORIGINAL.jpg;826
6518;7209;21;MANDRILLS BKB_21_20190204_id21_femadu_(1)_ORIGINAL.jpg;691
5880;7250;21;MANDRILLS BKB_21_20190317_id21_femadu_(1).jpg;1370
5599;7250;21;MANDRILLS BKB_21_20190317_id21_femadu_CENTRE.jpg;1651
6985;7250;21;MANDRILLS BKB_21_20190317_id21_femadu_DROITE_(1).jpg;265
6773;7250;21;MANDRILLS BKB_21_20190317_id21_femadu_DROITE_(2).jpg;477
6743;7250;21;MANDRILLS BKB_21_20190317_id21_femadu_DROITE_(3).jpg;507
5916;7250;21;MANDRILLS BKB_21_20190317_id21_femadu_GAUCHE_(1).jpg;1334
6203;7250;21;MANDRILLS BKB_21_20190317_id21_femadu_GAUCHE_(10).jpg;1047
5888;7250;21;MANDRILLS BKB_21_20190317_id21_femadu_GAUCHE_(11).jpg;1362
5782;7250;21;MANDRILLS BKB_21_20190317_id21_femadu_GAUCHE_(12).jpg;1468
6200;7250;21;MANDRILLS BKB_21_20190317_id21_femadu_GAUCHE_(2).jpg;1050
6604;7250;21;MANDRILLS BKB_21_20190317_id21_femadu_GAUCHE_(3).jpg;646
6724;7250;21;MANDRILLS BKB_21_20190317_id21_femadu_GAUCHE_(4).jpg;526
6316;7250;21;MANDRILLS BKB_21_20190317_id21_femadu_GAUCHE_(5).jpg;934
6932;7250;21;MANDRILLS BKB_21_20190317_id21_femadu_GAUCHE_(7).jpg;318
6460;7250;21;MANDRILLS BKB_21_20190317_id21_femadu_GAUCHE_(8).jpg;790
5995;7250;21;MANDRILLS BKB_21_20190317_id21_femadu_GAUCHE_(9).jpg;1255
6566;7250;21;MANDRILLS BKB_21_20190317_id21_femadu_HAUT_(2).jpg;684
6088;7369;21;MANDRILLS BKB_21_20190714_id21_femadu_(1).jpg;1281
5722;7369;21;MANDRILLS BKB_21_20190714_id21_femadu_(10).jpg;1647
5898;7369;21;MANDRILLS BKB_21_20190714_id21_femadu_(16).jpg;1471
5746;7369;21;MANDRILLS BKB_21_20190714_id21_femadu_(17).jpg;1623
6077;7369;21;MANDRILLS BKB_21_20190714_id21_femadu_(18).jpg;1292
6066;7369;21;MANDRILLS BKB_21_20190714_id21_femadu_(19).jpg;1303
6029;7369;21;MANDRILLS BKB_21_20190714_id21_femadu_(2).jpg;1340
5952;7369;21;MANDRILLS BKB_21_20190714_id21_femadu_(20).jpg;1417
6167;7369;21;MANDRILLS BKB_21_20190714_id21_femadu_(21).jpg;1202
6201;7369;21;MANDRILLS BKB_21_20190714_id21_femadu_(22).jpg;1168
5974;7369;21;MANDRILLS BKB_21_20190714_id21_femadu_(23).jpg;1395
6025;7369;21;MANDRILLS BKB_21_20190714_id21_femadu_(24).jpg;1344
5408;7369;21;MANDRILLS BKB_21_20190714_id21_femadu_(25).jpg;1961
5752;7369;21;MANDRILLS BKB_21_20190714_id21_femadu_(26).jpg;1617
5673;7369;21;MANDRILLS BKB_21_20190714_id21_femadu_(27).jpg;1696
6372;7369;21;MANDRILLS BKB_21_20190714_id21_femadu_(28).jpg;997
6431;7369;21;MANDRILLS BKB_21_20190714_id21_femadu_(29).jpg;938
5915;7369;21;MANDRILLS BKB_21_20190714_id21_femadu_(3).jpg;1454
6244;7369;21;MANDRILLS BKB_21_20190714_id21_femadu_(30).jpg;1125
6100;7369;21;MANDRILLS BKB_21_20190714_id21_femadu_(31).jpg;1269
6390;7369;21;MANDRILLS BKB_21_20190714_id21_femadu_(32).jpg;979
6200;7369;21;MANDRILLS BKB_21_20190714_id21_femadu_(33).jpg;1169
6423;7369;21;MANDRILLS BKB_21_20190714_id21_femadu_(34).jpg;946
6440;7369;21;MANDRILLS BKB_21_20190714_id21_femadu_(4).jpg;929
6291;7369;21;MANDRILLS BKB_21_20190714_id21_femadu_(5).jpg;1078
6402;7369;21;MANDRILLS BKB_21_20190714_id21_femadu_(6).jpg;967
6267;7369;21;MANDRILLS BKB_21_20190714_id21_femadu_(7).jpg;1102
5519;7369;21;MANDRILLS BKB_21_20190714_id21_femadu_(9).jpg;1850
6106;7370;21;MANDRILLS BKB_21_20190715_id21_femadu_(1).jpg;1264
6216;7370;21;MANDRILLS BKB_21_20190715_id21_femadu_(3).jpg;1154
6448;7392;21;MANDRILLS BKB_21_20190806_id21_femadu.jpg;944
6467;7423;21;MANDRILLS BKB_21_20190906_id21_femadu_(1).jpg;956
6373;7423;21;MANDRILLS BKB_21_20190906_id21_femadu_(2).jpg;1050
6872;7630;21;MANDRILLS BKB_21_20200331_id21_femadu.jpg;758
6776;7830;21;MANDRILLS BKB_21_20201017_id21_femadu_(1).jpg;1054
6743;7830;21;MANDRILLS BKB_21_20201017_id21_femadu_(2).jpg;1087
6794;7830;21;MANDRILLS BKB_21_20201017_id21_femadu_(3).jpg;1036
6624;7830;21;MANDRILLS BKB_21_20201017_id21_femadu_(4).jpg;1206
6717;7830;21;MANDRILLS BKB_21_20201017_id21_femadu_(5).jpg;1113
6745;7830;21;MANDRILLS BKB_21_20201017_id21_femadu_(6).jpg;1085
6553;7830;21;MANDRILLS BKB_21_20201017_id21_femadu_(7).jpg;1277
6971;7850;21;MANDRILLS BKB_21_20201106_id21_femadu.jpg;879
6717;7851;21;MANDRILLS BKB_21_20201107_id21_femadu_(2).jpg;1134
6484;7889;21;MANDRILLS BKB_21_20201215_id21_femadu.jpg;1405
6795;7891;21;MANDRILLS BKB_21_20201217_id21_femadu_(1).jpg;1096
6717;7891;21;MANDRILLS BKB_21_20201217_id21_femadu_(2).jpg;1174
6742;7891;21;MANDRILLS BKB_21_20201217_id21_femadu_(3).jpg;1149
6769;7891;21;MANDRILLS BKB_21_20201217_id21_femadu_(4).jpg;1122
6748;7909;21;MANDRILLS BKB_21_20210104_id21_femadu.jpg;1161
6475;7916;21;MANDRILLS BKB_21_20210111_id21_femadu.jpg;1441
6828;7918;21;MANDRILLS BKB_21_20210113_id21_femadu.jpg;1090
6191;7934;21;MANDRILLS BKB_21_20210129_id21_femadu_(2).jpg;1743
6482;7934;21;MANDRILLS BKB_21_20210129_id21_femadu_(3).jpg;1452
6595;7934;21;MANDRILLS BKB_21_20210129_id21_femadu_(4).jpg;1339
6583;7934;21;MANDRILLS BKB_21_20210129_id21_femadu_(5).jpg;1351
6013;7934;21;MANDRILLS BKB_21_20210129_id21_femadu_(6).jpg;1921
6508;7934;21;MANDRILLS BKB_21_20210129_id21_femadu_(7).jpg;1426
6203;7935;21;MANDRILLS BKB_21_20210130_id21_femadu_(1).jpg;1732
6311;7935;21;MANDRILLS BKB_21_20210130_id21_femadu_(2).jpg;1624
6700;7941;21;MANDRILLS BKB_21_20210205_id21_femadu_(1).jpg;1241
6448;7941;21;MANDRILLS BKB_21_20210205_id21_femadu_(2).jpg;1493
6894;7947;21;MANDRILLS BKB_21_20210211_id21_femadu.jpg;1053
6875;7996;21;MANDRILLS BKB_21_20210401_id21_femadu.jpg;1121
6654;8018;21;MANDRILLS BKB_21_20210423_id21_femadu_(2).jpg;1364
4483;8035;21;MANDRILLS BKB_21_20210510_id21_femadu_(2).jpg;3552
6440;8035;21;MANDRILLS BKB_21_20210510_id21_femadu_(3).jpg;1595
7039;8078;21;MANDRILLS BKB_21_20210622_id21_femadu.jpg;1039
7127;8109;21;MANDRILLS BKB_21_20210723_id21_femadu_(1).jpg;982
7393;8109;21;MANDRILLS BKB_21_20210723_id21_femadu_(2).jpg;716
7206;8109;21;MANDRILLS BKB_21_20210723_id21_femadu_(3).jpg;903
6746;8109;21;MANDRILLS BKB_21_20210723_id21_femadu_(4).jpg;1363
7020;8109;21;MANDRILLS BKB_21_20210723_id21_femadu_(5).jpg;1089
6182;8165;21;MANDRILLS BKB_21_20210917_id21_femadu.jpg;1983
6768;8167;21;MANDRILLS BKB_21_20210919_id21_femadu.jpg;1399
6379;8171;21;MANDRILLS BKB_21_20210923_id21_femadu (1).jpg;1792
6923;8171;21;MANDRILLS BKB_21_20210923_id21_femadu (2).jpg;1248
6197;8171;21;MANDRILLS BKB_21_20210923_id21_femadu (3).jpg;1974
6468;8172;21;MANDRILLS BKB_21_20210924_id21_femadu (2).jpg;1704
6219;8175;21;MANDRILLS BKB_21_20210927_id21_femadu (1).jpg;1956
6290;8175;21;MANDRILLS BKB_21_20210927_id21_femadu (2).jpg;1885
7270;8194;21;MANDRILLS BKB_21_20211016_id21_femadu.jpg;924
6209;8200;21;MANDRILLS BKB_21_20211022_id21_femadu.jpg;1991
6289;8207;21;MANDRILLS BKB_21_20211029_id21_femadu.jpg;1918
6908;8217;21;MANDRILLS BKB_21_20211108_id21_femadu_(1).jpg;1309
6784;8217;21;MANDRILLS BKB_21_20211108_id21_femadu_(2).jpg;1433
7032;8217;21;MANDRILLS BKB_21_20211108_id21_femadu_(3).jpg;1185
7022;8228;21;MANDRILLS BKB_21_20211119_id21_femadu.jpg;1206
6839;8233;21;MANDRILLS BKB_21_20211124_id21_femadu_(1).jpg;1394
6721;8233;21;MANDRILLS BKB_21_20211124_id21_femadu_(2).jpg;1512
7272;8259;21;MANDRILLS BKB_21_20211220_ID21_femadu.jpg;987
6214;8314;21;MANDRILLS BKB_21_20220213_id21_femadu (1).jpg;2100
6163;8314;21;MANDRILLS BKB_21_20220213_id21_femadu (2).jpg;2151
6930;8324;21;MANDRILLS BKB_21_20220223_id21_femadu (1).jpg;1394
6948;8338;21;MANDRILLS BKB_21_20220309_id21_femadu (1).jpg;1390
6811;8338;21;MANDRILLS BKB_21_20220309_id21_femadu (2).jpg;1527
6695;8338;21;MANDRILLS BKB_21_20220309_id21_femadu (3).jpg;1643
6794;8355;21;MANDRILLS BKB_21_20220326_id21_femadu (1).jpg;1561
6722;8355;21;MANDRILLS BKB_21_20220326_id21_femadu (2).jpg;1633
7561;8358;21;MANDRILLS BKB_21_20220329_id21_femadu (1).jpg;797
7539;8358;21;MANDRILLS BKB_21_20220329_id21_femadu (2).jpg;819
6897;8364;21;MANDRILLS BKB_21_20220404_id21_femadu (1).jpg;1467
7347;8364;21;MANDRILLS BKB_21_20220404_id21_femadu (2).jpg;1017
6627;8364;21;MANDRILLS BKB_21_20220404_id21_femadu (3).jpg;1737
6826;8405;21;MANDRILLS BKB_21_20220515_id21_femadu.jpg;1579
7349;8408;21;MANDRILLS BKB_21_20220518_id21_femadu (1).jpg;1059
7372;8408;21;MANDRILLS BKB_21_20220518_id21_femadu (2).jpg;1036
7143;8408;21;MANDRILLS BKB_21_20220518_id21_femadu (3).jpg;1265
7265;8438;21;MANDRILLS BKB_21_20220617_id21_femadu.jpg;1173
6825;8450;21;MANDRILLS BKB_21_20220629_id21.jpg;1625
7069;8452;21;MANDRILLS BKB_21_20220701_id21.jpg;1383
6956;8465;21;MANDRILLS BKB_21_20220714_id21_femadu.jpg;1509
7597;8467;21;MANDRILLS BKB_21_20220716_id21.jpg;870
7149;8470;21;MANDRILLS BKB_21_20220719_id21.jpg;1321
7009;8476;21;MANDRILLS BKB_21_20220725_id21.jpg;1467
7466;8477;21;MANDRILLS BKB_21_20220726_id21.jpg;1011
7130;8500;21;MANDRILLS BKB_21_20220818_id21.jpg;1370
7353;8505;21;MANDRILLS BKB_21_20220823_id21 (1).jpg;1152
7277;8505;21;MANDRILLS BKB_21_20220823_id21.jpg;1228
7159;8517;21;MANDRILLS BKB_21_20220904_id21 (1).jpg;1358
6941;8517;21;MANDRILLS BKB_21_20220904_id21 (2).jpg;1576
7444;8525;21;MANDRILLS BKB_21_20220912_id21.jpg;1081
7512;8530;21;MANDRILLS BKB_21_20220917_id21.jpg;1018
7032;8531;21;MANDRILLS BKB_21_20220918_id21.jpg;1499
7375;8541;21;MANDRILLS BKB_21_20220928_id21.jpg;1166
7471;8548;21;MANDRILLS BKB_21_20221005_id21 (1).jpg;1077
7534;8548;21;MANDRILLS BKB_21_20221005_id21 (2).jpg;1014
7219;8562;21;MANDRILLS BKB_21_20221019_id21.jpg;1343
7319;8564;21;MANDRILLS BKB_21_20221021_id21 (1).jpg;1245
6537;8564;21;MANDRILLS BKB_21_20221021_id21 (2).jpg;2027
7126;8588;21;MANDRILLS BKB_21_20221114_id21 (2).jpg;1462
6846;8588;21;MANDRILLS BKB_21_20221114_id21 (3).jpg;1742
7326;8614;21;MANDRILLS BKB_21_20221210_id21.jpg;1288
1154;1082;210;MANDRILLS BKB_210_20181221_id1076_femjuv_(1)_ORIGINAL.jpg;72
1160;1082;210;MANDRILLS BKB_210_20181221_id1076_femjuv_(10)_ORIGINAL.jpg;78
1263;1082;210;MANDRILLS BKB_210_20181221_id1076_femjuv_(11)_ORIGINAL.jpg;181
1252;1082;210;MANDRILLS BKB_210_20181221_id1076_femjuv_(2)_ORIGINAL.jpg;170
1133;1082;210;MANDRILLS BKB_210_20181221_id1076_femjuv_(3)_ORIGINAL.jpg;51
1197;1082;210;MANDRILLS BKB_210_20181221_id1076_femjuv_(4)_ORIGINAL.jpg;115
1198;1082;210;MANDRILLS BKB_210_20181221_id1076_femjuv_(5)_ORIGINAL.jpg;116
1251;1082;210;MANDRILLS BKB_210_20181221_id1076_femjuv_(6)_ORIGINAL.jpg;169
1345;1082;210;MANDRILLS BKB_210_20181221_id1076_femjuv_(7)_ORIGINAL.jpg;263
1255;1082;210;MANDRILLS BKB_210_20181221_id1076_femjuv_(8)_ORIGINAL.jpg;173
1263;1082;210;MANDRILLS BKB_210_20181221_id1076_femjuv_(9)_ORIGINAL.jpg;181
1268;1112;210;MANDRILLS BKB_210_20190120_id1076_femjuv_(1)_ORIGINAL.jpg;156
1216;1112;210;MANDRILLS BKB_210_20190120_id1076_femjuv_(2)_ORIGINAL.jpg;104
1214;1112;210;MANDRILLS BKB_210_20190120_id1076_femjuv_(3)_ORIGINAL.jpg;102
1231;1112;210;MANDRILLS BKB_210_20190120_id1076_femjuv_(4)_ORIGINAL.jpg;119
1279;1112;210;MANDRILLS BKB_210_20190120_id1076_femjuv_(5)_ORIGINAL.jpg;167
1212;1112;210;MANDRILLS BKB_210_20190120_id1076_femjuv_(6)_ORIGINAL.jpg;100
1749;1112;210;MANDRILLS BKB_210_20190120_id1076_femjuv_GAUCHE_(1)_ORIGINAL.jpg;637
1223;1112;210;MANDRILLS BKB_210_20190120_id1076_femjuv_GAUCHE_(10)_ORIGINAL.jpg;111
1295;1112;210;MANDRILLS BKB_210_20190120_id1076_femjuv_GAUCHE_(11)_ORIGINAL.jpg;183
1214;1112;210;MANDRILLS BKB_210_20190120_id1076_femjuv_GAUCHE_(12)_ORIGINAL.jpg;102
1184;1112;210;MANDRILLS BKB_210_20190120_id1076_femjuv_GAUCHE_(13)_ORIGINAL.jpg;72
1298;1112;210;MANDRILLS BKB_210_20190120_id1076_femjuv_GAUCHE_(14)_ORIGINAL.jpg;186
1264;1112;210;MANDRILLS BKB_210_20190120_id1076_femjuv_GAUCHE_(15)_ORIGINAL.jpg;152
1320;1112;210;MANDRILLS BKB_210_20190120_id1076_femjuv_GAUCHE_(16)_ORIGINAL.jpg;208
1491;1112;210;MANDRILLS BKB_210_20190120_id1076_femjuv_GAUCHE_(17)_ORIGINAL.jpg;379
1589;1112;210;MANDRILLS BKB_210_20190120_id1076_femjuv_GAUCHE_(18)_ORIGINAL.jpg;477
1486;1112;210;MANDRILLS BKB_210_20190120_id1076_femjuv_GAUCHE_(19)_ORIGINAL.jpg;374
1640;1112;210;MANDRILLS BKB_210_20190120_id1076_femjuv_GAUCHE_(20)_ORIGINAL.jpg;528
1492;1112;210;MANDRILLS BKB_210_20190120_id1076_femjuv_GAUCHE_(21)_ORIGINAL.jpg;380
1446;1112;210;MANDRILLS BKB_210_20190120_id1076_femjuv_GAUCHE_(22)_ORIGINAL.jpg;334
1419;1112;210;MANDRILLS BKB_210_20190120_id1076_femjuv_GAUCHE_(23)_ORIGINAL.jpg;307
1175;1112;210;MANDRILLS BKB_210_20190120_id1076_femjuv_GAUCHE_(24)_ORIGINAL.jpg;63
1312;1112;210;MANDRILLS BKB_210_20190120_id1076_femjuv_GAUCHE_(28)_ORIGINAL.jpg;200
1216;1112;210;MANDRILLS BKB_210_20190120_id1076_femjuv_GAUCHE_(29)_ORIGINAL.jpg;104
1236;1112;210;MANDRILLS BKB_210_20190120_id1076_femjuv_GAUCHE_(7)_ORIGINAL.jpg;124
1279;1112;210;MANDRILLS BKB_210_20190120_id1076_femjuv_GAUCHE_(8)_ORIGINAL.jpg;167
1248;1112;210;MANDRILLS BKB_210_20190120_id1076_femjuv_GAUCHE_(9)_ORIGINAL.jpg;136
1322;1160;210;MANDRILLS BKB_210_20190309_id1076_femjuv_(1)_ORIGINAL.jpg;162
1333;1160;210;MANDRILLS BKB_210_20190309_id1076_femjuv_(2)_ORIGINAL.jpg;173
1230;1160;210;MANDRILLS BKB_210_20190309_id1076_femjuv_(3)_ORIGINAL.jpg;70
1252;1163;210;MANDRILLS BKB_210_20190312_id1076_femjuv_(1).jpg;89
1297;1163;210;MANDRILLS BKB_210_20190312_id1076_femjuv_(3).jpg;134
1203;1163;210;MANDRILLS BKB_210_20190312_id1076_femjuv_(4).jpg;40
1306;1164;210;MANDRILLS BKB_210_20190313_id1076_femjuv_(1).jpg;142
1321;1164;210;MANDRILLS BKB_210_20190313_id1076_femjuv_(11).jpg;157
1452;1164;210;MANDRILLS BKB_210_20190313_id1076_femjuv_(12).jpg;288
1544;1164;210;MANDRILLS BKB_210_20190313_id1076_femjuv_(13).jpg;380
1451;1164;210;MANDRILLS BKB_210_20190313_id1076_femjuv_(15).jpg;287
1320;1164;210;MANDRILLS BKB_210_20190313_id1076_femjuv_(17).jpg;156
1351;1164;210;MANDRILLS BKB_210_20190313_id1076_femjuv_(18).jpg;187
1234;1164;210;MANDRILLS BKB_210_20190313_id1076_femjuv_(19).jpg;70
1155;1164;210;MANDRILLS BKB_210_20190313_id1076_femjuv_(2).jpg;9
1141;1164;210;MANDRILLS BKB_210_20190313_id1076_femjuv_(20).jpg;23
1295;1164;210;MANDRILLS BKB_210_20190313_id1076_femjuv_(21).jpg;131
1170;1164;210;MANDRILLS BKB_210_20190313_id1076_femjuv_(3).jpg;6
1243;1164;210;MANDRILLS BKB_210_20190313_id1076_femjuv_(4).jpg;79
1273;1164;210;MANDRILLS BKB_210_20190313_id1076_femjuv_(5).jpg;109
1295;1164;210;MANDRILLS BKB_210_20190313_id1076_femjuv_(6).jpg;131
1292;1164;210;MANDRILLS BKB_210_20190313_id1076_femjuv_(7).jpg;128
1261;1164;210;MANDRILLS BKB_210_20190313_id1076_femjuv_(8).jpg;97
1356;1164;210;MANDRILLS BKB_210_20190313_id1076_femjuv_(9).jpg;192
1192;1168;210;MANDRILLS BKB_210_20190317_id1076_femjuv_(1).jpg;24
1071;1168;210;MANDRILLS BKB_210_20190317_id1076_femjuv_(2).jpg;97
1259;1168;210;MANDRILLS BKB_210_20190317_id1076_femjuv_(3).jpg;91
1257;1168;210;MANDRILLS BKB_210_20190317_id1076_femjuv_(4).jpg;89
1425;1168;210;MANDRILLS BKB_210_20190317_id1076_femjuv_(6).jpg;257
1990;1168;210;MANDRILLS BKB_210_20190317_id1076_femjuv_(7).jpg;822
2084;1168;210;MANDRILLS BKB_210_20190317_id1076_femjuv_(8).jpg;916
1414;1175;210;MANDRILLS BKB_210_20190324_id1076_femjuv.jpg;239
1643;1242;210;MANDRILLS BKB_210_20190530_id1076_femjuv.jpg;401
1738;1287;210;MANDRILLS BKB_210_20190714_id1076_femjuv_(1).jpg;451
1595;1287;210;MANDRILLS BKB_210_20190714_id1076_femjuv_(10).jpg;308
1447;1287;210;MANDRILLS BKB_210_20190714_id1076_femjuv_(12).jpg;160
1535;1287;210;MANDRILLS BKB_210_20190714_id1076_femjuv_(13).jpg;248
1543;1287;210;MANDRILLS BKB_210_20190714_id1076_femjuv_(14).jpg;256
1544;1287;210;MANDRILLS BKB_210_20190714_id1076_femjuv_(15).jpg;257
1591;1287;210;MANDRILLS BKB_210_20190714_id1076_femjuv_(16).jpg;304
1649;1287;210;MANDRILLS BKB_210_20190714_id1076_femjuv_(8).jpg;362
1752;1287;210;MANDRILLS BKB_210_20190714_id1076_femjuv_(9).jpg;465
1544;1409;210;MANDRILLS BKB_210_20191113_id1076_femjuv.jpg;135
1500;1410;210;MANDRILLS BKB_210_20191114_id1076_femjuv.jpg;90
1675;1423;210;MANDRILLS BKB_210_20191127_id1076_femjuv_(1).jpg;252
1745;1423;210;MANDRILLS BKB_210_20191127_id1076_femjuv_(2).jpg;322
1643;1424;210;MANDRILLS BKB_210_20191128_id1076_femjuv.jpg;219
1776;1521;210;MANDRILLS BKB_210_20200304_id1076_femadu_(1).jpg;255
1898;1521;210;MANDRILLS BKB_210_20200304_id1076_femadu_(2).jpg;377
1677;1527;210;MANDRILLS BKB_210_20200310_id1076_femadu.jpg;150
1803;1563;210;MANDRILLS BKB_210_20200415_id1076_femadu_(1).jpg;240
1767;1563;210;MANDRILLS BKB_210_20200415_id1076_femadu_(2).jpg;204
1630;1563;210;MANDRILLS BKB_210_20200415_id1076_femadu_(3).jpg;67
1984;1579;210;MANDRILLS BKB_210_20200501_id1076_femadu.jpg;405
1946;1746;210;MANDRILLS BKB_210_20201015_id210_femadu.jpg;200
1960;1749;210;MANDRILLS BKB_210_20201018_id210_femadu_(1).jpg;211
1983;1749;210;MANDRILLS BKB_210_20201018_id210_femadu_(2).jpg;234
1965;1749;210;MANDRILLS BKB_210_20201018_id210_femadu_(3).jpg;216
2185;1749;210;MANDRILLS BKB_210_20201018_id210_femadu_(4).jpg;436
2109;1749;210;MANDRILLS BKB_210_20201018_id210_femadu_(5).jpg;360
2087;1749;210;MANDRILLS BKB_210_20201018_id210_femadu_(6).jpg;338
2033;1765;210;MANDRILLS BKB_210_20201103_id210_femadu.jpg;268
1864;1809;210;MANDRILLS BKB_210_20201217_id210_femadu_(1).jpg;55
1727;1809;210;MANDRILLS BKB_210_20201217_id210_femadu_(2).jpg;82
2004;1809;210;MANDRILLS BKB_210_20201217_id210_femadu_(3).jpg;195
1798;1809;210;MANDRILLS BKB_210_20201217_id210_femadu_(4).jpg;11
2004;1809;210;MANDRILLS BKB_210_20201217_id210_femadu_(5).jpg;195
1676;1822;210;MANDRILLS BKB_210_20201230_id210_femadu_(1).jpg;146
1941;1822;210;MANDRILLS BKB_210_20201230_id210_femadu_(2).jpg;119
2065;1823;210;MANDRILLS BKB_210_20201231_id210_femadu.jpg;242
1997;1830;210;MANDRILLS BKB_210_20210107_id210_femadu_(1).jpg;167
1885;1830;210;MANDRILLS BKB_210_20210107_id210_femadu_(2).jpg;55
2028;1830;210;MANDRILLS BKB_210_20210107_id210_femadu_(3).jpg;198
1900;1853;210;MANDRILLS BKB_210_20210130_id210_femadu.jpg;47
1902;1858;210;MANDRILLS BKB_210_20210204_id210_femadu.jpg;44
1893;1860;210;MANDRILLS BKB_210_20210206_id210_femadu.jpg;33
2048;1860;210;MANDRILLS BKB_210_20210206_id210_femadu_(1).jpg;188
2100;1860;210;MANDRILLS BKB_210_20210206_id210_femadu_(2).jpg;240
2029;1863;210;MANDRILLS BKB_210_20210209_id210_femadu.jpg;166
1807;1883;210;MANDRILLS BKB_210_20210301_id210_femadu.jpg;76
2204;1915;210;MANDRILLS BKB_210_20210402_id210_femadu_(1).jpg;289
2282;1915;210;MANDRILLS BKB_210_20210402_id210_femadu_(2).jpg;367
2292;1915;210;MANDRILLS BKB_210_20210402_id210_femadu_(3).jpg;377
2107;1923;210;MANDRILLS BKB_210_20210410_id210_femadu.jpg;184
1859;1936;210;MANDRILLS BKB_210_20210423_id210_femadu_(1).jpg;77
2251;1936;210;MANDRILLS BKB_210_20210423_id210_femadu_(2).jpg;315
2195;1936;210;MANDRILLS BKB_210_20210423_id210_femadu_(3).jpg;259
2142;1936;210;MANDRILLS BKB_210_20210423_id210_femadu_(4).jpg;206
2136;1936;210;MANDRILLS BKB_210_20210423_id210_femadu_(5).jpg;200
2186;1956;210;MANDRILLS BKB_210_20210513_id210_femadu_(1).jpg;230
2221;1956;210;MANDRILLS BKB_210_20210513_id210_femadu_(2).jpg;265
2276;1956;210;MANDRILLS BKB_210_20210513_id210_femadu_(3).jpg;320
2323;1996;210;MANDRILLS BKB_210_20210622_id210_femadu_(1).jpg;327
2249;1996;210;MANDRILLS BKB_210_20210622_id210_femadu_(2).jpg;253
2167;2027;210;MANDRILLS BKB_210_20210723_id210_femadu_(1).jpg;140
2411;2027;210;MANDRILLS BKB_210_20210723_id210_femadu_(2).jpg;384
2338;2027;210;MANDRILLS BKB_210_20210723_id210_femadu_(3).jpg;311
2144;2027;210;MANDRILLS BKB_210_20210723_id210_femadu_(4).jpg;117
2315;2082;210;MANDRILLS BKB_210_20210916_id210_femadu.jpg;233
2262;2085;210;MANDRILLS BKB_210_20210919_id210_femadu.jpg;177
2887;2088;210;MANDRILLS BKB_210_20210922_id210_femadu.jpg;799
2465;2101;210;MANDRILLS BKB_210_20211005_id210_femadu.jpg;364
2361;2125;210;MANDRILLS BKB_210_20211029_id210_femadu.jpg;236
2173;2129;210;MANDRILLS BKB_210_20211102_id210_femadu_(1).jpg;44
2561;2129;210;MANDRILLS BKB_210_20211102_id210_femadu_(2).jpg;432
2261;2129;210;MANDRILLS BKB_210_20211102_id210_femadu_(3).jpg;132
2863;2135;210;MANDRILLS BKB_210_20211108_id210_femadu.jpg;728
2274;2163;210;MANDRILLS BKB_210_20211206_id210_femadu.jpg;111
2203;2170;210;MANDRILLS BKB_210_20211213_id210_femadu_(3).jpg;33
2523;2174;210;MANDRILLS BKB_210_20211217_id210_femadu.jpg;349
2373;2184;210;MANDRILLS BKB_210_20211227_ID210_femadu_(1).jpg;189
2798;2184;210;MANDRILLS BKB_210_20211227_ID210_femadu_(2).jpg;614
2238;2184;210;MANDRILLS BKB_210_20211227_ID210_femadu_(3).jpg;54
2312;2185;210;MANDRILLS BKB_210_20211228_id210_femadu_(1).jpg;127
2365;2185;210;MANDRILLS BKB_210_20211228_id210_femadu_(4).jpg;180
2156;2185;210;MANDRILLS BKB_210_20211228_id210_femadu_(5).jpg;29
2566;2204;210;MANDRILLS BKB_210_20220116_id210_femadu (1).jpg;362
2209;2204;210;MANDRILLS BKB_210_20220116_id210_femadu (3).jpg;5
2259;2214;210;MANDRILLS BKB_210_20220126_id210.jpg;45
2647;2269;210;MANDRILLS BKB_210_20220322_id210_femadu.jpg;378
2330;2274;210;MANDRILLS BKB_210_20220327_id210_femadu (1).jpg;56
2319;2274;210;MANDRILLS BKB_210_20220327_id210_femadu (2).jpg;45
2637;2274;210;MANDRILLS BKB_210_20220327_id210_femadu (3).jpg;363
2194;2276;210;MANDRILLS BKB_210_20220329_id210_femadu (1).jpg;82
2569;2276;210;MANDRILLS BKB_210_20220329_id210_femadu (3).jpg;293
2691;2311;210;MANDRILLS BKB_210_20220503_id210_femadu.jpg;380
2800;2323;210;MANDRILLS BKB_210_20220515_id210_femadu.jpg;477
2573;2324;210;MANDRILLS BKB_210_20220516_id210_femadu (1).jpg;249
2250;2324;210;MANDRILLS BKB_210_20220516_id210_femadu (2).jpg;74
2619;2324;210;MANDRILLS BKB_210_20220516_id210_femadu (3).jpg;295
2301;2324;210;MANDRILLS BKB_210_20220516_id210_femadu (4).jpg;23
2651;2324;210;MANDRILLS BKB_210_20220516_id210_femadu (5).jpg;327
2407;2326;210;MANDRILLS BKB_210_20220518_id210_femadu.jpg;81
2886;2338;210;MANDRILLS BKB_210_20220530_id210_femadu.jpg;548
2691;2347;210;MANDRILLS BKB_210_20220608_id210_femadu.jpg;344
2782;2355;210;MANDRILLS BKB_210_20220616_id210_femadu.jpg;427
2391;2358;210;MANDRILLS BKB_210_20220619_id210_femadu.jpg;33
2630;2362;210;MANDRILLS BKB_210_20220623_id210_femadu.jpg;268
2394;2363;210;MANDRILLS BKB_210_20220624_id210_femadu (1).jpg;31
2470;2363;210;MANDRILLS BKB_210_20220624_id210_femadu (2).jpg;107
2369;2368;210;MANDRILLS BKB_210_20220629_id210 (1).jpg;1
2252;2368;210;MANDRILLS BKB_210_20220629_id210 (2).jpg;116
2459;2368;210;MANDRILLS BKB_210_20220629_id210 (3).jpg;91
2832;2368;210;MANDRILLS BKB_210_20220629_id210.jpg;464
2371;2370;210;MANDRILLS BKB_210_20220701_id210.jpg;1
2429;2375;210;MANDRILLS BKB_210_20220706_id210.jpg;54
2665;2382;210;MANDRILLS BKB_210_20220713_id210.jpg;283
2496;2385;210;MANDRILLS BKB_210_20220716_id210.jpg;111
2763;2398;210;MANDRILLS BKB_210_20220729_id210.jpg;365
3079;2408;210;MANDRILLS BKB_210_20220808_id210.jpg;671
2495;2412;210;MANDRILLS BKB_210_20220812_id210 (1).jpg;83
2766;2412;210;MANDRILLS BKB_210_20220812_id210 (2).jpg;354
2697;2412;210;MANDRILLS BKB_210_20220812_id210 (3).jpg;285
2659;2415;210;MANDRILLS BKB_210_20220815_id210 (2).jpg;244
2799;2435;210;MANDRILLS BKB_210_20220904_id210 (1).jpg;364
2857;2435;210;MANDRILLS BKB_210_20220904_id210 (2).jpg;422
2549;2436;210;MANDRILLS BKB_210_20220905_id210.jpg;113
2693;2480;210;MANDRILLS BKB_210_20221019_id210 (1).jpg;213
2753;2480;210;MANDRILLS BKB_210_20221019_id210 (2).jpg;273
3035;2483;210;MANDRILLS BKB_210_20221022_id210.jpg;552
2424;2488;210;MANDRILLS BKB_210_20221027_id210 (4).jpg;64
2684;2491;210;MANDRILLS BKB_210_20221030_id210.jpg;193
2670;2501;210;MANDRILLS BKB_210_20221109_id210.jpg;169
2709;2506;210;MANDRILLS BKB_210_20221114_id210.jpg;203
2730;2508;210;MANDRILLS BKB_210_20221116_id210.jpg;222
2643;2517;210;MANDRILLS BKB_210_20221125_id210 (1).jpg;126
2600;2532;210;MANDRILLS BKB_210_20221210_id210.jpg;68
2504;2533;210;MANDRILLS BKB_210_20221211_id210.jpg;29
2870;2540;210;MANDRILLS BKB_210_20221218_id210 (3).jpg;330
1945;2540;210;MANDRILLS BKB_210_20221218_id210(1).jpg;595
2431;2540;210;MANDRILLS BKB_210_20221218_id210.jpg;109
2851;2546;210;MANDRILLS BKB_210_20221224_id210.jpg;305
1151;1093;211;MANDRILLS BKB_211_20190120_id211_femjuv.jpg;58
1429;1270;211;MANDRILLS BKB_211_20190716_id1026_femjuv_(1).jpg;159
1493;1270;211;MANDRILLS BKB_211_20190716_id1026_femjuv_(2).jpg;223
1242;1303;211;MANDRILLS BKB_211_20190818_id1026_femjuv.jpg;61
1424;1320;211;MANDRILLS BKB_211_20190904_id1026_femjuv_(1).jpg;104
1521;1320;211;MANDRILLS BKB_211_20190904_id1026_femjuv_(11).jpg;201
1320;1320;211;MANDRILLS BKB_211_20190904_id1026_femjuv_(12).jpg;0
1444;1320;211;MANDRILLS BKB_211_20190904_id1026_femjuv_(13).jpg;124
1431;1320;211;MANDRILLS BKB_211_20190904_id1026_femjuv_(14).jpg;111
1397;1320;211;MANDRILLS BKB_211_20190904_id1026_femjuv_(15).jpg;77
1450;1320;211;MANDRILLS BKB_211_20190904_id1026_femjuv_(16).jpg;130
1358;1320;211;MANDRILLS BKB_211_20190904_id1026_femjuv_(2).jpg;38
1363;1320;211;MANDRILLS BKB_211_20190904_id1026_femjuv_(3).jpg;43
1371;1320;211;MANDRILLS BKB_211_20190904_id1026_femjuv_(4).jpg;51
1403;1320;211;MANDRILLS BKB_211_20190904_id1026_femjuv_(7).jpg;83
1286;1320;211;MANDRILLS BKB_211_20190904_id1026_femjuv_(9).jpg;34
1397;1334;211;MANDRILLS BKB_211_20190918_id1026_femjuv_(1).jpg;63
1518;1334;211;MANDRILLS BKB_211_20190918_id1026_femjuv_(3).jpg;184
1421;1334;211;MANDRILLS BKB_211_20190918_id1026_femjuv_(4).jpg;87
1281;1387;211;MANDRILLS BKB_211_20191110_id1026_femjuv.jpg;106
1458;1390;211;MANDRILLS BKB_211_20191113_id1026_femjuv_(1).jpg;68
1310;1390;211;MANDRILLS BKB_211_20191113_id1026_femjuv_(2).jpg;80
1529;1434;211;MANDRILLS BKB_211_20191227_id1026_femjuv_(1).jpg;95
1543;1434;211;MANDRILLS BKB_211_20191227_id1026_femjuv_(2).jpg;109
1574;1518;211;MANDRILLS BKB_211_20200320_id1026_femadu_(1).jpg;56
1364;1518;211;MANDRILLS BKB_211_20200320_id1026_femadu_(2).jpg;154
1663;1565;211;MANDRILLS BKB_211_20200506_id211_femadu.jpg;98
1785;1730;211;MANDRILLS BKB_211_20201018_id211_femadu_(1).jpg;55
1726;1730;211;MANDRILLS BKB_211_20201018_id211_femadu_(2).jpg;4
1529;1792;211;MANDRILLS BKB_211_20201219_id211_femadu.jpg;263
1794;1800;211;MANDRILLS BKB_211_20201227_id211_femadu_(1).jpg;6
1661;1800;211;MANDRILLS BKB_211_20201227_id211_femadu_(2).jpg;139
1826;1812;211;MANDRILLS BKB_211_20210108_id211_femadu.jpg;14
1958;1832;211;MANDRILLS BKB_211_20210128_id211_femadu_(1).jpg;126
1827;1832;211;MANDRILLS BKB_211_20210128_id211_femadu_(2).jpg;5
2266;1834;211;MANDRILLS BKB_211_20210130_id211_femadu_(2).jpg;432
1532;1861;211;MANDRILLS BKB_211_20210226_id211_femadu.jpg;329
1706;1904;211;MANDRILLS BKB_211_20210410_id211_femadu.jpg;198
1731;1917;211;MANDRILLS BKB_211_20210423_id211_femadu.jpg;186
1914;2049;211;MANDRILLS BKB_211_20210902_id211_femadu (1).jpg;135
1996;2049;211;MANDRILLS BKB_211_20210902_id211_femadu (2).jpg;53
1991;2056;211;MANDRILLS BKB_211_20210909_id211_femadu.jpg;65
2137;2069;211;MANDRILLS BKB_211_20210922_id211_femadu.jpg;68
1986;2070;211;MANDRILLS BKB_211_20210923_id211_femadu.jpg;84
1964;2071;211;MANDRILLS BKB_211_20210924_id211_femadu (1).jpg;107
2080;2071;211;MANDRILLS BKB_211_20210924_id211_femadu (2).jpg;9
2051;2071;211;MANDRILLS BKB_211_20210924_id211_femadu_(2).jpg;20
1931;2082;211;MANDRILLS BKB_211_20211005_id211_femadu.jpg;151
1872;2094;211;MANDRILLS BKB_211_20211017_id211_femadu_(1).jpg;222
2012;2094;211;MANDRILLS BKB_211_20211017_id211_femadu_(2).jpg;82
1930;2099;211;MANDRILLS BKB_211_20211022_id211_femadu.jpg;169
2221;2155;211;MANDRILLS BKB_211_20211217_id211_femadu.jpg;66
2372;2164;211;MANDRILLS BKB_211_20211226_id211_femadu_(1).jpg;208
2093;2164;211;MANDRILLS BKB_211_20211226_id211_femadu_(3).jpg;71
2153;2164;211;MANDRILLS BKB_211_20211226_id211_femadu_(4).jpg;11
2076;2164;211;MANDRILLS BKB_211_20211226_id211_femadu_(5).jpg;88
2138;2164;211;MANDRILLS BKB_211_20211226_id211_femadu_(6).jpg;26
2133;2164;211;MANDRILLS BKB_211_20211226_id211_femadu_(7).jpg;31
2197;2243;211;MANDRILLS BKB_211_20220315_id211_femadu (1).jpg;46
2299;2243;211;MANDRILLS BKB_211_20220315_id211_femadu (2).jpg;56
2090;2258;211;MANDRILLS BKB_211_20220330_id211_femadu (1).jpg;168
2162;2258;211;MANDRILLS BKB_211_20220330_id211_femadu (2).jpg;96
2179;2285;211;MANDRILLS BKB_211_20220426_id211_femadu (1).jpg;106
1883;2285;211;MANDRILLS BKB_211_20220426_id211_femadu (2).jpg;402
2233;2298;211;MANDRILLS BKB_211_20220509_id211_femadu (1).jpg;65
2388;2298;211;MANDRILLS BKB_211_20220509_id211_femadu (2).jpg;90
2104;2298;211;MANDRILLS BKB_211_20220509_id211_femadu (3).jpg;194
2189;2298;211;MANDRILLS BKB_211_20220509_id211_femadu.jpg;109
2128;2304;211;MANDRILLS BKB_211_20220515_id211_femadu.jpg;176
2163;2305;211;MANDRILLS BKB_211_20220516_id211_femadu.jpg;142
2131;2321;211;MANDRILLS BKB_211_20220601_id211_femadu (1).jpg;190
2089;2321;211;MANDRILLS BKB_211_20220601_id211_femadu (2).jpg;232
2072;2321;211;MANDRILLS BKB_211_20220601_id211_femadu (3).jpg;249
1925;2336;211;MANDRILLS BKB_211_20220616_id211_femadu.jpg;411
2611;2353;211;MANDRILLS BKB_211_20220703_id211 (1).jpg;258
2262;2353;211;MANDRILLS BKB_211_20220703_id211 (2).jpg;91
3235;2353;211;MANDRILLS BKB_211_20220703_id211 (3).jpg;882
2092;2361;211;MANDRILLS BKB_211_20220711_id211.jpg;269
2384;2364;211;MANDRILLS BKB_211_20220714_id211_femadu.jpg;20
2451;2371;211;MANDRILLS BKB_211_20220721_id211.jpg;80
1972;2376;211;MANDRILLS BKB_211_20220726_id211.jpg;404
2036;2382;211;MANDRILLS BKB_211_20220801_id211 (2).jpg;346
2134;2382;211;MANDRILLS BKB_211_20220801_id211 (3).jpg;248
2560;2396;211;MANDRILLS BKB_211_20220815_id211.jpg;164
2397;2399;211;MANDRILLS BKB_211_20220818_id211.jpg;2
2426;2408;211;MANDRILLS BKB_211_20220827_id211.jpg;18
2523;2420;211;MANDRILLS BKB_211_20220908_id211.jpg;103
2595;2461;211;MANDRILLS BKB_211_20221019_id211.jpg;134
2544;2469;211;MANDRILLS BKB_211_20221027_id211.jpg;75
2768;2482;211;MANDRILLS BKB_211_20221109_id211.jpg;286
2291;2494;211;MANDRILLS BKB_211_20221121_id211 (2).jpg;203
2622;2494;211;MANDRILLS BKB_211_20221121_id211.jpg;128
2206;2498;211;MANDRILLS BKB_211_20221125_id211.jpg;292
3520;2503;211;MANDRILLS BKB_211_20221130_id211 (2).jpg;1017
1989;2514;211;MANDRILLS BKB_211_20221211_id211.jpg;525
2456;2515;211;MANDRILLS BKB_211_20221212_id211.jpg;59
255;148;219;MANDRILLS BKB_219_20170512_id219_infDEVANT_(1)_ORIGINAL.jpg;107
233;148;219;MANDRILLS BKB_219_20170512_id219_infDEVANT_(10)_ORIGINAL.jpg;85
182;148;219;MANDRILLS BKB_219_20170512_id219_infDEVANT_(2)_ORIGINAL.jpg;34
298;148;219;MANDRILLS BKB_219_20170512_id219_infDEVANT_(4)_ORIGINAL.jpg;150
231;148;219;MANDRILLS BKB_219_20170512_id219_infDEVANT_(5)_ORIGINAL.jpg;83
273;148;219;MANDRILLS BKB_219_20170512_id219_infDEVANT_(6)_ORIGINAL.jpg;125
242;148;219;MANDRILLS BKB_219_20170512_id219_infDEVANT_(7)_ORIGINAL.jpg;94
279;148;219;MANDRILLS BKB_219_20170512_id219_infDEVANT_(8)_ORIGINAL.jpg;131
266;148;219;MANDRILLS BKB_219_20170512_id219_infDEVANT_(9)_ORIGINAL.jpg;118
833;995;219;MANDRILLS BKB_219_20190906_id219_fem_(1).jpg;162
825;995;219;MANDRILLS BKB_219_20190906_id219_fem_(2).jpg;170
994;995;219;MANDRILLS BKB_219_20190906_id219_fem_(3).jpg;1
899;1048;219;MANDRILLS BKB_219_20191029_id219_fem_(1).jpg;149
1133;1048;219;MANDRILLS BKB_219_20191029_id219_fem_(2).jpg;85
993;1095;219;MANDRILLS BKB_219_20191215_id219_fem_(1).jpg;102
995;1095;219;MANDRILLS BKB_219_20191215_id219_fem_(2).jpg;100
1358;1459;219;MANDRILLS BKB_219_20201213_id219_fem_(1).jpg;101
1281;1459;219;MANDRILLS BKB_219_20201213_id219_fem_(2).jpg;178
1287;1459;219;MANDRILLS BKB_219_20201213_id219_fem_(3).jpg;172
1589;1459;219;MANDRILLS BKB_219_20201213_id219_fem_(4).jpg;130
1261;1459;219;MANDRILLS BKB_219_20201213_id219_fem_(5).jpg;198
1442;1459;219;MANDRILLS BKB_219_20201213_id219_fem_(6).jpg;17
1327;1459;219;MANDRILLS BKB_219_20201213_id219_fem_(7).jpg;132
1520;1468;219;MANDRILLS BKB_219_20201222_id219_fem_(1).jpg;52
1385;1468;219;MANDRILLS BKB_219_20201222_id219_fem_(2).jpg;83
1606;1477;219;MANDRILLS BKB_219_20201231_id219_fem_(1).jpg;129
1091;1477;219;MANDRILLS BKB_219_20201231_id219_fem_(2).jpg;386
1379;1506;219;MANDRILLS BKB_219_20210129_id219_fem_(1).jpg;127
1293;1506;219;MANDRILLS BKB_219_20210129_id219_fem_(2).jpg;213
1310;1506;219;MANDRILLS BKB_219_20210129_id219_fem_(3).jpg;196
1275;1506;219;MANDRILLS BKB_219_20210129_id219_fem_(4).jpg;231
1415;1506;219;MANDRILLS BKB_219_20210129_id219_fem_(5).jpg;91
1300;1506;219;MANDRILLS BKB_219_20210129_id219_fem_(6).jpg;206
1298;1507;219;MANDRILLS BKB_219_20210130_id219_fem_(1).jpg;209
1392;1507;219;MANDRILLS BKB_219_20210130_id219_fem_(2).jpg;115
1576;1507;219;MANDRILLS BKB_219_20210130_id219_fem_(3).jpg;69
1526;1507;219;MANDRILLS BKB_219_20210130_id219_fem_(4).jpg;19
1438;1507;219;MANDRILLS BKB_219_20210130_id219_fem_(5).jpg;69
1363;1572;219;MANDRILLS BKB_219_20210405_id219_fem_(1).jpg;209
1447;1572;219;MANDRILLS BKB_219_20210405_id219_fem_(2).jpg;125
1388;1572;219;MANDRILLS BKB_219_20210405_id219_fem_(3).jpg;184
1536;1572;219;MANDRILLS BKB_219_20210405_id219_fem_(4).jpg;36
1513;1572;219;MANDRILLS BKB_219_20210405_id219_fem_(5).jpg;59
1389;1572;219;MANDRILLS BKB_219_20210405_id219_fem_(6).jpg;183
1367;1573;219;MANDRILLS BKB_219_20210406_id219_fem_(1).jpg;206
1891;1573;219;MANDRILLS BKB_219_20210406_id219_fem_(2).jpg;318
1532;1743;219;MANDRILLS BKB_219_20210923_id219_femadu.jpg;211
1576;1755;219;MANDRILLS BKB_219_20211005_id219_femadu.jpg;179
1898;1800;219;MANDRILLS BKB_219_20211119_id219_femadu_(2).jpg;98
1824;1815;219;MANDRILLS BKB_219_20211204_ID219_femadu_(1).jpg;9
1673;1815;219;MANDRILLS BKB_219_20211204_ID219_femadu_(2).jpg;142
1726;1815;219;MANDRILLS BKB_219_20211204_ID219_femadu_(3).jpg;89
1609;1816;219;MANDRILLS BKB_219_20211205_id219_femadu.jpg;207
1922;1819;219;MANDRILLS BKB_219_20211208_ID219_femadu_(1).jpg;103
1757;1819;219;MANDRILLS BKB_219_20211208_ID219_femadu_(2).jpg;62
1535;1828;219;MANDRILLS BKB_219_20211217_id219_femadu_(1).jpg;293
1831;1828;219;MANDRILLS BKB_219_20211217_id219_femadu_(2).jpg;3
1686;1830;219;MANDRILLS BKB_219_20211219_id219_femadu.jpg;144
1986;1837;219;MANDRILLS BKB_219_20211226_id219_femadu.jpg;149
1982;1872;219;MANDRILLS BKB_219_20220130_id219 (2).jpg;110
1721;1872;219;MANDRILLS BKB_219_20220130_id219.jpg;151
1861;1884;219;MANDRILLS BKB_219_20220211_id219_femadu (1).jpg;23
1886;1884;219;MANDRILLS BKB_219_20220211_id219_femadu (2).jpg;2
1577;1910;219;MANDRILLS BKB_219_20220309_id219_femadu (2).jpg;333
1933;1910;219;MANDRILLS BKB_219_20220309_id219_femadu.jpg;23
1606;1915;219;MANDRILLS BKB_219_20220314_id219_femadu.jpg;309
2288;1931;219;MANDRILLS BKB_219_20220330_id219_femadu (1).jpg;357
2013;1931;219;MANDRILLS BKB_219_20220330_id219_femadu (2).jpg;82
2300;1931;219;MANDRILLS BKB_219_20220330_id219_femadu (3).jpg;369
1754;1931;219;MANDRILLS BKB_219_20220330_id219_femadu (4).jpg;177
2017;1942;219;MANDRILLS BKB_219_20220410_id219_femadu (1).jpg;75
1958;1942;219;MANDRILLS BKB_219_20220410_id219_femadu (2).jpg;16
1492;1971;219;MANDRILLS BKB_219_20220509_id219_femadu (1).jpg;479
2159;1977;219;MANDRILLS BKB_219_20220515_id219_femadu (1).jpg;182
2056;1977;219;MANDRILLS BKB_219_20220515_id219_femadu (2).jpg;79
1921;1997;219;MANDRILLS BKB_219_20220604_id219_femadu (1).jpg;76
1883;1997;219;MANDRILLS BKB_219_20220604_id219_femadu (2).jpg;114
1908;1997;219;MANDRILLS BKB_219_20220604_id219_femadu (3).jpg;89
1873;2016;219;MANDRILLS BKB_219_20220623_id219_femadu (1).jpg;143
1966;2016;219;MANDRILLS BKB_219_20220623_id219_femadu (2).jpg;50
2152;2016;219;MANDRILLS BKB_219_20220623_id219_femadu.jpg;136
1681;2017;219;MANDRILLS BKB_219_20220624_id219_femadu (1).jpg;336
1871;2017;219;MANDRILLS BKB_219_20220624_id219_femadu (3).jpg;146
1801;2017;219;MANDRILLS BKB_219_20220624_id219_femadu (4).jpg;216
1893;2017;219;MANDRILLS BKB_219_20220624_id219_femadu.jpg;124
2045;2022;219;MANDRILLS BKB_219_20220629_id219 (1).jpg;23
2212;2022;219;MANDRILLS BKB_219_20220629_id219 (2).jpg;190
2261;2028;219;MANDRILLS BKB_219_20220705_id219 (1).jpg;233
2119;2028;219;MANDRILLS BKB_219_20220705_id219 (2).jpg;91
1849;2029;219;MANDRILLS BKB_219_20220706_id219 (2).jpg;180
1822;2029;219;MANDRILLS BKB_219_20220706_id219.jpg;207
2229;2036;219;MANDRILLS BKB_219_20220713_id219 (2).jpg;193
1948;2036;219;MANDRILLS BKB_219_20220713_id219.jpg;88
1976;2037;219;MANDRILLS BKB_219_20220714_id219_femadu.jpg;61
1974;2048;219;MANDRILLS BKB_219_20220725_id219.jpg;74
1772;2066;219;MANDRILLS BKB_219_20220812_id219.jpg;294
2467;2077;219;MANDRILLS BKB_219_20220823_id219 (2).jpg;390
2294;2077;219;MANDRILLS BKB_219_20220823_id219.jpg;217
1905;2080;219;MANDRILLS BKB_219_20220826_id219 (1).jpg;175
2284;2080;219;MANDRILLS BKB_219_20220826_id219 (2).jpg;204
2488;2080;219;MANDRILLS BKB_219_20220826_id219 (3).jpg;408
2186;2097;219;MANDRILLS BKB_219_20220912_id219 (1).jpg;89
2092;2097;219;MANDRILLS BKB_219_20220912_id219 (2).jpg;5
2530;2120;219;MANDRILLS BKB_219_20221005_id219.jpg;410
2086;2148;219;MANDRILLS BKB_219_20221102_id219.jpg;62
2306;2163;219;MANDRILLS BKB_219_20221117_id219.jpg;143
2457;2167;219;MANDRILLS BKB_219_20221121_id219.jpg;290
2061;2171;219;MANDRILLS BKB_219_20221125_id219 (1).jpg;110
2178;2171;219;MANDRILLS BKB_219_20221125_id219 (3).jpg;7
2276;2176;219;MANDRILLS BKB_219_20221130_id219.jpg;100
2352;2185;219;MANDRILLS BKB_219_20221209_id219.jpg;167
1937;2190;219;MANDRILLS BKB_219_20221214_id219.jpg;253
2121;2194;219;MANDRILLS BKB_219_20221218_id219.jpg;73
1971;2197;219;MANDRILLS BKB_219_20221221_id219.jpg;226
651;726;228;MANDRILLS BKB_228_20191029_id228_fem.jpg;75
1015;1096;228;MANDRILLS BKB_228_20201102_id228_fem.jpg;81
1062;1119;228;MANDRILLS BKB_228_20201125_228_fem_(1).jpg;57
1215;1119;228;MANDRILLS BKB_228_20201125_228_fem_(2).jpg;96
1140;1137;228;MANDRILLS BKB_228_20201213_id228_fem_(1).jpg;3
1225;1137;228;MANDRILLS BKB_228_20201213_id228_fem_(2).jpg;88
1074;1137;228;MANDRILLS BKB_228_20201213_id228_fem_(4).jpg;63
1099;1137;228;MANDRILLS BKB_228_20201213_id228_fem_(5).jpg;38
1156;1159;228;MANDRILLS BKB_228_20210104_id228_fem_(2).jpg;3
1193;1159;228;MANDRILLS BKB_228_20210104_id228_fem_(3).jpg;34
1099;1159;228;MANDRILLS BKB_228_20210104_id228_fem_(4).jpg;60
1109;1159;228;MANDRILLS BKB_228_20210104_id228_fem_(5).jpg;50
1213;1161;228;MANDRILLS BKB_228_20210106_id228_fem_(1).jpg;52
1258;1161;228;MANDRILLS BKB_228_20210106_id228_fem_(2).jpg;97
1083;1171;228;MANDRILLS BKB_228_20210116_id228_fem.jpg;88
1201;1175;228;MANDRILLS BKB_228_20210120_id228_fem_(1).jpg;26
1168;1175;228;MANDRILLS BKB_228_20210120_id228_fem_(2).jpg;7
1179;1183;228;MANDRILLS BKB_228_20210128_id228_femjuv.jpg;4
1237;1183;228;MANDRILLS BKB_228_20210128_id228_fem_(1).jpg;54
1235;1183;228;MANDRILLS BKB_228_20210128_id228_fem_(2).jpg;52
1181;1184;228;MANDRILLS BKB_228_20210129_id228_fem.jpg;3
1204;1198;228;MANDRILLS BKB_228_20210212_id228_fem_(1).jpg;6
1274;1198;228;MANDRILLS BKB_228_20210212_id228_fem_(2).jpg;76
1286;1255;228;MANDRILLS BKB_228_20210410_id228_fem.jpg;31
1571;1267;228;MANDRILLS BKB_228_20210422_id228_fem_(1).jpg;304
1395;1267;228;MANDRILLS BKB_228_20210422_id228_fem_(2).jpg;128
1563;1285;228;MANDRILLS BKB_228_20210510_id228_femjuv_(1).jpg;278
1407;1396;228;MANDRILLS BKB_228_20210829_id228_femjuv_(1).jpg;11
1357;1396;228;MANDRILLS BKB_228_20210829_id228_femjuv_(2).jpg;39
1397;1396;228;MANDRILLS BKB_228_20210829_id228_femjuv_(4).jpg;1
1494;1485;228;MANDRILLS BKB_228_20211126_id228_femjuv_(1).jpg;9
2009;1485;228;MANDRILLS BKB_228_20211126_id228_femjuv_(2).jpg;524
1678;1494;228;MANDRILLS BKB_228_20211205_id228_femjuv.jpg;184
1685;1547;228;MANDRILLS BKB_228_20220127_id228 (1).jpg;138
1947;1547;228;MANDRILLS BKB_228_20220127_id228.jpg;400
1978;1550;228;MANDRILLS BKB_228_20220130_id228 (2).jpg;428
1958;1550;228;MANDRILLS BKB_228_20220130_id228.jpg;408
1640;1586;228;MANDRILLS BKB_228_20220307_id228_femadu (1).jpg;54
1480;1586;228;MANDRILLS BKB_228_20220307_id228_femadu (2).jpg;106
1813;1601;228;MANDRILLS BKB_228_20220322_id228_femadu (1).jpg;212
1931;1601;228;MANDRILLS BKB_228_20220322_id228_femadu (2).jpg;330
1771;1609;228;MANDRILLS BKB_228_20220330_id228_femadu.jpg;162
1678;1636;228;MANDRILLS BKB_228_20220426_id228_femadu (1).jpg;42
1689;1636;228;MANDRILLS BKB_228_20220426_id228_femadu (2).jpg;53
1338;1643;228;MANDRILLS BKB_228_20220503_id228_femadu (2).jpg;305
1746;1643;228;MANDRILLS BKB_228_20220503_id228_femadu (3).jpg;103
1843;1643;228;MANDRILLS BKB_228_20220503_id228_femadu.jpg;200
1878;1655;228;MANDRILLS BKB_228_20220515_id228_femadu (1).jpg;223
1748;1656;228;MANDRILLS BKB_228_20220516_id228_femadu (1).jpg;92
1874;1656;228;MANDRILLS BKB_228_20220516_id228_femadu (2).jpg;218
1619;1661;228;MANDRILLS BKB_228_20220521_id228_femadu (1).jpg;42
1846;1661;228;MANDRILLS BKB_228_20220521_id228_femadu (2).jpg;185
1725;1661;228;MANDRILLS BKB_228_20220521_id228_femadu (3).jpg;64
2058;1661;228;MANDRILLS BKB_228_20220521_id228_femadu (4).jpg;397
2122;1661;228;MANDRILLS BKB_228_20220521_id228_femadu (5).jpg;461
1825;1664;228;MANDRILLS BKB_228_20220524_id228_femadu (1).jpg;161
1692;1664;228;MANDRILLS BKB_228_20220524_id228_femadu (2).jpg;28
1955;1664;228;MANDRILLS BKB_228_20220524_id228_femadu (3).jpg;291
1959;1678;228;MANDRILLS BKB_228_20220607_id228_femadu.jpg;281
1947;1692;228;MANDRILLS BKB_228_20220621_id228_femadu (2).jpg;255
1705;1692;228;MANDRILLS BKB_228_20220621_id228_femadu.jpg;13
1777;1695;228;MANDRILLS BKB_228_20220624_id228_femadu (1).jpg;82
1986;1695;228;MANDRILLS BKB_228_20220624_id228_femadu (2).jpg;291
1771;1695;228;MANDRILLS BKB_228_20220624_id228_femadu (3).jpg;76
1789;1695;228;MANDRILLS BKB_228_20220624_id228_femadu (5).jpg;94
2033;1695;228;MANDRILLS BKB_228_20220624_id228_femadu (6).jpg;338
1663;1695;228;MANDRILLS BKB_228_20220624_id228_femadu (7).jpg;32
2097;1695;228;MANDRILLS BKB_228_20220624_id228_femadu (8).jpg;402
2147;1715;228;MANDRILLS BKB_228_20220714_id228_femadu (1).jpg;432
2075;1715;228;MANDRILLS BKB_228_20220714_id228_femadu (2).jpg;360
1998;1718;228;MANDRILLS BKB_228_20220717_id228.jpg;280
2345;1729;228;MANDRILLS BKB_228_20220728_id228.jpg;616
2113;1735;228;MANDRILLS BKB_228_20220803_id228 (2).jpg;378
1884;1740;228;MANDRILLS BKB_228_20220808_id228 (1).jpg;144
2116;1740;228;MANDRILLS BKB_228_20220808_id228 (2).jpg;376
1893;1744;228;MANDRILLS BKB_228_20220812_id228.jpg;149
2207;1750;228;MANDRILLS BKB_228_20220818_id228 (1).jpg;457
1933;1750;228;MANDRILLS BKB_228_20220818_id228 (2).jpg;183
2006;1768;228;MANDRILLS BKB_228_20220905_id228 (1).jpg;238
2035;1774;228;MANDRILLS BKB_228_20220911_id228.jpg;261
1908;1775;228;MANDRILLS BKB_228_20220912_id228 (2).jpg;133
2057;1776;228;MANDRILLS BKB_228_20220913_id228.jpg;281
2269;1787;228;MANDRILLS BKB_228_20220924_id228.jpg;482
2011;1798;228;MANDRILLS BKB_228_20221005_id228 (1).jpg;213
1963;1798;228;MANDRILLS BKB_228_20221005_id228 (2).jpg;165
2092;1798;228;MANDRILLS BKB_228_20221005_id228 (3).jpg;294
1794;1798;228;MANDRILLS BKB_228_20221005_id228 (4).jpg;4
2058;1812;228;MANDRILLS BKB_228_20221019_id228 (1).jpg;246
1884;1812;228;MANDRILLS BKB_228_20221019_id228 (2).jpg;72
1964;1814;228;MANDRILLS BKB_228_20221021_id228.jpg;150
2186;1815;228;MANDRILLS BKB_228_20221022_id228.jpg;371
2075;1854;228;MANDRILLS BKB_228_20221130_id228.jpg;221
1732;1866;228;MANDRILLS BKB_228_20221212_id228.jpg;134
2408;1869;228;MANDRILLS BKB_228_20221215_id228.jpg;539
2132;1875;228;MANDRILLS BKB_228_20221221_id228.jpg;257
3530;3523;23;MANDRILLS BKB_23_20120919_id23_femadu_(2)_ORIGINAL.jpg;7
5325;3717;23;MANDRILLS BKB_23_20130401_id23_femadu_(1)_ORIGINAL.jpg;1608
5565;3717;23;MANDRILLS BKB_23_20130401_id23_femadu_(2)_ORIGINAL.jpg;1848
5785;3717;23;MANDRILLS BKB_23_20130401_id23_femadu_(4)_ORIGINAL.jpg;2068
4193;4173;23;MANDRILLS BKB_23_20140701_id23_femadu_(4)_ORIGINAL.jpg;20
4316;4173;23;MANDRILLS BKB_23_20140701_id23_femadu_(5)_ORIGINAL.jpg;143
6104;5638;23;MANDRILLS BKB_23_20180705_id23_femadu_(1)_ORIGINAL.jpg;466
5878;5638;23;MANDRILLS BKB_23_20180705_id23_femadu_(10)_ORIGINAL.jpg;240
5975;5638;23;MANDRILLS BKB_23_20180705_id23_femadu_(11)_ORIGINAL.jpg;337
6072;5638;23;MANDRILLS BKB_23_20180705_id23_femadu_(12)_ORIGINAL.jpg;434
5702;5638;23;MANDRILLS BKB_23_20180705_id23_femadu_(13)_ORIGINAL.jpg;64
4060;5638;23;MANDRILLS BKB_23_20180705_id23_femadu_(14)_ORIGINAL.jpg;1578
4376;5638;23;MANDRILLS BKB_23_20180705_id23_femadu_(15)_ORIGINAL.jpg;1262
6216;5638;23;MANDRILLS BKB_23_20180705_id23_femadu_(16)_ORIGINAL.jpg;578
5863;5638;23;MANDRILLS BKB_23_20180705_id23_femadu_(17)_ORIGINAL.jpg;225
3508;5638;23;MANDRILLS BKB_23_20180705_id23_femadu_(18)_ORIGINAL.jpg;2130
6286;5638;23;MANDRILLS BKB_23_20180705_id23_femadu_(19)_ORIGINAL.jpg;648
5862;5638;23;MANDRILLS BKB_23_20180705_id23_femadu_(20)_ORIGINAL.jpg;224
5273;5638;23;MANDRILLS BKB_23_20180705_id23_femadu_(27)_ORIGINAL.jpg;365
5830;5638;23;MANDRILLS BKB_23_20180705_id23_femadu_(28)_ORIGINAL.jpg;192
5222;5638;23;MANDRILLS BKB_23_20180705_id23_femadu_(29)_ORIGINAL.jpg;416
5904;5638;23;MANDRILLS BKB_23_20180705_id23_femadu_(30)_ORIGINAL.jpg;266
5788;5638;23;MANDRILLS BKB_23_20180705_id23_femadu_(31)_ORIGINAL.jpg;150
6073;5638;23;MANDRILLS BKB_23_20180705_id23_femadu_(32)_ORIGINAL.jpg;435
6462;5638;23;MANDRILLS BKB_23_20180705_id23_femadu_(33)_ORIGINAL.jpg;824
5826;5638;23;MANDRILLS BKB_23_20180705_id23_femadu_(34)_ORIGINAL.jpg;188
4099;5638;23;MANDRILLS BKB_23_20180705_id23_femadu_(35)_ORIGINAL.jpg;1539
5932;5638;23;MANDRILLS BKB_23_20180705_id23_femadu_(36)_ORIGINAL.jpg;294
5776;5638;23;MANDRILLS BKB_23_20180705_id23_femadu_(37)_ORIGINAL.jpg;138
4420;5638;23;MANDRILLS BKB_23_20180705_id23_femadu_(38)_ORIGINAL.jpg;1218
6005;5638;23;MANDRILLS BKB_23_20180705_id23_femadu_(39)_ORIGINAL.jpg;367
4810;5638;23;MANDRILLS BKB_23_20180705_id23_femadu_(4)_ORIGINAL.jpg;828
6092;5638;23;MANDRILLS BKB_23_20180705_id23_femadu_(40)_ORIGINAL.jpg;454
6403;5638;23;MANDRILLS BKB_23_20180705_id23_femadu_(41)_ORIGINAL.jpg;765
6570;5638;23;MANDRILLS BKB_23_20180705_id23_femadu_(42)_ORIGINAL.jpg;932
6566;5638;23;MANDRILLS BKB_23_20180705_id23_femadu_(44)_ORIGINAL.jpg;928
6368;5638;23;MANDRILLS BKB_23_20180705_id23_femadu_(45)_ORIGINAL.jpg;730
6550;5638;23;MANDRILLS BKB_23_20180705_id23_femadu_(46)_ORIGINAL.jpg;912
6292;5638;23;MANDRILLS BKB_23_20180705_id23_femadu_(47)_ORIGINAL.jpg;654
6085;5638;23;MANDRILLS BKB_23_20180705_id23_femadu_(49)_ORIGINAL.jpg;447
5987;5638;23;MANDRILLS BKB_23_20180705_id23_femadu_(5)_ORIGINAL.jpg;349
6295;5638;23;MANDRILLS BKB_23_20180705_id23_femadu_(50)_ORIGINAL.jpg;657
5991;5638;23;MANDRILLS BKB_23_20180705_id23_femadu_(51)_ORIGINAL.jpg;353
6122;5638;23;MANDRILLS BKB_23_20180705_id23_femadu_(52)_ORIGINAL.jpg;484
4584;5638;23;MANDRILLS BKB_23_20180705_id23_femadu_(53)_ORIGINAL.jpg;1054
6291;5638;23;MANDRILLS BKB_23_20180705_id23_femadu_(54)_ORIGINAL.jpg;653
6284;5638;23;MANDRILLS BKB_23_20180705_id23_femadu_(55)_ORIGINAL.jpg;646
6525;5638;23;MANDRILLS BKB_23_20180705_id23_femadu_(56)_ORIGINAL.jpg;887
4534;5638;23;MANDRILLS BKB_23_20180705_id23_femadu_(6)_ORIGINAL.jpg;1104
3732;5638;23;MANDRILLS BKB_23_20180705_id23_femadu_(8)_ORIGINAL.jpg;1906
4644;5638;23;MANDRILLS BKB_23_20180705_id23_femadu_(9)_ORIGINAL.jpg;994
6032;5652;23;MANDRILLS BKB_23_20180719_id23_femadu_(2)_ORIGINAL.jpg;380
6511;5659;23;MANDRILLS BKB_23_20180726_id23_femadu_(10)_ORIGINAL.jpg;852
6479;5659;23;MANDRILLS BKB_23_20180726_id23_femadu_(11)_ORIGINAL.jpg;820
6365;5659;23;MANDRILLS BKB_23_20180726_id23_femadu_(13)_ORIGINAL.jpg;706
6494;5659;23;MANDRILLS BKB_23_20180726_id23_femadu_(14)_ORIGINAL.jpg;835
6244;5659;23;MANDRILLS BKB_23_20180726_id23_femadu_(2)_ORIGINAL.jpg;585
6441;5659;23;MANDRILLS BKB_23_20180726_id23_femadu_(6)_ORIGINAL.jpg;782
6473;5659;23;MANDRILLS BKB_23_20180726_id23_femadu_(8)_ORIGINAL.jpg;814
1611;1757;237;MANDRILLS BKB_237_20190918_id237_mal_(1).jpg;146
1609;1757;237;MANDRILLS BKB_237_20190918_id237_mal_(2).jpg;148
1627;1757;237;MANDRILLS BKB_237_20190918_id237_mal_(3).jpg;130
1715;1797;237;MANDRILLS BKB_237_20191028_id237_mal.jpg;82
1699;1869;237;MANDRILLS BKB_237_20200108_id237_mal_(1).jpg;170
1870;1869;237;MANDRILLS BKB_237_20200108_id237_mal_(2).jpg;1
2009;1869;237;MANDRILLS BKB_237_20200108_id237_mal_(3).jpg;140
2183;2209;237;MANDRILLS BKB_237_20201213_id237_mal_(1).jpg;26
2022;2209;237;MANDRILLS BKB_237_20201213_id237_mal_(2).jpg;187
2076;2209;237;MANDRILLS BKB_237_20201213_id237_mal_(3).jpg;133
2128;2209;237;MANDRILLS BKB_237_20201213_id237_mal_(4).jpg;81
2127;2209;237;MANDRILLS BKB_237_20201213_id237_mal_(5).jpg;82
2159;2209;237;MANDRILLS BKB_237_20201213_id237_mal_(6).jpg;50
2040;2211;237;MANDRILLS BKB_237_20201215_id237_mal.jpg;171
2118;2231;237;MANDRILLS BKB_237_20210104_id237_mal_(1).jpg;113
2036;2231;237;MANDRILLS BKB_237_20210104_id237_mal_(2).jpg;195
2064;2240;237;MANDRILLS BKB_237_20210113_id237_mal.jpg;176
2043;2256;237;MANDRILLS BKB_237_20210129_id237_mal_(1).jpg;213
2062;2256;237;MANDRILLS BKB_237_20210129_id237_mal_(2).jpg;194
2093;2318;237;MANDRILLS BKB_237_20210401_id237_mal_(1).jpg;225
2219;2318;237;MANDRILLS BKB_237_20210401_id237_mal_(2).jpg;99
2215;2318;237;MANDRILLS BKB_237_20210401_id237_mal_(3).jpg;103
2193;2318;237;MANDRILLS BKB_237_20210401_id237_mal_(4).jpg;125
2288;2367;237;MANDRILLS BKB_237_20210520_id237_maldo_(1).jpg;79
2152;2367;237;MANDRILLS BKB_237_20210520_id237_maldo_(2).jpg;215
2364;2492;237;MANDRILLS BKB_237_20210922_id237_malado.jpg;128
2195;2539;237;MANDRILLS BKB_237_20211108_id237_malado.jpg;344
2276;2571;237;MANDRILLS BKB_237_20211210_id237_malado.jpg;295
2467;2578;237;MANDRILLS BKB_237_20211217_id237_malado_(1).jpg;111
2348;2578;237;MANDRILLS BKB_237_20211217_id237_malado_(2).jpg;230
2413;2587;237;MANDRILLS BKB_237_20211226_id237_malado_(2).jpg;174
2460;2587;237;MANDRILLS BKB_237_20211226_id237_malado_(3).jpg;127
408;303;251;MANDRILLS BKB_251_20181008_id3013_feminfGAUCHE_(1)_ORIGINAL.jpg;105
261;303;251;MANDRILLS BKB_251_20181008_id3013_feminfGAUCHE_(2)_ORIGINAL.jpg;42
264;303;251;MANDRILLS BKB_251_20181008_id3013_feminfGAUCHE_(3)_ORIGINAL.jpg;39
927;1100;251;MANDRILLS BKB_251_20201213_id251_mal_(1).jpg;173
1131;1100;251;MANDRILLS BKB_251_20201213_id251_mal_(2).jpg;31
949;1100;251;MANDRILLS BKB_251_20201213_id251_mal_(3).jpg;151
948;1102;251;MANDRILLS BKB_251_20201215_id251_mal_(1).jpg;154
1138;1102;251;MANDRILLS BKB_251_20201215_id251_mal_(2).jpg;36
1065;1102;251;MANDRILLS BKB_251_20201215_id251_mal_(3).jpg;37
1031;1122;251;MANDRILLS BKB_251_20210104_id251_mal_(1).jpg;91
1273;1122;251;MANDRILLS BKB_251_20210104_id251_mal_(2).jpg;151
1089;1134;251;MANDRILLS BKB_251_20210116_id251_mal_(1).jpg;45
1163;1134;251;MANDRILLS BKB_251_20210116_id251_mal_(2).jpg;29
1109;1134;251;MANDRILLS BKB_251_20210116_id251_mal_(3).jpg;25
986;1147;251;MANDRILLS BKB_251_20210129_id251_mal_(1).jpg;161
866;1147;251;MANDRILLS BKB_251_20210129_id251_mal_(2).jpg;281
952;1147;251;MANDRILLS BKB_251_20210129_id251_mal_(3).jpg;195
1120;1148;251;MANDRILLS BKB_251_20210130_id251_mal_(1).jpg;28
1008;1148;251;MANDRILLS BKB_251_20210130_id251_mal_(2).jpg;140
995;1148;251;MANDRILLS BKB_251_20210130_id251_mal_(3).jpg;153
983;1148;251;MANDRILLS BKB_251_20210130_id251_mal_(4).jpg;165
1118;1148;251;MANDRILLS BKB_251_20210130_id251_mal_(5).jpg;30
1037;1148;251;MANDRILLS BKB_251_20210130_id251_mal_(6).jpg;111
1201;1159;251;MANDRILLS BKB_251_20210210_id251_mal_(1).jpg;42
1285;1159;251;MANDRILLS BKB_251_20210210_id251_mal_(2).jpg;126
1245;1175;251;MANDRILLS BKB_251_20210226_id251_mal.jpg;70
1157;1185;251;MANDRILLS BKB_251_20210308_id251_mal.jpg;28
1198;1206;251;MANDRILLS BKB_251_20210329_id251_mal_(1).jpg;8
1164;1206;251;MANDRILLS BKB_251_20210329_id251_mal_(2).jpg;42
1147;1206;251;MANDRILLS BKB_251_20210329_id251_mal_(3).jpg;59
1260;1206;251;MANDRILLS BKB_251_20210329_id251_mal_(4).jpg;54
1145;1218;251;MANDRILLS BKB_251_20210410_id251_mal_(1).jpg;73
1208;1218;251;MANDRILLS BKB_251_20210410_id251_mal_(2).jpg;10
1143;1218;251;MANDRILLS BKB_251_20210410_id251_mal_(3).jpg;75
1339;1322;251;MANDRILLS BKB_251_20210723_id251_maljuv_(1).jpg;17
1255;1322;251;MANDRILLS BKB_251_20210723_id251_maljuv_(2).jpg;67
1248;1441;251;MANDRILLS BKB_251_20211119_id251_maljuv_(1).jpg;193
1441;1441;251;MANDRILLS BKB_251_20211119_id251_maljuv_(2).jpg;0
1464;1546;251;MANDRILLS BKB_251_20220304_id251_malado (1).jpg;82
1461;1546;251;MANDRILLS BKB_251_20220304_id251_malado (2).jpg;85
1306;1546;251;MANDRILLS BKB_251_20220304_id251_malado (3).jpg;240
1498;1553;251;MANDRILLS BKB_251_20220311_id251_malado.jpg;55
1256;1556;251;MANDRILLS BKB_251_20220314_id251_malado.jpg;300
1168;1572;251;MANDRILLS BKB_251_20220330_id251_malado (1).jpg;404
1366;1572;251;MANDRILLS BKB_251_20220330_id251_malado (2).jpg;206
1402;1572;251;MANDRILLS BKB_251_20220330_id251_malado (3).jpg;170
1387;1590;251;MANDRILLS BKB_251_20220417_id251_malado (1).jpg;203
1454;1590;251;MANDRILLS BKB_251_20220417_id251_malado (2).jpg;136
1441;1606;251;MANDRILLS BKB_251_20220503_id251_malado.jpg;165
1545;1620;251;MANDRILLS BKB_251_20220517_id251_malado (1).jpg;75
1520;1620;251;MANDRILLS BKB_251_20220517_id251_malado (2).jpg;100
1473;1620;251;MANDRILLS BKB_251_20220517_id251_malado (3).jpg;147
1514;1620;251;MANDRILLS BKB_251_20220517_id251_malado (4).jpg;106
1444;1620;251;MANDRILLS BKB_251_20220517_id251_malado (6).jpg;176
1516;1624;251;MANDRILLS BKB_251_20220521_id251_malado (1).jpg;108
1404;1624;251;MANDRILLS BKB_251_20220521_id251_malado (3).jpg;220
1652;1624;251;MANDRILLS BKB_251_20220521_id251_malado (4).jpg;28
1552;1624;251;MANDRILLS BKB_251_20220521_id251_malado (5).jpg;72
1514;1624;251;MANDRILLS BKB_251_20220521_id251_malado (6).jpg;110
1533;1628;251;MANDRILLS BKB_251_20220525_id251_malado (1).jpg;95
1404;1628;251;MANDRILLS BKB_251_20220525_id251_malado (2).jpg;224
1362;1638;251;MANDRILLS BKB_251_20220604_id251_malado (1).jpg;276
1593;1641;251;MANDRILLS BKB_251_20220607_id251.jpg;48
1517;1663;251;MANDRILLS BKB_251_20220629_id251 (1).jpg;146
1492;1663;251;MANDRILLS BKB_251_20220629_id251 (2).jpg;171
1428;1675;251;MANDRILLS BKB_251_20220711_id251.jpg;247
1473;1683;251;MANDRILLS BKB_251_20220719_id251 (1).jpg;210
1415;1683;251;MANDRILLS BKB_251_20220719_id251 (2).jpg;268
1621;1683;251;MANDRILLS BKB_251_20220719_id251 (3).jpg;62
1688;1683;251;MANDRILLS BKB_251_20220719_id251 (4).jpg;5
1540;1696;251;MANDRILLS BKB_251_20220801_id251 (1).jpg;156
1596;1696;251;MANDRILLS BKB_251_20220801_id251 (3).jpg;100
1641;1730;251;MANDRILLS BKB_251_20220904_id251.jpg;89
1559;1731;251;MANDRILLS BKB_251_20220905_id251 (1).jpg;172
1572;1731;251;MANDRILLS BKB_251_20220905_id251 (2).jpg;159
1600;1731;251;MANDRILLS BKB_251_20220905_id251 (3).jpg;131
1560;1731;251;MANDRILLS BKB_251_20220905_id251 (4).jpg;171
1561;1740;251;MANDRILLS BKB_251_20220914_id251.jpg;179
1629;1777;251;MANDRILLS BKB_251_20221021_id251.jpg;148
1619;1778;251;MANDRILLS BKB_251_20221022_id251.jpg;159
1613;1810;251;MANDRILLS BKB_251_20221123_id251 (1).jpg;197
1537;1810;251;MANDRILLS BKB_251_20221123_id251 (2).jpg;273
1640;1810;251;MANDRILLS BKB_251_20221123_id251 (3).jpg;170
1684;1810;251;MANDRILLS BKB_251_20221123_id251 (4).jpg;126
1638;1819;251;MANDRILLS BKB_251_20221202_id251.jpg;181
1521;1827;251;MANDRILLS BKB_251_20221210_id251.jpg;306
1580;1841;251;MANDRILLS BKB_251_20221224_id251.jpg;261
328;181;266;MANDRILLS BKB_266_20180726_id3100_feminfDEVANT_(1)_ORIGINAL.jpg;147
285;181;266;MANDRILLS BKB_266_20180726_id3100_feminfDEVANT_(2)_ORIGINAL.jpg;104
613;549;266;MANDRILLS BKB_266_20190729_id3100_femjuv_(1).jpg;64
594;586;266;MANDRILLS BKB_266_20190904_id3100_femjuv_(1).jpg;8
585;586;266;MANDRILLS BKB_266_20190904_id3100_femjuv_(2).jpg;1
903;711;266;MANDRILLS BKB_266_20200107_id3100_femjuv.jpg;192
839;795;266;MANDRILLS BKB_266_20200331_id3100_femjuv_(1).jpg;44
808;795;266;MANDRILLS BKB_266_20200331_id3100_femjuv_(2).jpg;13
1015;831;266;MANDRILLS BKB_266_20200506_id3100_femjuv_(1).jpg;184
913;831;266;MANDRILLS BKB_266_20200506_id3100_femjuv_(2).jpg;82
923;831;266;MANDRILLS BKB_266_20200506_id3100_femjuv_(3).jpg;92
963;999;266;MANDRILLS BKB_266_20201021_id3100_femjuv.jpg;36
1165;1000;266;MANDRILLS BKB_266_20201022_id3100_femjuv_(1).jpg;165
1221;1000;266;MANDRILLS BKB_266_20201022_id3100_femjuv_(2).jpg;221
1147;1000;266;MANDRILLS BKB_266_20201022_id3100_femjuv_(3).jpg;147
1082;1000;266;MANDRILLS BKB_266_20201022_id3100_femjuv_(4).jpg;82
1170;1006;266;MANDRILLS BKB_266_20201028_id3100_femjuv_(1).jpg;164
1205;1006;266;MANDRILLS BKB_266_20201028_id3100_femjuv_(2).jpg;199
1181;1030;266;MANDRILLS BKB_266_20201121_id3100_femjuv_(1).jpg;151
1123;1030;266;MANDRILLS BKB_266_20201121_id3100_femjuv_(2).jpg;93
1127;1030;266;MANDRILLS BKB_266_20201121_id3100_femjuv_(3).jpg;97
1094;1030;266;MANDRILLS BKB_266_20201121_id3100_femjuv_(4).jpg;64
1156;1052;266;MANDRILLS BKB_266_20201213_id3100_femjuv_(1).jpg;104
1241;1052;266;MANDRILLS BKB_266_20201213_id3100_femjuv_(2).jpg;189
1266;1052;266;MANDRILLS BKB_266_20201213_id3100_femjuv_(3).jpg;214
1209;1052;266;MANDRILLS BKB_266_20201213_id3100_femjuv_(4).jpg;157
1137;1052;266;MANDRILLS BKB_266_20201213_id3100_femjuv_(5).jpg;85
1245;1052;266;MANDRILLS BKB_266_20201213_id3100_femjuv_(6).jpg;193
1378;1076;266;MANDRILLS BKB_266_20210106_id3100_femjuv.jpg;302
1635;1083;266;MANDRILLS BKB_266_20210113_id3100_femjuv_(1).jpg;552
1171;1083;266;MANDRILLS BKB_266_20210113_id3100_femjuv_(2).jpg;88
1342;1098;266;MANDRILLS BKB_266_20210128_id3100_femjuv_(3).jpg;244
1160;1111;266;MANDRILLS BKB_266_20210210_id3100_femjuv.jpg;49
1322;1130;266;MANDRILLS BKB_266_20210301_id3100_femjuv_(1).jpg;192
1350;1130;266;MANDRILLS BKB_266_20210301_id3100_femjuv_(2).jpg;220
2215;1161;266;MANDRILLS BKB_266_20210401_id3100_femjuv_(1).jpg;1054
1384;1161;266;MANDRILLS BKB_266_20210401_id3100_femjuv_(2).jpg;223
1305;1161;266;MANDRILLS BKB_266_20210401_id3100_femjuv_(3).jpg;144
1280;1181;266;MANDRILLS BKB_266_20210421_id3100_femjuv_(1).jpg;99
1376;1181;266;MANDRILLS BKB_266_20210421_id3100_femjuv_(2).jpg;195
1382;1203;266;MANDRILLS BKB_266_20210513_id3100_(1).jpg;179
1539;1203;266;MANDRILLS BKB_266_20210513_id3100_(2).jpg;336
1464;1348;266;MANDRILLS BKB_266_20211005_id266_femjuv.jpg;116
1397;1362;266;MANDRILLS BKB_266_20211019_id266_femjuv.jpg;35
1431;1414;266;MANDRILLS BKB_266_20211210_id266_femjuv_(1).jpg;17
1425;1414;266;MANDRILLS BKB_266_20211210_id266_femjuv_(2).jpg;11
1684;1417;266;MANDRILLS BKB_266_20211213_id266_femjuv_(1).jpg;267
1561;1417;266;MANDRILLS BKB_266_20211213_id266_femjuv_(2).jpg;144
1825;1457;266;MANDRILLS BKB_266_20220122_id266 (1).jpg;368
1822;1457;266;MANDRILLS BKB_266_20220122_id266 (2).jpg;365
1755;1457;266;MANDRILLS BKB_266_20220122_id266 (3).jpg;298
1582;1461;266;MANDRILLS BKB_266_20220126_id266.jpg;121
2057;1477;266;MANDRILLS BKB_266_20220211_id266_femadu.jpg;580
1735;1503;266;MANDRILLS BKB_266_20220309_id266_femadu (1).jpg;232
1584;1503;266;MANDRILLS BKB_266_20220309_id266_femadu (2).jpg;81
2089;1505;266;MANDRILLS BKB_266_20220311_id266_femadu.jpg;584
1683;1508;266;MANDRILLS BKB_266_20220314_id266_femadu.jpg;175
1822;1518;266;MANDRILLS BKB_266_20220324_id266_femadu.jpg;304
1938;1520;266;MANDRILLS BKB_266_20220326_id266_femadu.jpg;418
2015;1524;266;MANDRILLS BKB_266_20220330_id266_femadu.jpg;491
1832;1545;266;MANDRILLS BKB_266_20220420_id266_fem_adu.jpg;287
2160;1551;266;MANDRILLS BKB_266_20220426_id266_femadu.jpg;609
2122;1584;266;MANDRILLS BKB_266_20220529_id266_femadu.jpg;538
2138;1603;266;MANDRILLS BKB_266_20220617_id266_femadu.jpg;535
2250;1607;266;MANDRILLS BKB_266_20220621_id266_femadu.jpg;643
2092;1609;266;MANDRILLS BKB_266_20220623_id266_femadu.jpg;483
2033;1615;266;MANDRILLS BKB_266_20220629_id266 (1).jpg;418
2012;1615;266;MANDRILLS BKB_266_20220629_id266 (2).jpg;397
2438;1617;266;MANDRILLS BKB_266_20220701_id266 (2).jpg;821
1804;1617;266;MANDRILLS BKB_266_20220701_id266 (4).jpg;187
2157;1617;266;MANDRILLS BKB_266_20220701_id266.jpg;540
2356;1621;266;MANDRILLS BKB_266_20220705_id266 (2).jpg;735
2411;1627;266;MANDRILLS BKB_266_20220711_id266 (1).jpg;784
2182;1627;266;MANDRILLS BKB_266_20220711_id266 (2).jpg;555
2390;1627;266;MANDRILLS BKB_266_20220711_id266.jpg;763
2281;1630;266;MANDRILLS BKB_266_20220714_id266.jpg;651
2433;1630;266;MANDRILLS BKB_266_20220714_id266_femadu.jpg;803
2220;1637;266;MANDRILLS BKB_266_20220721_id266 (1).jpg;583
2184;1637;266;MANDRILLS BKB_266_20220721_id266 (2).jpg;547
2288;1674;266;MANDRILLS BKB_266_20220827_id266 (2).jpg;614
2053;1674;266;MANDRILLS BKB_266_20220827_id266.jpg;379
2093;1682;266;MANDRILLS BKB_266_20220904_id266 (1).jpg;411
2119;1682;266;MANDRILLS BKB_266_20220904_id266 (2).jpg;437
2215;1682;266;MANDRILLS BKB_266_20220904_id266 (3).jpg;533
2174;1682;266;MANDRILLS BKB_266_20220904_id266 (4).jpg;492
2127;1682;266;MANDRILLS BKB_266_20220904_id266 (6).jpg;445
2278;1682;266;MANDRILLS BKB_266_20220904_id266 (7).jpg;596
2294;1682;266;MANDRILLS BKB_266_20220904_id266 (8).jpg;612
1993;1683;266;MANDRILLS BKB_266_20220905_id266 (1).jpg;310
2454;1683;266;MANDRILLS BKB_266_20220905_id266 (2).jpg;771
2273;1689;266;MANDRILLS BKB_266_20220911_id266 (1).jpg;584
2555;1689;266;MANDRILLS BKB_266_20220911_id266 (2).jpg;866
2181;1692;266;MANDRILLS BKB_266_20220914_id266 (2).jpg;489
2530;1692;266;MANDRILLS BKB_266_20220914_id266.jpg;838
2298;1704;266;MANDRILLS BKB_266_20220926_id266.jpg;594
2249;1706;266;MANDRILLS BKB_266_20220928_id266.jpg;543
2037;1713;266;MANDRILLS BKB_266_20221005_id266 (1).jpg;324
2237;1713;266;MANDRILLS BKB_266_20221005_id266 (2).jpg;524
2167;1748;266;MANDRILLS BKB_266_20221109_id266.jpg;419
3201;1753;266;MANDRILLS BKB_266_20221114_id266.jpg;1448
2060;1762;266;MANDRILLS BKB_266_20221123_id266 (1).jpg;298
3618;1762;266;MANDRILLS BKB_266_20221123_id266 (2).jpg;1856
3012;1769;266;MANDRILLS BKB_266_20221130_id266.jpg;1243
2816;1793;266;MANDRILLS BKB_266_20221224_id266.jpg;1023
209;233;267;MANDRILLS BKB_267_20180802_id3110_feminf_(1)_ORIGINAL.jpg;24
152;233;267;MANDRILLS BKB_267_20180802_id3110_feminf_(10)_ORIGINAL.jpg;81
150;233;267;MANDRILLS BKB_267_20180802_id3110_feminf_(11)_ORIGINAL.jpg;83
165;233;267;MANDRILLS BKB_267_20180802_id3110_feminf_(12)_ORIGINAL.jpg;68
183;233;267;MANDRILLS BKB_267_20180802_id3110_feminf_(13)_ORIGINAL.jpg;50
172;233;267;MANDRILLS BKB_267_20180802_id3110_feminf_(15)_ORIGINAL.jpg;61
186;233;267;MANDRILLS BKB_267_20180802_id3110_feminf_(16)_ORIGINAL.jpg;47
205;233;267;MANDRILLS BKB_267_20180802_id3110_feminf_(18)_ORIGINAL.jpg;28
170;233;267;MANDRILLS BKB_267_20180802_id3110_feminf_(19)_ORIGINAL.jpg;63
385;233;267;MANDRILLS BKB_267_20180802_id3110_feminf_(2)_ORIGINAL.jpg;152
179;233;267;MANDRILLS BKB_267_20180802_id3110_feminf_(20)_ORIGINAL.jpg;54
166;233;267;MANDRILLS BKB_267_20180802_id3110_feminf_(21)_ORIGINAL.jpg;67
191;233;267;MANDRILLS BKB_267_20180802_id3110_feminf_(22)_ORIGINAL.jpg;42
177;233;267;MANDRILLS BKB_267_20180802_id3110_feminf_(23)_ORIGINAL.jpg;56
176;233;267;MANDRILLS BKB_267_20180802_id3110_feminf_(24)_ORIGINAL.jpg;57
171;233;267;MANDRILLS BKB_267_20180802_id3110_feminf_(25)_ORIGINAL.jpg;62
188;233;267;MANDRILLS BKB_267_20180802_id3110_feminf_(26)_ORIGINAL.jpg;45
198;233;267;MANDRILLS BKB_267_20180802_id3110_feminf_(27)_ORIGINAL.jpg;35
181;233;267;MANDRILLS BKB_267_20180802_id3110_feminf_(28)_ORIGINAL.jpg;52
144;233;267;MANDRILLS BKB_267_20180802_id3110_feminf_(29)_ORIGINAL.jpg;89
180;233;267;MANDRILLS BKB_267_20180802_id3110_feminf_(3)_ORIGINAL.jpg;53
190;233;267;MANDRILLS BKB_267_20180802_id3110_feminf_(30)_ORIGINAL.jpg;43
167;233;267;MANDRILLS BKB_267_20180802_id3110_feminf_(31)_ORIGINAL.jpg;66
169;233;267;MANDRILLS BKB_267_20180802_id3110_feminf_(32)_ORIGINAL.jpg;64
161;233;267;MANDRILLS BKB_267_20180802_id3110_feminf_(34)_ORIGINAL.jpg;72
184;233;267;MANDRILLS BKB_267_20180802_id3110_feminf_(35)_ORIGINAL.jpg;49
162;233;267;MANDRILLS BKB_267_20180802_id3110_feminf_(36)_ORIGINAL.jpg;71
160;233;267;MANDRILLS BKB_267_20180802_id3110_feminf_(37)_ORIGINAL.jpg;73
215;233;267;MANDRILLS BKB_267_20180802_id3110_feminf_(38)_ORIGINAL.jpg;18
202;233;267;MANDRILLS BKB_267_20180802_id3110_feminf_(39)_ORIGINAL.jpg;31
196;233;267;MANDRILLS BKB_267_20180802_id3110_feminf_(4)_ORIGINAL.jpg;37
184;233;267;MANDRILLS BKB_267_20180802_id3110_feminf_(40)_ORIGINAL.jpg;49
180;233;267;MANDRILLS BKB_267_20180802_id3110_feminf_(41)_ORIGINAL.jpg;53
192;233;267;MANDRILLS BKB_267_20180802_id3110_feminf_(42)_ORIGINAL.jpg;41
158;233;267;MANDRILLS BKB_267_20180802_id3110_feminf_(43)_ORIGINAL.jpg;75
179;233;267;MANDRILLS BKB_267_20180802_id3110_feminf_(45)_ORIGINAL.jpg;54
148;233;267;MANDRILLS BKB_267_20180802_id3110_feminf_(46)_ORIGINAL.jpg;85
164;233;267;MANDRILLS BKB_267_20180802_id3110_feminf_(47)_ORIGINAL.jpg;69
166;233;267;MANDRILLS BKB_267_20180802_id3110_feminf_(48)_ORIGINAL.jpg;67
241;233;267;MANDRILLS BKB_267_20180802_id3110_feminf_(49)_ORIGINAL.jpg;8
171;233;267;MANDRILLS BKB_267_20180802_id3110_feminf_(5)_ORIGINAL.jpg;62
210;233;267;MANDRILLS BKB_267_20180802_id3110_feminf_(50)_ORIGINAL.jpg;23
178;233;267;MANDRILLS BKB_267_20180802_id3110_feminf_(51)_ORIGINAL.jpg;55
144;233;267;MANDRILLS BKB_267_20180802_id3110_feminf_(52)_ORIGINAL.jpg;89
150;233;267;MANDRILLS BKB_267_20180802_id3110_feminf_(53)_ORIGINAL.jpg;83
113;233;267;MANDRILLS BKB_267_20180802_id3110_feminf_(54)_ORIGINAL.jpg;120
201;233;267;MANDRILLS BKB_267_20180802_id3110_feminf_(55)_ORIGINAL.jpg;32
177;233;267;MANDRILLS BKB_267_20180802_id3110_feminf_(57)_ORIGINAL.jpg;56
218;233;267;MANDRILLS BKB_267_20180802_id3110_feminf_(6)_ORIGINAL.jpg;15
163;233;267;MANDRILLS BKB_267_20180802_id3110_feminf_(7)_ORIGINAL.jpg;70
140;233;267;MANDRILLS BKB_267_20180802_id3110_feminf_(8)_ORIGINAL.jpg;93
258;365;267;MANDRILLS BKB_267_20181212_id3110_feminf_(1)_ORIGINAL.jpg;107
212;365;267;MANDRILLS BKB_267_20181212_id3110_feminf_(3)_ORIGINAL.jpg;153
374;460;267;MANDRILLS BKB_267_20190317_id3110_femjuv_(1).jpg;86
404;460;267;MANDRILLS BKB_267_20190317_id3110_femjuv_(2).jpg;56
505;571;267;MANDRILLS BKB_267_20190706_id3110_femjuv_(1).jpg;66
521;571;267;MANDRILLS BKB_267_20190706_id3110_femjuv_(2).jpg;50
443;571;267;MANDRILLS BKB_267_20190706_id3110_femjuv_(3).jpg;128
540;571;267;MANDRILLS BKB_267_20190706_id3110_femjuv_(4).jpg;31
530;583;267;MANDRILLS BKB_267_20190718_id3110_femjuv_(1).jpg;53
494;583;267;MANDRILLS BKB_267_20190718_id3110_femjuv_(2).jpg;89
526;583;267;MANDRILLS BKB_267_20190718_id3110_femjuv_(3).jpg;57
349;583;267;MANDRILLS BKB_267_20190718_id3110_femjuv_(4).jpg;234
384;583;267;MANDRILLS BKB_267_20190718_id3110_femjuv_(5).jpg;199
423;583;267;MANDRILLS BKB_267_20190718_id3110_femjuv_(7).jpg;160
488;601;267;MANDRILLS BKB_267_20190805_id3110_femjuv.jpg;113
497;652;267;MANDRILLS BKB_267_20190925_id3110_femjuv_(1).jpg;155
494;652;267;MANDRILLS BKB_267_20190925_id3110_femjuv_(2).jpg;158
453;652;267;MANDRILLS BKB_267_20190925_id3110_femjuv_(3).jpg;199
496;652;267;MANDRILLS BKB_267_20190925_id3110_femjuv_(6).jpg;156
582;652;267;MANDRILLS BKB_267_20190925_id3110_femjuv_(7).jpg;70
495;665;267;MANDRILLS BKB_267_20191008_id3110_femjuv.jpg;170
566;711;267;MANDRILLS BKB_267_20191123_id3110_femjuv.jpg;145
760;876;267;MANDRILLS BKB_267_20200506_id3110_femjuv_(1).jpg;116
770;876;267;MANDRILLS BKB_267_20200506_id3110_femjuv_(2).jpg;106
830;1040;267;MANDRILLS BKB_267_20201017_id3110_femjuv.jpg;210
919;1041;267;MANDRILLS BKB_267_20201018_id3110_femjuv_(1).jpg;122
889;1041;267;MANDRILLS BKB_267_20201018_id3110_femjuv_(2).jpg;152
732;1041;267;MANDRILLS BKB_267_20201018_id3110_femjuv_(3).jpg;309
757;1051;267;MANDRILLS BKB_267_20201028_id3110_femjuv_(1).jpg;294
921;1051;267;MANDRILLS BKB_267_20201028_id3110_femjuv_(2).jpg;130
769;1051;267;MANDRILLS BKB_267_20201028_id3110_femjuv_(3).jpg;282
927;1051;267;MANDRILLS BKB_267_20201028_id3110_femjuv_(4).jpg;124
687;1051;267;MANDRILLS BKB_267_20201028_id3110_femjuv_(5).jpg;364
775;1051;267;MANDRILLS BKB_267_20201028_id3110_femjuv_(6).jpg;276
699;1051;267;MANDRILLS BKB_267_20201028_id3110_femjuv_(7).jpg;352
1057;1057;267;MANDRILLS BKB_267_20201103_id3110_femjuv.jpg;0
801;1064;267;MANDRILLS BKB_267_20201110_id3110_femjuv.jpg;263
883;1100;267;MANDRILLS BKB_267_20201216_id3110_femjuv_(1).jpg;217
972;1100;267;MANDRILLS BKB_267_20201216_id3110_femjuv_(2).jpg;128
992;1100;267;MANDRILLS BKB_267_20201216_id3110_femjuv_(3).jpg;108
910;1100;267;MANDRILLS BKB_267_20201216_id3110_femjuv_(4).jpg;190
982;1128;267;MANDRILLS BKB_267_20210113_id3110_femjuv_(1).jpg;146
883;1128;267;MANDRILLS BKB_267_20210113_id3110_femjuv_(2).jpg;245
1089;1128;267;MANDRILLS BKB_267_20210113_id3110_femjuv_(3).jpg;39
816;1133;267;MANDRILLS BKB_267_20210118_id3110_femjuv.jpg;317
1075;1175;267;MANDRILLS BKB_267_20210301_id3110_femjuv_(1).jpg;100
1104;1175;267;MANDRILLS BKB_267_20210301_id3110_femjuv_(2).jpg;71
887;1175;267;MANDRILLS BKB_267_20210301_id3110_femjuv_(3).jpg;288
993;1204;267;MANDRILLS BKB_267_20210330_id3110_femjuv.jpg;211
1307;1367;267;MANDRILLS BKB_267_20210909_id267_femjuv (1).jpg;60
1315;1367;267;MANDRILLS BKB_267_20210909_id267_femjuv (2).jpg;52
1150;1377;267;MANDRILLS BKB_267_20210919_id267_femjuv.jpg;227
1409;1445;267;MANDRILLS BKB_267_20211126_id267_femjuv.jpg;36
1703;1457;267;MANDRILLS BKB_267_20211208_ID267_femjuv.jpg;246
1710;1466;267;MANDRILLS BKB_267_20211217_id267_femadu.jpg;244
1542;1502;267;MANDRILLS BKB_267_20220122_id267 (1).jpg;40
1296;1502;267;MANDRILLS BKB_267_20220122_id267 (2).jpg;206
1351;1502;267;MANDRILLS BKB_267_20220122_id267 (4).jpg;151
1427;1502;267;MANDRILLS BKB_267_20220122_id267 (5).jpg;75
1466;1502;267;MANDRILLS BKB_267_20220122_id267 (6).jpg;36
1380;1502;267;MANDRILLS BKB_267_20220122_id267 (7).jpg;122
1446;1528;267;MANDRILLS BKB_267_20220217_id267_femadu.jpg;82
1305;1543;267;MANDRILLS BKB_267_20220304_id267_femadu (1).jpg;238
1181;1543;267;MANDRILLS BKB_267_20220304_id267_femadu (2).jpg;362
1813;1543;267;MANDRILLS BKB_267_20220304_id267_femadu (3).jpg;270
1432;1548;267;MANDRILLS BKB_267_20220309_id267_femadu.jpg;116
1479;1561;267;MANDRILLS BKB_267_20220322_id267_femadu.jpg;82
1788;1562;267;MANDRILLS BKB_267_20220323_id267_femadu (1).jpg;226
1724;1562;267;MANDRILLS BKB_267_20220323_id267_femadu (2).jpg;162
1749;1568;267;MANDRILLS BKB_267_20220329_id267_femadu (1).jpg;181
1652;1588;267;MANDRILLS BKB_267_20220418_id267_femadu.jpg;64
1767;1596;267;MANDRILLS BKB_267_20220426_id267_femadu (1).jpg;171
1667;1597;267;MANDRILLS BKB_267_20220427_id267_femadu (2).jpg;70
1577;1609;267;MANDRILLS BKB_267_20220509_id267_femadu.jpg;32
1707;1617;267;MANDRILLS BKB_267_20220517_id267_femadu.jpg;90
1586;1647;267;MANDRILLS BKB_267_20220616_id267_femadu.jpg;61
1826;1652;267;MANDRILLS BKB_267_20220621_id267_femadu.jpg;174
1936;1660;267;MANDRILLS BKB_267_20220629_id267 (1).jpg;276
1787;1660;267;MANDRILLS BKB_267_20220629_id267 (2).jpg;127
1783;1660;267;MANDRILLS BKB_267_20220629_id267 (3).jpg;123
1703;1660;267;MANDRILLS BKB_267_20220629_id267 (4).jpg;43
1686;1660;267;MANDRILLS BKB_267_20220629_id267.jpg;26
1759;1670;267;MANDRILLS BKB_267_20220709_id267.jpg;89
1720;1678;267;MANDRILLS BKB_267_20220717_id267.jpg;42
1728;1686;267;MANDRILLS BKB_267_20220725_id267.jpg;42
1860;1693;267;MANDRILLS BKB_267_20220801_id267 (1).jpg;167
1679;1693;267;MANDRILLS BKB_267_20220801_id267 (2).jpg;14
1670;1693;267;MANDRILLS BKB_267_20220801_id267.jpg;23
2122;1700;267;MANDRILLS BKB_267_20220808_id267 (1).jpg;422
1413;1700;267;MANDRILLS BKB_267_20220808_id267 (2).jpg;287
2087;1703;267;MANDRILLS BKB_267_20220811_id267.jpg;384
1419;1704;267;MANDRILLS BKB_267_20220812_id267.jpg;285
1722;1718;267;MANDRILLS BKB_267_20220826_id267.jpg;4
1792;1727;267;MANDRILLS BKB_267_20220904_id267.jpg;65
1816;1743;267;MANDRILLS BKB_267_20220920_id267.jpg;73
1851;1775;267;MANDRILLS BKB_267_20221022_id267.jpg;76
1974;1800;267;MANDRILLS BKB_267_20221116_id267.jpg;174
1633;1805;267;MANDRILLS BKB_267_20221121_id267.jpg;172
1926;1824;267;MANDRILLS BKB_267_20221210_id267 (1).jpg;102
1498;1824;267;MANDRILLS BKB_267_20221210_id267 (2).jpg;326
1522;1828;267;MANDRILLS BKB_267_20221214_id267.jpg;306
1613;1835;267;MANDRILLS BKB_267_20221221_id267 (2).jpg;222
1774;1835;267;MANDRILLS BKB_267_20221221_id267.jpg;61
69;83;286;MANDRILLS BKB_286_20181206_id4090_malinf_BAS_(1)_ORIGINAL.jpg;14
31;83;286;MANDRILLS BKB_286_20181206_id4090_malinf_BAS_(2)_ORIGINAL.jpg;52
80;83;286;MANDRILLS BKB_286_20181206_id4090_malinf_BAS_(3)_ORIGINAL.jpg;3
83;83;286;MANDRILLS BKB_286_20181206_id4090_malinf_BAS_(4)_ORIGINAL.jpg;0
79;89;286;MANDRILLS BKB_286_20181212_id4090_malinf_DROITE_(1)_ORIGINAL.jpg;10
71;89;286;MANDRILLS BKB_286_20181212_id4090_malinf_DROITE_(2)_ORIGINAL.jpg;18
115;89;286;MANDRILLS BKB_286_20181212_id4090_malinf_DROITE_(3)_ORIGINAL.jpg;26
71;89;286;MANDRILLS BKB_286_20181212_id4090_malinf_DROITE_(4)_ORIGINAL.jpg;18
335;342;286;MANDRILLS BKB_286_20190822_id4090_malinf_DOUTE_(1).jpg;7
335;342;286;MANDRILLS BKB_286_20190822_id4090_malinf_DOUTE_(10).jpg;7
356;342;286;MANDRILLS BKB_286_20190822_id4090_malinf_DOUTE_(11).jpg;14
384;342;286;MANDRILLS BKB_286_20190822_id4090_malinf_DOUTE_(12).jpg;42
353;342;286;MANDRILLS BKB_286_20190822_id4090_malinf_DOUTE_(16).jpg;11
399;342;286;MANDRILLS BKB_286_20190822_id4090_malinf_DOUTE_(17).jpg;57
367;342;286;MANDRILLS BKB_286_20190822_id4090_malinf_DOUTE_(2).jpg;25
334;342;286;MANDRILLS BKB_286_20190822_id4090_malinf_DOUTE_(3).jpg;8
339;342;286;MANDRILLS BKB_286_20190822_id4090_malinf_DOUTE_(4).jpg;3
301;342;286;MANDRILLS BKB_286_20190822_id4090_malinf_DOUTE_(6).jpg;41
356;342;286;MANDRILLS BKB_286_20190822_id4090_malinf_DOUTE_(8).jpg;14
333;342;286;MANDRILLS BKB_286_20190822_id4090_malinf_DOUTE_(9).jpg;9
428;376;286;MANDRILLS BKB_286_20190925_id4090_maljuv_(1).jpg;52
411;376;286;MANDRILLS BKB_286_20190925_id4090_maljuv_(2).jpg;35
428;377;286;MANDRILLS BKB_286_20190926_id4090_a_verifier_(3).jpg;51
377;377;286;MANDRILLS BKB_286_20190926_id4090_maljuv_DOUTE_(1).jpg;0
421;377;286;MANDRILLS BKB_286_20190926_id4090_maljuv_DOUTE_(2).jpg;44
354;377;286;MANDRILLS BKB_286_20190926_id4090_maljuv_GAUCHE_(1).jpg;23
430;377;286;MANDRILLS BKB_286_20190926_id4090_maljuv_GAUCHE_(2).jpg;53
738;528;286;MANDRILLS BKB_286_20200224_id4090_maljuv.jpg;210
617;595;286;MANDRILLS BKB_286_20200501_id4090_maljuv.jpg;22
569;766;286;MANDRILLS BKB_286_20201019_id4090_maljuv_(1).jpg;197
673;766;286;MANDRILLS BKB_286_20201019_id4090_maljuv_(10).jpg;93
745;766;286;MANDRILLS BKB_286_20201019_id4090_maljuv_(2).jpg;21
777;766;286;MANDRILLS BKB_286_20201019_id4090_maljuv_(3).jpg;11
824;766;286;MANDRILLS BKB_286_20201019_id4090_maljuv_(4).jpg;58
682;766;286;MANDRILLS BKB_286_20201019_id4090_maljuv_(5).jpg;84
517;766;286;MANDRILLS BKB_286_20201019_id4090_maljuv_(6).jpg;249
701;766;286;MANDRILLS BKB_286_20201019_id4090_maljuv_(7).jpg;65
841;766;286;MANDRILLS BKB_286_20201019_id4090_maljuv_(8).jpg;75
670;766;286;MANDRILLS BKB_286_20201019_id4090_maljuv_(9).jpg;96
640;769;286;MANDRILLS BKB_286_20201022_id4090_maljuv_(1).jpg;129
590;769;286;MANDRILLS BKB_286_20201022_id4090_maljuv_(2).jpg;179
749;769;286;MANDRILLS BKB_286_20201022_id4090_maljuv_(3).jpg;20
660;778;286;MANDRILLS BKB_286_20201031_id4090_maljuv_(1).jpg;118
570;778;286;MANDRILLS BKB_286_20201031_id4090_maljuv_(2).jpg;208
690;781;286;MANDRILLS BKB_286_20201103_id4090_maljuv_(1).jpg;91
544;781;286;MANDRILLS BKB_286_20201103_id4090_maljuv_(2).jpg;237
767;830;286;MANDRILLS BKB_286_20201222_id4090_maljuv_(2).jpg;63
707;831;286;MANDRILLS BKB_286_20201223_id4090_maljuv_(1).jpg;124
711;831;286;MANDRILLS BKB_286_20201223_id4090_maljuv_(2).jpg;120
865;836;286;MANDRILLS BKB_286_20201228_id4090_maljuv_(1).jpg;29
741;836;286;MANDRILLS BKB_286_20201228_id4090_maljuv_(2).jpg;95
857;864;286;MANDRILLS BKB_286_20210125_id4090_maljuv_(1).jpg;7
871;864;286;MANDRILLS BKB_286_20210125_id4090_maljuv_(2).jpg;7
996;873;286;MANDRILLS BKB_286_20210203_id4090_maljuv_(1).jpg;123
946;873;286;MANDRILLS BKB_286_20210203_id4090_maljuv_(2).jpg;73
945;873;286;MANDRILLS BKB_286_20210203_id4090_maljuv_(3).jpg;72
934;873;286;MANDRILLS BKB_286_20210203_id4090_maljuv_(4).jpg;61
764;873;286;MANDRILLS BKB_286_20210203_id4090_maljuv_(5).jpg;109
897;939;286;MANDRILLS BKB_286_20210410_id4090_maljuv.jpg;42
881;1041;286;MANDRILLS BKB_286_20210721_id4090_maljuv.jpg;160
1169;1049;286;MANDRILLS BKB_286_20210729_id4090_maljuv_(1).jpg;120
1130;1049;286;MANDRILLS BKB_286_20210729_id4090_maljuv_(2).jpg;81
1121;1049;286;MANDRILLS BKB_286_20210729_id4090_maljuv_(3).jpg;72
1159;1049;286;MANDRILLS BKB_286_20210729_id4090_maljuv_(4).jpg;110
1010;1106;286;MANDRILLS BKB_286_20210924_id4090_maljuv.jpg;96
1052;1117;286;MANDRILLS BKB_286_20211005_id4090_maljuv.jpg;65
1000;1131;286;MANDRILLS BKB_286_20211019_id4090_maljuv.jpg;131
977;1149;286;MANDRILLS BKB_286_20211106_id4090_maljuv_(1).jpg;172
1060;1149;286;MANDRILLS BKB_286_20211106_id4090_maljuv_(2).jpg;89
1190;1151;286;MANDRILLS BKB_286_20211108_id4090_maljuv_(1).jpg;39
1145;1151;286;MANDRILLS BKB_286_20211108_id4090_maljuv_(2).jpg;6
1326;1162;286;MANDRILLS BKB_286_20211119_id4090_maljuv_(1).jpg;164
1335;1162;286;MANDRILLS BKB_286_20211119_id4090_maljuv_(2).jpg;173
1275;1190;286;MANDRILLS BKB_286_20211217_id4090_maljuv_(1).jpg;85
1204;1190;286;MANDRILLS BKB_286_20211217_id4090_maljuv_(2).jpg;14
1192;1190;286;MANDRILLS BKB_286_20211217_id4090_maljuv_(3).jpg;2
1223;1261;286;MANDRILLS BKB_286_20220226_id4090_maljuv (2).jpg;38
1313;1261;286;MANDRILLS BKB_286_20220226_id4090_maljuv (3).jpg;52
1311;1293;286;MANDRILLS BKB_286_20220330_id4090_maljuv.jpg;18
1134;1333;286;MANDRILLS BKB_286_20220509_id4090_maljuv (1).jpg;199
1241;1333;286;MANDRILLS BKB_286_20220509_id4090_maljuv (2).jpg;92
1247;1339;286;MANDRILLS BKB_286_20220515_id4090_maljuv (3).jpg;92
1403;1350;286;MANDRILLS BKB_286_20220526_id4090_maljuv (1).jpg;53
1372;1350;286;MANDRILLS BKB_286_20220526_id4090_maljuv (2).jpg;22
1244;1350;286;MANDRILLS BKB_286_20220526_id4090_maljuv (3).jpg;106
1276;1350;286;MANDRILLS BKB_286_20220526_id4090_maljuv (4).jpg;74
1390;1362;286;MANDRILLS BKB_286_20220607_id4090_maljuv (1).jpg;28
1079;1362;286;MANDRILLS BKB_286_20220607_id4090_maljuv (2).jpg;283
1304;1384;286;MANDRILLS BKB_286_20220629_id4090 (1).jpg;80
1424;1384;286;MANDRILLS BKB_286_20220629_id4090 (2).jpg;40
1414;1384;286;MANDRILLS BKB_286_20220629_id4090.jpg;30
1283;1399;286;MANDRILLS BKB_286_20220714_id4090 (5).jpg;116
1455;1399;286;MANDRILLS BKB_286_20220714_id4090.jpg;56
1366;1399;286;MANDRILLS BKB_286_20220714_id4090_maljuv (1).jpg;33
1475;1399;286;MANDRILLS BKB_286_20220714_id4090_maljuv (2).jpg;76
1343;1399;286;MANDRILLS BKB_286_20220714_id4090_maljuv (3).jpg;56
1286;1399;286;MANDRILLS BKB_286_20220714_id4090_maljuv.jpg;113
1254;1401;286;MANDRILLS BKB_286_20220716_id4090_maljuv.jpg;147
1390;1428;286;MANDRILLS BKB_286_20220812_id4090.jpg;38
1214;1443;286;MANDRILLS BKB_286_20220827_id4090 (2).jpg;229
1296;1443;286;MANDRILLS BKB_286_20220827_id4090.jpg;147
1483;1482;286;MANDRILLS BKB_286_20221005_id4090.jpg;1
1398;1498;286;MANDRILLS BKB_286_20221021_id4090 (1).jpg;100
1410;1498;286;MANDRILLS BKB_286_20221021_id4090 (2).jpg;88
1424;1498;286;MANDRILLS BKB_286_20221021_id4090 (4).jpg;74
1390;1498;286;MANDRILLS BKB_286_20221021_id4090 (6).jpg;108
1402;1499;286;MANDRILLS BKB_286_20221022_id4090 (1).jpg;97
1342;1499;286;MANDRILLS BKB_286_20221022_id4090 (2).jpg;157
1416;1504;286;MANDRILLS BKB_286_20221027_id4090 (1).jpg;88
1426;1504;286;MANDRILLS BKB_286_20221027_id4090 (2).jpg;78
1534;1538;286;MANDRILLS BKB_286_20221130_id4090 (1).jpg;4
1381;1538;286;MANDRILLS BKB_286_20221130_id4090 (2).jpg;157
1432;1547;286;MANDRILLS BKB_286_20221209_id286.jpg;115
56;29;290;MANDRILLS BKB_290_20190317_id4124_malinf_GAUCHE.jpg;27
129;103;290;MANDRILLS BKB_290_20190530_id4124_malinf_DROITE.jpg;26
180;150;290;MANDRILLS BKB_290_20190716_id4124_malinf.jpg;30
282;202;290;MANDRILLS BKB_290_20190906_id4124_malinf_(1).jpg;80
265;202;290;MANDRILLS BKB_290_20190906_id4124_malinf_(2).jpg;63
267;202;290;MANDRILLS BKB_290_20190906_id4124_malinf_(4).jpg;65
320;202;290;MANDRILLS BKB_290_20190906_id4124_malinf_(5).jpg;118
263;202;290;MANDRILLS BKB_290_20190906_id4124_malinf_(6).jpg;61
295;255;290;MANDRILLS BKB_290_20191029_id4124_malinf.jpg;40
318;298;290;MANDRILLS BKB_290_20191211_id4124_malinf_(1).jpg;20
294;298;290;MANDRILLS BKB_290_20191211_id4124_malinf_(2).jpg;4
324;298;290;MANDRILLS BKB_290_20191211_id4124_malinf_(3).jpg;26
317;326;290;MANDRILLS BKB_290_20200108_id4124_malinf.jpg;9
358;424;290;MANDRILLS BKB_290_20200415_id4124_maljuv.jpg;66
589;610;290;MANDRILLS BKB_290_20201018_id4124_maljuv_(1).jpg;21
540;610;290;MANDRILLS BKB_290_20201018_id4124_maljuv_(2).jpg;70
574;610;290;MANDRILLS BKB_290_20201018_id4124_maljuv_(3).jpg;36
602;611;290;MANDRILLS BKB_290_20201019_id4124_maljuv_(1).jpg;9
586;611;290;MANDRILLS BKB_290_20201019_id4124_maljuv_(2).jpg;25
628;612;290;MANDRILLS BKB_290_20201020_id4124_maljuv.jpg;16
565;614;290;MANDRILLS BKB_290_20201022_id4124_maljuv_(1).jpg;49
674;614;290;MANDRILLS BKB_290_20201022_id4124_maljuv_(2).jpg;60
612;614;290;MANDRILLS BKB_290_20201022_id4124_maljuv_(3).jpg;2
757;621;290;MANDRILLS BKB_290_20201029_id4124_maljuv_(1).jpg;136
726;621;290;MANDRILLS BKB_290_20201029_id4124_maljuv_(2).jpg;105
856;621;290;MANDRILLS BKB_290_20201029_id4124_maljuv_(3).jpg;235
807;624;290;MANDRILLS BKB_290_20201101_id4124_maljuv.jpg;183
605;644;290;MANDRILLS BKB_290_20201121_id4124_maljuv_(1).jpg;39
585;644;290;MANDRILLS BKB_290_20201121_id4124_maljuv_(2).jpg;59
667;644;290;MANDRILLS BKB_290_20201121_id4124_maljuv_(3).jpg;23
579;644;290;MANDRILLS BKB_290_20201121_id4124_maljuv_(4).jpg;65
786;683;290;MANDRILLS BKB_290_20201230_id4124_maljuv_(2).jpg;103
661;683;290;MANDRILLS BKB_290_20201230_id4124_maljuv_(3).jpg;22
509;683;290;MANDRILLS BKB_290_20201230_id4124_maljuv_(4).jpg;174
576;683;290;MANDRILLS BKB_290_20201230_id4124_maljuv_(5).jpg;107
536;683;290;MANDRILLS BKB_290_20201230_id4124_maljuv_(6).jpg;147
751;683;290;MANDRILLS BKB_290_20201230_id4124_maljuv_(7).jpg;68
950;684;290;MANDRILLS BKB_290_20201231_id4124_maljuv_(1).jpg;266
816;684;290;MANDRILLS BKB_290_20201231_id4124_maljuv_(2).jpg;132
725;684;290;MANDRILLS BKB_290_20201231_id4124_maljuv_(3).jpg;41
731;684;290;MANDRILLS BKB_290_20201231_id4124_maljuv_(4).jpg;47
731;684;290;MANDRILLS BKB_290_20201231_id4124_maljuv_(5).jpg;47
680;705;290;MANDRILLS BKB_290_20210121_id4124_maljuv_(1).jpg;25
401;705;290;MANDRILLS BKB_290_20210121_id4124_maljuv_(2).jpg;304
641;713;290;MANDRILLS BKB_290_20210129_id4124_maljuv_(1).jpg;72
616;713;290;MANDRILLS BKB_290_20210129_id4124_maljuv_(2).jpg;97
643;719;290;MANDRILLS BKB_290_20210204_id4124_maljuv_(1).jpg;76
747;719;290;MANDRILLS BKB_290_20210204_id4124_maljuv_(2).jpg;28
680;719;290;MANDRILLS BKB_290_20210204_id4124_maljuv_(3).jpg;39
695;719;290;MANDRILLS BKB_290_20210204_id4124_maljuv_(4).jpg;24
715;719;290;MANDRILLS BKB_290_20210204_id4124_maljuv_(5).jpg;4
816;751;290;MANDRILLS BKB_290_20210308_id4124_maljuv.jpg;65
811;775;290;MANDRILLS BKB_290_20210401_id4124_maljuv_(1).jpg;36
761;775;290;MANDRILLS BKB_290_20210401_id4124_maljuv_(2).jpg;14
877;776;290;MANDRILLS BKB_290_20210402_id4124_maljuv.jpg;101
757;784;290;MANDRILLS BKB_290_20210410_id4124_maljuv.jpg;27
768;815;290;MANDRILLS BKB_290_20210511_id4124_maljuv_(1).jpg;47
624;815;290;MANDRILLS BKB_290_20210511_id4124_maljuv_(2).jpg;191
980;931;290;MANDRILLS BKB_290_20210904_id4124_maljuv (1).jpg;49
950;931;290;MANDRILLS BKB_290_20210904_id4124_maljuv (3).jpg;19
1104;931;290;MANDRILLS BKB_290_20210904_id4124_maljuv (4).jpg;173
999;931;290;MANDRILLS BKB_290_20210904_id4124_maljuv (5).jpg;68
897;931;290;MANDRILLS BKB_290_20210904_id4124_maljuv (6).jpg;34
876;962;290;MANDRILLS BKB_290_20211005_id4124_maljuv.jpg;86
1085;1014;290;MANDRILLS BKB_290_20211126_id4124_maljuv.jpg;71
993;1035;290;MANDRILLS BKB_290_20211217_id4124_maljuv_(1).jpg;42
866;1035;290;MANDRILLS BKB_290_20211217_id4124_maljuv_(2).jpg;169
1039;1081;290;MANDRILLS BKB_290_20220201_id4124_maljuv (1).jpg;42
685;1081;290;MANDRILLS BKB_290_20220201_id4124_maljuv (2).jpg;396
1102;1081;290;MANDRILLS BKB_290_20220201_id4124_maljuv (3).jpg;21
948;1081;290;MANDRILLS BKB_290_20220201_id4124_maljuv (4).jpg;133
974;1081;290;MANDRILLS BKB_290_20220201_id4124_maljuv (5).jpg;107
1111;1081;290;MANDRILLS BKB_290_20220201_id4124_maljuv.jpg;30
1064;1096;290;MANDRILLS BKB_290_20220216_id4124_maljuv (1).jpg;32
1076;1096;290;MANDRILLS BKB_290_20220216_id4124_maljuv (2).jpg;20
1053;1115;290;MANDRILLS BKB_290_20220307_id4124_maljuv.jpg;62
1128;1132;290;MANDRILLS BKB_290_20220324_id4124_maljuv (1).jpg;4
958;1132;290;MANDRILLS BKB_290_20220324_id4124_maljuv (2).jpg;174
1120;1149;290;MANDRILLS BKB_290_20220410_id4124_maljuv.jpg;29
988;1185;290;MANDRILLS BKB_290_20220516_id4124_maljuv (2).jpg;197
1202;1185;290;MANDRILLS BKB_290_20220516_id4124_maljuv.jpg;17
1273;1201;290;MANDRILLS BKB_290_20220601_id4124_maljuv.jpg;72
1311;1229;290;MANDRILLS BKB_290_20220629_id4124 (1).jpg;82
1043;1229;290;MANDRILLS BKB_290_20220629_id4124 (2).jpg;186
1145;1229;290;MANDRILLS BKB_290_20220629_id4124 (3).jpg;84
948;1229;290;MANDRILLS BKB_290_20220629_id4124 (4).jpg;281
1139;1229;290;MANDRILLS BKB_290_20220629_id4124 (5).jpg;90
1084;1229;290;MANDRILLS BKB_290_20220629_id4124 (6).jpg;145
1242;1246;290;MANDRILLS BKB_290_20220716_id4124 (2).jpg;4
1356;1246;290;MANDRILLS BKB_290_20220716_id4124.jpg;110
1035;1273;290;MANDRILLS BKB_290_20220812_id4124.jpg;238
1182;1279;290;MANDRILLS BKB_290_20220818_id4124.jpg;97
1163;1287;290;MANDRILLS BKB_290_20220826_id4124 (1).jpg;124
1298;1287;290;MANDRILLS BKB_290_20220826_id4124 (2).jpg;11
1253;1287;290;MANDRILLS BKB_290_20220826_id4124 (3).jpg;34
1193;1287;290;MANDRILLS BKB_290_20220826_id4124 (4).jpg;94
1229;1287;290;MANDRILLS BKB_290_20220826_id4124 (5).jpg;58
1180;1296;290;MANDRILLS BKB_290_20220904_id4124 (1).jpg;116
1215;1296;290;MANDRILLS BKB_290_20220904_id4124 (2).jpg;81
1142;1297;290;MANDRILLS BKB_290_20220905_id4124 (1).jpg;155
1418;1297;290;MANDRILLS BKB_290_20220905_id4124 (2).jpg;121
1294;1297;290;MANDRILLS BKB_290_20220905_id4124 (3).jpg;3
1406;1297;290;MANDRILLS BKB_290_20220905_id4124 (4).jpg;109
1193;1300;290;MANDRILLS BKB_290_20220908_id4124 (1).jpg;107
1385;1300;290;MANDRILLS BKB_290_20220908_id4124 (2).jpg;85
1185;1310;290;MANDRILLS BKB_290_20220918_id4124.jpg;125
1313;1320;290;MANDRILLS BKB_290_20220928_id4124 (1).jpg;7
1183;1343;290;MANDRILLS BKB_290_20221021_id4124 (1).jpg;160
1320;1343;290;MANDRILLS BKB_290_20221021_id4124 (2).jpg;23
1253;1343;290;MANDRILLS BKB_290_20221021_id4124 (3).jpg;90
1294;1349;290;MANDRILLS BKB_290_20221027_id4124.jpg;55
1455;1374;290;MANDRILLS BKB_290_20221121_id4124.jpg;81
1355;1378;290;MANDRILLS BKB_290_20221125_id4124.jpg;23
1404;1383;290;MANDRILLS BKB_290_20221130_id4124 (2).jpg;21
1363;1383;290;MANDRILLS BKB_290_20221130_id4124 (3).jpg;20
1186;1383;290;MANDRILLS BKB_290_20221130_id4124 (4).jpg;197
1296;1383;290;MANDRILLS BKB_290_20221130_id4124.jpg;87
1378;1392;290;MANDRILLS BKB_290_20221209_id290 (1).jpg;14
1382;1392;290;MANDRILLS BKB_290_20221209_id290 (2).jpg;10
1328;1392;290;MANDRILLS BKB_290_20221209_id290.jpg;64
1211;1397;290;MANDRILLS BKB_290_20221214_id290 (1).jpg;186
1187;1397;290;MANDRILLS BKB_290_20221214_id290 (2).jpg;210
43;8;292;MANDRILLS BKB_292_20190223_id4150_BAS_(11)_ORIGINAL.jpg;35
24;8;292;MANDRILLS BKB_292_20190223_id4150_BAS_(14)_ORIGINAL.jpg;16
16;8;292;MANDRILLS BKB_292_20190223_id4150_BAS_(16)_ORIGINAL.jpg;8
23;8;292;MANDRILLS BKB_292_20190223_id4150_BAS_(3)_ORIGINAL.jpg;15
30;8;292;MANDRILLS BKB_292_20190223_id4150_BAS_(4)_ORIGINAL.jpg;22
10;8;292;MANDRILLS BKB_292_20190223_id4150_BAS_(7)_ORIGINAL.jpg;2
-22;8;292;MANDRILLS BKB_292_20190223_id4150_BAS_(8)_ORIGINAL.jpg;30
1;8;292;MANDRILLS BKB_292_20190223_id4150_BAS_(9)_ORIGINAL.jpg;7
43;26;292;MANDRILLS BKB_292_20190313_id4150_malinf_(1).jpg;17
16;26;292;MANDRILLS BKB_292_20190313_id4150_malinf_(2).jpg;10
-23;26;292;MANDRILLS BKB_292_20190313_id4150_malinf_BAS_(10).jpg;49
0;26;292;MANDRILLS BKB_292_20190313_id4150_malinf_BAS_(11).jpg;26
3;26;292;MANDRILLS BKB_292_20190313_id4150_malinf_BAS_(5).jpg;23
10;26;292;MANDRILLS BKB_292_20190313_id4150_malinf_BAS_(6).jpg;16
46;26;292;MANDRILLS BKB_292_20190313_id4150_malinf_BAS_(7).jpg;20
17;26;292;MANDRILLS BKB_292_20190313_id4150_malinf_BAS_(8).jpg;9
2;26;292;MANDRILLS BKB_292_20190313_id4150_malinf_BAS_(9).jpg;24
26;26;292;MANDRILLS BKB_292_20190313_id4150_malinf_CENTRE_(2).jpg;0
21;26;292;MANDRILLS BKB_292_20190313_id4150_malinf_CENTRE_(3).jpg;5
15;26;292;MANDRILLS BKB_292_20190313_id4150_malinf_CENTRE_(4).jpg;11
15;26;292;MANDRILLS BKB_292_20190313_id4150_malinf_GAUCHE_(1).jpg;11
20;30;292;MANDRILLS BKB_292_20190317_id4150_malinf_BAS.jpg;10
-54;30;292;MANDRILLS BKB_292_20190317_id4150_malinf_DROITE_(1).jpg;84
42;30;292;MANDRILLS BKB_292_20190317_id4150_malinf_DROITE_(2).jpg;12
34;30;292;MANDRILLS BKB_292_20190317_id4150_malinf_DROITE_(3).jpg;4
36;30;292;MANDRILLS BKB_292_20190317_id4150_malinf_DROITE_(4).jpg;6
41;30;292;MANDRILLS BKB_292_20190317_id4150_malinf_DROITE_(5).jpg;11
45;30;292;MANDRILLS BKB_292_20190317_id4150_malinf_DROITE_(6).jpg;15
35;30;292;MANDRILLS BKB_292_20190317_id4150_malinf_DROITE_(7).jpg;5
26;30;292;MANDRILLS BKB_292_20190317_id4150_malinf_DROITE_(8).jpg;4
11;37;292;MANDRILLS BKB_292_20190324_id4150_malinf.jpg;26
77;150;292;MANDRILLS BKB_292_20190715_id4150_malinf_(1).jpg;73
137;150;292;MANDRILLS BKB_292_20190715_id4150_malinf_(2).jpg;13
90;150;292;MANDRILLS BKB_292_20190715_id4150_malinf_(3).jpg;60
217;172;292;MANDRILLS BKB_292_20190806_id4150_malinf_(2).jpg;45
197;172;292;MANDRILLS BKB_292_20190806_id4150_malinf_(3).jpg;25
200;172;292;MANDRILLS BKB_292_20190806_id4150_malinf_(4).jpg;28
203;172;292;MANDRILLS BKB_292_20190806_id4150_malinf_(5).jpg;31
308;208;292;MANDRILLS BKB_292_20190911_id4150_malinf_(10).jpg;100
208;208;292;MANDRILLS BKB_292_20190911_id4150_malinf_(12).jpg;0
222;208;292;MANDRILLS BKB_292_20190911_id4150_malinf_(13).jpg;14
216;208;292;MANDRILLS BKB_292_20190911_id4150_malinf_(14).jpg;8
247;208;292;MANDRILLS BKB_292_20190911_id4150_malinf_(15).jpg;39
272;208;292;MANDRILLS BKB_292_20190911_id4150_malinf_(16).jpg;64
301;208;292;MANDRILLS BKB_292_20190911_id4150_malinf_(17).jpg;93
294;208;292;MANDRILLS BKB_292_20190911_id4150_malinf_(3).jpg;86
294;208;292;MANDRILLS BKB_292_20190911_id4150_malinf_(4).jpg;86
296;208;292;MANDRILLS BKB_292_20190911_id4150_malinf_(5).jpg;88
280;208;292;MANDRILLS BKB_292_20190911_id4150_malinf_(6).jpg;72
292;208;292;MANDRILLS BKB_292_20190911_id4150_malinf_(7).jpg;84
231;208;292;MANDRILLS BKB_292_20190911_id4150_malinf_(8).jpg;23
183;208;292;MANDRILLS BKB_292_20190911_id4150_malinf_(9).jpg;25
287;230;292;MANDRILLS BKB_292_20191003_id4150_malinf_(1).jpg;57
314;230;292;MANDRILLS BKB_292_20191003_id4150_malinf_(2).jpg;84
251;235;292;MANDRILLS BKB_292_20191008_id4150_malinf_(1).jpg;16
315;235;292;MANDRILLS BKB_292_20191008_id4150_malinf_(2).jpg;80
251;235;292;MANDRILLS BKB_292_20191008_id4150_malinf_(3).jpg;16
323;235;292;MANDRILLS BKB_292_20191008_id4150_malinf_(4).jpg;88
287;235;292;MANDRILLS BKB_292_20191008_id4150_malinf_(5).jpg;52
307;268;292;MANDRILLS BKB_292_20191110_id4150_malinf.jpg;39
303;299;292;MANDRILLS BKB_292_20191211_id4150_malinf.jpg;4
351;334;292;MANDRILLS BKB_292_20200115_id4150_malinf.jpg;17
280;340;292;MANDRILLS BKB_292_20200121_id4150_malinf_(1).jpg;60
314;340;292;MANDRILLS BKB_292_20200121_id4150_malinf_(2).jpg;26
480;360;292;MANDRILLS BKB_292_20200210_id4150_malinf_(1).jpg;120
442;360;292;MANDRILLS BKB_292_20200210_id4150_malinf_(2).jpg;82
489;369;292;MANDRILLS BKB_292_20200219_id4150_maljuv_(1).jpg;120
380;369;292;MANDRILLS BKB_292_20200219_id4150_maljuv_(2).jpg;11
576;611;292;MANDRILLS BKB_292_20201018_id4150_maljuv_(1).jpg;35
710;611;292;MANDRILLS BKB_292_20201018_id4150_maljuv_(10).jpg;99
620;611;292;MANDRILLS BKB_292_20201018_id4150_maljuv_(11).jpg;9
563;611;292;MANDRILLS BKB_292_20201018_id4150_maljuv_(12).jpg;48
503;611;292;MANDRILLS BKB_292_20201018_id4150_maljuv_(13).jpg;108
514;611;292;MANDRILLS BKB_292_20201018_id4150_maljuv_(14).jpg;97
545;611;292;MANDRILLS BKB_292_20201018_id4150_maljuv_(15).jpg;66
667;611;292;MANDRILLS BKB_292_20201018_id4150_maljuv_(16).jpg;56
600;611;292;MANDRILLS BKB_292_20201018_id4150_maljuv_(17).jpg;11
698;611;292;MANDRILLS BKB_292_20201018_id4150_maljuv_(18).jpg;87
590;611;292;MANDRILLS BKB_292_20201018_id4150_maljuv_(19).jpg;21
603;611;292;MANDRILLS BKB_292_20201018_id4150_maljuv_(2).jpg;8
574;611;292;MANDRILLS BKB_292_20201018_id4150_maljuv_(20).jpg;37
649;611;292;MANDRILLS BKB_292_20201018_id4150_maljuv_(21).jpg;38
603;611;292;MANDRILLS BKB_292_20201018_id4150_maljuv_(22).jpg;8
599;611;292;MANDRILLS BKB_292_20201018_id4150_maljuv_(23).jpg;12
588;611;292;MANDRILLS BKB_292_20201018_id4150_maljuv_(24).jpg;23
538;611;292;MANDRILLS BKB_292_20201018_id4150_maljuv_(25).jpg;73
628;611;292;MANDRILLS BKB_292_20201018_id4150_maljuv_(26).jpg;17
621;611;292;MANDRILLS BKB_292_20201018_id4150_maljuv_(27).jpg;10
615;611;292;MANDRILLS BKB_292_20201018_id4150_maljuv_(28).jpg;4
580;611;292;MANDRILLS BKB_292_20201018_id4150_maljuv_(29).jpg;31
571;611;292;MANDRILLS BKB_292_20201018_id4150_maljuv_(3).jpg;40
516;611;292;MANDRILLS BKB_292_20201018_id4150_maljuv_(4).jpg;95
595;611;292;MANDRILLS BKB_292_20201018_id4150_maljuv_(5).jpg;16
600;611;292;MANDRILLS BKB_292_20201018_id4150_maljuv_(6).jpg;11
647;611;292;MANDRILLS BKB_292_20201018_id4150_maljuv_(7).jpg;36
563;611;292;MANDRILLS BKB_292_20201018_id4150_maljuv_(8).jpg;48
679;611;292;MANDRILLS BKB_292_20201018_id4150_maljuv_(9).jpg;68
623;649;292;MANDRILLS BKB_292_20201125_id4150_maljuv_(1).jpg;26
594;649;292;MANDRILLS BKB_292_20201125_id4150_maljuv_(2).jpg;55
861;675;292;MANDRILLS BKB_292_20201221_id4150_maljuv.jpg;186
856;681;292;MANDRILLS BKB_292_20201227_id4150_maljuv.jpg;175
1052;688;292;MANDRILLS BKB_292_20210103_id4150_maljuv_(1).jpg;364
708;688;292;MANDRILLS BKB_292_20210103_id4150_maljuv_(2).jpg;20
807;702;292;MANDRILLS BKB_292_20210117_id4150_maljuv_(1).jpg;105
715;702;292;MANDRILLS BKB_292_20210117_id4150_maljuv_(2).jpg;13
696;714;292;MANDRILLS BKB_292_20210129_id4150_maljuv.jpg;18
627;732;292;MANDRILLS BKB_292_20210216_id4150_maljuv.jpg;105
879;732;292;MANDRILLS BKB_292_20210216_id4150_maljuv_(1).jpg;147
657;732;292;MANDRILLS BKB_292_20210216_id4150_maljuv_(2).jpg;75
637;732;292;MANDRILLS BKB_292_20210216_id4150_maljuv_(3).jpg;95
950;740;292;MANDRILLS BKB_292_20210224_id4150_maljuv.jpg;210
820;752;292;MANDRILLS BKB_292_20210308_id4150_maljuv_(1).jpg;68
768;752;292;MANDRILLS BKB_292_20210308_id4150_maljuv_(2).jpg;16
817;752;292;MANDRILLS BKB_292_20210308_id4150_maljuv_(3).jpg;65
907;777;292;MANDRILLS BKB_292_20210402_id4150_maljuv.jpg;130
693;889;292;MANDRILLS BKB_292_20210723_id4150_maljuv_(1).jpg;196
995;889;292;MANDRILLS BKB_292_20210723_id4150_maljuv_(2).jpg;106
841;889;292;MANDRILLS BKB_292_20210723_id4150_maljuv_(3).jpg;48
1022;941;292;MANDRILLS BKB_292_20210913_id4150_maljuv (1).jpg;81
1079;941;292;MANDRILLS BKB_292_20210913_id4150_maljuv (2).jpg;138
1392;1008;292;MANDRILLS BKB_292_20211119_id4150_maljuv_(1).jpg;384
837;1008;292;MANDRILLS BKB_292_20211119_id4150_maljuv_(2).jpg;171
1202;1070;292;MANDRILLS BKB_292_20220120_id4150.jpg;132
1096;1072;292;MANDRILLS BKB_292_20220122_id4150 (1).jpg;24
1147;1072;292;MANDRILLS BKB_292_20220122_id4150 (2).jpg;75
1113;1072;292;MANDRILLS BKB_292_20220122_id4150 (3).jpg;41
1050;1072;292;MANDRILLS BKB_292_20220122_id4150 (4).jpg;22
1112;1072;292;MANDRILLS BKB_292_20220122_id4150 (5).jpg;40
969;1082;292;MANDRILLS BKB_292_20220201_id4150_maljuv (1).jpg;113
1024;1082;292;MANDRILLS BKB_292_20220201_id4150_maljuv (2).jpg;58
1134;1082;292;MANDRILLS BKB_292_20220201_id4150_maljuv (3).jpg;52
1082;1082;292;MANDRILLS BKB_292_20220201_id4150_maljuv (4).jpg;0
1061;1082;292;MANDRILLS BKB_292_20220201_id4150_maljuv (5).jpg;21
1072;1082;292;MANDRILLS BKB_292_20220201_id4150_maljuv (6).jpg;10
1013;1082;292;MANDRILLS BKB_292_20220201_id4150_maljuv (7).jpg;69
1166;1097;292;MANDRILLS BKB_292_20220216_id4150_maljuv.jpg;69
1141;1113;292;MANDRILLS BKB_292_20220304_id4150_maljuv (1).jpg;28
1242;1113;292;MANDRILLS BKB_292_20220304_id4150_maljuv (2).jpg;129
1134;1113;292;MANDRILLS BKB_292_20220304_id4150_maljuv (3).jpg;21
1172;1133;292;MANDRILLS BKB_292_20220324_id4150_maljuv (1).jpg;39
1068;1133;292;MANDRILLS BKB_292_20220324_id4150_maljuv (2).jpg;65
1314;1133;292;MANDRILLS BKB_292_20220324_id4150_maljuv (3).jpg;181
1229;1133;292;MANDRILLS BKB_292_20220324_id4150_maljuv (4).jpg;96
1236;1165;292;MANDRILLS BKB_292_20220425_id4150_maljuv (2).jpg;71
1275;1165;292;MANDRILLS BKB_292_20220425_id4150_maljuv (3).jpg;110
1151;1200;292;MANDRILLS BKB_292_20220530_id4150_maljuv (1).jpg;49
1307;1200;292;MANDRILLS BKB_292_20220530_id4150_maljuv (2).jpg;107
1327;1200;292;MANDRILLS BKB_292_20220530_id4150_maljuv (3).jpg;127
1464;1208;292;MANDRILLS BKB_292_20220607_id4150_maljuv.jpg;256
1368;1230;292;MANDRILLS BKB_292_20220629_id4150 (1).jpg;138
1304;1230;292;MANDRILLS BKB_292_20220629_id4150 (2).jpg;74
1427;1230;292;MANDRILLS BKB_292_20220629_id4150 (3).jpg;197
1359;1230;292;MANDRILLS BKB_292_20220629_id4150 (4).jpg;129
1500;1230;292;MANDRILLS BKB_292_20220629_id4150 (5).jpg;270
1351;1230;292;MANDRILLS BKB_292_20220629_id4150 (6).jpg;121
1375;1242;292;MANDRILLS BKB_292_20220711_id4150.jpg;133
1163;1247;292;MANDRILLS BKB_292_20220716_id4150.jpg;84
1309;1269;292;MANDRILLS BKB_292_20220807_id4150.jpg;40
1421;1281;292;MANDRILLS BKB_292_20220819_id4150.jpg;140
1431;1289;292;MANDRILLS BKB_292_20220827_id4150.jpg;142
1295;1302;292;MANDRILLS BKB_292_20220909_id4150.jpg;7
1468;1304;292;MANDRILLS BKB_292_20220911_id4150.jpg;164
1125;1328;292;MANDRILLS BKB_292_20221005_id4150 (1).jpg;203
1417;1328;292;MANDRILLS BKB_292_20221005_id4150 (2).jpg;89
1421;1384;292;MANDRILLS BKB_292_20221130_id4150.jpg;37
1457;1393;292;MANDRILLS BKB_292_20221209_id292.jpg;64
1326;1399;292;MANDRILLS BKB_292_20221215_id292.jpg;73
3;4;293;MANDRILLS BKB_293_20181212_id4157_malinf_bas_(1)_ORIGINAL.jpg;1
19;4;293;MANDRILLS BKB_293_20181212_id4157_malinf_bas_(3)_ORIGINAL.jpg;15
12;35;293;MANDRILLS BKB_293_20190112_id4157_malinf_(1)_ORIGINAL.jpg;23
14;35;293;MANDRILLS BKB_293_20190112_id4157_malinf_(10)_ORIGINAL.jpg;21
18;35;293;MANDRILLS BKB_293_20190112_id4157_malinf_(11)_ORIGINAL.jpg;17
6;35;293;MANDRILLS BKB_293_20190112_id4157_malinf_(12)_ORIGINAL.jpg;29
15;35;293;MANDRILLS BKB_293_20190112_id4157_malinf_(13)_ORIGINAL.jpg;20
2;35;293;MANDRILLS BKB_293_20190112_id4157_malinf_(2)_ORIGINAL.jpg;33
19;35;293;MANDRILLS BKB_293_20190112_id4157_malinf_(3)_ORIGINAL.jpg;16
12;35;293;MANDRILLS BKB_293_20190112_id4157_malinf_(4)_ORIGINAL.jpg;23
6;35;293;MANDRILLS BKB_293_20190112_id4157_malinf_(5)_ORIGINAL.jpg;29
9;35;293;MANDRILLS BKB_293_20190112_id4157_malinf_(6)_ORIGINAL.jpg;26
9;35;293;MANDRILLS BKB_293_20190112_id4157_malinf_(7)_ORIGINAL.jpg;26
15;35;293;MANDRILLS BKB_293_20190112_id4157_malinf_(8)_ORIGINAL.jpg;20
14;35;293;MANDRILLS BKB_293_20190112_id4157_malinf_(9)_ORIGINAL.jpg;21
105;222;293;MANDRILLS BKB_293_20190718_id4157_malinf_CENTRE_(1).jpg;117
153;222;293;MANDRILLS BKB_293_20190718_id4157_malinf_CENTRE_(2).jpg;69
184;222;293;MANDRILLS BKB_293_20190718_id4157_malinf_CENTRE_(3).jpg;38
222;222;293;MANDRILLS BKB_293_20190718_id4157_malinf_CENTRE_(4).jpg;0
176;222;293;MANDRILLS BKB_293_20190718_id4157_malinf_CENTRE_(5).jpg;46
201;222;293;MANDRILLS BKB_293_20190718_id4157_malinf_CENTRE_(6).jpg;21
206;222;293;MANDRILLS BKB_293_20190718_id4157_malinf_CENTRE_(7).jpg;16
166;222;293;MANDRILLS BKB_293_20190718_id4157_malinf_CENTRE_(8).jpg;56
258;222;293;MANDRILLS BKB_293_20190718_id4157_malinf_CENTRE_(9).jpg;36
215;222;293;MANDRILLS BKB_293_20190718_id4157_malinf_GAUCHE_(1).jpg;7
213;222;293;MANDRILLS BKB_293_20190718_id4157_malinf_GAUCHE_(2).jpg;9
314;277;293;MANDRILLS BKB_293_20190911_id4157_malinf_(2).jpg;37
289;277;293;MANDRILLS BKB_293_20190911_id4157_malinf_(4).jpg;12
384;277;293;MANDRILLS BKB_293_20190911_id4157_malinf_(5).jpg;107
306;277;293;MANDRILLS BKB_293_20190911_id4157_malinf_(6).jpg;29
320;277;293;MANDRILLS BKB_293_20190911_id4157_malinf_(7).jpg;43
294;292;293;MANDRILLS BKB_293_20190926_id4157_malinf_(1).jpg;2
299;292;293;MANDRILLS BKB_293_20190926_id4157_malinf_(2).jpg;7
303;292;293;MANDRILLS BKB_293_20190926_id4157_malinf_(3).jpg;11
286;292;293;MANDRILLS BKB_293_20190926_id4157_malinf_(6).jpg;6
295;325;293;MANDRILLS BKB_293_20191029_id4157_malinf.jpg;30
409;468;293;MANDRILLS BKB_293_20200320_id4157_maljuv.jpg;59
535;684;293;MANDRILLS BKB_293_20201022_id4157_maljuv_(1).jpg;149
732;684;293;MANDRILLS BKB_293_20201022_id4157_maljuv_(2).jpg;48
666;684;293;MANDRILLS BKB_293_20201022_id4157_maljuv_(3).jpg;18
636;686;293;MANDRILLS BKB_293_20201024_id4157_maljuv_(1).jpg;50
833;686;293;MANDRILLS BKB_293_20201024_id4157_maljuv_(2).jpg;147
596;686;293;MANDRILLS BKB_293_20201024_id4157_maljuv_(3).jpg;90
594;716;293;MANDRILLS BKB_293_20201123_id4157_maljuv.jpg;122
784;744;293;MANDRILLS BKB_293_20201221_id4157_maljuv.jpg;40
674;767;293;MANDRILLS BKB_293_20210113_id4157_maljuv_(1).jpg;93
732;767;293;MANDRILLS BKB_293_20210113_id4157_maljuv_(2).jpg;35
811;771;293;MANDRILLS BKB_293_20210117_id4157_maljuv_(1).jpg;40
809;771;293;MANDRILLS BKB_293_20210117_id4157_maljuv_(2).jpg;38
740;771;293;MANDRILLS BKB_293_20210117_id4157_maljuv_(3).jpg;31
783;802;293;MANDRILLS BKB_293_20210217_id4157_maljuv.jpg;19
984;842;293;MANDRILLS BKB_293_20210329_id4157_maljuv.jpg;142
991;912;293;MANDRILLS BKB_293_20210607_id4157_maljuv_(1).jpg;79
782;912;293;MANDRILLS BKB_293_20210607_id4157_maljuv_(10).jpg;130
950;912;293;MANDRILLS BKB_293_20210607_id4157_maljuv_(2).jpg;38
869;912;293;MANDRILLS BKB_293_20210607_id4157_maljuv_(3).jpg;43
939;912;293;MANDRILLS BKB_293_20210607_id4157_maljuv_(4).jpg;27
972;912;293;MANDRILLS BKB_293_20210607_id4157_maljuv_(5).jpg;60
815;912;293;MANDRILLS BKB_293_20210607_id4157_maljuv_(7).jpg;97
865;912;293;MANDRILLS BKB_293_20210607_id4157_maljuv_(8).jpg;47
835;912;293;MANDRILLS BKB_293_20210607_id4157_maljuv_(9).jpg;77
1092;918;293;MANDRILLS BKB_293_20210613_id4157_maljuv_(1).jpg;174
936;918;293;MANDRILLS BKB_293_20210613_id4157_maljuv_(2).jpg;18
1166;918;293;MANDRILLS BKB_293_20210613_id4157_maljuv_(3).jpg;248
888;918;293;MANDRILLS BKB_293_20210613_id4157_maljuv_(4).jpg;30
990;918;293;MANDRILLS BKB_293_20210613_id4157_maljuv_(5).jpg;72
919;918;293;MANDRILLS BKB_293_20210613_id4157_maljuv_(6).jpg;1
824;927;293;MANDRILLS BKB_293_20210622_id4157_maljuv_(1).jpg;103
924;927;293;MANDRILLS BKB_293_20210622_id4157_maljuv_(2).jpg;3
839;927;293;MANDRILLS BKB_293_20210622_id4157_maljuv_(3).jpg;88
574;1001;293;MANDRILLS BKB_293_20210904_id4157_maljuv.jpg;427
1048;1046;293;MANDRILLS BKB_293_20211019_id4157_maljuv_(2).jpg;2
829;1105;293;MANDRILLS BKB_293_20211217_id4157_femjuv_(1).jpg;276
1144;1105;293;MANDRILLS BKB_293_20211217_id4157_femjuv_(2).jpg;39
1094;1114;293;MANDRILLS BKB_293_20211226_id4157_maljuv_(1).jpg;20
1048;1114;293;MANDRILLS BKB_293_20211226_id4157_maljuv_(2).jpg;66
1218;1141;293;MANDRILLS BKB_293_20220122_id4157 (1).jpg;77
1268;1141;293;MANDRILLS BKB_293_20220122_id4157 (2).jpg;127
1014;1145;293;MANDRILLS BKB_293_20220126_id4157.jpg;131
1077;1146;293;MANDRILLS BKB_293_20220127_id4157.jpg;69
1042;1165;293;MANDRILLS BKB_293_20220215_id4157_maljuv.jpg;123
1104;1171;293;MANDRILLS BKB_293_20220221_id4157_maljuv.jpg;67
1049;1182;293;MANDRILLS BKB_293_20220304_id4157_maljuv (1).jpg;133
1050;1182;293;MANDRILLS BKB_293_20220304_id4157_maljuv (2).jpg;132
1152;1182;293;MANDRILLS BKB_293_20220304_id4157_maljuv (3).jpg;30
1042;1182;293;MANDRILLS BKB_293_20220304_id4157_maljuv (4).jpg;140
1161;1193;293;MANDRILLS BKB_293_20220315_id4157_maljuv.jpg;32
1079;1205;293;MANDRILLS BKB_293_20220327_id4157_maljuv (1).jpg;126
1068;1205;293;MANDRILLS BKB_293_20220327_id4157_maljuv (2).jpg;137
1060;1213;293;MANDRILLS BKB_293_20220404_id4157_maljuv (1).jpg;153
1217;1213;293;MANDRILLS BKB_293_20220404_id4157_maljuv (2).jpg;4
1122;1213;293;MANDRILLS BKB_293_20220404_id4157_maljuv (3).jpg;91
1179;1213;293;MANDRILLS BKB_293_20220404_id4157_maljuv (4).jpg;34
1107;1213;293;MANDRILLS BKB_293_20220404_id4157_maljuv (5).jpg;106
1215;1213;293;MANDRILLS BKB_293_20220404_id4157_maljuv (6).jpg;2
1057;1255;293;MANDRILLS BKB_293_20220516_id4157_maljuv (1).jpg;198
1004;1255;293;MANDRILLS BKB_293_20220516_id4157_maljuv (2).jpg;251
1144;1255;293;MANDRILLS BKB_293_20220516_id4157_maljuv (3).jpg;111
1184;1255;293;MANDRILLS BKB_293_20220516_id4157_maljuv (5).jpg;71
1436;1277;293;MANDRILLS BKB_293_20220607_id4157_maljuv.jpg;159
1451;1289;293;MANDRILLS BKB_293_20220619_id4157_maljuv.jpg;162
1259;1299;293;MANDRILLS BKB_293_20220629_id4157.jpg;40
1240;1316;293;MANDRILLS BKB_293_20220716_id4157_maljuv.jpg;76
1255;1333;293;MANDRILLS BKB_293_20220802_id4157.jpg;78
1219;1334;293;MANDRILLS BKB_293_20220803_id4157 (1).jpg;115
1195;1334;293;MANDRILLS BKB_293_20220803_id4157 (2).jpg;139
1062;1334;293;MANDRILLS BKB_293_20220803_id4157 (3).jpg;272
1277;1343;293;MANDRILLS BKB_293_20220812_id4157 (1).jpg;66
1284;1343;293;MANDRILLS BKB_293_20220812_id4157 (2).jpg;59
1280;1366;293;MANDRILLS BKB_293_20220904_id4157 (1).jpg;86
1157;1366;293;MANDRILLS BKB_293_20220904_id4157 (2).jpg;209
1501;1366;293;MANDRILLS BKB_293_20220904_id4157 (3).jpg;135
1338;1366;293;MANDRILLS BKB_293_20220904_id4157 (4).jpg;28
1320;1366;293;MANDRILLS BKB_293_20220904_id4157 (5).jpg;46
1380;1366;293;MANDRILLS BKB_293_20220904_id4157 (6).jpg;14
1408;1411;293;MANDRILLS BKB_293_20221019_id4157.jpg;3
1276;1422;293;MANDRILLS BKB_293_20221030_id4157.jpg;146
1501;1439;293;MANDRILLS BKB_293_20221116_id4157.jpg;62
1394;1453;293;MANDRILLS BKB_293_20221130_id4157 (1).jpg;59
1393;1453;293;MANDRILLS BKB_293_20221130_id4157 (2).jpg;60
1354;1453;293;MANDRILLS BKB_293_20221130_id4157.jpg;99
78;66;295;MANDRILLS BKB_295_20190319_id4161_malinf_BAS_(1).jpg;12
79;66;295;MANDRILLS BKB_295_20190319_id4161_malinf_BAS_(2).jpg;13
310;290;295;MANDRILLS BKB_295_20191029_id4161_malinf.jpg;20
329;305;295;MANDRILLS BKB_295_20191113_id4161_malinf_(1).jpg;24
299;305;295;MANDRILLS BKB_295_20191113_id4161_malinf_(2).jpg;6
289;305;295;MANDRILLS BKB_295_20191113_id4161_malinf_(3).jpg;16
366;306;295;MANDRILLS BKB_295_20191114_id4161_malinf.jpg;60
402;312;295;MANDRILLS BKB_295_20191120_id4161_malinf_(1).jpg;90
416;312;295;MANDRILLS BKB_295_20191120_id4161_malinf_(2).jpg;104
476;323;295;MANDRILLS BKB_295_20191201_id4161_malinf.jpg;153
381;361;295;MANDRILLS BKB_295_20200108_id4161_malinf.jpg;20
420;408;295;MANDRILLS BKB_295_20200224_id4161_maljuv_(1).jpg;12
408;408;295;MANDRILLS BKB_295_20200224_id4161_maljuv_(2).jpg;0
442;408;295;MANDRILLS BKB_295_20200224_id4161_maljuv_(3).jpg;34
412;408;295;MANDRILLS BKB_295_20200224_id4161_maljuv_(4).jpg;4
505;417;295;MANDRILLS BKB_295_20200304_id4161_maljuv_(1).jpg;88
422;417;295;MANDRILLS BKB_295_20200304_id4161_maljuv_(2).jpg;5
443;417;295;MANDRILLS BKB_295_20200304_id4161_maljuv_(3).jpg;26
441;480;295;MANDRILLS BKB_295_20200506_id4161_maljuv.jpg;39
476;645;295;MANDRILLS BKB_295_20201018_id4161_maljuv_(1).jpg;169
654;645;295;MANDRILLS BKB_295_20201018_id4161_maljuv_(2).jpg;9
533;645;295;MANDRILLS BKB_295_20201018_id4161_maljuv_(3).jpg;112
528;649;295;MANDRILLS BKB_295_20201022_id4161_maljuv_(1).jpg;121
673;649;295;MANDRILLS BKB_295_20201022_id4161_maljuv_(2).jpg;24
620;649;295;MANDRILLS BKB_295_20201022_id4161_maljuv_(3).jpg;29
624;649;295;MANDRILLS BKB_295_20201022_id4161_maljuv_(4).jpg;25
635;649;295;MANDRILLS BKB_295_20201022_id4161_maljuv_(5).jpg;14
608;649;295;MANDRILLS BKB_295_20201022_id4161_maljuv_(6).jpg;41
646;649;295;MANDRILLS BKB_295_20201022_id4161_maljuv_(7).jpg;3
722;664;295;MANDRILLS BKB_295_20201106_id4161_maljuv.jpg;58
525;682;295;MANDRILLS BKB_295_20201124_id4161_maljuv.jpg;157
698;682;295;MANDRILLS BKB_295_20201124_id4161_maljuv2.jpg;16
776;749;295;MANDRILLS BKB_295_20210130_id4161_maljuv_(1).jpg;27
814;749;295;MANDRILLS BKB_295_20210130_id4161_maljuv_(2).jpg;65
763;749;295;MANDRILLS BKB_295_20210130_id4161_maljuv_(3).jpg;14
854;776;295;MANDRILLS BKB_295_20210226_id4161_maljuv_(1).jpg;78
850;776;295;MANDRILLS BKB_295_20210226_id4161_maljuv_(2).jpg;74
718;779;295;MANDRILLS BKB_295_20210301_id4161_maljuv.jpg;61
846;810;295;MANDRILLS BKB_295_20210401_id4161_maljuv_(1).jpg;36
710;810;295;MANDRILLS BKB_295_20210401_id4161_maljuv_(2).jpg;100
725;810;295;MANDRILLS BKB_295_20210401_id4161_maljuv_(3).jpg;85
790;816;295;MANDRILLS BKB_295_20210407_id4161_maljuv.jpg;26
1074;921;295;MANDRILLS BKB_295_20210721_id4161_maljuv_(1).jpg;153
1017;921;295;MANDRILLS BKB_295_20210721_id4161_maljuv_(2).jpg;96
1024;921;295;MANDRILLS BKB_295_20210721_id4161_maljuv_(3).jpg;103
887;995;295;MANDRILLS BKB_295_20211003_id4161_maljuv_(1).jpg;108
870;995;295;MANDRILLS BKB_295_20211003_id4161_maljuv_(2).jpg;125
984;995;295;MANDRILLS BKB_295_20211003_id4161_maljuv_(3).jpg;11
1010;995;295;MANDRILLS BKB_295_20211003_id4161_maljuv_(4).jpg;15
1068;1008;295;MANDRILLS BKB_295_20211016_id4161_maljuv.jpg;60
1072;1011;295;MANDRILLS BKB_295_20211019_id4161_maljuv_(1).jpg;61
1058;1011;295;MANDRILLS BKB_295_20211019_id4161_maljuv_(2).jpg;47
1211;1016;295;MANDRILLS BKB_295_20211024_id4161_maljuv_(1).jpg;195
1159;1016;295;MANDRILLS BKB_295_20211024_id4161_maljuv_(2).jpg;143
1221;1029;295;MANDRILLS BKB_295_20211106_id4161_maljuv.jpg;192
1175;1070;295;MANDRILLS BKB_295_20211217_id4161_maljuv_(1).jpg;105
1133;1070;295;MANDRILLS BKB_295_20211217_id4161_maljuv_(3).jpg;63
1076;1116;295;MANDRILLS BKB_295_20220201_id4161_maljuv.jpg;40
980;1132;295;MANDRILLS BKB_295_20220217_id4161_maljuv (1).jpg;152
1031;1132;295;MANDRILLS BKB_295_20220217_id4161_maljuv (2).jpg;101
1190;1162;295;MANDRILLS BKB_295_20220319_id4161_juvmale.jpg;28
874;1175;295;MANDRILLS BKB_295_20220401_id4161_maljuv (1).jpg;301
1420;1175;295;MANDRILLS BKB_295_20220401_id4161_maljuv (2).jpg;245
1254;1199;295;MANDRILLS BKB_295_20220425_id4161_maljuv (1).jpg;55
1289;1199;295;MANDRILLS BKB_295_20220425_id4161_maljuv (2).jpg;90
1297;1207;295;MANDRILLS BKB_295_20220503_id4161_maljuv (2).jpg;90
1164;1225;295;MANDRILLS BKB_295_20220521_id4161_maljuv (1).jpg;61
1286;1225;295;MANDRILLS BKB_295_20220521_id4161_maljuv (2).jpg;61
1213;1241;295;MANDRILLS BKB_295_20220606_id4161_maljuv (1).jpg;28
1185;1241;295;MANDRILLS BKB_295_20220606_id4161_maljuv (2).jpg;56
1305;1242;295;MANDRILLS BKB_295_20220607_id4161_maljuv (1).jpg;63
1169;1242;295;MANDRILLS BKB_295_20220607_id4161_maljuv (2).jpg;73
1317;1242;295;MANDRILLS BKB_295_20220607_id4161_maljuv.jpg;75
1371;1264;295;MANDRILLS BKB_295_20220629_id4161 (1).jpg;107
1468;1264;295;MANDRILLS BKB_295_20220629_id4161 (2).jpg;204
1286;1266;295;MANDRILLS BKB_295_20220701_id4161 (1).jpg;20
1439;1279;295;MANDRILLS BKB_295_20220714_id4161_maljuv.jpg;160
1333;1281;295;MANDRILLS BKB_295_20220716_id4161.jpg;52
1378;1294;295;MANDRILLS BKB_295_20220729_id4161.jpg;84
1163;1308;295;MANDRILLS BKB_295_20220812_id4161 (1).jpg;145
1453;1308;295;MANDRILLS BKB_295_20220812_id4161 (2).jpg;145
1236;1308;295;MANDRILLS BKB_295_20220812_id4161 (3).jpg;72
1360;1311;295;MANDRILLS BKB_295_20220815_id4161 (2).jpg;49
1455;1331;295;MANDRILLS BKB_295_20220904_id4161 (1).jpg;124
1252;1331;295;MANDRILLS BKB_295_20220904_id4161 (2).jpg;79
1455;1332;295;MANDRILLS BKB_295_20220905_id4161 (1).jpg;123
1412;1332;295;MANDRILLS BKB_295_20220905_id4161 (2).jpg;80
1304;1345;295;MANDRILLS BKB_295_20220918_id4161.jpg;41
1259;1362;295;MANDRILLS BKB_295_20221005_id4161 (1).jpg;103
1413;1362;295;MANDRILLS BKB_295_20221005_id4161 (2).jpg;51
1344;1376;295;MANDRILLS BKB_295_20221019_id4161.jpg;32
1382;1378;295;MANDRILLS BKB_295_20221021_id4161 (1).jpg;4
1346;1378;295;MANDRILLS BKB_295_20221021_id4161 (3).jpg;32
1257;1411;295;MANDRILLS BKB_295_20221123_id4161 (2).jpg;154
1408;1411;295;MANDRILLS BKB_295_20221123_id4161.jpg;3
1227;1418;295;MANDRILLS BKB_295_20221130_id4161.jpg;191
1359;1430;295;MANDRILLS BKB_295_20221212_id295 (1).jpg;71
1202;1439;295;MANDRILLS BKB_295_20221221_id295 (2).jpg;237
1303;1439;295;MANDRILLS BKB_295_20221221_id295.jpg;136
277;210;298;MANDRILLS BKB_298_20190908_id4034_feminf_BAS_(4).jpg;67
176;210;298;MANDRILLS BKB_298_20190908_id4034_feminf_BAS_(6).jpg;34
226;210;298;MANDRILLS BKB_298_20190908_id4034_feminf_BAS_(7).jpg;16
196;210;298;MANDRILLS BKB_298_20190908_id4034_feminf_BAS_(8).jpg;14
225;211;298;MANDRILLS BKB_298_20190909_id4034_feminf_(1).jpg;14
223;211;298;MANDRILLS BKB_298_20190909_id4034_feminf_(2).jpg;12
288;211;298;MANDRILLS BKB_298_20190909_id4034_feminf_(3).jpg;77
224;211;298;MANDRILLS BKB_298_20190909_id4034_feminf_(4).jpg;13
229;211;298;MANDRILLS BKB_298_20190909_id4034_feminf_(5).jpg;18
259;211;298;MANDRILLS BKB_298_20190909_id4034_feminf_(6).jpg;48
294;211;298;MANDRILLS BKB_298_20190909_id4034_feminf_(7).jpg;83
253;211;298;MANDRILLS BKB_298_20190909_id4034_feminf_(8).jpg;42
263;211;298;MANDRILLS BKB_298_20190909_id4034_feminf_BAS_(1).jpg;52
271;211;298;MANDRILLS BKB_298_20190909_id4034_feminf_BAS_(2).jpg;60
261;211;298;MANDRILLS BKB_298_20190909_id4034_feminf_BAS_(3).jpg;50
244;211;298;MANDRILLS BKB_298_20190909_id4034_feminf_BAS_(4).jpg;33
253;211;298;MANDRILLS BKB_298_20190909_id4034_feminf_GAUCHE_(1).jpg;42
208;211;298;MANDRILLS BKB_298_20190909_id4034_feminf_GAUCHE_(2).jpg;3
314;213;298;MANDRILLS BKB_298_20190911_id4034_feminf_(3).jpg;101
282;228;298;MANDRILLS BKB_298_20190926_id4034_feminf_(1).jpg;54
302;228;298;MANDRILLS BKB_298_20190926_id4034_feminf_(5).jpg;74
254;228;298;MANDRILLS BKB_298_20190926_id4034_feminf_(6).jpg;26
300;228;298;MANDRILLS BKB_298_20190926_id4034_feminf_(7).jpg;72
304;228;298;MANDRILLS BKB_298_20190926_id4034_feminf_.jpg;76
293;271;298;MANDRILLS BKB_298_20191108_id4034_feminf.jpg;22
233;276;298;MANDRILLS BKB_298_20191113_id4034_femjuv_(1).jpg;43
302;276;298;MANDRILLS BKB_298_20191113_id4034_femjuv_(2).jpg;26
320;281;298;MANDRILLS BKB_298_20191118_id4034_femjuv.jpg;39
284;283;298;MANDRILLS BKB_298_20191120_id4034_feminf_(1).jpg;1
371;283;298;MANDRILLS BKB_298_20191120_id4034_feminf_(2).jpg;88
365;295;298;MANDRILLS BKB_298_20191202_id4034_femjuv_(3).jpg;70
344;295;298;MANDRILLS BKB_298_20191202_id4034_femjuv_(4).jpg;49
336;295;298;MANDRILLS BKB_298_20191202_id4034_femjuv_(5).jpg;41
264;331;298;MANDRILLS BKB_298_20200107_id4034_feminf_(1).jpg;67
361;331;298;MANDRILLS BKB_298_20200107_id4034_feminf_(2).jpg;30
380;388;298;MANDRILLS BKB_298_20200304_id4034_femjuv_(1).jpg;8
362;388;298;MANDRILLS BKB_298_20200304_id4034_femjuv_(2).jpg;26
402;404;298;MANDRILLS BKB_298_20200320_id4034_femjuv.jpg;2
421;448;298;MANDRILLS BKB_298_20200503_id4034_femjuv.jpg;27
590;620;298;MANDRILLS BKB_298_20201022_id4034_femjuv_(1).jpg;30
579;620;298;MANDRILLS BKB_298_20201022_id4034_femjuv_(2).jpg;41
496;620;298;MANDRILLS BKB_298_20201022_id4034_femjuv_(3).jpg;124
388;620;298;MANDRILLS BKB_298_20201022_id4034_femjuv_(4).jpg;232
447;620;298;MANDRILLS BKB_298_20201022_id4034_femjuv_(5).jpg;173
435;620;298;MANDRILLS BKB_298_20201022_id4034_femjuv_(6).jpg;185
403;620;298;MANDRILLS BKB_298_20201022_id4034_femjuv_(7).jpg;217
559;626;298;MANDRILLS BKB_298_20201028_id4034_femjuv.jpg;67
590;639;298;MANDRILLS BKB_298_20201110_id4034_femjuv_(1).jpg;49
508;639;298;MANDRILLS BKB_298_20201110_id4034_femjuv_(2).jpg;131
435;639;298;MANDRILLS BKB_298_20201110_id4034_femjuv_(3).jpg;204
799;681;298;MANDRILLS BKB_298_20201222_id4034_femjuv_(1).jpg;118
714;681;298;MANDRILLS BKB_298_20201222_id4034_femjuv_(2).jpg;33
545;686;298;MANDRILLS BKB_298_20201227_id4034_femjuv_(1).jpg;141
322;686;298;MANDRILLS BKB_298_20201227_id4034_femjuv_(2).jpg;364
437;686;298;MANDRILLS BKB_298_20201227_id4034_femjuv_(3).jpg;249
605;690;298;MANDRILLS BKB_298_20201231_id4034_femjuv.jpg;85
563;696;298;MANDRILLS BKB_298_20210106_id4034_femjuv_(1).jpg;133
630;696;298;MANDRILLS BKB_298_20210106_id4034_femjuv_(2).jpg;66
647;696;298;MANDRILLS BKB_298_20210106_id4034_femjuv_(3).jpg;49
544;696;298;MANDRILLS BKB_298_20210106_id4034_femjuv_(4).jpg;152
621;703;298;MANDRILLS BKB_298_20210113_id4034_femjuv_(1)-2.jpg;82
576;703;298;MANDRILLS BKB_298_20210113_id4034_femjuv_(1).jpg;127
676;703;298;MANDRILLS BKB_298_20210113_id4034_femjuv_(2).jpg;27
758;703;298;MANDRILLS BKB_298_20210113_id4034_femjuv_(3).jpg;55
584;711;298;MANDRILLS BKB_298_20210121_id4034_femjuv.jpg;127
602;739;298;MANDRILLS BKB_298_20210218_id4034_femjuv_(1).jpg;137
613;739;298;MANDRILLS BKB_298_20210218_id4034_femjuv_(2).jpg;126
550;739;298;MANDRILLS BKB_298_20210218_id4034_femjuv_(3).jpg;189
700;739;298;MANDRILLS BKB_298_20210218_id4034_femjuv_(4).jpg;39
637;757;298;MANDRILLS BKB_298_20210308_id4034_femjuv_(1).jpg;120
525;757;298;MANDRILLS BKB_298_20210308_id4034_femjuv_(2).jpg;232
606;787;298;MANDRILLS BKB_298_20210407_id4034_femjuv.jpg;181
566;790;298;MANDRILLS BKB_298_20210410_id4034_femjuv.jpg;224
870;968;298;MANDRILLS BKB_298_20211005_id4034_femjuv.jpg;98
935;985;298;MANDRILLS BKB_298_20211022_id4034_femjuv.jpg;50
1022;1050;298;MANDRILLS BKB_298_20211226_id4034_femjuv_(1).jpg;28
936;1050;298;MANDRILLS BKB_298_20211226_id4034_femjuv_(2).jpg;114
820;1077;298;MANDRILLS BKB_298_20220122_id4034.jpg;257
958;1102;298;MANDRILLS BKB_298_20220216_id4034_femjuv.jpg;144
964;1125;298;MANDRILLS BKB_298_20220311_id4034_femjuv.jpg;161
1121;1138;298;MANDRILLS BKB_298_20220324_id4034_femjuv.jpg;17
1158;1184;298;MANDRILLS BKB_298_20220509_id4034_femjuv.jpg;26
951;1190;298;MANDRILLS BKB_298_20220515_id4034_femjuv.jpg;239
978;1193;298;MANDRILLS BKB_298_20220518_id4034_femjuv.jpg;215
1032;1225;298;MANDRILLS BKB_298_20220619_id4034_femjuv (2).jpg;193
1127;1225;298;MANDRILLS BKB_298_20220619_id4034_femjuv (3).jpg;98
912;1225;298;MANDRILLS BKB_298_20220619_id4034_femjuv.jpg;313
979;1235;298;MANDRILLS BKB_298_20220629_id4034.jpg;256
966;1237;298;MANDRILLS BKB_298_20220701_id4034 (1).jpg;271
965;1237;298;MANDRILLS BKB_298_20220701_id4034 (2).jpg;272
1244;1250;298;MANDRILLS BKB_298_20220714_id4034_femjuv (3).jpg;6
1182;1250;298;MANDRILLS BKB_298_20220714_id4034_femjuv (4).jpg;68
1150;1253;298;MANDRILLS BKB_298_20220717_id4034.jpg;103
1073;1255;298;MANDRILLS BKB_298_20220719_id4034.jpg;182
1115;1264;298;MANDRILLS BKB_298_20220728_id4034 (2).jpg;149
1009;1264;298;MANDRILLS BKB_298_20220728_id4034.jpg;255
1185;1272;298;MANDRILLS BKB_298_20220805_id4034 (1).jpg;87
1027;1272;298;MANDRILLS BKB_298_20220805_id4034 (2).jpg;245
1085;1276;298;MANDRILLS BKB_298_20220809_id4034 (1).jpg;191
1151;1276;298;MANDRILLS BKB_298_20220809_id4034 (2).jpg;125
993;1279;298;MANDRILLS BKB_298_20220812_id4034 (1).jpg;286
1155;1279;298;MANDRILLS BKB_298_20220812_id4034 (2).jpg;124
1131;1279;298;MANDRILLS BKB_298_20220812_id4034.jpg;148
1208;1293;298;MANDRILLS BKB_298_20220826_id4034 (1).jpg;85
1183;1293;298;MANDRILLS BKB_298_20220826_id4034 (2).jpg;110
1119;1302;298;MANDRILLS BKB_298_20220904_id4034 (2).jpg;183
1319;1302;298;MANDRILLS BKB_298_20220904_id4034.jpg;17
1186;1303;298;MANDRILLS BKB_298_20220905_id4034 (1).jpg;117
1158;1306;298;MANDRILLS BKB_298_20220908_id4034 (1).jpg;148
1142;1306;298;MANDRILLS BKB_298_20220908_id4034 (2).jpg;164
1159;1306;298;MANDRILLS BKB_298_20220908_id4034 (3).jpg;147
1116;1307;298;MANDRILLS BKB_298_20220909_id4034.jpg;191
1200;1316;298;MANDRILLS BKB_298_20220918_id4034 (1).jpg;116
1041;1316;298;MANDRILLS BKB_298_20220918_id4034 (2).jpg;275
1201;1333;298;MANDRILLS BKB_298_20221005_id4034 (1).jpg;132
1053;1333;298;MANDRILLS BKB_298_20221005_id4034 (2).jpg;280
1060;1333;298;MANDRILLS BKB_298_20221005_id4034.jpg;273
1284;1382;298;MANDRILLS BKB_298_20221123_id4034 (1).jpg;98
1120;1382;298;MANDRILLS BKB_298_20221123_id4034 (2).jpg;262
1168;1382;298;MANDRILLS BKB_298_20221123_id4034 (3).jpg;214
1123;1389;298;MANDRILLS BKB_298_20221130_id4034.jpg;266
1059;1399;298;MANDRILLS BKB_298_20221210_id298 (1).jpg;340
1148;1399;298;MANDRILLS BKB_298_20221210_id298 (2).jpg;251
1180;1399;298;MANDRILLS BKB_298_20221210_id298.jpg;219
342;309;299;MANDRILLS BKB_299_20190718_id4040_feminf_(1).jpg;33
298;309;299;MANDRILLS BKB_299_20190718_id4040_feminf_(2).jpg;11
309;309;299;MANDRILLS BKB_299_20190718_id4040_feminf_(3).jpg;0
298;309;299;MANDRILLS BKB_299_20190718_id4040_feminf_(4).jpg;11
260;359;299;MANDRILLS BKB_299_20190906_id4040_feminf_(10).jpg;99
360;359;299;MANDRILLS BKB_299_20190906_id4040_feminf_(11).jpg;1
303;359;299;MANDRILLS BKB_299_20190906_id4040_feminf_(12).jpg;56
334;359;299;MANDRILLS BKB_299_20190906_id4040_feminf_(2).jpg;25
224;359;299;MANDRILLS BKB_299_20190906_id4040_feminf_(3).jpg;135
293;359;299;MANDRILLS BKB_299_20190906_id4040_feminf_(4).jpg;66
321;359;299;MANDRILLS BKB_299_20190906_id4040_feminf_(5).jpg;38
315;359;299;MANDRILLS BKB_299_20190906_id4040_feminf_(6).jpg;44
298;359;299;MANDRILLS BKB_299_20190906_id4040_feminf_(7).jpg;61
304;359;299;MANDRILLS BKB_299_20190906_id4040_feminf_(8).jpg;55
314;359;299;MANDRILLS BKB_299_20190906_id4040_feminf_(9).jpg;45
342;391;299;MANDRILLS BKB_299_20191008_id4040_femjuv.jpg;49
362;411;299;MANDRILLS BKB_299_20191028_id4040_femjuv_(1).jpg;49
340;411;299;MANDRILLS BKB_299_20191028_id4040_femjuv_(3).jpg;71
316;428;299;MANDRILLS BKB_299_20191114_id4040_femjuv.jpg;112
370;513;299;MANDRILLS BKB_299_20200207_id4040_femjuv_(2).jpg;143
317;513;299;MANDRILLS BKB_299_20200207_id4040_femjuv_(3).jpg;196
477;547;299;MANDRILLS BKB_299_20200312_id4040_femjuv_(1).jpg;70
392;547;299;MANDRILLS BKB_299_20200312_id4040_femjuv_(2).jpg;155
439;553;299;MANDRILLS BKB_299_20200318_id4040_femjuv.jpg;114
622;767;299;MANDRILLS BKB_299_20201018_id4040_femjuv_(1).jpg;145
513;767;299;MANDRILLS BKB_299_20201018_id4040_femjuv_(2).jpg;254
593;767;299;MANDRILLS BKB_299_20201018_id4040_femjuv_(3).jpg;174
578;768;299;MANDRILLS BKB_299_20201019_id4040_femjuv_(1).jpg;190
638;768;299;MANDRILLS BKB_299_20201019_id4040_femjuv_(2).jpg;130
625;768;299;MANDRILLS BKB_299_20201019_id4040_femjuv_(3).jpg;143
728;768;299;MANDRILLS BKB_299_20201019_id4040_femjuv_(4).jpg;40
473;771;299;MANDRILLS BKB_299_20201022_id4040_femjuv.jpg;298
601;804;299;MANDRILLS BKB_299_20201124_id4040_femjuv.jpg;203
746;804;299;MANDRILLS BKB_299_20201124_id4040_femjuv_(1).jpg;58
736;804;299;MANDRILLS BKB_299_20201124_id4040_femjuv_(2).jpg;68
519;832;299;MANDRILLS BKB_299_20201222_id4040_femjuv.jpg;313
508;847;299;MANDRILLS BKB_299_20210106_id4040_femjuv_(1).jpg;339
464;847;299;MANDRILLS BKB_299_20210106_id4040_femjuv_(2).jpg;383
698;867;299;MANDRILLS BKB_299_20210126_id4040_femjuv_(1).jpg;169
656;867;299;MANDRILLS BKB_299_20210126_id4040_femjuv_(2).jpg;211
638;867;299;MANDRILLS BKB_299_20210126_id4040_femjuv_(3).jpg;229
833;950;299;MANDRILLS BKB_299_20210419_id4040_femjuv.jpg;117
900;967;299;MANDRILLS BKB_299_20210506_id4040_femjuv_(2).jpg;67
659;1084;299;MANDRILLS BKB_299_20210831_id4040_femjuv_(1).jpg;425
813;1084;299;MANDRILLS BKB_299_20210831_id4040_femjuv_(2).jpg;271
1151;1084;299;MANDRILLS BKB_299_20210831_id4040_femjuv_(3).jpg;67
577;1084;299;MANDRILLS BKB_299_20210831_id4040_femjuv_(4).jpg;507
1220;1192;299;MANDRILLS BKB_299_20211217_id4040_femjuv_(1).jpg;28
956;1192;299;MANDRILLS BKB_299_20211217_id4040_femjuv_(2).jpg;236
1187;1192;299;MANDRILLS BKB_299_20211217_id4040_femjuv_(3).jpg;5
1023;1192;299;MANDRILLS BKB_299_20211217_id4040_femjuv_(4).jpg;169
1015;1192;299;MANDRILLS BKB_299_20211217_id4040_femjuv_(5).jpg;177
1155;1238;299;MANDRILLS BKB_299_20220201_id4040_femjuv (1).jpg;83
1094;1238;299;MANDRILLS BKB_299_20220201_id4040_femjuv (2).jpg;144
985;1238;299;MANDRILLS BKB_299_20220201_id4040_femjuv (3).jpg;253
1287;1238;299;MANDRILLS BKB_299_20220201_id4040_femjuv (4).jpg;49
1284;1238;299;MANDRILLS BKB_299_20220201_id4040_femjuv (5).jpg;46
1126;1238;299;MANDRILLS BKB_299_20220201_id4040_femjuv (6).jpg;112
1322;1245;299;MANDRILLS BKB_299_20220208_id4040_femjuv.jpg;77
1168;1276;299;MANDRILLS BKB_299_20220311_id4040_femjuv.jpg;108
1276;1279;299;MANDRILLS BKB_299_20220314_id4040_femjuv.jpg;3
1051;1285;299;MANDRILLS BKB_299_20220320_id4040_femjuv (1).jpg;234
1275;1285;299;MANDRILLS BKB_299_20220320_id4040_femjuv (2).jpg;10
1137;1287;299;MANDRILLS BKB_299_20220322_id4040_femjuv.jpg;150
1175;1292;299;MANDRILLS BKB_299_20220327_id4040_femjuv (3).jpg;117
1112;1292;299;MANDRILLS BKB_299_20220327_id4040_femjuv (4).jpg;180
1139;1292;299;MANDRILLS BKB_299_20220327_id4040_femjuv (6).jpg;153
1158;1295;299;MANDRILLS BKB_299_20220330_id4040_femjuv.jpg;137
1115;1350;299;MANDRILLS BKB_299_20220524_id4040_femjuv.jpg;235
1299;1376;299;MANDRILLS BKB_299_20220619_id4040_femjuv (1).jpg;77
1249;1376;299;MANDRILLS BKB_299_20220619_id4040_femjuv (2).jpg;127
1384;1386;299;MANDRILLS BKB_299_20220629_id4040 (1).jpg;2
1423;1386;299;MANDRILLS BKB_299_20220629_id4040 (2).jpg;37
1290;1403;299;MANDRILLS BKB_299_20220716_id4040_femjuv (1).jpg;113
1237;1403;299;MANDRILLS BKB_299_20220716_id4040_femjuv (2).jpg;166
1548;1461;299;MANDRILLS BKB_299_20220912_id4040.jpg;87
1356;1484;299;MANDRILLS BKB_299_20221005_id4040 (1).jpg;128
1399;1484;299;MANDRILLS BKB_299_20221005_id4040 (2).jpg;85
1465;1484;299;MANDRILLS BKB_299_20221005_id4040 (3).jpg;19
1433;1527;299;MANDRILLS BKB_299_20221117_id4040 (1).jpg;94
1688;1527;299;MANDRILLS BKB_299_20221117_id4040 (3).jpg;161
1310;1533;299;MANDRILLS BKB_299_20221123_id4040 (2).jpg;223
1396;1533;299;MANDRILLS BKB_299_20221123_id4040 (3).jpg;137
1287;1533;299;MANDRILLS BKB_299_20221123_id4040.jpg;246
1344;1540;299;MANDRILLS BKB_299_20221130_id4040 (2).jpg;196
1288;1540;299;MANDRILLS BKB_299_20221130_id4040 (3).jpg;252
1576;1542;299;MANDRILLS BKB_299_20221202_id299 (3).jpg;34
1770;1542;299;MANDRILLS BKB_299_20221202_id299 (5).jpg;228
1513;1549;299;MANDRILLS BKB_299_20221209_id299.jpg;36
1327;1550;299;MANDRILLS BKB_299_20221210_id299.jpg;223
92;81;303;MANDRILLS BKB_303_20190317_id4056_feminf_BAS_(1).jpg;11
47;81;303;MANDRILLS BKB_303_20190317_id4056_feminf_BAS_(2).jpg;34
81;81;303;MANDRILLS BKB_303_20190317_id4056_feminf_BAS_(3).jpg;0
62;81;303;MANDRILLS BKB_303_20190317_id4056_feminf_BAS_(4).jpg;19
97;81;303;MANDRILLS BKB_303_20190317_id4056_feminf_BAS_(5).jpg;16
94;81;303;MANDRILLS BKB_303_20190317_id4056_feminf_BAS_(6).jpg;13
228;204;303;MANDRILLS BKB_303_20190718_id4056_feminf_(1).jpg;24
209;204;303;MANDRILLS BKB_303_20190718_id4056_feminf_(2).jpg;5
207;204;303;MANDRILLS BKB_303_20190718_id4056_feminf_(3).jpg;3
184;204;303;MANDRILLS BKB_303_20190718_id4056_feminf_(4).jpg;20
276;204;303;MANDRILLS BKB_303_20190718_id4056_feminf_(5).jpg;72
338;204;303;MANDRILLS BKB_303_20190718_id4056_feminf_(6).jpg;134
221;204;303;MANDRILLS BKB_303_20190718_id4056_feminf_(7).jpg;17
310;266;303;MANDRILLS BKB_303_20190918_id4056_feminf_(1).jpg;44
308;266;303;MANDRILLS BKB_303_20190918_id4056_feminf_(2).jpg;42
251;266;303;MANDRILLS BKB_303_20190918_id4056_feminf_(3).jpg;15
254;266;303;MANDRILLS BKB_303_20190918_id4056_feminf_(4).jpg;12
260;266;303;MANDRILLS BKB_303_20190918_id4056_feminf_(5).jpg;6
253;266;303;MANDRILLS BKB_303_20190918_id4056_feminf_(6).jpg;13
276;266;303;MANDRILLS BKB_303_20190918_id4056_feminf_(7).jpg;10
408;322;303;MANDRILLS BKB_303_20191113_id4056_feminf_(1).jpg;86
392;322;303;MANDRILLS BKB_303_20191113_id4056_feminf_(2).jpg;70
425;465;303;MANDRILLS BKB_303_20200404_id4056_femjuv_(1).jpg;40
468;465;303;MANDRILLS BKB_303_20200404_id4056_femjuv_(10).jpg;3
498;465;303;MANDRILLS BKB_303_20200404_id4056_femjuv_(11).jpg;33
562;465;303;MANDRILLS BKB_303_20200404_id4056_femjuv_(12).jpg;97
482;465;303;MANDRILLS BKB_303_20200404_id4056_femjuv_(2).jpg;17
466;465;303;MANDRILLS BKB_303_20200404_id4056_femjuv_(3).jpg;1
443;465;303;MANDRILLS BKB_303_20200404_id4056_femjuv_(4).jpg;22
415;465;303;MANDRILLS BKB_303_20200404_id4056_femjuv_(5).jpg;50
468;465;303;MANDRILLS BKB_303_20200404_id4056_femjuv_(6).jpg;3
495;465;303;MANDRILLS BKB_303_20200404_id4056_femjuv_(7).jpg;30
435;465;303;MANDRILLS BKB_303_20200404_id4056_femjuv_(8).jpg;30
455;465;303;MANDRILLS BKB_303_20200404_id4056_femjuv_(9).jpg;10
824;662;303;MANDRILLS BKB_303_20201018_id4056_femjuv_(1).jpg;162
895;662;303;MANDRILLS BKB_303_20201018_id4056_femjuv_(2).jpg;233
577;663;303;MANDRILLS BKB_303_20201019_id4056_femjuv.jpg;86
743;666;303;MANDRILLS BKB_303_20201022_id4056_femjuv_(1).jpg;77
752;666;303;MANDRILLS BKB_303_20201022_id4056_femjuv_(2).jpg;86
659;672;303;MANDRILLS BKB_303_20201028_id4056_femjuv_(1).jpg;13
543;672;303;MANDRILLS BKB_303_20201028_id4056_femjuv_(2).jpg;129
699;673;303;MANDRILLS BKB_303_20201029_id4056_femjuv.jpg;26
587;679;303;MANDRILLS BKB_303_20201104_id4056_maljuv_(1).jpg;92
612;679;303;MANDRILLS BKB_303_20201104_id4056_maljuv_(2).jpg;67
615;727;303;MANDRILLS BKB_303_20201222_id4056_femjuv_(1).jpg;112
668;727;303;MANDRILLS BKB_303_20201222_id4056_femjuv_(2).jpg;59
768;743;303;MANDRILLS BKB_303_20210107_id4056_femjuv.jpg;25
755;748;303;MANDRILLS BKB_303_20210112_id4056_femjuv_(1).jpg;7
801;748;303;MANDRILLS BKB_303_20210112_id4056_femjuv_(2).jpg;53
644;748;303;MANDRILLS BKB_303_20210112_id4056_femjuv_(3).jpg;104
710;748;303;MANDRILLS BKB_303_20210112_id4056_femjuv_(4).jpg;38
723;748;303;MANDRILLS BKB_303_20210112_id4056_femjuv_(5).jpg;25
637;749;303;MANDRILLS BKB_303_20210113_id4056_femjuv.jpg;112
746;765;303;MANDRILLS BKB_303_20210129_id4056_femjuv_(1).jpg;19
555;765;303;MANDRILLS BKB_303_20210129_id4056_femjuv_(2).jpg;210
787;766;303;MANDRILLS BKB_303_20210130_id4056_femjuv_(1).jpg;21
839;766;303;MANDRILLS BKB_303_20210130_id4056_femjuv_(2).jpg;73
777;766;303;MANDRILLS BKB_303_20210130_id4056_femjuv_(3).jpg;11
831;766;303;MANDRILLS BKB_303_20210130_id4056_femjuv_(4).jpg;65
999;824;303;MANDRILLS BKB_303_20210329_id4056_femjuv.jpg;175
869;938;303;MANDRILLS BKB_303_20210721_id4056_femjuv.jpg;69
772;945;303;MANDRILLS BKB_303_20210728_id4056_femjuv_(1).jpg;173
756;945;303;MANDRILLS BKB_303_20210728_id4056_femjuv_(2).jpg;189
814;995;303;MANDRILLS BKB_303_20210916_id4056_femjuv.jpg;181
917;1031;303;MANDRILLS BKB_303_20211022_id4056_femjuv.jpg;114
937;1061;303;MANDRILLS BKB_303_20211121_id4056_femjuv_(1).jpg;124
1066;1061;303;MANDRILLS BKB_303_20211121_id4056_femjuv_(2).jpg;5
973;1061;303;MANDRILLS BKB_303_20211121_id4056_femjuv_(3).jpg;88
934;1096;303;MANDRILLS BKB_303_20211226_id4056_femjuv_(1).jpg;162
988;1096;303;MANDRILLS BKB_303_20211226_id4056_femjuv_(2).jpg;108
966;1121;303;MANDRILLS BKB_303_20220120_id4056 (1).jpg;155
1096;1121;303;MANDRILLS BKB_303_20220120_id4056 (2).jpg;25
1077;1121;303;MANDRILLS BKB_303_20220120_id4056 (3).jpg;44
1123;1121;303;MANDRILLS BKB_303_20220120_id4056.jpg;2
956;1127;303;MANDRILLS BKB_303_20220126_id4056.jpg;171
1192;1133;303;MANDRILLS BKB_303_20220201_id4056_femjuv.jpg;59
889;1147;303;MANDRILLS BKB_303_20220215_id4056_femjuv.jpg;258
1063;1158;303;MANDRILLS BKB_303_20220226_id4056_femjuv (1).jpg;95
1312;1158;303;MANDRILLS BKB_303_20220226_id4056_femjuv (2).jpg;154
1112;1179;303;MANDRILLS BKB_303_20220319_id4056_femjuv (1).jpg;67
1133;1179;303;MANDRILLS BKB_303_20220319_id4056_femjuv (2).jpg;46
1065;1179;303;MANDRILLS BKB_303_20220319_id4056_femjuv (3).jpg;114
1041;1179;303;MANDRILLS BKB_303_20220319_id4056_femjuv (4).jpg;138
1144;1179;303;MANDRILLS BKB_303_20220319_id4056_femjuv (5).jpg;35
1168;1187;303;MANDRILLS BKB_303_20220327_id4056_femjuv.jpg;19
1183;1190;303;MANDRILLS BKB_303_20220330_id4056_femjuv.jpg;7
1153;1237;303;MANDRILLS BKB_303_20220516_id4056_femjuv.jpg;84
1100;1247;303;MANDRILLS BKB_303_20220526_id4056_femjuv.jpg;147
1076;1276;303;MANDRILLS BKB_303_20220624_id4056_femjuv (1).jpg;200
1303;1276;303;MANDRILLS BKB_303_20220624_id4056_femjuv (2).jpg;27
1022;1281;303;MANDRILLS BKB_303_20220629_id4056.jpg;259
1328;1301;303;MANDRILLS BKB_303_20220719_id4056.jpg;27
1195;1306;303;MANDRILLS BKB_303_20220724_id4056.jpg;111
1218;1325;303;MANDRILLS BKB_303_20220812_id4056.jpg;107
1316;1339;303;MANDRILLS BKB_303_20220826_id4056.jpg;23
1307;1340;303;MANDRILLS BKB_303_20220827_id4056.jpg;33
1091;1349;303;MANDRILLS BKB_303_20220905_id4056 (1).jpg;258
1224;1349;303;MANDRILLS BKB_303_20220905_id4056 (2).jpg;125
1041;1349;303;MANDRILLS BKB_303_20220905_id4056.jpg;308
1259;1353;303;MANDRILLS BKB_303_20220909_id4056.jpg;94
1307;1379;303;MANDRILLS BKB_303_20221005_id4056 (1).jpg;72
1331;1379;303;MANDRILLS BKB_303_20221005_id4056 (2).jpg;48
1072;1396;303;MANDRILLS BKB_303_20221022_id4056 (1).jpg;324
1324;1396;303;MANDRILLS BKB_303_20221022_id4056 (2).jpg;72
1168;1401;303;MANDRILLS BKB_303_20221027_id4056.jpg;233
1368;1444;303;MANDRILLS BKB_303_20221209_id303 (1).jpg;76
1315;1444;303;MANDRILLS BKB_303_20221209_id303 (2).jpg;129
1171;1444;303;MANDRILLS BKB_303_20221209_id303.jpg;273
1231;1453;303;MANDRILLS BKB_303_20221218_id303 (2).jpg;222
1356;1453;303;MANDRILLS BKB_303_20221218_id303.jpg;97
33;20;4021;MANDRILLS BKB_4021_20190317_id4021_feminf_BAS.jpg;13
37;20;4021;MANDRILLS BKB_4021_20190317_id4021_feminf_DROITE_(1).jpg;17
20;20;4021;MANDRILLS BKB_4021_20190317_id4021_feminf_DROITE_(2).jpg;0
3;20;4021;MANDRILLS BKB_4021_20190317_id4021_feminf_DROITE_(3).jpg;17
36;20;4021;MANDRILLS BKB_4021_20190317_id4021_feminf_GAUCHE_(1).jpg;16
34;20;4021;MANDRILLS BKB_4021_20190317_id4021_feminf_GAUCHE_(3).jpg;14
158;139;4021;MANDRILLS BKB_4021_20190714_id4021_feminf_GAUCHE.jpg;19
122;140;4021;MANDRILLS BKB_4021_20190715_id4021_feminf_(10).jpg;18
124;140;4021;MANDRILLS BKB_4021_20190715_id4021_feminf_(11).jpg;16
187;140;4021;MANDRILLS BKB_4021_20190715_id4021_feminf_(12).jpg;47
161;140;4021;MANDRILLS BKB_4021_20190715_id4021_feminf_(14).jpg;21
139;140;4021;MANDRILLS BKB_4021_20190715_id4021_feminf_(15).jpg;1
185;140;4021;MANDRILLS BKB_4021_20190715_id4021_feminf_(16).jpg;45
92;140;4021;MANDRILLS BKB_4021_20190715_id4021_feminf_(4).jpg;48
81;140;4021;MANDRILLS BKB_4021_20190715_id4021_feminf_(5).jpg;59
172;140;4021;MANDRILLS BKB_4021_20190715_id4021_feminf_(6).jpg;32
111;140;4021;MANDRILLS BKB_4021_20190715_id4021_feminf_(9).jpg;29
271;196;4021;MANDRILLS BKB_4021_20190909_id4021_feminf_GAUCHE.jpg;75
344;316;4021;MANDRILLS BKB_4021_20200107_id4021_feminf_(1).jpg;28
334;316;4021;MANDRILLS BKB_4021_20200107_id4021_feminf_(2).jpg;18
266;317;4021;MANDRILLS BKB_4021_20200108_id4021_feminf_(1).jpg;51
331;317;4021;MANDRILLS BKB_4021_20200108_id4021_feminf_(2).jpg;14
320;317;4021;MANDRILLS BKB_4021_20200108_id4021_feminf_(3).jpg;3
334;350;4021;MANDRILLS BKB_4021_20200210_id4021_feminf_(1).jpg;16
296;350;4021;MANDRILLS BKB_4021_20200210_id4021_feminf_(3).jpg;54
372;400;4021;MANDRILLS BKB_4021_20200331_id4021_femjuv.jpg;28
89;102;4145;MANDRILLS BKB_4145_20190430_id4145_malinf_GAUCHE_(2).jpg;13
242;216;4145;MANDRILLS BKB_4145_20190822_id4145_malinf_(1).jpg;26
314;216;4145;MANDRILLS BKB_4145_20190822_id4145_malinf_(2).jpg;98
256;216;4145;MANDRILLS BKB_4145_20190822_id4145_malinf_(5).jpg;40
436;299;4145;MANDRILLS BKB_4145_20191113_id4145_malinf.jpg;137
376;300;4145;MANDRILLS BKB_4145_20191114_id4145_malinf_(1).jpg;76
384;300;4145;MANDRILLS BKB_4145_20191114_id4145_malinf_(2).jpg;84
427;305;4145;MANDRILLS BKB_4145_20191119_id4145_malinf.jpg;122
563;362;4145;MANDRILLS BKB_4145_20200115_id4145_malinf.jpg;201
460;368;4145;MANDRILLS BKB_4145_20200121_id4145_maljuv.jpg;92
472;402;4145;MANDRILLS BKB_4145_20200224_id4145_maljuv_(1).jpg;70
505;402;4145;MANDRILLS BKB_4145_20200224_id4145_maljuv_(2).jpg;103
633;474;4145;MANDRILLS BKB_4145_20200506_id4145_maljuv_(1).jpg;159
637;474;4145;MANDRILLS BKB_4145_20200506_id4145_maljuv_(2).jpg;163
790;474;4145;MANDRILLS BKB_4145_20200506_id4145_maljuv_(3).jpg;316
827;474;4145;MANDRILLS BKB_4145_20200506_id4145_maljuv_(4).jpg;353
687;474;4145;MANDRILLS BKB_4145_20200506_id4145_maljuv_(5).jpg;213
46;7;5039;MANDRILLS BKB_5039_20191219_id5039_malinf.jpg;39
26;19;5039;MANDRILLS BKB_5039_20191231_id5039_malinf_(1).jpg;7
54;19;5039;MANDRILLS BKB_5039_20191231_id5039_malinf_(2).jpg;35
41;19;5039;MANDRILLS BKB_5039_20191231_id5039_malinf_(3).jpg;22
19;19;5039;MANDRILLS BKB_5039_20191231_id5039_malinf_(4).jpg;0
26;19;5039;MANDRILLS BKB_5039_20191231_id5039_malinf_(5).jpg;7
26;19;5039;MANDRILLS BKB_5039_20191231_id5039_malinf_(6).jpg;7
23;19;5039;MANDRILLS BKB_5039_20191231_id5039_malinf_(7).jpg;4
11;19;5039;MANDRILLS BKB_5039_20191231_id5039_malinf_(8).jpg;8
56;74;5039;MANDRILLS BKB_5039_20200224_id5039_malinf_(1).jpg;18
77;74;5039;MANDRILLS BKB_5039_20200224_id5039_malinf_(2).jpg;3
111;83;5039;MANDRILLS BKB_5039_20200304_id5039_malinf.jpg;28
146;99;5039;MANDRILLS BKB_5039_20200320_id5039_malinf_(1).jpg;47
132;99;5039;MANDRILLS BKB_5039_20200320_id5039_malinf_(2).jpg;33
177;110;5039;MANDRILLS BKB_5039_20200331_id5039_malinf_(1).jpg;67
103;110;5039;MANDRILLS BKB_5039_20200331_id5039_malinf_(10).jpg;7
181;110;5039;MANDRILLS BKB_5039_20200331_id5039_malinf_(11).jpg;71
173;110;5039;MANDRILLS BKB_5039_20200331_id5039_malinf_(12).jpg;63
170;110;5039;MANDRILLS BKB_5039_20200331_id5039_malinf_(13).jpg;60
174;110;5039;MANDRILLS BKB_5039_20200331_id5039_malinf_(14).jpg;64
154;110;5039;MANDRILLS BKB_5039_20200331_id5039_malinf_(15).jpg;44
175;110;5039;MANDRILLS BKB_5039_20200331_id5039_malinf_(16).jpg;65
121;110;5039;MANDRILLS BKB_5039_20200331_id5039_malinf_(17).jpg;11
130;110;5039;MANDRILLS BKB_5039_20200331_id5039_malinf_(2).jpg;20
191;110;5039;MANDRILLS BKB_5039_20200331_id5039_malinf_(3).jpg;81
165;110;5039;MANDRILLS BKB_5039_20200331_id5039_malinf_(4).jpg;55
117;110;5039;MANDRILLS BKB_5039_20200331_id5039_malinf_(5).jpg;7
140;110;5039;MANDRILLS BKB_5039_20200331_id5039_malinf_(6).jpg;30
124;110;5039;MANDRILLS BKB_5039_20200331_id5039_malinf_(7).jpg;14
223;110;5039;MANDRILLS BKB_5039_20200331_id5039_malinf_(8).jpg;113
114;110;5039;MANDRILLS BKB_5039_20200331_id5039_malinf_(9).jpg;4
313;145;5039;MANDRILLS BKB_5039_20200505_id5039_malinf_(1).jpg;168
265;145;5039;MANDRILLS BKB_5039_20200505_id5039_malinf_(2).jpg;120
262;145;5039;MANDRILLS BKB_5039_20200505_id5039_malinf_(3).jpg;117
244;146;5039;MANDRILLS BKB_5039_20200506_id5039_malinf_(1).jpg;98
281;146;5039;MANDRILLS BKB_5039_20200506_id5039_malinf_(2).jpg;135
280;146;5039;MANDRILLS BKB_5039_20200506_id5039_malinf_(3).jpg;134
234;146;5039;MANDRILLS BKB_5039_20200506_id5039_malinf_(4).jpg;88
236;146;5039;MANDRILLS BKB_5039_20200506_id5039_malinf_(5).jpg;90
313;146;5039;MANDRILLS BKB_5039_20200506_id5039_malinf_(6).jpg;167
262;146;5039;MANDRILLS BKB_5039_20200506_id5039_malinf_(7).jpg;116
265;146;5039;MANDRILLS BKB_5039_20200506_id5039_malinf_(8).jpg;119
298;146;5039;MANDRILLS BKB_5039_20200506_id5039_malinf_(9).jpg;152
310;310;5039;MANDRILLS BKB_5039_20201017_id5039_malinf_(2).jpg;0
331;310;5039;MANDRILLS BKB_5039_20201017_id5039_malinf_(3).jpg;21
391;311;5039;MANDRILLS BKB_5039_20201018_id5039_malinf_(1).jpg;80
394;311;5039;MANDRILLS BKB_5039_20201018_id5039_malinf_(2).jpg;83
402;311;5039;MANDRILLS BKB_5039_20201018_id5039_malinf_(3).jpg;91
340;311;5039;MANDRILLS BKB_5039_20201018_id5039_malinf_(4).jpg;29
381;311;5039;MANDRILLS BKB_5039_20201018_id5039_malinf_(5).jpg;70
364;311;5039;MANDRILLS BKB_5039_20201018_id5039_malinf_(6).jpg;53
406;312;5039;MANDRILLS BKB_5039_20201019_id5039_malinf_(1).jpg;94
371;312;5039;MANDRILLS BKB_5039_20201019_id5039_malinf_(2).jpg;59
461;312;5039;MANDRILLS BKB_5039_20201019_id5039_malinf_(3).jpg;149
384;312;5039;MANDRILLS BKB_5039_20201019_id5039_malinf_(4).jpg;72
424;312;5039;MANDRILLS BKB_5039_20201019_id5039_malinf_(5).jpg;112
359;314;5039;MANDRILLS BKB_5039_20201021_id5039_malinf_(1).jpg;45
365;314;5039;MANDRILLS BKB_5039_20201021_id5039_malinf_(2).jpg;51
359;314;5039;MANDRILLS BKB_5039_20201021_id5039_malinf_(3).jpg;45
350;314;5039;MANDRILLS BKB_5039_20201021_id5039_malinf_(4).jpg;36
383;315;5039;MANDRILLS BKB_5039_20201022_id5039_malinf_(1).jpg;68
336;315;5039;MANDRILLS BKB_5039_20201022_id5039_malinf_(2).jpg;21
381;315;5039;MANDRILLS BKB_5039_20201022_id5039_malinf_(3).jpg;66
332;315;5039;MANDRILLS BKB_5039_20201022_id5039_malinf_(4).jpg;17
389;315;5039;MANDRILLS BKB_5039_20201022_id5039_malinf_(5).jpg;74
385;315;5039;MANDRILLS BKB_5039_20201022_id5039_malinf_(6).jpg;70
545;330;5039;MANDRILLS BKB_5039_20201106_id5039_malinf_(1).jpg;215
516;330;5039;MANDRILLS BKB_5039_20201106_id5039_malinf_(2).jpg;186
551;330;5039;MANDRILLS BKB_5039_20201106_id5039_malinf_(3).jpg;221
407;331;5039;MANDRILLS BKB_5039_20201107_id5039_malinf_(1).jpg;76
459;331;5039;MANDRILLS BKB_5039_20201107_id5039_malinf_(2).jpg;128
308;369;5039;MANDRILLS BKB_5039_20201215_id5039_maljuv_(1).jpg;61
383;369;5039;MANDRILLS BKB_5039_20201215_id5039_maljuv_(2).jpg;14
426;369;5039;MANDRILLS BKB_5039_20201215_id5039_maljuv_(3).jpg;57
463;369;5039;MANDRILLS BKB_5039_20201215_id5039_maljuv_(4).jpg;94
409;382;5039;MANDRILLS BKB_5039_20201228_id5039_maljuv_(1).jpg;27
486;382;5039;MANDRILLS BKB_5039_20201228_id5039_maljuv_(2).jpg;104
486;382;5039;MANDRILLS BKB_5039_20201228_id5039_maljuv_(3).jpg;104
424;382;5039;MANDRILLS BKB_5039_20201228_id5039_maljuv_(4).jpg;42
464;382;5039;MANDRILLS BKB_5039_20201228_id5039_maljuv_(5).jpg;82
418;394;5039;MANDRILLS BKB_5039_20210109_id5039_maljuv_(1).jpg;24
427;394;5039;MANDRILLS BKB_5039_20210109_id5039_maljuv_(2).jpg;33
492;398;5039;MANDRILLS BKB_5039_20210113_id5039_maljuv_(1).jpg;94
484;398;5039;MANDRILLS BKB_5039_20210113_id5039_maljuv_(2).jpg;86
468;414;5039;MANDRILLS BKB_5039_20210129_id5039_maljuv_(1).jpg;54
502;414;5039;MANDRILLS BKB_5039_20210129_id5039_maljuv_(2).jpg;88
466;414;5039;MANDRILLS BKB_5039_20210129_id5039_maljuv_(3).jpg;52
409;414;5039;MANDRILLS BKB_5039_20210129_id5039_maljuv_(4).jpg;5
538;419;5039;MANDRILLS BKB_5039_20210203_id5039_maljuv_(1).jpg;119
540;419;5039;MANDRILLS BKB_5039_20210203_id5039_maljuv_(2).jpg;121
566;419;5039;MANDRILLS BKB_5039_20210203_id5039_maljuv_(3).jpg;147
604;419;5039;MANDRILLS BKB_5039_20210203_id5039_maljuv_(4).jpg;185
500;419;5039;MANDRILLS BKB_5039_20210203_id5039_maljuv_(5).jpg;81
555;419;5039;MANDRILLS BKB_5039_20210203_id5039_maljuv_(6).jpg;136
563;419;5039;MANDRILLS BKB_5039_20210203_id5039_maljuv_(7).jpg;144
515;428;5039;MANDRILLS BKB_5039_20210212_id5039_maljuv.jpg;87
554;434;5039;MANDRILLS BKB_5039_20210218_id5039_maljuv_(1).jpg;120
531;434;5039;MANDRILLS BKB_5039_20210218_id5039_maljuv_(2).jpg;97
553;434;5039;MANDRILLS BKB_5039_20210218_id5039_maljuv_(3).jpg;119
575;445;5039;MANDRILLS BKB_5039_20210301_id5039_maljuv_(2).jpg;130
594;445;5039;MANDRILLS BKB_5039_20210301_id5039_maljuv_(3).jpg;149
566;445;5039;MANDRILLS BKB_5039_20210301_id5039_maljuv_(4).jpg;121
571;476;5039;MANDRILLS BKB_5039_20210401_id5039_maljuv_(1).jpg;95
525;476;5039;MANDRILLS BKB_5039_20210401_id5039_maljuv_(2).jpg;49
658;579;5039;MANDRILLS BKB_5039_20210713_id5039_maljuv.jpg;79
636;587;5039;MANDRILLS BKB_5039_20210721_id5039_maljuv_(2).jpg;49
702;587;5039;MANDRILLS BKB_5039_20210721_id5039_maljuv_(3).jpg;115
721;587;5039;MANDRILLS BKB_5039_20210721_id5039_maljuv_(4).jpg;134
899;736;5039;MANDRILLS BKB_5039_20211217_id5039_maljuv_(2).jpg;163
816;740;5039;MANDRILLS BKB_5039_20211221_id5039_maljuv.jpg;76
1013;799;5039;MANDRILLS BKB_5039_20220218_id5039_maljuv (1).jpg;214
914;799;5039;MANDRILLS BKB_5039_20220218_id5039_maljuv (2).jpg;115
525;799;5039;MANDRILLS BKB_5039_20220218_id5039_maljuv (3).jpg;274
940;799;5039;MANDRILLS BKB_5039_20220218_id5039_maljuv.jpg;141
873;807;5039;MANDRILLS BKB_5039_20220226_id5039_maljuv (1).jpg;66
889;807;5039;MANDRILLS BKB_5039_20220226_id5039_maljuv (2).jpg;82
791;807;5039;MANDRILLS BKB_5039_20220226_id5039_maljuv.jpg;16
774;838;5039;MANDRILLS BKB_5039_20220329_id5039_maljuv (1).jpg;64
888;838;5039;MANDRILLS BKB_5039_20220329_id5039_maljuv (2).jpg;50
1095;848;5039;MANDRILLS BKB_5039_20220408_id5039_maljuv (1).jpg;247
986;848;5039;MANDRILLS BKB_5039_20220408_id5039_maljuv (2).jpg;138
977;858;5039;MANDRILLS BKB_5039_20220418_id5039_maljuv (1).jpg;119
887;858;5039;MANDRILLS BKB_5039_20220418_id5039_maljuv (2).jpg;29
909;858;5039;MANDRILLS BKB_5039_20220418_id5039_maljuv (3).jpg;51
829;858;5039;MANDRILLS BKB_5039_20220418_id5039_maljuv (4).jpg;29
1096;879;5039;MANDRILLS BKB_5039_20220509_id5039_maljuv (1).jpg;217
1037;879;5039;MANDRILLS BKB_5039_20220509_id5039_maljuv (2).jpg;158
828;894;5039;MANDRILLS BKB_5039_20220524_id5039_maljuv (1).jpg;66
1032;894;5039;MANDRILLS BKB_5039_20220524_id5039_maljuv (2).jpg;138
1067;894;5039;MANDRILLS BKB_5039_20220524_id5039_maljuv (3).jpg;173
1230;907;5039;MANDRILLS BKB_5039_20220606_id5039_maljuv (1).jpg;323
908;907;5039;MANDRILLS BKB_5039_20220606_id5039_maljuv (2).jpg;1
1024;925;5039;MANDRILLS BKB_5039_20220624_id5039_maljuv (1).jpg;99
1118;925;5039;MANDRILLS BKB_5039_20220624_id5039_maljuv (2).jpg;193
906;925;5039;MANDRILLS BKB_5039_20220624_id5039_maljuv (3).jpg;19
1054;930;5039;MANDRILLS BKB_5039_20220629_id5039 (1).jpg;124
1072;930;5039;MANDRILLS BKB_5039_20220629_id5039 (2).jpg;142
942;930;5039;MANDRILLS BKB_5039_20220629_id5039 (3).jpg;12
1204;930;5039;MANDRILLS BKB_5039_20220629_id5039 (4).jpg;274
1069;930;5039;MANDRILLS BKB_5039_20220629_id5039 (5).jpg;139
1049;936;5039;MANDRILLS BKB_5039_20220705_id5039 (1).jpg;113
900;936;5039;MANDRILLS BKB_5039_20220705_id5039 (2).jpg;36
957;936;5039;MANDRILLS BKB_5039_20220705_id5039 (3).jpg;21
1051;936;5039;MANDRILLS BKB_5039_20220705_id5039.jpg;115
1055;950;5039;MANDRILLS BKB_5039_20220719_id5039.jpg;105
1242;960;5039;MANDRILLS BKB_5039_20220729_id5039.jpg;282
975;965;5039;MANDRILLS BKB_5039_20220803_id5039 (1).jpg;10
1025;965;5039;MANDRILLS BKB_5039_20220803_id5039 (2).jpg;60
1010;974;5039;MANDRILLS BKB_5039_20220812_id5039.jpg;36
930;985;5039;MANDRILLS BKB_5039_20220823_id5039.jpg;55
1119;998;5039;MANDRILLS BKB_5039_20220905_id5039 (1).jpg;121
1015;998;5039;MANDRILLS BKB_5039_20220905_id5039 (2).jpg;17
1231;1005;5039;MANDRILLS BKB_5039_20220912_id5039 (1).jpg;226
1150;1005;5039;MANDRILLS BKB_5039_20220912_id5039 (2).jpg;145
1150;1005;5039;MANDRILLS BKB_5039_20220912_id5039 (3).jpg;145
1139;1005;5039;MANDRILLS BKB_5039_20220912_id5039 (4).jpg;134
1354;1028;5039;MANDRILLS BKB_5039_20221005_id5039 (1).jpg;326
1251;1028;5039;MANDRILLS BKB_5039_20221005_id5039 (2).jpg;223
1373;1042;5039;MANDRILLS BKB_5039_20221019_id5039.jpg;331
1336;1077;5039;MANDRILLS BKB_5039_20221123_id5039.jpg;259
1146;1084;5039;MANDRILLS BKB_5039_20221130_id5039 (1).jpg;62
1176;1084;5039;MANDRILLS BKB_5039_20221130_id5039 (2).jpg;92
1303;1084;5039;MANDRILLS BKB_5039_20221130_id5039 (3).jpg;219
1340;1084;5039;MANDRILLS BKB_5039_20221130_id5039 (4).jpg;256
1174;1084;5039;MANDRILLS BKB_5039_20221130_id5039 (5).jpg;90
1185;1084;5039;MANDRILLS BKB_5039_20221130_id5039 (6).jpg;101
1225;1098;5039;MANDRILLS BKB_5039_20221214_id5039.jpg;127
19;40;5080;MANDRILLS BKB_5080_20200224_id5080_feminf.jpg;21
8;42;5080;MANDRILLS BKB_5080_20200226_id5080_feminf.jpg;34
55;57;5080;MANDRILLS BKB_5080_20200312_id5080_feminf_(1).jpg;2
31;57;5080;MANDRILLS BKB_5080_20200312_id5080_feminf_(2).jpg;26
67;57;5080;MANDRILLS BKB_5080_20200312_id5080_feminf_(3).jpg;10
121;109;5080;MANDRILLS BKB_5080_20200503_id5080_feminf.jpg;12
157;112;5080;MANDRILLS BKB_5080_20200506_id5080_feminf_(1).jpg;45
107;112;5080;MANDRILLS BKB_5080_20200506_id5080_feminf_(3).jpg;5
278;276;5080;MANDRILLS BKB_5080_20201017_id5080_feminf.jpg;2
256;278;5080;MANDRILLS BKB_5080_20201019_id5080_feminf_(1).jpg;22
230;278;5080;MANDRILLS BKB_5080_20201019_id5080_feminf_(2).jpg;48
253;279;5080;MANDRILLS BKB_5080_20201020_id5080_feminf.jpg;26
288;281;5080;MANDRILLS BKB_5080_20201022_id5080_feminf_(1).jpg;7
258;281;5080;MANDRILLS BKB_5080_20201022_id5080_feminf_(2).jpg;23
285;281;5080;MANDRILLS BKB_5080_20201022_id5080_feminf_(3).jpg;4
266;281;5080;MANDRILLS BKB_5080_20201022_id5080_feminf_(4).jpg;15
253;281;5080;MANDRILLS BKB_5080_20201022_id5080_feminf_(5).jpg;28
283;281;5080;MANDRILLS BKB_5080_20201022_id5080_feminf_(6).jpg;2
305;281;5080;MANDRILLS BKB_5080_20201022_id5080_feminf_(7).jpg;24
301;281;5080;MANDRILLS BKB_5080_20201022_id5080_feminf_(8).jpg;20
230;281;5080;MANDRILLS BKB_5080_20201022_id5080_feminf_(9).jpg;51
245;287;5080;MANDRILLS BKB_5080_20201028_id5080_feminf.jpg;42
330;290;5080;MANDRILLS BKB_5080_20201031_id5080_feminf_(1).jpg;40
289;290;5080;MANDRILLS BKB_5080_20201031_id5080_feminf_(2).jpg;1
267;291;5080;MANDRILLS BKB_5080_20201101_id5080_feminf_(1).jpg;24
244;291;5080;MANDRILLS BKB_5080_20201101_id5080_feminf_(2).jpg;47
212;291;5080;MANDRILLS BKB_5080_20201101_id5080_feminf_(3).jpg;79
230;291;5080;MANDRILLS BKB_5080_20201101_id5080_feminf_(4).jpg;61
248;291;5080;MANDRILLS BKB_5080_20201101_id5080_feminf_(5).jpg;43
286;307;5080;MANDRILLS BKB_5080_20201117_id5080_feminf.jpg;21
324;333;5080;MANDRILLS BKB_5080_20201213_id5080_feminf_(1).jpg;9
308;333;5080;MANDRILLS BKB_5080_20201213_id5080_feminf_(2).jpg;25
392;333;5080;MANDRILLS BKB_5080_20201213_id5080_feminf_(3).jpg;59
254;333;5080;MANDRILLS BKB_5080_20201213_id5080_feminf_(4).jpg;79
354;333;5080;MANDRILLS BKB_5080_20201213_id5080_feminf_(5).jpg;21
328;333;5080;MANDRILLS BKB_5080_20201213_id5080_feminf_(6).jpg;5
299;333;5080;MANDRILLS BKB_5080_20201213_id5080_feminf_(7).jpg;34
336;348;5080;MANDRILLS BKB_5080_20201228_id5080_feminf_(1).jpg;12
317;348;5080;MANDRILLS BKB_5080_20201228_id5080_feminf_(2).jpg;31
326;348;5080;MANDRILLS BKB_5080_20201228_id5080_feminf_(3).jpg;22
314;348;5080;MANDRILLS BKB_5080_20201228_id5080_feminf_(4).jpg;34
345;355;5080;MANDRILLS BKB_5080_20210104_id5080_feminf_(1).jpg;10
254;355;5080;MANDRILLS BKB_5080_20210104_id5080_feminf_(10).jpg;101
312;355;5080;MANDRILLS BKB_5080_20210104_id5080_feminf_(11).jpg;43
353;355;5080;MANDRILLS BKB_5080_20210104_id5080_feminf_(2).jpg;2
330;355;5080;MANDRILLS BKB_5080_20210104_id5080_feminf_(3).jpg;25
276;355;5080;MANDRILLS BKB_5080_20210104_id5080_feminf_(4).jpg;79
302;355;5080;MANDRILLS BKB_5080_20210104_id5080_feminf_(5).jpg;53
300;355;5080;MANDRILLS BKB_5080_20210104_id5080_feminf_(6).jpg;55
349;355;5080;MANDRILLS BKB_5080_20210104_id5080_feminf_(7).jpg;6
354;355;5080;MANDRILLS BKB_5080_20210104_id5080_feminf_(8).jpg;1
270;355;5080;MANDRILLS BKB_5080_20210104_id5080_feminf_(9).jpg;85
379;364;5080;MANDRILLS BKB_5080_20210113_id5080_feminf_(1).jpg;15
360;364;5080;MANDRILLS BKB_5080_20210113_id5080_feminf_(2).jpg;4
362;364;5080;MANDRILLS BKB_5080_20210113_id5080_feminf_(3).jpg;2
344;364;5080;MANDRILLS BKB_5080_20210113_id5080_feminf_(4).jpg;20
306;380;5080;MANDRILLS BKB_5080_20210129_id5080_femjuv.jpg;74
320;396;5080;MANDRILLS BKB_5080_20210214_id5080_femjuv.jpg;76
372;464;5080;MANDRILLS BKB_5080_20210423_id5080_femjuv.jpg;92
435;629;5080;MANDRILLS BKB_5080_20211005_id5080_femjuv.jpg;194
426;648;5080;MANDRILLS BKB_5080_20211024_id5080_femjuv_(1).jpg;222
435;648;5080;MANDRILLS BKB_5080_20211024_id5080_femjuv_(4).jpg;213
566;674;5080;MANDRILLS BKB_5080_20211119_id5080_femjuv_(1).jpg;108
470;674;5080;MANDRILLS BKB_5080_20211119_id5080_femjuv_(2).jpg;204
451;677;5080;MANDRILLS BKB_5080_20211122_id5080_femjuv.jpg;226
505;702;5080;MANDRILLS BKB_5080_20211217_id5080_femjuv.jpg;197
499;742;5080;MANDRILLS BKB_5080_20220126_id5080.jpg;243
581;748;5080;MANDRILLS BKB_5080_20220201_id5080_femjuv (1).jpg;167
598;748;5080;MANDRILLS BKB_5080_20220201_id5080_femjuv (3).jpg;150
541;748;5080;MANDRILLS BKB_5080_20220201_id5080_femjuv (4).jpg;207
523;763;5080;MANDRILLS BKB_5080_20220216_id5080_femjuv.jpg;240
524;796;5080;MANDRILLS BKB_5080_20220321_id5080_femjuv (1).jpg;272
577;796;5080;MANDRILLS BKB_5080_20220321_id5080_femjuv (2).jpg;219
587;796;5080;MANDRILLS BKB_5080_20220321_id5080_femjuv (3).jpg;209
586;804;5080;MANDRILLS BKB_5080_20220329_id5080_femjuv.jpg;218
665;831;5080;MANDRILLS BKB_5080_20220425_id5080 (1).jpg;166
667;831;5080;MANDRILLS BKB_5080_20220425_id5080 (2).jpg;164
599;831;5080;MANDRILLS BKB_5080_20220425_id5080 (3).jpg;232
692;832;5080;MANDRILLS BKB_5080_20220426_id5080_femjuv.jpg;140
668;852;5080;MANDRILLS BKB_5080_20220516_id5080_femjuv.jpg;184
570;870;5080;MANDRILLS BKB_5080_20220603_id5080 (2)_femjuv.jpg;300
546;870;5080;MANDRILLS BKB_5080_20220603_id5080 (3)_femjuv.jpg;324
731;886;5080;MANDRILLS BKB_5080_20220619_id5080_femjuv (1).jpg;155
715;886;5080;MANDRILLS BKB_5080_20220619_id5080_femjuv (2).jpg;171
800;886;5080;MANDRILLS BKB_5080_20220619_id5080_femjuv (3).jpg;86
795;886;5080;MANDRILLS BKB_5080_20220619_id5080_femjuv (4).jpg;91
674;900;5080;MANDRILLS BKB_5080_20220703_id5080 (1).jpg;226
685;900;5080;MANDRILLS BKB_5080_20220703_id5080 (2).jpg;215
603;900;5080;MANDRILLS BKB_5080_20220703_id5080.jpg;297
683;911;5080;MANDRILLS BKB_5080_20220714_id5080_femjuv (1).jpg;228
611;911;5080;MANDRILLS BKB_5080_20220714_id5080_femjuv (2).jpg;300
731;913;5080;MANDRILLS BKB_5080_20220716_id5080_femjuv (2).jpg;182
447;913;5080;MANDRILLS BKB_5080_20220716_id5080_femjuv (3).jpg;466
792;913;5080;MANDRILLS BKB_5080_20220716_id5080_femjuv.jpg;121
647;940;5080;MANDRILLS BKB_5080_20220812_id5080 (1).jpg;293
740;940;5080;MANDRILLS BKB_5080_20220812_id5080 (2).jpg;200
726;968;5080;MANDRILLS BKB_5080_20220909_id5080.jpg;242
608;977;5080;MANDRILLS BKB_5080_20220918_id5080 (1).jpg;369
716;977;5080;MANDRILLS BKB_5080_20220918_id5080 (2).jpg;261
715;994;5080;MANDRILLS BKB_5080_20221005_id5080 (1).jpg;279
722;994;5080;MANDRILLS BKB_5080_20221005_id5080 (3).jpg;272
557;1000;5080;MANDRILLS BKB_5080_20221011_id5080.jpg;443
720;1010;5080;MANDRILLS BKB_5080_20221021_id5080.jpg;290
729;1016;5080;MANDRILLS BKB_5080_20221027_id5080 (1).jpg;287
670;1016;5080;MANDRILLS BKB_5080_20221027_id5080 (2).jpg;346
713;1043;5080;MANDRILLS BKB_5080_20221123_id5080.jpg;330
765;1050;5080;MANDRILLS BKB_5080_20221130_id5080 (1).jpg;285
778;1050;5080;MANDRILLS BKB_5080_20221130_id5080 (2).jpg;272
773;1050;5080;MANDRILLS BKB_5080_20221130_id5080 (4).jpg;277
766;1050;5080;MANDRILLS BKB_5080_20221130_id5080 (5).jpg;284
262;110;5149;MANDRILLS BKB_5149_20200317_id5149_malinf.jpg;152
239;110;5149;MANDRILLS BKB_5149_20200317_id5149_malinf_(1).jpg;129
171;110;5149;MANDRILLS BKB_5149_20200317_id5149_malinf_(2).jpg;61
254;155;5149;MANDRILLS BKB_5149_20200501_id5149_malinf.jpg;99
392;325;5149;MANDRILLS BKB_5149_20201018_id5149_malinf_(1).jpg;67
388;325;5149;MANDRILLS BKB_5149_20201018_id5149_malinf_(2).jpg;63
396;325;5149;MANDRILLS BKB_5149_20201018_id5149_malinf_(3).jpg;71
483;327;5149;MANDRILLS BKB_5149_20201020_id5149_malinf_(1).jpg;156
533;327;5149;MANDRILLS BKB_5149_20201020_id5149_malinf_(2).jpg;206
496;327;5149;MANDRILLS BKB_5149_20201020_id5149_malinf_(3).jpg;169
733;329;5149;MANDRILLS BKB_5149_20201022_id5149_malinf_(1).jpg;404
566;329;5149;MANDRILLS BKB_5149_20201022_id5149_malinf_(2).jpg;237
564;342;5149;MANDRILLS BKB_5149_20201104_id5149_malinf.jpg;222
384;344;5149;MANDRILLS BKB_5149_20201106_id5149_malinf_(1)-2.jpg;40
480;344;5149;MANDRILLS BKB_5149_20201106_id5149_malinf_(1).jpg;136
413;344;5149;MANDRILLS BKB_5149_20201106_id5149_malinf_(2).jpg;69
644;344;5149;MANDRILLS BKB_5149_20201106_id5149_malinf_(3).jpg;300
472;344;5149;MANDRILLS BKB_5149_20201106_id5149_malinf_(4).jpg;128
445;344;5149;MANDRILLS BKB_5149_20201106_id5149_malinf_(5).jpg;101
455;344;5149;MANDRILLS BKB_5149_20201106_id5149_malinf_(6).jpg;111
765;344;5149;MANDRILLS BKB_5149_20201106_id5149_malinf_(7).jpg;421
646;389;5149;MANDRILLS BKB_5149_20201221_id5149_maljuv_(1).jpg;257
641;389;5149;MANDRILLS BKB_5149_20201221_id5149_maljuv_(2).jpg;252
552;398;5149;MANDRILLS BKB_5149_20201230_id5149_maljuv.jpg;154
511;399;5149;MANDRILLS BKB_5149_20201231_id5149_maljuv.jpg;112
565;405;5149;MANDRILLS BKB_5149_20210106_id5149_maljuv_(1).jpg;160
515;405;5149;MANDRILLS BKB_5149_20210106_id5149_maljuv_(10).jpg;110
661;405;5149;MANDRILLS BKB_5149_20210106_id5149_maljuv_(11).jpg;256
641;405;5149;MANDRILLS BKB_5149_20210106_id5149_maljuv_(12).jpg;236
436;405;5149;MANDRILLS BKB_5149_20210106_id5149_maljuv_(13).jpg;31
620;405;5149;MANDRILLS BKB_5149_20210106_id5149_maljuv_(2).jpg;215
634;405;5149;MANDRILLS BKB_5149_20210106_id5149_maljuv_(3).jpg;229
648;405;5149;MANDRILLS BKB_5149_20210106_id5149_maljuv_(4).jpg;243
655;405;5149;MANDRILLS BKB_5149_20210106_id5149_maljuv_(5).jpg;250
650;405;5149;MANDRILLS BKB_5149_20210106_id5149_maljuv_(6).jpg;245
598;405;5149;MANDRILLS BKB_5149_20210106_id5149_maljuv_(7).jpg;193
770;405;5149;MANDRILLS BKB_5149_20210106_id5149_maljuv_(8).jpg;365
507;405;5149;MANDRILLS BKB_5149_20210106_id5149_maljuv_(9).jpg;102
734;448;5149;MANDRILLS BKB_5149_20210218_id5149_femjuv_(2).jpg;286
735;459;5149;MANDRILLS BKB_5149_20210301_id5149_maljuv_(1).jpg;276
681;459;5149;MANDRILLS BKB_5149_20210301_id5149_maljuv_(2).jpg;222
723;459;5149;MANDRILLS BKB_5149_20210301_id5149_maljuv_(3).jpg;264
839;508;5149;MANDRILLS BKB_5149_20210419_id5149_maljuv.jpg;331
1060;691;5149;MANDRILLS BKB_5149_20211019_id5149_maljuv_(1).jpg;369
940;691;5149;MANDRILLS BKB_5149_20211019_id5149_maljuv_(2).jpg;249
953;811;5149;MANDRILLS BKB_5149_20220216_id5149_maljuv (1).jpg;142
1006;811;5149;MANDRILLS BKB_5149_20220216_id5149_maljuv (2).jpg;195
895;811;5149;MANDRILLS BKB_5149_20220216_id5149_maljuv (5).jpg;84
989;827;5149;MANDRILLS BKB_5149_20220304_id5149_maljuv (1).jpg;162
1085;827;5149;MANDRILLS BKB_5149_20220304_id5149_maljuv (2).jpg;258
1126;830;5149;MANDRILLS BKB_5149_20220307_id5149_maljuv.jpg;296
1279;853;5149;MANDRILLS BKB_5149_20220330_id5149_maljuv.jpg;426
1157;910;5149;MANDRILLS BKB_5149_20220526_id5149_maljuv.jpg;247
1011;934;5149;MANDRILLS BKB_5149_20220619_id5149_maljuv (1).jpg;77
1156;934;5149;MANDRILLS BKB_5149_20220619_id5149_maljuv (3).jpg;222
1257;946;5149;MANDRILLS BKB_5149_20220701_id5149.jpg;311
1171;969;5149;MANDRILLS BKB_5149_20220724_id5149.jpg;202
1093;985;5149;MANDRILLS BKB_5149_20220809_id5149.jpg;108
1026;987;5149;MANDRILLS BKB_5149_20220811_id5149 (1).jpg;39
1090;987;5149;MANDRILLS BKB_5149_20220811_id5149 (2).jpg;103
1272;987;5149;MANDRILLS BKB_5149_20220811_id5149 (3).jpg;285
738;987;5149;MANDRILLS BKB_5149_20220811_id5149 (4).jpg;249
1418;1002;5149;MANDRILLS BKB_5149_20220826_id5149.jpg;416
1320;1012;5149;MANDRILLS BKB_5149_20220905_id5149.jpg;308
1219;1056;5149;MANDRILLS BKB_5149_20221019_id5149 (1).jpg;163
1179;1056;5149;MANDRILLS BKB_5149_20221019_id5149 (2).jpg;123
1285;1056;5149;MANDRILLS BKB_5149_20221019_id5149 (3).jpg;229
1386;1107;5149;MANDRILLS BKB_5149_20221209_id5149.jpg;279
16;7;337;MANDRILLS BKB_5164_20191231_id5164_feminf_(1).jpg;9
-4;7;337;MANDRILLS BKB_5164_20191231_id5164_feminf_(2).jpg;11
34;48;337;MANDRILLS BKB_5164_20200210_id5164_feminf_(1).jpg;14
35;48;337;MANDRILLS BKB_5164_20200210_id5164_feminf_(2).jpg;13
47;48;337;MANDRILLS BKB_5164_20200210_id5164_feminf_(3).jpg;1
74;85;337;MANDRILLS BKB_5164_20200318_id5164_feminf_(1).jpg;11
85;85;337;MANDRILLS BKB_5164_20200318_id5164_feminf_(2).jpg;0
101;98;337;MANDRILLS BKB_5164_20200331_id5164_feminf_(1).jpg;3
108;98;337;MANDRILLS BKB_5164_20200331_id5164_feminf_(2).jpg;10
104;98;337;MANDRILLS BKB_5164_20200331_id5164_feminf_(3).jpg;6
148;129;337;MANDRILLS BKB_5164_20200501_id5164_feminf_(1).jpg;19
145;129;337;MANDRILLS BKB_5164_20200501_id5164_feminf_(2).jpg;16
162;129;337;MANDRILLS BKB_5164_20200501_id5164_feminf_(3).jpg;33
167;129;337;MANDRILLS BKB_5164_20200501_id5164_feminf_(4).jpg;38
144;129;337;MANDRILLS BKB_5164_20200501_id5164_feminf_(5).jpg;15
196;129;337;MANDRILLS BKB_5164_20200501_id5164_feminf_(6).jpg;67
160;129;337;MANDRILLS BKB_5164_20200501_id5164_feminf_(7).jpg;31
139;133;337;MANDRILLS BKB_5164_20200505_id5164_feminf_(1).jpg;6
171;133;337;MANDRILLS BKB_5164_20200505_id5164_feminf_(2).jpg;38
142;133;337;MANDRILLS BKB_5164_20200505_id5164_feminf_(3).jpg;9
182;134;337;MANDRILLS BKB_5164_20200506_id5164_feminf_(1).jpg;48
262;134;337;MANDRILLS BKB_5164_20200506_id5164_feminf_(2).jpg;128
179;134;337;MANDRILLS BKB_5164_20200506_id5164_feminf_(3).jpg;45
168;134;337;MANDRILLS BKB_5164_20200506_id5164_feminf_(4).jpg;34
288;303;337;MANDRILLS BKB_5164_20201022_id5164_feminf_(1).jpg;15
265;303;337;MANDRILLS BKB_5164_20201022_id5164_feminf_(2).jpg;38
372;303;337;MANDRILLS BKB_5164_20201022_id5164_feminf_(3).jpg;69
406;309;337;MANDRILLS BKB_5164_20201028_id5164_feminf.jpg;97
398;310;337;MANDRILLS BKB_5164_20201029_id5164_feminf_(1).jpg;88
381;310;337;MANDRILLS BKB_5164_20201029_id5164_feminf_(2).jpg;71
375;310;337;MANDRILLS BKB_5164_20201029_id5164_feminf_(3).jpg;65
378;310;337;MANDRILLS BKB_5164_20201029_id5164_feminf_(4).jpg;68
314;318;337;MANDRILLS BKB_5164_20201106_id5164_feminf_(1).jpg;4
388;318;337;MANDRILLS BKB_5164_20201106_id5164_feminf_(2).jpg;70
348;318;337;MANDRILLS BKB_5164_20201106_id5164_feminf_(3).jpg;30
355;318;337;MANDRILLS BKB_5164_20201106_id5164_feminf_(4).jpg;37
381;318;337;MANDRILLS BKB_5164_20201106_id5164_feminf_(5).jpg;63
316;318;337;MANDRILLS BKB_5164_20201106_id5164_feminf_(6).jpg;2
424;322;337;MANDRILLS BKB_5164_20201110_id5164_feminf_(1).jpg;102
412;322;337;MANDRILLS BKB_5164_20201110_id5164_feminf_(2).jpg;90
365;323;337;MANDRILLS BKB_5164_20201111_id5164_feminf_(1).jpg;42
333;323;337;MANDRILLS BKB_5164_20201111_id5164_feminf_(2).jpg;10
384;335;337;MANDRILLS BKB_5164_20201123_id5164_feminf_(1).jpg;49
376;335;337;MANDRILLS BKB_5164_20201123_id5164_feminf_(2).jpg;41
457;335;337;MANDRILLS BKB_5164_20201123_id5164_feminf_(3).jpg;122
363;357;337;MANDRILLS BKB_5164_20201215_id5164_feminf_(1).jpg;6
339;357;337;MANDRILLS BKB_5164_20201215_id5164_feminf_(2).jpg;18
369;372;337;MANDRILLS BKB_5164_20201230_id5164_femjuv_(1).jpg;3
335;372;337;MANDRILLS BKB_5164_20201230_id5164_femjuv_(2).jpg;37
402;372;337;MANDRILLS BKB_5164_20201230_id5164_femjuv_(3).jpg;30
387;373;337;MANDRILLS BKB_5164_20201231_id5164_femjuv.jpg;14
396;377;337;MANDRILLS BKB_5164_20210104_id5164_femjuv.jpg;19
443;380;337;MANDRILLS BKB_5164_20210107_id5164_femjuv_(1).jpg;63
414;380;337;MANDRILLS BKB_5164_20210107_id5164_femjuv_(2).jpg;34
479;386;337;MANDRILLS BKB_5164_20210113_id5164_femjuv.jpg;93
365;413;337;MANDRILLS BKB_5164_20210209_id5164_femjuv.jpg;48
635;430;337;MANDRILLS BKB_5164_20210226_id5164_femjuv_(1).jpg;205
546;430;337;MANDRILLS BKB_5164_20210226_id5164_femjuv_(2).jpg;116
568;457;337;MANDRILLS BKB_5164_20210325_id5164_femjuv.jpg;111
492;473;337;MANDRILLS BKB_5164_20210410_id5164_femjuv_(1).jpg;19
547;473;337;MANDRILLS BKB_5164_20210410_id5164_femjuv_(2).jpg;74
432;473;337;MANDRILLS BKB_5164_20210410_id5164_femjuv_(3).jpg;41
377;506;337;MANDRILLS BKB_5164_20210513_id5164_femjuv_(1).jpg;129
431;506;337;MANDRILLS BKB_5164_20210513_id5164_femjuv_(2).jpg;75
457;506;337;MANDRILLS BKB_5164_20210513_id5164_femjuv_(3).jpg;49
528;520;337;MANDRILLS BKB_5164_20210527_id5164_femjuv_(1).jpg;8
588;520;337;MANDRILLS BKB_5164_20210527_id5164_femjuv_(2).jpg;68
604;520;337;MANDRILLS BKB_5164_20210527_id5164_femjuv_(3).jpg;84
664;520;337;MANDRILLS BKB_5164_20210527_id5164_femjuv_(4).jpg;144
610;620;337;MANDRILLS BKB_5164_20210904_id5164_femjuv (1).jpg;10
647;620;337;MANDRILLS BKB_5164_20210904_id5164_femjuv (2).jpg;27
746;770;337;MANDRILLS BKB_5164_20220201_id5164_femjuv (1).jpg;24
806;770;337;MANDRILLS BKB_5164_20220201_id5164_femjuv (2).jpg;36
967;770;337;MANDRILLS BKB_5164_20220201_id5164_femjuv (3).jpg;197
684;770;337;MANDRILLS BKB_5164_20220201_id5164_femjuv (4).jpg;86
744;821;337;MANDRILLS BKB_5164_20220324_id5164_femjuv.jpg;77
982;827;337;MANDRILLS BKB_5164_20220330_id5164_femjuv.jpg;155
760;833;337;MANDRILLS BKB_5164_20220405_id5164_femjuv (1).jpg;73
804;833;337;MANDRILLS BKB_5164_20220405_id5164_femjuv (2).jpg;29
898;892;337;MANDRILLS BKB_5164_20220603_id5164_femjuv.jpg;6
877;933;337;MANDRILLS BKB_5164_20220714_id5164_femjuv (1).jpg;56
1141;933;337;MANDRILLS BKB_5164_20220714_id5164_femjuv (2).jpg;208
955;933;337;MANDRILLS BKB_5164_20220714_id5164_femjuv (3).jpg;22
1018;933;337;MANDRILLS BKB_5164_20220714_id5164_femjuv (4).jpg;85
1048;933;337;MANDRILLS BKB_5164_20220714_id5164_femjuv (5).jpg;115
772;933;337;MANDRILLS BKB_5164_20220714_id5164_femjuv (6).jpg;161
1001;933;337;MANDRILLS BKB_5164_20220714_id5164_femjuv (7).jpg;68
957;935;337;MANDRILLS BKB_5164_20220716_id5164_femjuv.jpg;22
922;947;337;MANDRILLS BKB_5164_20220728_id5164 (2).jpg;25
931;947;337;MANDRILLS BKB_5164_20220728_id5164.jpg;16
1201;992;337;MANDRILLS BKB_5164_20220911_id5164.jpg;209
1211;1072;337;MANDRILLS BKB_5164_20221130_id5164.jpg;139
-21;3;5169;MANDRILLS BKB_5169_20200108_id5169_feminf.jpg;24
28;44;5169;MANDRILLS BKB_5169_20200218_id5169_feminf.jpg;16
46;45;5169;MANDRILLS BKB_5169_20200219_id5169_feminf_(1).jpg;1
1;45;5169;MANDRILLS BKB_5169_20200219_id5169_feminf_(2).jpg;44
45;73;5169;MANDRILLS BKB_5169_20200318_id5169_feminf.jpg;28
86;117;5169;MANDRILLS BKB_5169_20200501_id5169_feminf.jpg;31
84;122;5169;MANDRILLS BKB_5169_20200506_id5169_feminf_(1)-2.jpg;38
102;122;5169;MANDRILLS BKB_5169_20200506_id5169_feminf_(1).jpg;20
150;122;5169;MANDRILLS BKB_5169_20200506_id5169_feminf_(2)-2.jpg;28
108;122;5169;MANDRILLS BKB_5169_20200506_id5169_feminf_(2).jpg;14
91;122;5169;MANDRILLS BKB_5169_20200506_id5169_feminf_(3).jpg;31
87;122;5169;MANDRILLS BKB_5169_20200506_id5169_feminf_(4).jpg;35
102;122;5169;MANDRILLS BKB_5169_20200506_id5169_feminf_(5).jpg;20
73;122;5169;MANDRILLS BKB_5169_20200506_id5169_feminf_(6).jpg;49
99;122;5169;MANDRILLS BKB_5169_20200506_id5169_feminf_(7).jpg;23
99;122;5169;MANDRILLS BKB_5169_20200506_id5169_feminf_(8).jpg;23
76;122;5169;MANDRILLS BKB_5169_20200506_id5169_feminf_(9).jpg;46
237;291;5169;MANDRILLS BKB_5169_20201022_id5169_feminf_(1).jpg;54
222;291;5169;MANDRILLS BKB_5169_20201022_id5169_feminf_(10).jpg;69
180;291;5169;MANDRILLS BKB_5169_20201022_id5169_feminf_(11).jpg;111
238;291;5169;MANDRILLS BKB_5169_20201022_id5169_feminf_(12).jpg;53
232;291;5169;MANDRILLS BKB_5169_20201022_id5169_feminf_(13).jpg;59
219;291;5169;MANDRILLS BKB_5169_20201022_id5169_feminf_(14).jpg;72
206;291;5169;MANDRILLS BKB_5169_20201022_id5169_feminf_(15).jpg;85
212;291;5169;MANDRILLS BKB_5169_20201022_id5169_feminf_(16).jpg;79
186;291;5169;MANDRILLS BKB_5169_20201022_id5169_feminf_(17).jpg;105
179;291;5169;MANDRILLS BKB_5169_20201022_id5169_feminf_(18).jpg;112
300;291;5169;MANDRILLS BKB_5169_20201022_id5169_feminf_(19).jpg;9
272;291;5169;MANDRILLS BKB_5169_20201022_id5169_feminf_(2).jpg;19
251;291;5169;MANDRILLS BKB_5169_20201022_id5169_feminf_(20).jpg;40
178;291;5169;MANDRILLS BKB_5169_20201022_id5169_feminf_(3).jpg;113
258;291;5169;MANDRILLS BKB_5169_20201022_id5169_feminf_(4).jpg;33
209;291;5169;MANDRILLS BKB_5169_20201022_id5169_feminf_(5).jpg;82
194;291;5169;MANDRILLS BKB_5169_20201022_id5169_feminf_(6).jpg;97
223;291;5169;MANDRILLS BKB_5169_20201022_id5169_feminf_(7).jpg;68
253;291;5169;MANDRILLS BKB_5169_20201022_id5169_feminf_(8).jpg;38
193;291;5169;MANDRILLS BKB_5169_20201022_id5169_feminf_(9).jpg;98
242;298;5169;MANDRILLS BKB_5169_20201029_id5169_feminf_(2).jpg;56
259;300;5169;MANDRILLS BKB_5169_20201031_id5169_feminf_(1).jpg;41
283;300;5169;MANDRILLS BKB_5169_20201031_id5169_feminf_(2).jpg;17
311;300;5169;MANDRILLS BKB_5169_20201031_id5169_feminf_(3).jpg;11
178;301;5169;MANDRILLS BKB_5169_20201101_id5169_feminf.jpg;123
254;306;5169;MANDRILLS BKB_5169_20201106_id5169_feminf.jpg;52
239;310;5169;MANDRILLS BKB_5169_20201110_id5169_feminf_(1).jpg;71
278;310;5169;MANDRILLS BKB_5169_20201110_id5169_feminf_(2).jpg;32
319;324;5169;MANDRILLS BKB_5169_20201124_id5169_feminf.jpg;5
252;345;5169;MANDRILLS BKB_5169_20201215_id5169_feminf.jpg;93
222;361;5169;MANDRILLS BKB_5169_20201231_id5169_feminf_(1).jpg;139
258;361;5169;MANDRILLS BKB_5169_20201231_id5169_feminf_(2).jpg;103
236;361;5169;MANDRILLS BKB_5169_20201231_id5169_feminf_(3).jpg;125
339;363;5169;MANDRILLS BKB_5169_20210102_id5169_feminf_(1).jpg;24
295;363;5169;MANDRILLS BKB_5169_20210102_id5169_feminf_(2).jpg;68
251;368;5169;MANDRILLS BKB_5169_20210107_id5169_femjuv.jpg;117
361;387;5169;MANDRILLS BKB_5169_20210126_id5169_femjuv.jpg;26
349;395;5169;MANDRILLS BKB_5169_20210203_id5169_femjuv_(1).jpg;46
334;395;5169;MANDRILLS BKB_5169_20210203_id5169_femjuv_(2).jpg;61
334;395;5169;MANDRILLS BKB_5169_20210203_id5169_femjuv_(3).jpg;61
338;395;5169;MANDRILLS BKB_5169_20210203_id5169_femjuv_(4).jpg;57
413;614;5169;MANDRILLS BKB_5169_20210910_id5169_femjuv.jpg;201
389;656;5169;MANDRILLS BKB_5169_20211022_id5169_femjuv_(1).jpg;267
428;656;5169;MANDRILLS BKB_5169_20211022_id5169_femjuv_(3).jpg;228
621;699;5169;MANDRILLS BKB_5169_20211204_ID5169_femjuv_(1).jpg;78
518;699;5169;MANDRILLS BKB_5169_20211204_ID5169_femjuv_(2).jpg;181
505;708;5169;MANDRILLS BKB_5169_20211213_id5169_femjuv_(1).jpg;203
527;708;5169;MANDRILLS BKB_5169_20211213_id5169_femjuv_(2).jpg;181
615;712;5169;MANDRILLS BKB_5169_20211217_id5169_femjuv_(1).jpg;97
630;712;5169;MANDRILLS BKB_5169_20211217_id5169_femjuv_(2).jpg;82
518;765;5169;MANDRILLS BKB_5169_20220208_id5169_femjuv (1).jpg;247
594;765;5169;MANDRILLS BKB_5169_20220208_id5169_femjuv (2).jpg;171
596;778;5169;MANDRILLS BKB_5169_20220221_id5169_femjuv(1).jpg;182
725;778;5169;MANDRILLS BKB_5169_20220221_id5169_femjuv.jpg;53
462;796;5169;MANDRILLS BKB_5169_20220311_id5169_femjuv (1).jpg;334
580;796;5169;MANDRILLS BKB_5169_20220311_id5169_femjuv (2).jpg;216
572;796;5169;MANDRILLS BKB_5169_20220311_id5169_femjuv (3).jpg;224
497;815;5169;MANDRILLS BKB_5169_20220330_id5169_femjuv.jpg;318
713;873;5169;MANDRILLS BKB_5169_20220527_id5169_femjuv (2).jpg;160
656;873;5169;MANDRILLS BKB_5169_20220527_id5169_femjuv (3).jpg;217
795;883;5169;MANDRILLS BKB_5169_20220606_id5169_femjuv.jpg;88
726;906;5169;MANDRILLS BKB_5169_20220629_id5169 (1).jpg;180
667;906;5169;MANDRILLS BKB_5169_20220629_id5169 (2).jpg;239
847;906;5169;MANDRILLS BKB_5169_20220629_id5169 (3).jpg;59
660;906;5169;MANDRILLS BKB_5169_20220629_id5169 (4).jpg;246
607;908;5169;MANDRILLS BKB_5169_20220701_id5169.jpg;301
625;912;5169;MANDRILLS BKB_5169_20220705_id5169 (1).jpg;287
698;912;5169;MANDRILLS BKB_5169_20220705_id5169 (6).jpg;214
527;913;5169;MANDRILLS BKB_5169_20220706_id5169.jpg;386
889;921;5169;MANDRILLS BKB_5169_20220714_id5169_femjuv (1).jpg;32
711;921;5169;MANDRILLS BKB_5169_20220714_id5169_femjuv (2).jpg;210
674;921;5169;MANDRILLS BKB_5169_20220714_id5169_femjuv.jpg;247
730;923;5169;MANDRILLS BKB_5169_20220716_id5169_femjuv.jpg;193
839;924;5169;MANDRILLS BKB_5169_20220717_id5169.jpg;85
788;925;5169;MANDRILLS BKB_5169_20220718_id5169.jpg;137
646;928;5169;MANDRILLS BKB_5169_20220721_id5169.jpg;282
795;931;5169;MANDRILLS BKB_5169_20220724_id5169.jpg;136
782;947;5169;MANDRILLS BKB_5169_20220809_id5169.jpg;165
736;974;5169;MANDRILLS BKB_5169_20220905_id5169.jpg;238
909;1009;5169;MANDRILLS BKB_5169_20221010_id5169 (2).jpg;100
757;1009;5169;MANDRILLS BKB_5169_20221010_id5169 (3).jpg;252
738;1009;5169;MANDRILLS BKB_5169_20221010_id5169.jpg;271
813;1021;5169;MANDRILLS BKB_5169_20221022_id5169.jpg;208
675;1026;5169;MANDRILLS BKB_5169_20221027_id5169.jpg;351
792;1028;5169;MANDRILLS BKB_5169_20221029_id5169.jpg;236
445;1044;5169;MANDRILLS BKB_5169_20221114_id5169.jpg;599
803;1078;5169;MANDRILLS BKB_5169_20221218_id5169.jpg;275
816;1081;5169;MANDRILLS BKB_5169_20221221_id5169.jpg;265
890;1084;5169;MANDRILLS BKB_5169_20221224_id5169.jpg;194
4155;4864;55;MANDRILLS BKB_55_20140703_id55_maladu_(3)_ORIGINAL.jpg;709
2957;2926;57;MANDRILLS BKB_57_20120301_id57_malsub_(1)_ORIGINAL.jpg;31
3086;2926;57;MANDRILLS BKB_57_20120301_id57_malsub_(14)_ORIGINAL.jpg;160
3106;2926;57;MANDRILLS BKB_57_20120301_id57_malsub_(17)_ORIGINAL.jpg;180
3040;2926;57;MANDRILLS BKB_57_20120301_id57_malsub_(2)_ORIGINAL.jpg;114
3116;2926;57;MANDRILLS BKB_57_20120301_id57_malsub_(20)_ORIGINAL.jpg;190
3106;2926;57;MANDRILLS BKB_57_20120301_id57_malsub_(22)_ORIGINAL.jpg;180
3232;2926;57;MANDRILLS BKB_57_20120301_id57_malsub_(23)_ORIGINAL.jpg;306
3076;2926;57;MANDRILLS BKB_57_20120301_id57_malsub_(25)_ORIGINAL.jpg;150
3051;2926;57;MANDRILLS BKB_57_20120301_id57_malsub_(27)_ORIGINAL.jpg;125
2928;2926;57;MANDRILLS BKB_57_20120301_id57_malsub_(28)_ORIGINAL.jpg;2
3053;2926;57;MANDRILLS BKB_57_20120301_id57_malsub_(3)_ORIGINAL.jpg;127
2894;2926;57;MANDRILLS BKB_57_20120301_id57_malsub_(34)_ORIGINAL.jpg;32
2975;2926;57;MANDRILLS BKB_57_20120301_id57_malsub_(36)_ORIGINAL.jpg;49
3002;2926;57;MANDRILLS BKB_57_20120301_id57_malsub_(8)_ORIGINAL.jpg;76
2833;2926;57;MANDRILLS BKB_57_20120301_id57_malsub_(9)_ORIGINAL.jpg;93
2934;2930;57;MANDRILLS BKB_57_20120305_id57_malsubMINI_ORIGINAL.jpg;4
3199;2959;57;MANDRILLS BKB_57_20120403_id57_malsubDERRIERE_ORIGINAL.jpg;240
3213;2959;57;MANDRILLS BKB_57_20120403_id57_malsub_(1)_ORIGINAL.jpg;254
2917;2965;57;MANDRILLS BKB_57_20120409_id57_malsub_(1)_ORIGINAL.jpg;48
3019;2965;57;MANDRILLS BKB_57_20120409_id57_malsub_(2)_ORIGINAL.jpg;54
2972;2965;57;MANDRILLS BKB_57_20120409_id57_malsub_(3)_ORIGINAL.jpg;7
3044;2965;57;MANDRILLS BKB_57_20120409_id57_malsub_(4)_ORIGINAL.jpg;79
3280;3000;57;MANDRILLS BKB_57_20120514_id57_malsubGAUCHE_ORIGINAL.jpg;280
2925;3000;57;MANDRILLS BKB_57_20120514_id57_malsub_(1)_ORIGINAL.jpg;75
3140;3000;57;MANDRILLS BKB_57_20120514_id57_malsub_(2)_ORIGINAL.jpg;140
3142;3000;57;MANDRILLS BKB_57_20120514_id57_malsub_(3)_ORIGINAL.jpg;142
3133;3000;57;MANDRILLS BKB_57_20120514_id57_malsub_(4)_ORIGINAL.jpg;133
3269;3000;57;MANDRILLS BKB_57_20120514_id57_malsub_(5)_ORIGINAL.jpg;269
3284;3000;57;MANDRILLS BKB_57_20120514_id57_malsub_(6)_ORIGINAL.jpg;284
3234;3000;57;MANDRILLS BKB_57_20120514_id57_malsub_(7)_ORIGINAL.jpg;234
3116;3000;57;MANDRILLS BKB_57_20120514_id57_malsub_(8)_ORIGINAL.jpg;116
2933;3001;57;MANDRILLS BKB_57_20120515_id57_malsub_(1)_ORIGINAL.jpg;68
3324;3001;57;MANDRILLS BKB_57_20120515_id57_malsub_(2)_ORIGINAL.jpg;323
3119;3008;57;MANDRILLS BKB_57_20120522_id57_malsub_(2)_ORIGINAL.jpg;111
2966;3008;57;MANDRILLS BKB_57_20120522_id57_malsub_(3)_ORIGINAL.jpg;42
3082;3016;57;MANDRILLS BKB_57_20120530_id57_malsub_(1)_ORIGINAL.jpg;66
3160;3016;57;MANDRILLS BKB_57_20120530_id57_malsub_(10)_ORIGINAL.jpg;144
3099;3016;57;MANDRILLS BKB_57_20120530_id57_malsub_(11)_ORIGINAL.jpg;83
2926;3016;57;MANDRILLS BKB_57_20120530_id57_malsub_(12)_ORIGINAL.jpg;90
3202;3016;57;MANDRILLS BKB_57_20120530_id57_malsub_(13)_ORIGINAL.jpg;186
3218;3016;57;MANDRILLS BKB_57_20120530_id57_malsub_(14)_ORIGINAL.jpg;202
3169;3016;57;MANDRILLS BKB_57_20120530_id57_malsub_(15)_ORIGINAL.jpg;153
3010;3016;57;MANDRILLS BKB_57_20120530_id57_malsub_(2)_ORIGINAL.jpg;6
3061;3016;57;MANDRILLS BKB_57_20120530_id57_malsub_(3)_ORIGINAL.jpg;45
3057;3016;57;MANDRILLS BKB_57_20120530_id57_malsub_(4)_ORIGINAL.jpg;41
3021;3016;57;MANDRILLS BKB_57_20120530_id57_malsub_(5)_ORIGINAL.jpg;5
3119;3016;57;MANDRILLS BKB_57_20120530_id57_malsub_(6)_ORIGINAL.jpg;103
3088;3016;57;MANDRILLS BKB_57_20120530_id57_malsub_(7)_ORIGINAL.jpg;72
3109;3016;57;MANDRILLS BKB_57_20120530_id57_malsub_(8)_ORIGINAL.jpg;93
3320;3016;57;MANDRILLS BKB_57_20120530_id57_malsub_(9)_ORIGINAL.jpg;304
3232;3016;57;MANDRILLS BKB_57_20120530_id57_malsub_ORIGINAL.jpg;216
3015;3024;57;MANDRILLS BKB_57_20120607_id57_malsub_(1)_ORIGINAL.jpg;9
3200;3024;57;MANDRILLS BKB_57_20120607_id57_malsub_(2)_ORIGINAL.jpg;176
3079;3065;57;MANDRILLS BKB_57_20120718_id57_malsubCENTRE_(1)_ORIGINAL.jpg;14
3103;3065;57;MANDRILLS BKB_57_20120718_id57_malsubCENTRE_(2)_ORIGINAL.jpg;38
3135;3065;57;MANDRILLS BKB_57_20120718_id57_malsubCENTRE_(3)_ORIGINAL.jpg;70
3128;3065;57;MANDRILLS BKB_57_20120718_id57_malsubCENTRE_(4)_ORIGINAL.jpg;63
3364;3065;57;MANDRILLS BKB_57_20120718_id57_malsubCENTRE_(5)_ORIGINAL.jpg;299
2909;3065;57;MANDRILLS BKB_57_20120718_id57_malsubCENTRE_(6)_ORIGINAL.jpg;156
3408;3065;57;MANDRILLS BKB_57_20120718_id57_malsub_ORIGINAL.jpg;343
3109;3071;57;MANDRILLS BKB_57_20120724_id57_malsub_ORIGINAL.jpg;38
3443;3102;57;MANDRILLS BKB_57_20120824_id57_malsub_ORIGINAL.jpg;341
3094;3129;57;MANDRILLS BKB_57_20120920_id57_malsub_(1)_ORIGINAL.jpg;35
3352;3129;57;MANDRILLS BKB_57_20120920_id57_malsub_(2)_ORIGINAL.jpg;223
3365;3141;57;MANDRILLS BKB_57_20121002_id57_malsub_(1)_ORIGINAL.jpg;224
3378;3141;57;MANDRILLS BKB_57_20121002_id57_malsub_(2)_ORIGINAL.jpg;237
3288;3141;57;MANDRILLS BKB_57_20121002_id57_malsub_(3)_ORIGINAL.jpg;147
3373;3141;57;MANDRILLS BKB_57_20121002_id57_malsub_(4)_ORIGINAL.jpg;232
3536;3159;57;MANDRILLS BKB_57_20121020_id57_malsub_(1)_ORIGINAL.jpg;377
3482;3159;57;MANDRILLS BKB_57_20121020_id57_malsub_(2)_ORIGINAL.jpg;323
3536;3159;57;MANDRILLS BKB_57_20121020_id57_malsub_(3)_ORIGINAL.jpg;377
3622;3159;57;MANDRILLS BKB_57_20121020_id57_malsub_(4)_ORIGINAL.jpg;463
2849;3216;57;MANDRILLS BKB_57_20121216_id57_malsub_ORIGINAL.jpg;367
3823;3931;57;MANDRILLS BKB_57_20141201_id57_maladu_(2)_ORIGINAL.jpg;108
3804;3931;57;MANDRILLS BKB_57_20141201_id57_maladu_(3)_ORIGINAL.jpg;127
3708;4070;57;MANDRILLS BKB_57_20150419_id57_maladuGAUCHE_(1)_ORIGINAL.jpg;362
3757;4070;57;MANDRILLS BKB_57_20150419_id57_maladuGAUCHE_(3)_ORIGINAL.jpg;313
3743;4070;57;MANDRILLS BKB_57_20150419_id57_maladuGAUCHE_(4)_ORIGINAL.jpg;327
3795;4070;57;MANDRILLS BKB_57_20150419_id57_maladu_(10)_ORIGINAL.jpg;275
3749;4070;57;MANDRILLS BKB_57_20150419_id57_maladu_(11)_ORIGINAL.jpg;321
3782;4070;57;MANDRILLS BKB_57_20150419_id57_maladu_(12)_ORIGINAL.jpg;288
3720;4070;57;MANDRILLS BKB_57_20150419_id57_maladu_(2)_ORIGINAL.jpg;350
3734;4070;57;MANDRILLS BKB_57_20150419_id57_maladu_(3)_ORIGINAL.jpg;336
3721;4098;57;MANDRILLS BKB_57_20150517_id57_maladu_(1)_ORIGINAL.jpg;377
3674;4098;57;MANDRILLS BKB_57_20150517_id57_maladu_(10)_ORIGINAL.jpg;424
3679;4098;57;MANDRILLS BKB_57_20150517_id57_maladu_(11)_ORIGINAL.jpg;419
3705;4098;57;MANDRILLS BKB_57_20150517_id57_maladu_(12)_ORIGINAL.jpg;393
3694;4098;57;MANDRILLS BKB_57_20150517_id57_maladu_(13)_ORIGINAL.jpg;404
3685;4098;57;MANDRILLS BKB_57_20150517_id57_maladu_(14)_ORIGINAL.jpg;413
3720;4098;57;MANDRILLS BKB_57_20150517_id57_maladu_(15)_ORIGINAL.jpg;378
3686;4098;57;MANDRILLS BKB_57_20150517_id57_maladu_(16)_ORIGINAL.jpg;412
3671;4098;57;MANDRILLS BKB_57_20150517_id57_maladu_(17)_ORIGINAL.jpg;427
3659;4098;57;MANDRILLS BKB_57_20150517_id57_maladu_(2)_ORIGINAL.jpg;439
3709;4098;57;MANDRILLS BKB_57_20150517_id57_maladu_(3)_ORIGINAL.jpg;389
3705;4098;57;MANDRILLS BKB_57_20150517_id57_maladu_(4)_ORIGINAL.jpg;393
3738;4098;57;MANDRILLS BKB_57_20150517_id57_maladu_(5)_ORIGINAL.jpg;360
3690;4098;57;MANDRILLS BKB_57_20150517_id57_maladu_(6)_ORIGINAL.jpg;408
3702;4098;57;MANDRILLS BKB_57_20150517_id57_maladu_(7)_ORIGINAL.jpg;396
3741;4098;57;MANDRILLS BKB_57_20150517_id57_maladu_(8)_ORIGINAL.jpg;357
3737;4153;57;MANDRILLS BKB_57_20150711_id57_maladu_(1)_ORIGINAL.jpg;416
3717;4153;57;MANDRILLS BKB_57_20150711_id57_maladu_(2)_ORIGINAL.jpg;436
3690;4153;57;MANDRILLS BKB_57_20150711_id57_maladu_(3)_ORIGINAL.jpg;463
4441;4155;57;MANDRILLS BKB_57_20150713_id57_maladu_(1)_ORIGINAL.jpg;286
4171;4155;57;MANDRILLS BKB_57_20150713_id57_maladu_(2)_ORIGINAL.jpg;16
4386;4155;57;MANDRILLS BKB_57_20150713_id57_maladu_(3)_ORIGINAL.jpg;231
4136;4155;57;MANDRILLS BKB_57_20150713_id57_maladu_(4)_ORIGINAL.jpg;19
3695;4158;57;MANDRILLS BKB_57_20150716_id57_maladu_(1)_ORIGINAL.jpg;463
3695;4158;57;MANDRILLS BKB_57_20150716_id57_maladu_(2)_ORIGINAL.jpg;463
3717;4158;57;MANDRILLS BKB_57_20150716_id57_maladu_(3)_ORIGINAL.jpg;441
3710;4158;57;MANDRILLS BKB_57_20150716_id57_maladu_(4)_ORIGINAL.jpg;448
3801;4158;57;MANDRILLS BKB_57_20150716_id57_maladu_(6)_ORIGINAL.jpg;357
3680;4158;57;MANDRILLS BKB_57_20150716_id57_maladu_(7)_ORIGINAL.jpg;478
3685;4158;57;MANDRILLS BKB_57_20150716_id57_maladu_(8)_ORIGINAL.jpg;473
4023;4183;57;MANDRILLS BKB_57_20150810_id57_maladu_(4)_ORIGINAL.jpg;160
3720;4199;57;MANDRILLS BKB_57_20150826_id57_maladu_(1)_ORIGINAL.jpg;479
3751;4199;57;MANDRILLS BKB_57_20150826_id57_maladu_(2)_ORIGINAL.jpg;448
3730;4199;57;MANDRILLS BKB_57_20150826_id57_maladu_(4)_ORIGINAL.jpg;469
8;6;6021;MANDRILLS BKB_6021_20201218_id6021_malinf_(1).jpg;2
-17;6;6021;MANDRILLS BKB_6021_20201218_id6021_malinf_(2).jpg;23
-34;6;6021;MANDRILLS BKB_6021_20201218_id6021_malinf_(3).jpg;40
-29;6;6021;MANDRILLS BKB_6021_20201218_id6021_malinf_(4).jpg;35
-5;6;6021;MANDRILLS BKB_6021_20201218_id6021_malinf_(5).jpg;11
-17;6;6021;MANDRILLS BKB_6021_20201218_id6021_malinf_(6).jpg;23
13;23;6021;MANDRILLS BKB_6021_20210104_id6021_malinf.jpg;10
9;25;6021;MANDRILLS BKB_6021_20210106_id6021_malinf_(1).jpg;16
-7;25;6021;MANDRILLS BKB_6021_20210106_id6021_malinf_(2).jpg;32
16;25;6021;MANDRILLS BKB_6021_20210106_id6021_malinf_(3).jpg;9
-6;25;6021;MANDRILLS BKB_6021_20210106_id6021_malinf_(4).jpg;31
-10;25;6021;MANDRILLS BKB_6021_20210106_id6021_malinf_(5).jpg;35
5;25;6021;MANDRILLS BKB_6021_20210106_id6021_malinf_(6).jpg;20
-10;25;6021;MANDRILLS BKB_6021_20210106_id6021_malinf_(7).jpg;35
19;30;6021;MANDRILLS BKB_6021_20210111_id6021_malinf.jpg;11
33;40;6021;MANDRILLS BKB_6021_20210121_id6021_malinf_(1).jpg;7
20;40;6021;MANDRILLS BKB_6021_20210121_id6021_malinf_(2).jpg;20
14;40;6021;MANDRILLS BKB_6021_20210121_id6021_malinf_(3).jpg;26
30;48;6021;MANDRILLS BKB_6021_20210129_id6021_malinf_(1).jpg;18
27;48;6021;MANDRILLS BKB_6021_20210129_id6021_malinf_(2).jpg;21
25;48;6021;MANDRILLS BKB_6021_20210129_id6021_malinf_(3).jpg;23
-4;48;6021;MANDRILLS BKB_6021_20210129_id6021_malinf_(4).jpg;52
29;48;6021;MANDRILLS BKB_6021_20210129_id6021_malinf_(5).jpg;19
22;48;6021;MANDRILLS BKB_6021_20210129_id6021_malinf_(6).jpg;26
49;48;6021;MANDRILLS BKB_6021_20210129_id6021_malinf_(7).jpg;1
30;48;6021;MANDRILLS BKB_6021_20210129_id6021_malinf_(8).jpg;18
48;51;6021;MANDRILLS BKB_6021_20210201_id6021_malinf.jpg;3
30;55;6021;MANDRILLS BKB_6021_20210205_id6021_malinf_(1).jpg;25
1;55;6021;MANDRILLS BKB_6021_20210205_id6021_malinf_(2).jpg;54
35;56;6021;MANDRILLS BKB_6021_20210206_id6021_malinf_(1).jpg;21
7;56;6021;MANDRILLS BKB_6021_20210206_id6021_malinf_(2).jpg;49
40;56;6021;MANDRILLS BKB_6021_20210206_id6021_malinf_(3).jpg;16
47;56;6021;MANDRILLS BKB_6021_20210206_id6021_malinf_(4).jpg;9
70;56;6021;MANDRILLS BKB_6021_20210206_id6021_malinf_(5).jpg;14
30;59;6021;MANDRILLS BKB_6021_20210209_id6021_malinf_(1).jpg;29
40;59;6021;MANDRILLS BKB_6021_20210209_id6021_malinf_(2).jpg;19
17;59;6021;MANDRILLS BKB_6021_20210209_id6021_malinf_(3).jpg;42
48;59;6021;MANDRILLS BKB_6021_20210209_id6021_malinf_(4).jpg;11
22;67;6021;MANDRILLS BKB_6021_20210217_id6021_malinf.jpg;45
85;111;6021;MANDRILLS BKB_6021_20210402_id6021_malinf.jpg;26
111;177;6021;MANDRILLS BKB_6021_20210607_id6021_malinf_(1).jpg;66
113;177;6021;MANDRILLS BKB_6021_20210607_id6021_malinf_(2).jpg;64
115;177;6021;MANDRILLS BKB_6021_20210607_id6021_malinf_(3).jpg;62
123;177;6021;MANDRILLS BKB_6021_20210607_id6021_malinf_(4).jpg;54
101;177;6021;MANDRILLS BKB_6021_20210607_id6021_malinf_(5).jpg;76
163;221;6021;MANDRILLS BKB_6021_20210721_id6021_malinf_(1).jpg;58
180;221;6021;MANDRILLS BKB_6021_20210721_id6021_malinf_(2).jpg;41
151;226;6021;MANDRILLS BKB_6021_20210726_id6021_malinf.jpg;75
198;266;6021;MANDRILLS BKB_6021_20210904_id6021_malinf.jpg;68
178;286;6021;MANDRILLS BKB_6021_20210924_id6021_malinf.jpg;108
255;297;6021;MANDRILLS BKB_6021_20211005_id6021_malinf_(1).jpg;42
263;297;6021;MANDRILLS BKB_6021_20211005_id6021_malinf_(2).jpg;34
186;297;6021;MANDRILLS BKB_6021_20211005_id6021_malinf_(3).jpg;111
283;331;6021;MANDRILLS BKB_6021_20211108_id6021_malinf.jpg;48
376;342;6021;MANDRILLS BKB_6021_20211119_id6021_malinf_(1).jpg;34
356;342;6021;MANDRILLS BKB_6021_20211119_id6021_malinf_(2).jpg;14
262;366;6021;MANDRILLS BKB_6021_20211213_id6021_malinf.jpg;104
327;404;6021;MANDRILLS BKB_6021_20220120_id6021 (2).jpg;77
234;404;6021;MANDRILLS BKB_6021_20220120_id6021.jpg;170
370;404;6021;MANDRILLS BKB_6021_20220120_id6081 (1).jpg;34
312;404;6021;MANDRILLS BKB_6021_20220120_id6081 (2).jpg;92
406;414;6021;MANDRILLS BKB_6021_20220130_id6021.jpg;8
352;416;6021;MANDRILLS BKB_6021_20220201_id6021_maljuv.jpg;64
248;447;6021;MANDRILLS BKB_6021_20220304_id6021_maljuv (1).jpg;199
393;447;6021;MANDRILLS BKB_6021_20220304_id6021_maljuv (2).jpg;54
368;447;6021;MANDRILLS BKB_6021_20220304_id6021_maljuv (3).jpg;79
354;447;6021;MANDRILLS BKB_6021_20220304_id6021_maljuv (4).jpg;93
366;447;6021;MANDRILLS BKB_6021_20220304_id6021_maljuv (5).jpg;81
311;462;6021;MANDRILLS BKB_6021_20220319_id6021_maljuv.jpg;151
439;473;6021;MANDRILLS BKB_6021_20220330_id6021_maljuv (1).jpg;34
353;473;6021;MANDRILLS BKB_6021_20220330_id6021_maljuv (3).jpg;120
406;501;6021;MANDRILLS BKB_6021_20220427_id6021_maljuv.jpg;95
421;520;6021;MANDRILLS BKB_6021_20220516_id6021_maljuv (2).jpg;99
435;520;6021;MANDRILLS BKB_6021_20220516_id6021_maljuv (3).jpg;85
395;536;6021;MANDRILLS BKB_6021_20220601_id6021_maljuv.jpg;141
452;558;6021;MANDRILLS BKB_6021_20220623_id6021_maljuv (1).jpg;106
408;558;6021;MANDRILLS BKB_6021_20220623_id6021_maljuv (2).jpg;150
441;564;6021;MANDRILLS BKB_6021_20220629_id6021 (1).jpg;123
432;564;6021;MANDRILLS BKB_6021_20220629_id6021 (2).jpg;132
486;564;6021;MANDRILLS BKB_6021_20220629_id6021 (3).jpg;78
410;581;6021;MANDRILLS BKB_6021_20220716_id6021_maljuv (1).jpg;171
554;581;6021;MANDRILLS BKB_6021_20220716_id6021_maljuv (2).jpg;27
433;581;6021;MANDRILLS BKB_6021_20220716_id6021_maljuv (4).jpg;148
447;581;6021;MANDRILLS BKB_6021_20220716_id6021_maljuv (5).jpg;134
795;608;6021;MANDRILLS BKB_6021_20220812_id6021.jpg;187
558;611;6021;MANDRILLS BKB_6021_20220815_id6021.jpg;53
382;614;6021;MANDRILLS BKB_6021_20220818_id6021.jpg;232
478;623;6021;MANDRILLS BKB_6021_20220827_id6021.jpg;145
523;626;6021;MANDRILLS BKB_6021_20220830_id6021.jpg;103
567;631;6021;MANDRILLS BKB_6021_20220904_id6021 (1).jpg;64
551;631;6021;MANDRILLS BKB_6021_20220904_id6021 (2).jpg;80
472;632;6021;MANDRILLS BKB_6021_20220905_id6021.jpg;160
489;645;6021;MANDRILLS BKB_6021_20220918_id6021 (1).jpg;156
616;645;6021;MANDRILLS BKB_6021_20220918_id6021 (2).jpg;29
576;648;6021;MANDRILLS BKB_6021_20220921_id6021.jpg;72
729;709;6021;MANDRILLS BKB_6021_20221121_id6021.jpg;20
629;727;6021;MANDRILLS BKB_6021_20221209_id6021 (2).jpg;98
600;727;6021;MANDRILLS BKB_6021_20221209_id6021 (3).jpg;127
14;0;6029;MANDRILLS BKB_6029_20210221_id6029_feminf_(1).jpg;14
20;0;6029;MANDRILLS BKB_6029_20210221_id6029_feminf_(2).jpg;20
-17;0;6029;MANDRILLS BKB_6029_20210221_id6029_feminf_(3).jpg;17
-6;5;6029;MANDRILLS BKB_6029_20210226_id6029_feminf_(1).jpg;11
36;5;6029;MANDRILLS BKB_6029_20210226_id6029_feminf_(2).jpg;31
76;40;6029;MANDRILLS BKB_6029_20210402_id6029_feminf_(1).jpg;36
41;40;6029;MANDRILLS BKB_6029_20210402_id6029_feminf_(10).jpg;1
26;40;6029;MANDRILLS BKB_6029_20210402_id6029_feminf_(11).jpg;14
40;40;6029;MANDRILLS BKB_6029_20210402_id6029_feminf_(12).jpg;0
33;40;6029;MANDRILLS BKB_6029_20210402_id6029_feminf_(13).jpg;7
26;40;6029;MANDRILLS BKB_6029_20210402_id6029_feminf_(14).jpg;14
17;40;6029;MANDRILLS BKB_6029_20210402_id6029_feminf_(15).jpg;23
16;40;6029;MANDRILLS BKB_6029_20210402_id6029_feminf_(16).jpg;24
32;40;6029;MANDRILLS BKB_6029_20210402_id6029_feminf_(17).jpg;8
43;40;6029;MANDRILLS BKB_6029_20210402_id6029_feminf_(18).jpg;3
48;40;6029;MANDRILLS BKB_6029_20210402_id6029_feminf_(19).jpg;8
34;40;6029;MANDRILLS BKB_6029_20210402_id6029_feminf_(2).jpg;6
31;40;6029;MANDRILLS BKB_6029_20210402_id6029_feminf_(20).jpg;9
16;40;6029;MANDRILLS BKB_6029_20210402_id6029_feminf_(3).jpg;24
14;40;6029;MANDRILLS BKB_6029_20210402_id6029_feminf_(4).jpg;26
8;40;6029;MANDRILLS BKB_6029_20210402_id6029_feminf_(5).jpg;32
12;40;6029;MANDRILLS BKB_6029_20210402_id6029_feminf_(6).jpg;28
5;40;6029;MANDRILLS BKB_6029_20210402_id6029_feminf_(7).jpg;35
19;40;6029;MANDRILLS BKB_6029_20210402_id6029_feminf_(8).jpg;21
9;40;6029;MANDRILLS BKB_6029_20210402_id6029_feminf_(9).jpg;31
144;79;6029;MANDRILLS BKB_6029_20210511_id6029_feminf.jpg;65
67;81;6029;MANDRILLS BKB_6029_20210513_id6029_feminf_(1).jpg;14
76;83;6029;MANDRILLS BKB_6029_20210515_id6029_feminf_(2).jpg;7
97;83;6029;MANDRILLS BKB_6029_20210515_id6029_feminf_(3).jpg;14
90;83;6029;MANDRILLS BKB_6029_20210515_id6029_feminf_(4).jpg;7
218;198;6029;MANDRILLS BKB_6029_20210907_id6029_feminf (2).jpg;20
185;198;6029;MANDRILLS BKB_6029_20210907_id6029_feminf (3).jpg;13
229;198;6029;MANDRILLS BKB_6029_20210907_id6029_feminf (4).jpg;31
220;198;6029;MANDRILLS BKB_6029_20210907_id6029_feminf (5).jpg;22
14;1;6031;MANDRILLS BKB_6031_20210212_id6031_feminf_(1).jpg;13
-4;1;6031;MANDRILLS BKB_6031_20210212_id6031_feminf_(2).jpg;5
-16;1;6031;MANDRILLS BKB_6031_20210212_id6031_feminf_(3).jpg;17
3;1;6031;MANDRILLS BKB_6031_20210212_id6031_feminf_(4).jpg;2
-2;1;6031;MANDRILLS BKB_6031_20210212_id6031_feminf_(5).jpg;3
-13;1;6031;MANDRILLS BKB_6031_20210212_id6031_feminf_(6).jpg;14
0;1;6031;MANDRILLS BKB_6031_20210212_id6031_feminf_(7).jpg;1
-24;4;6031;MANDRILLS BKB_6031_20210215_id6031_feminf_(1).jpg;28
-2;4;6031;MANDRILLS BKB_6031_20210215_id6031_feminf_(2).jpg;6
-18;4;6031;MANDRILLS BKB_6031_20210215_id6031_feminf_(3).jpg;22
-19;4;6031;MANDRILLS BKB_6031_20210215_id6031_feminf_(4).jpg;23
18;4;6031;MANDRILLS BKB_6031_20210215_id6031_feminf_(5).jpg;14
43;25;6031;MANDRILLS BKB_6031_20210308_id6031_feminf_(1).jpg;18
40;25;6031;MANDRILLS BKB_6031_20210308_id6031_feminf_(2).jpg;15
27;25;6031;MANDRILLS BKB_6031_20210308_id6031_feminf_(3).jpg;2
24;25;6031;MANDRILLS BKB_6031_20210308_id6031_feminf_(4).jpg;1
41;25;6031;MANDRILLS BKB_6031_20210308_id6031_feminf_(5).jpg;16
24;25;6031;MANDRILLS BKB_6031_20210308_id6031_feminf_(6).jpg;1
37;25;6031;MANDRILLS BKB_6031_20210308_id6031_feminf_(7).jpg;12
36;50;6031;MANDRILLS BKB_6031_20210402_id6031_feminf_(1).jpg;14
27;50;6031;MANDRILLS BKB_6031_20210402_id6031_feminf_(10).jpg;23
16;50;6031;MANDRILLS BKB_6031_20210402_id6031_feminf_(11).jpg;34
37;50;6031;MANDRILLS BKB_6031_20210402_id6031_feminf_(12).jpg;13
73;50;6031;MANDRILLS BKB_6031_20210402_id6031_feminf_(13).jpg;23
54;50;6031;MANDRILLS BKB_6031_20210402_id6031_feminf_(14).jpg;4
51;50;6031;MANDRILLS BKB_6031_20210402_id6031_feminf_(15).jpg;1
28;50;6031;MANDRILLS BKB_6031_20210402_id6031_feminf_(16).jpg;22
46;50;6031;MANDRILLS BKB_6031_20210402_id6031_feminf_(2).jpg;4
16;50;6031;MANDRILLS BKB_6031_20210402_id6031_feminf_(3).jpg;34
61;50;6031;MANDRILLS BKB_6031_20210402_id6031_feminf_(4).jpg;11
44;50;6031;MANDRILLS BKB_6031_20210402_id6031_feminf_(5).jpg;6
33;50;6031;MANDRILLS BKB_6031_20210402_id6031_feminf_(6).jpg;17
33;50;6031;MANDRILLS BKB_6031_20210402_id6031_feminf_(7).jpg;17
65;50;6031;MANDRILLS BKB_6031_20210402_id6031_feminf_(8).jpg;15
30;50;6031;MANDRILLS BKB_6031_20210402_id6031_feminf_(9).jpg;20
-27;6;6034;MANDRILLS BKB_6034_20201124_id6034_feminf.jpg;33
40;25;6034;MANDRILLS BKB_6034_20201213_id6034_feminf_(2).jpg;15
35;25;6034;MANDRILLS BKB_6034_20201213_id6034_feminf_(3).jpg;10
23;28;6034;MANDRILLS BKB_6034_20201216_id6034_feminf_(1).jpg;5
16;28;6034;MANDRILLS BKB_6034_20201216_id6034_feminf_(2).jpg;12
25;28;6034;MANDRILLS BKB_6034_20201216_id6034_feminf_(3).jpg;3
34;33;6034;MANDRILLS BKB_6034_20201221_id6034_feminf.jpg;1
44;49;6034;MANDRILLS BKB_6034_20210106_id6034_feminf_(1).jpg;5
72;49;6034;MANDRILLS BKB_6034_20210106_id6034_feminf_(2).jpg;23
49;56;6034;MANDRILLS BKB_6034_20210113_id6034_feminf_(1).jpg;7
63;56;6034;MANDRILLS BKB_6034_20210113_id6034_feminf_(2).jpg;7
77;56;6034;MANDRILLS BKB_6034_20210113_id6034_feminf_(3).jpg;21
62;56;6034;MANDRILLS BKB_6034_20210113_id6034_feminf_(4).jpg;6
28;56;6034;MANDRILLS BKB_6034_20210113_id6034_feminf_(5).jpg;28
39;56;6034;MANDRILLS BKB_6034_20210113_id6034_feminf_(6).jpg;17
49;72;6034;MANDRILLS BKB_6034_20210129_id6034_feminf_(1).jpg;23
51;72;6034;MANDRILLS BKB_6034_20210129_id6034_feminf_(2).jpg;21
4;73;6034;MANDRILLS BKB_6034_20210130_id6034_feminf_(1).jpg;69
40;73;6034;MANDRILLS BKB_6034_20210130_id6034_feminf_(2).jpg;33
29;73;6034;MANDRILLS BKB_6034_20210130_id6034_feminf_(3).jpg;44
44;73;6034;MANDRILLS BKB_6034_20210130_id6034_feminf_(4).jpg;29
43;73;6034;MANDRILLS BKB_6034_20210130_id6034_feminf_(5).jpg;30
119;156;6034;MANDRILLS BKB_6034_20210423_id6034_feminf.jpg;37
309;290;6034;MANDRILLS BKB_6034_20210904_id6034_feminf.jpg;19
216;296;6034;MANDRILLS BKB_6034_20210910_id6034_feminf (1).jpg;80
227;299;6034;MANDRILLS BKB_6034_20210913_id6034_feminf.jpg;72
194;321;6034;MANDRILLS BKB_6034_20211005_id6034_feminf.jpg;127
265;333;6034;MANDRILLS BKB_6034_20211017_id6034_feminf.jpg;68
251;335;6034;MANDRILLS BKB_6034_20211019_id6034_feminf.jpg;84
250;340;6034;MANDRILLS BKB_6034_20211024_id6034_feminf_(2).jpg;90
364;430;6034;MANDRILLS BKB_6034_20220122_id6034 (1).jpg;66
382;430;6034;MANDRILLS BKB_6034_20220122_id6034 (2).jpg;48
363;474;6034;MANDRILLS BKB_6034_20220307_id6034_femjuv (1).jpg;111
384;474;6034;MANDRILLS BKB_6034_20220307_id6034_femjuv (2).jpg;90
396;474;6034;MANDRILLS BKB_6034_20220307_id6034_femjuv (3).jpg;78
368;480;6034;MANDRILLS BKB_6034_20220313_id6034_femjuv (1).jpg;112
455;480;6034;MANDRILLS BKB_6034_20220313_id6034_femjuv (2).jpg;25
433;480;6034;MANDRILLS BKB_6034_20220313_id6034_femjuv (3).jpg;47
413;523;6034;MANDRILLS BKB_6034_20220425_id6034_femjuv (1).jpg;110
462;523;6034;MANDRILLS BKB_6034_20220425_id6034_femjuv (3).jpg;61
450;523;6034;MANDRILLS BKB_6034_20220425_id6034_femjuv (4).jpg;73
487;524;6034;MANDRILLS BKB_6034_20220426_id6034_femjuv.jpg;37
492;552;6034;MANDRILLS BKB_6034_20220524_id6034_femjuv (1).jpg;60
361;552;6034;MANDRILLS BKB_6034_20220524_id6034_femjuv (2).jpg;191
489;552;6034;MANDRILLS BKB_6034_20220524_id6034_femjuv (3).jpg;63
460;552;6034;MANDRILLS BKB_6034_20220524_id6034_femjuv (4).jpg;92
488;590;6034;MANDRILLS BKB_6034_20220701_id6034 (2).jpg;102
456;600;6034;MANDRILLS BKB_6034_20220711_id6034.jpg;144
507;603;6034;MANDRILLS BKB_6034_20220714_id6034_femjuv (1).jpg;96
477;603;6034;MANDRILLS BKB_6034_20220714_id6034_femjuv (2).jpg;126
596;613;6034;MANDRILLS BKB_6034_20220724_id6034.jpg;17
533;614;6034;MANDRILLS BKB_6034_20220725_id6034.jpg;81
508;643;6034;MANDRILLS BKB_6034_20220823_id6034 (1).jpg;135
484;643;6034;MANDRILLS BKB_6034_20220823_id6034 (2).jpg;159
530;643;6034;MANDRILLS BKB_6034_20220823_id6034 (3).jpg;113
533;643;6034;MANDRILLS BKB_6034_20220823_id6034.jpg;110
452;646;6034;MANDRILLS BKB_6034_20220826_id6034.jpg;194
404;702;6034;MANDRILLS BKB_6034_20221021_id6034 (1).jpg;298
454;702;6034;MANDRILLS BKB_6034_20221021_id6034 (2).jpg;248
428;702;6034;MANDRILLS BKB_6034_20221021_id6034 (3).jpg;274
514;703;6034;MANDRILLS BKB_6034_20221022_id6034 (1).jpg;189
558;703;6034;MANDRILLS BKB_6034_20221022_id6034 (2).jpg;145
503;703;6034;MANDRILLS BKB_6034_20221022_id6034 (3).jpg;200
645;752;6034;MANDRILLS BKB_6034_20221210_id6034.jpg;107
644;760;6034;MANDRILLS BKB_6034_20221218_id6034.jpg;116
43;39;6047;MANDRILLS BKB_6047_20210402_id6047_malinf.jpg;4
31;44;6047;MANDRILLS BKB_6047_20210407_id6047_malinf_(1).jpg;13
11;44;6047;MANDRILLS BKB_6047_20210407_id6047_malinf_(2).jpg;33
16;44;6047;MANDRILLS BKB_6047_20210407_id6047_malinf_(3).jpg;28
30;44;6047;MANDRILLS BKB_6047_20210407_id6047_malinf_(4).jpg;14
31;44;6047;MANDRILLS BKB_6047_20210407_id6047_malinf_(5).jpg;13
53;57;6047;MANDRILLS BKB_6047_20210420_id6047_malinf_(1).jpg;4
47;57;6047;MANDRILLS BKB_6047_20210420_id6047_malinf_(2).jpg;10
63;60;6047;MANDRILLS BKB_6047_20210423_id6047_malinf_(1).jpg;3
54;60;6047;MANDRILLS BKB_6047_20210423_id6047_malinf_(2).jpg;6
255;197;6047;MANDRILLS BKB_6047_20210907_id6047_malinf (1).jpg;58
239;197;6047;MANDRILLS BKB_6047_20210907_id6047_malinf (2).jpg;42
270;197;6047;MANDRILLS BKB_6047_20210907_id6047_malinf (3).jpg;73
290;197;6047;MANDRILLS BKB_6047_20210907_id6047_malinf (4).jpg;93
247;197;6047;MANDRILLS BKB_6047_20210907_id6047_malinf (5).jpg;50
228;211;6047;MANDRILLS BKB_6047_20210921_id6047_malinf (1).jpg;17
281;211;6047;MANDRILLS BKB_6047_20210921_id6047_malinf (2).jpg;70
311;225;6047;MANDRILLS BKB_6047_20211005_id6047_malinf.jpg;86
271;244;6047;MANDRILLS BKB_6047_20211024_id6047_malinf_(2).jpg;27
326;298;6047;MANDRILLS BKB_6047_20211217_id6047_malinf.jpg;28
411;334;6047;MANDRILLS BKB_6047_20220122_id6047 (1).jpg;77
416;334;6047;MANDRILLS BKB_6047_20220122_id6047 (2).jpg;82
375;351;6047;MANDRILLS BKB_6047_20220208_id6047_malinf (1).jpg;24
413;351;6047;MANDRILLS BKB_6047_20220208_id6047_malinf (2).jpg;62
394;351;6047;MANDRILLS BKB_6047_20220208_id6047_malinf (3).jpg;43
417;351;6047;MANDRILLS BKB_6047_20220208_id6047_malinf (4).jpg;66
452;351;6047;MANDRILLS BKB_6047_20220208_id6047_malinf (5).jpg;101
377;351;6047;MANDRILLS BKB_6047_20220208_id6047_malinf (6).jpg;26
397;351;6047;MANDRILLS BKB_6047_20220208_id6047_malinf (7).jpg;46
333;361;6047;MANDRILLS BKB_6047_20220218_id6047_malinf (1).jpg;28
350;361;6047;MANDRILLS BKB_6047_20220218_id6047_malinf (2).jpg;11
444;378;6047;MANDRILLS BKB_6047_20220307_id6047_maljuv (1).jpg;66
471;378;6047;MANDRILLS BKB_6047_20220307_id6047_maljuv (2).jpg;93
441;378;6047;MANDRILLS BKB_6047_20220307_id6047_maljuv (3).jpg;63
357;378;6047;MANDRILLS BKB_6047_20220307_id6047_maljuv (4).jpg;21
441;378;6047;MANDRILLS BKB_6047_20220307_id6047_maljuv (5).jpg;63
411;385;6047;MANDRILLS BKB_6047_20220314_id6047_maljuv (1).jpg;26
421;385;6047;MANDRILLS BKB_6047_20220314_id6047_maljuv (2).jpg;36
407;385;6047;MANDRILLS BKB_6047_20220314_id6047_maljuv (3).jpg;22
421;385;6047;MANDRILLS BKB_6047_20220314_id6047_maljuv (4).jpg;36
440;385;6047;MANDRILLS BKB_6047_20220314_id6047_maljuv (5).jpg;55
333;385;6047;MANDRILLS BKB_6047_20220314_id6047_maljuv (6).jpg;52
357;385;6047;MANDRILLS BKB_6047_20220314_id6047_maljuv (7).jpg;28
307;385;6047;MANDRILLS BKB_6047_20220314_id6047_maljuv (9).jpg;78
436;395;6047;MANDRILLS BKB_6047_20220324_id6047_maljuv (2).jpg;41
372;400;6047;MANDRILLS BKB_6047_20220329_id6047_maljuv (2).jpg;28
425;412;6047;MANDRILLS BKB_6047_20220410_id6047_maljuv.jpg;13
449;442;6047;MANDRILLS BKB_6047_20220510_id6047_maljuv (1).jpg;7
370;442;6047;MANDRILLS BKB_6047_20220510_id6047_maljuv (2).jpg;72
393;442;6047;MANDRILLS BKB_6047_20220510_id6047_maljuv (3).jpg;49
445;442;6047;MANDRILLS BKB_6047_20220510_id6047_maljuv (4).jpg;3
389;442;6047;MANDRILLS BKB_6047_20220510_id6047_maljuv (5).jpg;53
426;448;6047;MANDRILLS BKB_6047_20220516_id6047_maljuv.jpg;22
660;450;6047;MANDRILLS BKB_6047_20220518_id6047_maljuv (1).jpg;210
386;450;6047;MANDRILLS BKB_6047_20220518_id6047_maljuv (2).jpg;64
403;464;6047;MANDRILLS BKB_6047_20220601_id6047maljuv.jpg;61
461;507;6047;MANDRILLS BKB_6047_20220714_id6047_maljuv (1).jpg;46
446;507;6047;MANDRILLS BKB_6047_20220714_id6047_maljuv (2).jpg;61
611;509;6047;MANDRILLS BKB_6047_20220716_id6047.jpg;102
549;521;6047;MANDRILLS BKB_6047_20220728_id6047 (2).jpg;28
426;521;6047;MANDRILLS BKB_6047_20220728_id6047 (3).jpg;95
478;521;6047;MANDRILLS BKB_6047_20220728_id6047.jpg;43
390;527;6047;MANDRILLS BKB_6047_20220803_id6047 (2).jpg;137
420;527;6047;MANDRILLS BKB_6047_20220803_id6047.jpg;107
442;543;6047;MANDRILLS BKB_6047_20220819_id6047.jpg;101
398;559;6047;MANDRILLS BKB_6047_20220904_id6047.jpg;161
453;560;6047;MANDRILLS BKB_6047_20220905_id6047 (1).jpg;107
542;560;6047;MANDRILLS BKB_6047_20220905_id6047 (2).jpg;18
501;560;6047;MANDRILLS BKB_6047_20220905_id6047.jpg;59
506;566;6047;MANDRILLS BKB_6047_20220911_id6047.jpg;60
559;573;6047;MANDRILLS BKB_6047_20220918_id6047.jpg;14
527;595;6047;MANDRILLS BKB_6047_20221010_id6047.jpg;68
644;612;6047;MANDRILLS BKB_6047_20221027_id6047.jpg;32
480;635;6047;MANDRILLS BKB_6047_20221119_id6047 (1).jpg;155
564;635;6047;MANDRILLS BKB_6047_20221119_id6047 (2).jpg;71
530;639;6047;MANDRILLS BKB_6047_20221123_id6047.jpg;109
577;646;6047;MANDRILLS BKB_6047_20221130_id6047 (1).jpg;69
503;646;6047;MANDRILLS BKB_6047_20221130_id6047 (2).jpg;143
530;646;6047;MANDRILLS BKB_6047_20221130_id6047 (3).jpg;116
39;40;6110;MANDRILLS BKB_6110_20210604_id6110_feminf.jpg;1
121;161;6110;MANDRILLS BKB_6110_20211003_id6110_feminf.jpg;40
106;163;6110;MANDRILLS BKB_6110_20211005_id6110_feminf_(1).jpg;57
131;163;6110;MANDRILLS BKB_6110_20211005_id6110_feminf_(2).jpg;32
157;163;6110;MANDRILLS BKB_6110_20211005_id6110_feminf_(3).jpg;6
132;166;6110;MANDRILLS BKB_6110_20211008_id6110_feminf_(1).jpg;34
151;166;6110;MANDRILLS BKB_6110_20211008_id6110_feminf_(2).jpg;15
162;166;6110;MANDRILLS BKB_6110_20211008_id6110_feminf_(3).jpg;4
124;177;6110;MANDRILLS BKB_6110_20211019_id6110_feminf_(1).jpg;53
113;177;6110;MANDRILLS BKB_6110_20211019_id6110_feminf_(2).jpg;64
148;177;6110;MANDRILLS BKB_6110_20211019_id6110_feminf_(3).jpg;29
173;177;6110;MANDRILLS BKB_6110_20211019_id6110_feminf_(4).jpg;4
139;177;6110;MANDRILLS BKB_6110_20211019_id6110_feminf_(5).jpg;38
134;180;6110;MANDRILLS BKB_6110_20211022_id6110_feminf.jpg;46
168;182;6110;MANDRILLS BKB_6110_20211024_id6110_feminf_(1).jpg;14
144;182;6110;MANDRILLS BKB_6110_20211024_id6110_feminf_(2).jpg;38
228;232;6110;MANDRILLS BKB_6110_20211213_id6110_feminf.jpg;4
230;236;6110;MANDRILLS BKB_6110_20211217_id6110_feminf_(1).jpg;6
248;236;6110;MANDRILLS BKB_6110_20211217_id6110_feminf_(2).jpg;12
217;282;6110;MANDRILLS BKB_6110_20220201_id6110_feminf (1).jpg;65
281;282;6110;MANDRILLS BKB_6110_20220201_id6110_feminf (2).jpg;1
263;282;6110;MANDRILLS BKB_6110_20220201_id6110_feminf (3).jpg;19
263;282;6110;MANDRILLS BKB_6110_20220201_id6110_feminf (4).jpg;19
269;282;6110;MANDRILLS BKB_6110_20220201_id6110_feminf (5).jpg;13
325;282;6110;MANDRILLS BKB_6110_20220201_id6110_feminf (6).jpg;43
233;282;6110;MANDRILLS BKB_6110_20220201_id6110_feminf (7).jpg;49
293;316;6110;MANDRILLS BKB_6110_20220307_id6110_feminf.jpg;23
268;323;6110;MANDRILLS BKB_6110_20220314_id6110_feminf (1).jpg;55
329;323;6110;MANDRILLS BKB_6110_20220314_id6110_feminf (2).jpg;6
272;323;6110;MANDRILLS BKB_6110_20220314_id6110_feminf (3).jpg;51
278;331;6110;MANDRILLS BKB_6110_20220322_id6110_feminf (1).jpg;53
257;331;6110;MANDRILLS BKB_6110_20220322_id6110_feminf (2).jpg;74
318;331;6110;MANDRILLS BKB_6110_20220322_id6110_feminf (3).jpg;13
271;357;6110;MANDRILLS BKB_6110_20220417_id6110_feminf (1).jpg;86
341;357;6110;MANDRILLS BKB_6110_20220417_id6110_feminf (2).jpg;16
347;394;6110;MANDRILLS BKB_6110_20220524_id6110_femjuv (1).jpg;47
372;394;6110;MANDRILLS BKB_6110_20220524_id6110_femjuv (2).jpg;22
353;394;6110;MANDRILLS BKB_6110_20220524_id6110_femjuv (3).jpg;41
384;402;6110;MANDRILLS BKB_6110_20220601_id6110_femjuv.jpg;18
381;403;6110;MANDRILLS BKB_6110_20220602_id6110_femjuv (1).jpg;22
424;403;6110;MANDRILLS BKB_6110_20220602_id6110_femjuv (2).jpg;21
372;424;6110;MANDRILLS BKB_6110_20220623_id6110_femjuv (1).jpg;52
494;430;6110;MANDRILLS BKB_6110_20220629_id6110.jpg;64
412;432;6110;MANDRILLS BKB_6110_20220701_id6110.jpg;20
463;437;6110;MANDRILLS BKB_6110_20220706_id6110.jpg;26
415;456;6110;MANDRILLS BKB_6110_20220725_id6110.jpg;41
405;463;6110;MANDRILLS BKB_6110_20220801_id6110 (1).jpg;58
437;463;6110;MANDRILLS BKB_6110_20220801_id6110 (2).jpg;26
318;463;6110;MANDRILLS BKB_6110_20220801_id6110 (3).jpg;145
316;463;6110;MANDRILLS BKB_6110_20220801_id6110 (4).jpg;147
357;463;6110;MANDRILLS BKB_6110_20220801_id6110 (6).jpg;106
440;473;6110;MANDRILLS BKB_6110_20220811_id6110.jpg;33
569;474;6110;MANDRILLS BKB_6110_20220812_id6110 (1).jpg;95
508;474;6110;MANDRILLS BKB_6110_20220812_id6110 (2).jpg;34
500;474;6110;MANDRILLS BKB_6110_20220812_id6110 (3).jpg;26
427;489;6110;MANDRILLS BKB_6110_20220827_id6110.jpg;62
576;498;6110;MANDRILLS BKB_6110_20220905_id6110.jpg;78
480;501;6110;MANDRILLS BKB_6110_20220908_id6110.jpg;21
463;502;6110;MANDRILLS BKB_6110_20220909_id6110.jpg;39
472;504;6110;MANDRILLS BKB_6110_20220911_id6110 (1).jpg;32
488;504;6110;MANDRILLS BKB_6110_20220911_id6110 (2).jpg;16
521;504;6110;MANDRILLS BKB_6110_20220911_id6110 (3).jpg;17
440;508;6110;MANDRILLS BKB_6110_20220915_id6110.jpg;68
477;511;6110;MANDRILLS BKB_6110_20220918_id6110 (1).jpg;34
551;528;6110;MANDRILLS BKB_6110_20221005_id6110 (1).jpg;23
395;528;6110;MANDRILLS BKB_6110_20221005_id6110 (2).jpg;133
585;533;6110;MANDRILLS BKB_6110_20221010_id6110.jpg;52
450;544;6110;MANDRILLS BKB_6110_20221021_id6110 (1).jpg;94
568;544;6110;MANDRILLS BKB_6110_20221021_id6110 (2).jpg;24
562;577;6110;MANDRILLS BKB_6110_20221123_id6110.jpg;15
509;584;6110;MANDRILLS BKB_6110_20221130_id6110.jpg;75
-37;5;6137;MANDRILLS BKB_6137_20201124_id6137_feminf_(1).jpg;42
6;5;6137;MANDRILLS BKB_6137_20201124_id6137_feminf_(10).jpg;1
0;5;6137;MANDRILLS BKB_6137_20201124_id6137_feminf_(11).jpg;5
-18;5;6137;MANDRILLS BKB_6137_20201124_id6137_feminf_(12).jpg;23
-4;5;6137;MANDRILLS BKB_6137_20201124_id6137_feminf_(13).jpg;9
-28;5;6137;MANDRILLS BKB_6137_20201124_id6137_feminf_(2).jpg;33
-23;5;6137;MANDRILLS BKB_6137_20201124_id6137_feminf_(3).jpg;28
-14;5;6137;MANDRILLS BKB_6137_20201124_id6137_feminf_(4).jpg;19
19;5;6137;MANDRILLS BKB_6137_20201124_id6137_feminf_(5).jpg;14
-20;5;6137;MANDRILLS BKB_6137_20201124_id6137_feminf_(6).jpg;25
-11;5;6137;MANDRILLS BKB_6137_20201124_id6137_feminf_(7).jpg;16
-13;5;6137;MANDRILLS BKB_6137_20201124_id6137_feminf_(8).jpg;18
-6;5;6137;MANDRILLS BKB_6137_20201124_id6137_feminf_(9).jpg;11
-20;24;6137;MANDRILLS BKB_6137_20201213_id6137_feminf_(1).jpg;44
-12;24;6137;MANDRILLS BKB_6137_20201213_id6137_feminf_(2).jpg;36
-14;24;6137;MANDRILLS BKB_6137_20201213_id6137_feminf_(3).jpg;38
4;39;6137;MANDRILLS BKB_6137_20201228_id6137_feminf_(1).jpg;35
31;39;6137;MANDRILLS BKB_6137_20201228_id6137_feminf_(2).jpg;8
42;39;6137;MANDRILLS BKB_6137_20201228_id6137_feminf_(3).jpg;3
49;41;6137;MANDRILLS BKB_6137_20201230_id6137_feminf_(1).jpg;8
60;41;6137;MANDRILLS BKB_6137_20201230_id6137_feminf_(10).jpg;19
48;41;6137;MANDRILLS BKB_6137_20201230_id6137_feminf_(11).jpg;7
71;41;6137;MANDRILLS BKB_6137_20201230_id6137_feminf_(12).jpg;30
44;41;6137;MANDRILLS BKB_6137_20201230_id6137_feminf_(13).jpg;3
19;41;6137;MANDRILLS BKB_6137_20201230_id6137_feminf_(2).jpg;22
37;41;6137;MANDRILLS BKB_6137_20201230_id6137_feminf_(3).jpg;4
42;41;6137;MANDRILLS BKB_6137_20201230_id6137_feminf_(4).jpg;1
59;41;6137;MANDRILLS BKB_6137_20201230_id6137_feminf_(5).jpg;18
73;41;6137;MANDRILLS BKB_6137_20201230_id6137_feminf_(6).jpg;32
35;41;6137;MANDRILLS BKB_6137_20201230_id6137_feminf_(7).jpg;6
39;41;6137;MANDRILLS BKB_6137_20201230_id6137_feminf_(8).jpg;2
39;41;6137;MANDRILLS BKB_6137_20201230_id6137_feminf_(9).jpg;2
66;58;6137;MANDRILLS BKB_6137_20210116_id6137_feminf_(1).jpg;8
45;58;6137;MANDRILLS BKB_6137_20210116_id6137_feminf_(2).jpg;13
58;58;6137;MANDRILLS BKB_6137_20210116_id6137_feminf_(3).jpg;0
84;59;6137;MANDRILLS BKB_6137_20210117_id6137_feminf.jpg;25
58;62;6137;MANDRILLS BKB_6137_20210120_id6137_feminf.jpg;4
48;85;6137;MANDRILLS BKB_6137_20210212_id6137_feminf_(1).jpg;37
44;85;6137;MANDRILLS BKB_6137_20210212_id6137_feminf_(2).jpg;41
69;85;6137;MANDRILLS BKB_6137_20210212_id6137_feminf_(3).jpg;16
52;85;6137;MANDRILLS BKB_6137_20210212_id6137_feminf_(4).jpg;33
53;90;6137;MANDRILLS BKB_6137_20210217_id6137_feminf_(1).jpg;37
89;90;6137;MANDRILLS BKB_6137_20210217_id6137_feminf_(2).jpg;1
82;90;6137;MANDRILLS BKB_6137_20210217_id6137_feminf_(3).jpg;8
105;126;6137;MANDRILLS BKB_6137_20210325_id6137_feminf_(1).jpg;21
123;126;6137;MANDRILLS BKB_6137_20210325_id6137_feminf_(2).jpg;3
128;126;6137;MANDRILLS BKB_6137_20210325_id6137_feminf_(3).jpg;2
146;126;6137;MANDRILLS BKB_6137_20210325_id6137_feminf_(4).jpg;20
124;134;6137;MANDRILLS BKB_6137_20210402_id6137_feminf.jpg;10
191;151;6137;MANDRILLS BKB_6137_20210419_id6137_feminf.jpg;40
216;152;6137;MANDRILLS BKB_6137_20210420_id6137_feminf_(1).jpg;64
219;152;6137;MANDRILLS BKB_6137_20210420_id6137_feminf_(2).jpg;67
270;236;6137;MANDRILLS BKB_6137_20210713_id6137_feminf_(1).jpg;34
229;236;6137;MANDRILLS BKB_6137_20210713_id6137_feminf_(2).jpg;7
298;236;6137;MANDRILLS BKB_6137_20210713_id6137_feminf_(3).jpg;62
353;236;6137;MANDRILLS BKB_6137_20210713_id6137_feminf_(4).jpg;117
257;236;6137;MANDRILLS BKB_6137_20210713_id6137_feminf_(5).jpg;21
253;236;6137;MANDRILLS BKB_6137_20210713_id6137_feminf_(6).jpg;17
314;240;6137;MANDRILLS BKB_6137_20210717_id6137_feminf.jpg;74
222;248;6137;MANDRILLS BKB_6137_20210725_id6137_feminf.jpg;26
341;249;6137;MANDRILLS BKB_6137_20210726_id6137_feminf_(1).jpg;92
317;249;6137;MANDRILLS BKB_6137_20210726_id6137_feminf_(2).jpg;68
265;249;6137;MANDRILLS BKB_6137_20210726_id6137_feminf_(3).jpg;16
300;249;6137;MANDRILLS BKB_6137_20210726_id6137_feminf_(4).jpg;51
279;249;6137;MANDRILLS BKB_6137_20210726_id6137_feminf_(5).jpg;30
293;249;6137;MANDRILLS BKB_6137_20210726_id6137_feminf_(6).jpg;44
264;249;6137;MANDRILLS BKB_6137_20210726_id6137_feminf_(7).jpg;15
295;309;6137;MANDRILLS BKB_6137_20210924_id6137_feminf_(4).jpg;14
378;320;6137;MANDRILLS BKB_6137_20211005_id6137_feminf_(1).jpg;58
352;320;6137;MANDRILLS BKB_6137_20211005_id6137_feminf_(2).jpg;32
405;320;6137;MANDRILLS BKB_6137_20211005_id6137_feminf_(3).jpg;85
380;321;6137;MANDRILLS BKB_6137_20211006_id6137_feminf.jpg;59
390;339;6137;MANDRILLS BKB_6137_20211024_id6137_feminf_(2).jpg;51
309;339;6137;MANDRILLS BKB_6137_20211024_id6137_feminf_(3).jpg;30
335;354;6137;MANDRILLS BKB_6137_20211108_id6137_feminf_(1).jpg;19
377;354;6137;MANDRILLS BKB_6137_20211108_id6137_feminf_(2).jpg;23
589;446;6137;MANDRILLS BKB_6137_20220208_id6137_femjuv (1).jpg;143
372;446;6137;MANDRILLS BKB_6137_20220208_id6137_femjuv (2).jpg;74
558;446;6137;MANDRILLS BKB_6137_20220208_id6137_femjuv (3).jpg;112
499;446;6137;MANDRILLS BKB_6137_20220208_id6137_femjuv (4).jpg;53
581;446;6137;MANDRILLS BKB_6137_20220208_id6137_femjuv (5).jpg;135
525;446;6137;MANDRILLS BKB_6137_20220208_id6137_femjuv (6).jpg;79
439;454;6137;MANDRILLS BKB_6137_20220216_id6137_femjuv.jpg;15
407;477;6137;MANDRILLS BKB_6137_20220311_id6137_femjuv (1).jpg;70
565;477;6137;MANDRILLS BKB_6137_20220311_id6137_femjuv (2).jpg;88
522;485;6137;MANDRILLS BKB_6137_20220319_id6137_femjuv.jpg;37
538;493;6137;MANDRILLS BKB_6137_20220327_id6137_femjuv (1).jpg;45
542;493;6137;MANDRILLS BKB_6137_20220327_id6137_femjuv (2).jpg;49
514;507;6137;MANDRILLS BKB_6137_20220410_id6137_femjuv (2).jpg;7
506;507;6137;MANDRILLS BKB_6137_20220410_id6137_femjuv (3).jpg;1
559;507;6137;MANDRILLS BKB_6137_20220410_id6137_femjuv (4).jpg;52
576;507;6137;MANDRILLS BKB_6137_20220410_id6137_femjuv (5).jpg;69
641;507;6137;MANDRILLS BKB_6137_20220410_id6137_femjuv (6).jpg;134
493;507;6137;MANDRILLS BKB_6137_20220410_id6137_femjuv.jpg;14
552;537;6137;MANDRILLS BKB_6137_20220510_id6137_femjuv.jpg;15
543;543;6137;MANDRILLS BKB_6137_20220516_id6137_femjuv (1).jpg;0
597;543;6137;MANDRILLS BKB_6137_20220516_id6137_femjuv (2).jpg;54
580;543;6137;MANDRILLS BKB_6137_20220516_id6137_femjuv (3).jpg;37
641;577;6137;MANDRILLS BKB_6137_20220619_id6137_femjuv.jpg;64
623;580;6137;MANDRILLS BKB_6137_20220622_id6137.jpg;43
523;587;6137;MANDRILLS BKB_6137_20220629_id6137 (1).jpg;64
674;587;6137;MANDRILLS BKB_6137_20220629_id6137 (2).jpg;87
619;587;6137;MANDRILLS BKB_6137_20220629_id6137.jpg;32
682;604;6137;MANDRILLS BKB_6137_20220716_id6137_femjuv (1).jpg;78
648;607;6137;MANDRILLS BKB_6137_20220719_id6137 (1).jpg;41
620;607;6137;MANDRILLS BKB_6137_20220719_id6137 (2).jpg;13
654;607;6137;MANDRILLS BKB_6137_20220719_id6137 (3).jpg;47
681;607;6137;MANDRILLS BKB_6137_20220719_id6137 (5).jpg;74
733;631;6137;MANDRILLS BKB_6137_20220812_id6137 (1).jpg;102
699;631;6137;MANDRILLS BKB_6137_20220812_id6137 (2).jpg;68
703;631;6137;MANDRILLS BKB_6137_20220812_id6137 (3).jpg;72
654;631;6137;MANDRILLS BKB_6137_20220812_id6137 (4).jpg;23
724;631;6137;MANDRILLS BKB_6137_20220812_id6137.jpg;93
761;645;6137;MANDRILLS BKB_6137_20220826_id6137 (1).jpg;116
726;645;6137;MANDRILLS BKB_6137_20220826_id6137 (2).jpg;81
779;699;6137;MANDRILLS BKB_6137_20221019_id6137.jpg;80
768;707;6137;MANDRILLS BKB_6137_20221027_id6137 (2).jpg;61
724;707;6137;MANDRILLS BKB_6137_20221027_id6137 (3).jpg;17
859;732;6137;MANDRILLS BKB_6137_20221121_id6137 (1).jpg;127
896;732;6137;MANDRILLS BKB_6137_20221121_id6137 (2).jpg;164
863;732;6137;MANDRILLS BKB_6137_20221121_id6137 (3).jpg;131
803;759;6137;MANDRILLS BKB_6137_20221218_id6137 (2).jpg;44
797;759;6137;MANDRILLS BKB_6137_20221218_id6137.jpg;38
-65;1;6150;MANDRILLS BKB_6150_20210104_id6150_feminf.jpg;66
-28;14;6150;MANDRILLS BKB_6150_20210117_id6150_feminf.jpg;42
-3;26;6150;MANDRILLS BKB_6150_20210129_id6150_feminf_(1).jpg;29
-41;26;6150;MANDRILLS BKB_6150_20210129_id6150_feminf_(2).jpg;67
-16;26;6150;MANDRILLS BKB_6150_20210129_id6150_feminf_(3).jpg;42
6;26;6150;MANDRILLS BKB_6150_20210129_id6150_feminf_(4).jpg;20
10;27;6150;MANDRILLS BKB_6150_20210130_id6150_feminf.jpg;17
-28;29;6150;MANDRILLS BKB_6150_20210201_id6150_feminf_(1).jpg;57
-5;29;6150;MANDRILLS BKB_6150_20210201_id6150_feminf_(2).jpg;34
11;29;6150;MANDRILLS BKB_6150_20210201_id6150_feminf_(3).jpg;18
28;29;6150;MANDRILLS BKB_6150_20210201_id6150_feminf_(4).jpg;1
20;29;6150;MANDRILLS BKB_6150_20210201_id6150_feminf_(5).jpg;9
63;33;6150;MANDRILLS BKB_6150_20210205_id6150_feminf.jpg;30
49;34;6150;MANDRILLS BKB_6150_20210206_id6150_feminf_(1).jpg;15
16;34;6150;MANDRILLS BKB_6150_20210206_id6150_feminf_(2).jpg;18
60;34;6150;MANDRILLS BKB_6150_20210206_id6150_feminf_(3).jpg;26
20;34;6150;MANDRILLS BKB_6150_20210206_id6150_feminf_(4).jpg;14
49;34;6150;MANDRILLS BKB_6150_20210206_id6150_feminf_(5).jpg;15
41;34;6150;MANDRILLS BKB_6150_20210206_id6150_feminf_(6).jpg;7
56;34;6150;MANDRILLS BKB_6150_20210206_id6150_feminf_(7).jpg;22
43;34;6150;MANDRILLS BKB_6150_20210206_id6150_feminf_(8).jpg;9
55;40;6150;MANDRILLS BKB_6150_20210212_id6150_feminf_(1).jpg;15
48;40;6150;MANDRILLS BKB_6150_20210212_id6150_feminf_(2).jpg;8
47;40;6150;MANDRILLS BKB_6150_20210212_id6150_feminf_(3).jpg;7
44;88;6150;MANDRILLS BKB_6150_20210401_id6150_feminf.jpg;44
88;92;6150;MANDRILLS BKB_6150_20210405_id6150_feminf_(1).jpg;4
328;275;6150;MANDRILLS BKB_6150_20211005_id6150_feminf_(1).jpg;53
303;275;6150;MANDRILLS BKB_6150_20211005_id6150_feminf_(2).jpg;28
268;275;6150;MANDRILLS BKB_6150_20211005_id6150_feminf_(3).jpg;7
402;309;6150;MANDRILLS BKB_6150_20211108_id6150_feminf_(1).jpg;93
295;309;6150;MANDRILLS BKB_6150_20211108_id6150_feminf_(2).jpg;14
324;309;6150;MANDRILLS BKB_6150_20211108_id6150_feminf_(3).jpg;15
303;309;6150;MANDRILLS BKB_6150_20211108_id6150_feminf_(4).jpg;6
295;309;6150;MANDRILLS BKB_6150_20211108_id6150_feminf_(5).jpg;14
337;309;6150;MANDRILLS BKB_6150_20211108_id6150_feminf_(6).jpg;28
297;309;6150;MANDRILLS BKB_6150_20211108_id6150_feminf_(7).jpg;12
368;337;6150;MANDRILLS BKB_6150_20211206_id6150_feminf.jpg;31
380;348;6150;MANDRILLS BKB_6150_20211217_id6150_feminf.jpg;32
475;409;6150;MANDRILLS BKB_6150_20220216_id6150_femjuv (1).jpg;66
402;409;6150;MANDRILLS BKB_6150_20220216_id6150_femjuv (2).jpg;7
477;425;6150;MANDRILLS BKB_6150_20220304_id6150_femjuv.jpg;52
470;435;6150;MANDRILLS BKB_6150_20220314_id6150_femjuv (1).jpg;35
413;435;6150;MANDRILLS BKB_6150_20220314_id6150_femjuv (2).jpg;22
484;497;6150;MANDRILLS BKB_6150_20220515_id6150_femjuv.jpg;13
504;498;6150;MANDRILLS BKB_6150_20220516_id6150_femjuv (1).jpg;6
553;498;6150;MANDRILLS BKB_6150_20220516_id6150_femjuv (2).jpg;55
462;506;6150;MANDRILLS BKB_6150_20220524_id6150_femjuv (2).jpg;44
624;506;6150;MANDRILLS BKB_6150_20220524_id6150_femjuv.jpg;118
526;536;6150;MANDRILLS BKB_6150_20220623_id6150_femjuv (1).jpg;10
570;536;6150;MANDRILLS BKB_6150_20220623_id6150_femjuv (2).jpg;34
374;536;6150;MANDRILLS BKB_6150_20220623_id6150_femjuv.jpg;162
430;544;6150;MANDRILLS BKB_6150_20220701_id6150 (1).jpg;114
552;544;6150;MANDRILLS BKB_6150_20220701_id6150 (10).jpg;8
516;544;6150;MANDRILLS BKB_6150_20220701_id6150 (11).jpg;28
570;544;6150;MANDRILLS BKB_6150_20220701_id6150 (12).jpg;26
597;544;6150;MANDRILLS BKB_6150_20220701_id6150 (13).jpg;53
625;544;6150;MANDRILLS BKB_6150_20220701_id6150 (14).jpg;81
517;544;6150;MANDRILLS BKB_6150_20220701_id6150 (15).jpg;27
605;544;6150;MANDRILLS BKB_6150_20220701_id6150 (2).jpg;61
469;544;6150;MANDRILLS BKB_6150_20220701_id6150 (3).jpg;75
518;544;6150;MANDRILLS BKB_6150_20220701_id6150 (4).jpg;26
504;544;6150;MANDRILLS BKB_6150_20220701_id6150 (5).jpg;40
502;544;6150;MANDRILLS BKB_6150_20220701_id6150 (6).jpg;42
511;544;6150;MANDRILLS BKB_6150_20220701_id6150 (8).jpg;33
368;544;6150;MANDRILLS BKB_6150_20220701_id6150 (9).jpg;176
539;549;6150;MANDRILLS BKB_6150_20220706_id6150.jpg;10
806;557;6150;MANDRILLS BKB_6150_20220714_id6150_femjuv.jpg;249
620;559;6150;MANDRILLS BKB_6150_20220716_id6150.jpg;61
746;559;6150;MANDRILLS BKB_6150_20220716_id6150_femjuv (1).jpg;187
646;559;6150;MANDRILLS BKB_6150_20220716_id6150_femjuv (2).jpg;87
633;559;6150;MANDRILLS BKB_6150_20220716_id6150_femjuv (3).jpg;74
668;613;6150;MANDRILLS BKB_6150_20220908_id6150 (1).jpg;55
679;613;6150;MANDRILLS BKB_6150_20220908_id6150 (2).jpg;66
555;622;6150;MANDRILLS BKB_6150_20220917_id6150.jpg;67
504;631;6150;MANDRILLS BKB_6150_20220926_id6150.jpg;127
699;654;6150;MANDRILLS BKB_6150_20221019_id6150 (1).jpg;45
690;654;6150;MANDRILLS BKB_6150_20221019_id6150 (2).jpg;36
568;654;6150;MANDRILLS BKB_6150_20221019_id6150 (3).jpg;86
703;654;6150;MANDRILLS BKB_6150_20221019_id6150.jpg;49
672;656;6150;MANDRILLS BKB_6150_20221021_id6150 (2).jpg;16
671;657;6150;MANDRILLS BKB_6150_20221022_id6150 (1).jpg;14
640;657;6150;MANDRILLS BKB_6150_20221022_id6150 (2).jpg;17
670;666;6150;MANDRILLS BKB_6150_20221031_id6150 (2).jpg;4
762;666;6150;MANDRILLS BKB_6150_20221031_id6150 (3).jpg;96
659;706;6150;MANDRILLS BKB_6150_20221210_id6150 (2).jpg;47
746;706;6150;MANDRILLS BKB_6150_20221210_id6150.jpg;40
690;708;6150;MANDRILLS BKB_6150_20221212_id6150 (2).jpg;18
14;1;6157;MANDRILLS BKB_6157_20201221_id6157_malinf.jpg;13
-8;2;6157;MANDRILLS BKB_6157_20201222_id6157_malinf.jpg;10
19;15;6157;MANDRILLS BKB_6157_20210104_id6157_malinf.jpg;4
22;24;6157;MANDRILLS BKB_6157_20210113_id6157_malinf_(1).jpg;2
26;24;6157;MANDRILLS BKB_6157_20210113_id6157_malinf_(10).jpg;2
-12;24;6157;MANDRILLS BKB_6157_20210113_id6157_malinf_(11).jpg;36
26;24;6157;MANDRILLS BKB_6157_20210113_id6157_malinf_(12).jpg;2
33;24;6157;MANDRILLS BKB_6157_20210113_id6157_malinf_(13).jpg;9
36;24;6157;MANDRILLS BKB_6157_20210113_id6157_malinf_(14).jpg;12
9;24;6157;MANDRILLS BKB_6157_20210113_id6157_malinf_(15).jpg;15
26;24;6157;MANDRILLS BKB_6157_20210113_id6157_malinf_(2).jpg;2
47;24;6157;MANDRILLS BKB_6157_20210113_id6157_malinf_(3).jpg;23
20;24;6157;MANDRILLS BKB_6157_20210113_id6157_malinf_(4).jpg;4
28;24;6157;MANDRILLS BKB_6157_20210113_id6157_malinf_(5).jpg;4
19;24;6157;MANDRILLS BKB_6157_20210113_id6157_malinf_(6).jpg;5
11;24;6157;MANDRILLS BKB_6157_20210113_id6157_malinf_(7).jpg;13
22;24;6157;MANDRILLS BKB_6157_20210113_id6157_malinf_(8).jpg;2
33;24;6157;MANDRILLS BKB_6157_20210113_id6157_malinf_(9).jpg;9
45;36;6157;MANDRILLS BKB_6157_20210125_id6157_malinf.jpg;9
74;40;6157;MANDRILLS BKB_6157_20210129_id6157_malinf_(1).jpg;34
78;40;6157;MANDRILLS BKB_6157_20210129_id6157_malinf_(2).jpg;38
51;40;6157;MANDRILLS BKB_6157_20210129_id6157_malinf_(3).jpg;11
-12;45;6157;MANDRILLS BKB_6157_20210203_id6157_malinf.jpg;57
51;59;6157;MANDRILLS BKB_6157_20210217_id6157_malinf_(1).jpg;8
96;59;6157;MANDRILLS BKB_6157_20210217_id6157_malinf_(2).jpg;37
55;60;6157;MANDRILLS BKB_6157_20210218_id6157_malinf_(1).jpg;5
57;60;6157;MANDRILLS BKB_6157_20210218_id6157_malinf_(2).jpg;3
106;60;6157;MANDRILLS BKB_6157_20210218_id6157_malinf_(3).jpg;46
100;60;6157;MANDRILLS BKB_6157_20210218_id6157_malinf_(4).jpg;40
114;75;6157;MANDRILLS BKB_6157_20210305_id6157_malinf.jpg;39
113;95;6157;MANDRILLS BKB_6157_20210325_id6157_malinf.jpg;18
188;103;6157;MANDRILLS BKB_6157_20210402_id6157_malinf_(1).jpg;85
130;103;6157;MANDRILLS BKB_6157_20210402_id6157_malinf_(2).jpg;27
136;111;6157;MANDRILLS BKB_6157_20210410_id6157_malinf_(1).jpg;25
99;111;6157;MANDRILLS BKB_6157_20210410_id6157_malinf_(2).jpg;12
201;111;6157;MANDRILLS BKB_6157_20210410_id6157_malinf_(3).jpg;90
177;111;6157;MANDRILLS BKB_6157_20210410_id6157_malinf_(4).jpg;66
194;120;6157;MANDRILLS BKB_6157_20210419_id6157_malinf_(2).jpg;74
372;303;6157;MANDRILLS BKB_6157_20211019_id6157_malinf.jpg;69
279;303;6157;MANDRILLS BKB_6157_20211019_id6157_malinf_(1).jpg;24
318;303;6157;MANDRILLS BKB_6157_20211019_id6157_malinf_(2).jpg;15
514;308;6157;MANDRILLS BKB_6157_20211024_id6157_malinf.jpg;206
317;323;6157;MANDRILLS BKB_6157_20211108_id6157_malinf_(1).jpg;6
318;323;6157;MANDRILLS BKB_6157_20211108_id6157_malinf_(3).jpg;5
365;349;6157;MANDRILLS BKB_6157_20211204_id6157_malinf_(1).jpg;16
406;408;6157;MANDRILLS BKB_6157_20220201_id6157_maljuv.jpg;2
423;423;6157;MANDRILLS BKB_6157_20220216_id6157_maljuv (1).jpg;0
451;423;6157;MANDRILLS BKB_6157_20220216_id6157_maljuv (2).jpg;28
406;423;6157;MANDRILLS BKB_6157_20220216_id6157_maljuv (3).jpg;17
496;423;6157;MANDRILLS BKB_6157_20220216_id6157_maljuv (4).jpg;73
440;423;6157;MANDRILLS BKB_6157_20220216_id6157_maljuv (5).jpg;17
423;423;6157;MANDRILLS BKB_6157_20220216_id6157_maljuv (6).jpg;0
438;442;6157;MANDRILLS BKB_6157_20220307_id6157_maljuv.jpg;4
450;462;6157;MANDRILLS BKB_6157_20220327_id6157_mal_juv (1).jpg;12
412;462;6157;MANDRILLS BKB_6157_20220327_id6157_mal_juv (2).jpg;50
383;467;6157;MANDRILLS BKB_6157_20220401_id6157_maljuv.jpg;84
513;512;6157;MANDRILLS BKB_6157_20220516_id6157_maljuv (2).jpg;1
518;512;6157;MANDRILLS BKB_6157_20220516_id6157_maljuv (3).jpg;6
533;512;6157;MANDRILLS BKB_6157_20220516_id6157_maljuv (4).jpg;21
472;512;6157;MANDRILLS BKB_6157_20220516_id6157_maljuv (5).jpg;40
556;512;6157;MANDRILLS BKB_6157_20220516_id6157_maljuv (6).jpg;44
525;512;6157;MANDRILLS BKB_6157_20220516_id6157_maljuv (7).jpg;13
584;544;6157;MANDRILLS BKB_6157_20220617_id6157.jpg;40
618;544;6157;MANDRILLS BKB_6157_20220617_id6157_maljuv (2).jpg;74
615;544;6157;MANDRILLS BKB_6157_20220617_id6157_maljuv.jpg;71
474;551;6157;MANDRILLS BKB_6157_20220624_id6157_maljuv (1).jpg;77
482;551;6157;MANDRILLS BKB_6157_20220624_id6157_maljuv (2).jpg;69
477;551;6157;MANDRILLS BKB_6157_20220624_id6157_maljuv (3).jpg;74
537;556;6157;MANDRILLS BKB_6157_20220629_id6157 (1).jpg;19
577;556;6157;MANDRILLS BKB_6157_20220629_id6157 (2).jpg;21
582;560;6157;MANDRILLS BKB_6157_20220703_id6157 (2).jpg;22
539;560;6157;MANDRILLS BKB_6157_20220703_id6157 (3).jpg;21
483;563;6157;MANDRILLS BKB_6157_20220706_id6157 (1).jpg;80
466;563;6157;MANDRILLS BKB_6157_20220706_id6157 (3).jpg;97
453;563;6157;MANDRILLS BKB_6157_20220706_id6157 (4).jpg;110
562;573;6157;MANDRILLS BKB_6157_20220716_id6157_maljuv (2).jpg;11
482;573;6157;MANDRILLS BKB_6157_20220716_id6157_maljuv (3).jpg;91
545;600;6157;MANDRILLS BKB_6157_20220812_id6157 (1).jpg;55
649;600;6157;MANDRILLS BKB_6157_20220812_id6157 (2).jpg;49
736;603;6157;MANDRILLS BKB_6157_20220815_id6157.jpg;133
573;614;6157;MANDRILLS BKB_6157_20220826_id6157 (1).jpg;41
621;614;6157;MANDRILLS BKB_6157_20220826_id6157 (2).jpg;7
668;614;6157;MANDRILLS BKB_6157_20220826_id6157 (3).jpg;54
620;615;6157;MANDRILLS BKB_6157_20220827_id6157 (2).jpg;5
568;615;6157;MANDRILLS BKB_6157_20220827_id6157.jpg;47
565;631;6157;MANDRILLS BKB_6157_20220912_id6157 (1).jpg;66
543;631;6157;MANDRILLS BKB_6157_20220912_id6157 (2).jpg;88
570;631;6157;MANDRILLS BKB_6157_20220912_id6157 (3).jpg;61
570;678;6157;MANDRILLS BKB_6157_20221029_id6157.jpg;108
718;680;6157;MANDRILLS BKB_6157_20221031_id6157 (1).jpg;38
711;680;6157;MANDRILLS BKB_6157_20221031_id6157 (2).jpg;31
726;710;6157;MANDRILLS BKB_6157_20221130_id6157 (1).jpg;16
732;710;6157;MANDRILLS BKB_6157_20221130_id6157 (2).jpg;22
725;720;6157;MANDRILLS BKB_6157_20221210_id6157.jpg;5
8;0;6198;MANDRILLS BKB_6198_20201124_id6198_feminf_(1).jpg;8
19;0;6198;MANDRILLS BKB_6198_20201124_id6198_feminf_(3).jpg;19
27;0;6198;MANDRILLS BKB_6198_20201124_id6198_feminf_(4).jpg;27
-37;2;6199;MANDRILLS BKB_6199_20201031_id6199_feminf_(1).jpg;39
-44;2;6199;MANDRILLS BKB_6199_20201031_id6199_feminf_(2).jpg;46
-16;2;6199;MANDRILLS BKB_6199_20201031_id6199_feminf_(3).jpg;18
-25;2;6199;MANDRILLS BKB_6199_20201031_id6199_feminf_(4).jpg;27
-28;2;6199;MANDRILLS BKB_6199_20201031_id6199_feminf_(5).jpg;30
-36;2;6199;MANDRILLS BKB_6199_20201031_id6199_feminf_(6).jpg;38
-14;4;6199;MANDRILLS BKB_6199_20201102_id6199_feminf_(1).jpg;18
-12;4;6199;MANDRILLS BKB_6199_20201102_id6199_feminf_(2).jpg;16
-15;4;6199;MANDRILLS BKB_6199_20201102_id6199_feminf_(3).jpg;19
-11;4;6199;MANDRILLS BKB_6199_20201102_id6199_feminf_(4).jpg;15
-16;4;6199;MANDRILLS BKB_6199_20201102_id6199_feminf_(5).jpg;20
-5;6;6199;MANDRILLS BKB_6199_20201104_id6199_feminf_(1).jpg;11
33;6;6199;MANDRILLS BKB_6199_20201104_id6199_feminf_(10).jpg;27
14;6;6199;MANDRILLS BKB_6199_20201104_id6199_feminf_(11).jpg;8
13;6;6199;MANDRILLS BKB_6199_20201104_id6199_feminf_(12).jpg;7
-17;6;6199;MANDRILLS BKB_6199_20201104_id6199_feminf_(13).jpg;23
-4;6;6199;MANDRILLS BKB_6199_20201104_id6199_feminf_(14).jpg;10
10;6;6199;MANDRILLS BKB_6199_20201104_id6199_feminf_(15).jpg;4
-5;6;6199;MANDRILLS BKB_6199_20201104_id6199_feminf_(16).jpg;11
27;6;6199;MANDRILLS BKB_6199_20201104_id6199_feminf_(17).jpg;21
6;6;6199;MANDRILLS BKB_6199_20201104_id6199_feminf_(18).jpg;0
-6;6;6199;MANDRILLS BKB_6199_20201104_id6199_feminf_(19).jpg;12
32;6;6199;MANDRILLS BKB_6199_20201104_id6199_feminf_(2).jpg;26
17;6;6199;MANDRILLS BKB_6199_20201104_id6199_feminf_(20).jpg;11
30;6;6199;MANDRILLS BKB_6199_20201104_id6199_feminf_(21).jpg;24
-18;6;6199;MANDRILLS BKB_6199_20201104_id6199_feminf_(3).jpg;24
-11;6;6199;MANDRILLS BKB_6199_20201104_id6199_feminf_(4).jpg;17
19;6;6199;MANDRILLS BKB_6199_20201104_id6199_feminf_(5).jpg;13
-2;6;6199;MANDRILLS BKB_6199_20201104_id6199_feminf_(6).jpg;8
14;6;6199;MANDRILLS BKB_6199_20201104_id6199_feminf_(7).jpg;8
5;6;6199;MANDRILLS BKB_6199_20201104_id6199_feminf_(8).jpg;1
22;6;6199;MANDRILLS BKB_6199_20201104_id6199_feminf_(9).jpg;16
4;23;6199;MANDRILLS BKB_6199_20201121_id6199_feminf.jpg;19
17;23;6199;MANDRILLS BKB_6199_20201121_id6199_feminf_(2).jpg;6
18;26;6199;MANDRILLS BKB_6199_20201124_id6199_feminf_(1).jpg;8
5;26;6199;MANDRILLS BKB_6199_20201124_id6199_feminf_(2).jpg;21
6;26;6199;MANDRILLS BKB_6199_20201124_id6199_feminf_(3).jpg;20
15;45;6199;MANDRILLS BKB_6199_20201213_id6199_feminf_(1).jpg;30
26;45;6199;MANDRILLS BKB_6199_20201213_id6199_feminf_(2).jpg;19
35;47;6199;MANDRILLS BKB_6199_20201215_id6199_feminf_(1).jpg;12
-31;47;6199;MANDRILLS BKB_6199_20201215_id6199_feminf_(2).jpg;78
35;47;6199;MANDRILLS BKB_6199_20201215_id6199_feminf_(3).jpg;12
47;48;6199;MANDRILLS BKB_6199_20201216_id6199_feminf.jpg;1
56;49;6199;MANDRILLS BKB_6199_20201217_id6199_feminf_(1).jpg;7
-6;49;6199;MANDRILLS BKB_6199_20201217_id6199_feminf_(2).jpg;55
20;49;6199;MANDRILLS BKB_6199_20201217_id6199_feminf_(3).jpg;29
84;84;6199;MANDRILLS BKB_6199_20210121_id6199_feminf_(1).jpg;0
101;84;6199;MANDRILLS BKB_6199_20210121_id6199_feminf_(2).jpg;17
61;92;6199;MANDRILLS BKB_6199_20210129_id6199_feminf_(1).jpg;31
94;92;6199;MANDRILLS BKB_6199_20210129_id6199_feminf_(2).jpg;2
70;92;6199;MANDRILLS BKB_6199_20210129_id6199_feminf_(3).jpg;22
86;92;6199;MANDRILLS BKB_6199_20210129_id6199_feminf_(4).jpg;6
81;106;6199;MANDRILLS BKB_6199_20210212_id6199_feminf_(1).jpg;25
123;106;6199;MANDRILLS BKB_6199_20210212_id6199_feminf_(2).jpg;17
86;106;6199;MANDRILLS BKB_6199_20210212_id6199_feminf_(3).jpg;20
136;106;6199;MANDRILLS BKB_6199_20210212_id6199_feminf_(4).jpg;30
63;120;6199;MANDRILLS BKB_6199_20210226_id6199_feminf.jpg;57
133;123;6199;MANDRILLS BKB_6199_20210301_id6199_feminf_(1).jpg;10
135;123;6199;MANDRILLS BKB_6199_20210301_id6199_feminf_(2).jpg;12
137;123;6199;MANDRILLS BKB_6199_20210301_id6199_feminf_(3).jpg;14
169;123;6199;MANDRILLS BKB_6199_20210301_id6199_feminf_(4).jpg;46
266;154;6199;MANDRILLS BKB_6199_20210401_id6199_feminf_(1).jpg;112
191;154;6199;MANDRILLS BKB_6199_20210401_id6199_feminf_(2).jpg;37
180;155;6199;MANDRILLS BKB_6199_20210402_id6199_feminf_(1).jpg;25
194;155;6199;MANDRILLS BKB_6199_20210402_id6199_feminf_(2).jpg;39
167;155;6199;MANDRILLS BKB_6199_20210402_id6199_feminf_(3).jpg;12
200;158;6199;MANDRILLS BKB_6199_20210405_id6199_feminf.jpg;42
191;175;6199;MANDRILLS BKB_6199_20210422_id6199_feminf_(1).jpg;16
204;175;6199;MANDRILLS BKB_6199_20210422_id6199_feminf_(2).jpg;29
446;360;6199;MANDRILLS BKB_6199_20211024_id6199_feminf_(1).jpg;86
439;360;6199;MANDRILLS BKB_6199_20211024_id6199_feminf_(2).jpg;79
354;423;6199;MANDRILLS BKB_6199_20211226_id6199_femjuv_(1).jpg;69
533;423;6199;MANDRILLS BKB_6199_20211226_id6199_femjuv_(2).jpg;110
537;454;6199;MANDRILLS BKB_6199_20220126_id6199 (1).jpg;83
645;454;6199;MANDRILLS BKB_6199_20220126_id6199 (2).jpg;191
620;460;6199;MANDRILLS BKB_6199_20220201_id6199_femjuv (1).jpg;160
584;460;6199;MANDRILLS BKB_6199_20220201_id6199_femjuv (2).jpg;124
558;460;6199;MANDRILLS BKB_6199_20220201_id6199_femjuv (3).jpg;98
587;480;6199;MANDRILLS BKB_6199_20220221_id6199_femjuv.jpg;107
435;494;6199;MANDRILLS BKB_6199_20220307_id6199_femjuv (1).jpg;59
552;494;6199;MANDRILLS BKB_6199_20220307_id6199_femjuv (2).jpg;58
546;498;6199;MANDRILLS BKB_6199_20220311_id6199_femjuv.jpg;48
637;522;6199;MANDRILLS BKB_6199_20220404_id6199_femjuv.jpg;115
608;536;6199;MANDRILLS BKB_6199_20220418_id6199_femjuv.jpg;72
695;564;6199;MANDRILLS BKB_6199_20220516_id6199_femjuv (1).jpg;131
634;564;6199;MANDRILLS BKB_6199_20220516_id6199_femjuv (2).jpg;70
648;564;6199;MANDRILLS BKB_6199_20220516_id6199_femjuv (4).jpg;84
926;564;6199;MANDRILLS BKB_6199_20220516_id6199_femjuv (5).jpg;362
556;572;6199;MANDRILLS BKB_6199_20220524_id6199_femjuv (1).jpg;16
659;572;6199;MANDRILLS BKB_6199_20220524_id6199_femjuv (2).jpg;87
566;574;6199;MANDRILLS BKB_6199_20220526_id6199_femjuv (2).jpg;8
582;574;6199;MANDRILLS BKB_6199_20220526_id6199_femjuv (3).jpg;8
637;581;6199;MANDRILLS BKB_6199_20220602_id6199_femjuv.jpg;56
779;603;6199;MANDRILLS BKB_6199_20220624_id6199_femjuv (1).jpg;176
740;603;6199;MANDRILLS BKB_6199_20220624_id6199_femjuv (2).jpg;137
717;603;6199;MANDRILLS BKB_6199_20220624_id6199_femjuv (3).jpg;114
639;608;6199;MANDRILLS BKB_6199_20220629_id6199 (1).jpg;31
678;608;6199;MANDRILLS BKB_6199_20220629_id6199 (2).jpg;70
650;608;6199;MANDRILLS BKB_6199_20220629_id6199 (3).jpg;42
795;608;6199;MANDRILLS BKB_6199_20220629_id6199.jpg;187
789;615;6199;MANDRILLS BKB_6199_20220706_id6199.jpg;174
809;623;6199;MANDRILLS BKB_6199_20220714_id6199_femjuv (1).jpg;186
654;623;6199;MANDRILLS BKB_6199_20220714_id6199_femjuv (2).jpg;31
611;625;6199;MANDRILLS BKB_6199_20220716_id6199_femjuv (1).jpg;14
691;625;6199;MANDRILLS BKB_6199_20220716_id6199_femjuv (2).jpg;66
784;625;6199;MANDRILLS BKB_6199_20220716_id6199_femjuv (5).jpg;159
717;625;6199;MANDRILLS BKB_6199_20220716_id6199_femjuv (6).jpg;92
779;625;6199;MANDRILLS BKB_6199_20220716_id6199_femjuv (7).jpg;154
764;627;6199;MANDRILLS BKB_6199_20220718_id6199 (3).jpg;137
710;627;6199;MANDRILLS BKB_6199_20220718_id6199.jpg;83
957;628;6199;MANDRILLS BKB_6199_20220719_id6199.jpg;329
744;630;6199;MANDRILLS BKB_6199_20220721_id6199.jpg;114
897;634;6199;MANDRILLS BKB_6199_20220725_id6199 (2).jpg;263
772;645;6199;MANDRILLS BKB_6199_20220805_id6199 (1).jpg;127
731;645;6199;MANDRILLS BKB_6199_20220805_id6199 (2).jpg;86
617;652;6199;MANDRILLS BKB_6199_20220812_id6199.jpg;35
917;658;6199;MANDRILLS BKB_6199_20220818_id6199 (2).jpg;259
884;658;6199;MANDRILLS BKB_6199_20220818_id6199.jpg;226
841;667;6199;MANDRILLS BKB_6199_20220827_id6199.jpg;174
814;688;6199;MANDRILLS BKB_6199_20220917_id6199.jpg;126
785;728;6199;MANDRILLS BKB_6199_20221027_id6199 (1).jpg;57
828;728;6199;MANDRILLS BKB_6199_20221027_id6199 (2).jpg;100
1003;731;6199;MANDRILLS BKB_6199_20221030_id6199 (1).jpg;272
833;731;6199;MANDRILLS BKB_6199_20221030_id6199 (2).jpg;102
1048;734;6199;MANDRILLS BKB_6199_20221102_id6199.jpg;314
1021;771;6199;MANDRILLS BKB_6199_20221209_id6199 (2).jpg;250
963;776;6199;MANDRILLS BKB_6199_20221214_id6199.jpg;187
-12;16;6225;MANDRILLS BKB_6225_20210407_id6225_feminf_(1).jpg;28
-5;16;6225;MANDRILLS BKB_6225_20210407_id6225_feminf_(2).jpg;21
13;16;6225;MANDRILLS BKB_6225_20210407_id6225_feminf_(3).jpg;3
26;16;6225;MANDRILLS BKB_6225_20210407_id6225_feminf_(4).jpg;10
29;16;6225;MANDRILLS BKB_6225_20210407_id6225_feminf_(5).jpg;13
22;19;6225;MANDRILLS BKB_6225_20210410_id6225_feminf_(1).jpg;3
40;19;6225;MANDRILLS BKB_6225_20210410_id6225_feminf_(2).jpg;21
7;28;6225;MANDRILLS BKB_6225_20210419_id6225_feminf_(1).jpg;21
5;28;6225;MANDRILLS BKB_6225_20210419_id6225_feminf_(2).jpg;23
30;28;6225;MANDRILLS BKB_6225_20210419_id6225_feminf_(3).jpg;2
18;28;6225;MANDRILLS BKB_6225_20210419_id6225_feminf_(4).jpg;10
-6;31;6225;MANDRILLS BKB_6225_20210422_id6225_feminf_(1).jpg;37
10;31;6225;MANDRILLS BKB_6225_20210422_id6225_feminf_(2).jpg;21
22;31;6225;MANDRILLS BKB_6225_20210422_id6225_feminf_(3).jpg;9
139;115;6225;MANDRILLS BKB_6225_20210715_id6225_feminf_(1).jpg;24
142;115;6225;MANDRILLS BKB_6225_20210715_id6225_feminf_(2).jpg;27
125;115;6225;MANDRILLS BKB_6225_20210715_id6225_feminf_(3).jpg;10
144;115;6225;MANDRILLS BKB_6225_20210715_id6225_feminf_(4).jpg;29
74;118;6225;MANDRILLS BKB_6225_20210718_id6225_feminf_(2).jpg;44
100;121;6225;MANDRILLS BKB_6225_20210721_id6225_feminf_(1).jpg;21
100;121;6225;MANDRILLS BKB_6225_20210721_id6225_feminf_(10).jpg;21
94;121;6225;MANDRILLS BKB_6225_20210721_id6225_feminf_(11).jpg;27
90;121;6225;MANDRILLS BKB_6225_20210721_id6225_feminf_(12).jpg;31
90;121;6225;MANDRILLS BKB_6225_20210721_id6225_feminf_(14).jpg;31
82;121;6225;MANDRILLS BKB_6225_20210721_id6225_feminf_(15).jpg;39
75;121;6225;MANDRILLS BKB_6225_20210721_id6225_feminf_(16).jpg;46
94;121;6225;MANDRILLS BKB_6225_20210721_id6225_feminf_(17).jpg;27
68;121;6225;MANDRILLS BKB_6225_20210721_id6225_feminf_(18).jpg;53
150;121;6225;MANDRILLS BKB_6225_20210721_id6225_feminf_(19).jpg;29
99;121;6225;MANDRILLS BKB_6225_20210721_id6225_feminf_(3).jpg;22
108;121;6225;MANDRILLS BKB_6225_20210721_id6225_feminf_(4).jpg;13
120;121;6225;MANDRILLS BKB_6225_20210721_id6225_feminf_(5).jpg;1
109;121;6225;MANDRILLS BKB_6225_20210721_id6225_feminf_(6).jpg;12
110;121;6225;MANDRILLS BKB_6225_20210721_id6225_feminf_(7).jpg;11
103;121;6225;MANDRILLS BKB_6225_20210721_id6225_feminf_(8).jpg;18
112;121;6225;MANDRILLS BKB_6225_20210721_id6225_feminf_(9).jpg;9
106;123;6225;MANDRILLS BKB_6225_20210723_id6225_feminf.jpg;17
131;126;6225;MANDRILLS BKB_6225_20210726_id6225_feminf_(1).jpg;5
92;126;6225;MANDRILLS BKB_6225_20210726_id6225_feminf_(10).jpg;34
97;126;6225;MANDRILLS BKB_6225_20210726_id6225_feminf_(11).jpg;29
82;126;6225;MANDRILLS BKB_6225_20210726_id6225_feminf_(12).jpg;44
106;126;6225;MANDRILLS BKB_6225_20210726_id6225_feminf_(14).jpg;20
93;126;6225;MANDRILLS BKB_6225_20210726_id6225_feminf_(15).jpg;33
96;126;6225;MANDRILLS BKB_6225_20210726_id6225_feminf_(16).jpg;30
132;126;6225;MANDRILLS BKB_6225_20210726_id6225_feminf_(17).jpg;6
97;126;6225;MANDRILLS BKB_6225_20210726_id6225_feminf_(18).jpg;29
63;126;6225;MANDRILLS BKB_6225_20210726_id6225_feminf_(19).jpg;63
130;126;6225;MANDRILLS BKB_6225_20210726_id6225_feminf_(2).jpg;4
105;126;6225;MANDRILLS BKB_6225_20210726_id6225_feminf_(3).jpg;21
79;126;6225;MANDRILLS BKB_6225_20210726_id6225_feminf_(4).jpg;47
72;126;6225;MANDRILLS BKB_6225_20210726_id6225_feminf_(5).jpg;54
96;126;6225;MANDRILLS BKB_6225_20210726_id6225_feminf_(6).jpg;30
97;126;6225;MANDRILLS BKB_6225_20210726_id6225_feminf_(7).jpg;29
116;126;6225;MANDRILLS BKB_6225_20210726_id6225_feminf_(8).jpg;10
91;126;6225;MANDRILLS BKB_6225_20210726_id6225_feminf_(9).jpg;35
261;211;6225;MANDRILLS BKB_6225_20211019_id6225_feminf.jpg;50
179;214;6225;MANDRILLS BKB_6225_20211022_id6225_feminf_(1).jpg;35
210;214;6225;MANDRILLS BKB_6225_20211022_id6225_feminf_(2).jpg;4
196;216;6225;MANDRILLS BKB_6225_20211024_id6225_feminf_(1).jpg;20
239;231;6225;MANDRILLS BKB_6225_20211108_id6225_feminf.jpg;8
218;242;6225;MANDRILLS BKB_6225_20211119_id6225_feminf.jpg;24
187;271;6225;MANDRILLS BKB_6225_20211218_id6225_feminf_(2).jpg;84
252;271;6225;MANDRILLS BKB_6225_20211218_id6225_feminf_(3).jpg;19
277;271;6225;MANDRILLS BKB_6225_20211218_id6225_feminf_(4).jpg;6
263;271;6225;MANDRILLS BKB_6225_20211218_id6225_feminf_(5).jpg;8
367;316;6225;MANDRILLS BKB_6225_20220201_id6225_femjuv.jpg;51
343;350;6225;MANDRILLS BKB_6225_20220307_id6225_femjuv (1).jpg;7
329;350;6225;MANDRILLS BKB_6225_20220307_id6225_femjuv (2).jpg;21
359;350;6225;MANDRILLS BKB_6225_20220307_id6225_femjuv (3).jpg;9
382;350;6225;MANDRILLS BKB_6225_20220307_id6225_femjuv (4).jpg;32
316;350;6225;MANDRILLS BKB_6225_20220307_id6225_femjuv (5).jpg;34
359;356;6225;MANDRILLS BKB_6225_20220313_id6225_femjuv (1).jpg;3
320;356;6225;MANDRILLS BKB_6225_20220313_id6225_femjuv (2).jpg;36
359;357;6225;MANDRILLS BKB_6225_20220314_id6225_femjuv.jpg;2
408;367;6225;MANDRILLS BKB_6225_20220324_id6225_femjuv.jpg;41
389;372;6225;MANDRILLS BKB_6225_20220329_id6225_femjuv (1).jpg;17
2394;372;6225;MANDRILLS BKB_6225_20220329_id6225_femjuv (2).jpg;2022
416;422;6225;MANDRILLS BKB_6225_20220518_id6225_femjuv.jpg;6
467;431;6225;MANDRILLS BKB_6225_20220527_id6225_femjuv (1).jpg;36
527;431;6225;MANDRILLS BKB_6225_20220527_id6225_femjuv (2).jpg;96
624;436;6225;MANDRILLS BKB_6225_20220601_id6225_femjuv.jpg;188
406;438;6225;MANDRILLS BKB_6225_20220603_id6225_femjuv.jpg;32
369;442;6225;MANDRILLS BKB_6225_20220607_id6225_femjuv (1).jpg;73
342;442;6225;MANDRILLS BKB_6225_20220607_id6225_femjuv (2).jpg;100
356;452;6225;MANDRILLS BKB_6225_20220617_id6225_femjuv (2).jpg;96
329;452;6225;MANDRILLS BKB_6225_20220617_id6225_femjuv (3).jpg;123
372;454;6225;MANDRILLS BKB_6225_20220619_id6225_femjuv (2).jpg;82
408;454;6225;MANDRILLS BKB_6225_20220619_id6225_femjuv.jpg;46
490;479;6225;MANDRILLS BKB_6225_20220714_id6225_femjuv (1).jpg;11
475;479;6225;MANDRILLS BKB_6225_20220714_id6225_femjuv (2).jpg;4
444;479;6225;MANDRILLS BKB_6225_20220714_id6225_femjuv (3).jpg;35
628;479;6225;MANDRILLS BKB_6225_20220714_id6225_femjuv (4).jpg;149
555;484;6225;MANDRILLS BKB_6225_20220719_id6225 (1).jpg;71
371;484;6225;MANDRILLS BKB_6225_20220719_id6225 (2).jpg;113
518;493;6225;MANDRILLS BKB_6225_20220728_id6225 (2).jpg;25
559;493;6225;MANDRILLS BKB_6225_20220728_id6225 (3).jpg;66
460;493;6225;MANDRILLS BKB_6225_20220728_id6225.jpg;33
451;497;6225;MANDRILLS BKB_6225_20220801_id6225 (1).jpg;46
583;497;6225;MANDRILLS BKB_6225_20220801_id6225 (2).jpg;86
466;497;6225;MANDRILLS BKB_6225_20220801_id6225 (3).jpg;31
459;497;6225;MANDRILLS BKB_6225_20220801_id6225 (4).jpg;38
514;501;6225;MANDRILLS BKB_6225_20220805_id6225.jpg;13
566;505;6225;MANDRILLS BKB_6225_20220809_id6225.jpg;61
513;508;6225;MANDRILLS BKB_6225_20220812_id6225 (1).jpg;5
569;508;6225;MANDRILLS BKB_6225_20220812_id6225 (2).jpg;61
540;531;6225;MANDRILLS BKB_6225_20220904_id6225 (1).jpg;9
533;531;6225;MANDRILLS BKB_6225_20220904_id6225 (2).jpg;2
536;531;6225;MANDRILLS BKB_6225_20220904_id6225 (3).jpg;5
566;579;6225;MANDRILLS BKB_6225_20221022_id6225.jpg;13
547;584;6225;MANDRILLS BKB_6225_20221027_id6225.jpg;37
650;618;6225;MANDRILLS BKB_6225_20221130_id6225 (1).jpg;32
694;618;6225;MANDRILLS BKB_6225_20221130_id6225 (2).jpg;76
459;628;6225;MANDRILLS BKB_6225_20221210_id6225 (1).jpg;169
540;628;6225;MANDRILLS BKB_6225_20221210_id6225 (2).jpg;88
5935;6981;7;MANDRILLS BKB_7_20120301_id7_femaduCENTRE_ORIGINAL.jpg;1046
6137;6981;7;MANDRILLS BKB_7_20120301_id7_femadu_(1)_ORIGINAL.jpg;844
6188;6981;7;MANDRILLS BKB_7_20120301_id7_femadu_(10)_ORIGINAL.jpg;793
6692;6981;7;MANDRILLS BKB_7_20120301_id7_femadu_(11)_ORIGINAL.jpg;289
6329;6981;7;MANDRILLS BKB_7_20120301_id7_femadu_(12)_ORIGINAL.jpg;652
6130;6981;7;MANDRILLS BKB_7_20120301_id7_femadu_(13)_ORIGINAL.jpg;851
6035;6981;7;MANDRILLS BKB_7_20120301_id7_femadu_(14)_ORIGINAL.jpg;946
6176;6981;7;MANDRILLS BKB_7_20120301_id7_femadu_(15)_ORIGINAL.jpg;805
6092;6981;7;MANDRILLS BKB_7_20120301_id7_femadu_(16)_ORIGINAL.jpg;889
5973;6981;7;MANDRILLS BKB_7_20120301_id7_femadu_(17)_ORIGINAL.jpg;1008
5818;6981;7;MANDRILLS BKB_7_20120301_id7_femadu_(18)_ORIGINAL.jpg;1163
5871;6981;7;MANDRILLS BKB_7_20120301_id7_femadu_(19)_ORIGINAL.jpg;1110
5424;6981;7;MANDRILLS BKB_7_20120301_id7_femadu_(2)_ORIGINAL.jpg;1557
5741;6981;7;MANDRILLS BKB_7_20120301_id7_femadu_(20)_ORIGINAL.jpg;1240
5738;6981;7;MANDRILLS BKB_7_20120301_id7_femadu_(21)_ORIGINAL.jpg;1243
5935;6981;7;MANDRILLS BKB_7_20120301_id7_femadu_(22)_ORIGINAL.jpg;1046
4446;6981;7;MANDRILLS BKB_7_20120301_id7_femadu_(23)_ORIGINAL.jpg;2535
6085;6981;7;MANDRILLS BKB_7_20120301_id7_femadu_(26)_ORIGINAL.jpg;896
5119;6981;7;MANDRILLS BKB_7_20120301_id7_femadu_(27)_ORIGINAL.jpg;1862
6058;6981;7;MANDRILLS BKB_7_20120301_id7_femadu_(29)_ORIGINAL.jpg;923
5528;6981;7;MANDRILLS BKB_7_20120301_id7_femadu_(3)_ORIGINAL.jpg;1453
6100;6981;7;MANDRILLS BKB_7_20120301_id7_femadu_(30)_ORIGINAL.jpg;881
5481;6981;7;MANDRILLS BKB_7_20120301_id7_femadu_(4)_ORIGINAL.jpg;1500
5097;6981;7;MANDRILLS BKB_7_20120301_id7_femadu_(6)_ORIGINAL.jpg;1884
6267;6981;7;MANDRILLS BKB_7_20120301_id7_femadu_(7)_ORIGINAL.jpg;714
5961;6981;7;MANDRILLS BKB_7_20120301_id7_femadu_(8)_ORIGINAL.jpg;1020
6068;6981;7;MANDRILLS BKB_7_20120301_id7_femadu_(9)_ORIGINAL.jpg;913
5950;6985;7;MANDRILLS BKB_7_20120305_id7_femadu_ORIGINAL.jpg;1035
6337;7013;7;MANDRILLS BKB_7_20120402_id7_femadu_(1)_ORIGINAL.jpg;676
6522;7013;7;MANDRILLS BKB_7_20120402_id7_femadu_(10)_ORIGINAL.jpg;491
6876;7013;7;MANDRILLS BKB_7_20120402_id7_femadu_(11)_ORIGINAL.jpg;137
6573;7013;7;MANDRILLS BKB_7_20120402_id7_femadu_(12)_ORIGINAL.jpg;440
7154;7013;7;MANDRILLS BKB_7_20120402_id7_femadu_(2)_ORIGINAL.jpg;141
6651;7013;7;MANDRILLS BKB_7_20120402_id7_femadu_(3)_ORIGINAL.jpg;362
6178;7013;7;MANDRILLS BKB_7_20120402_id7_femadu_(4)_ORIGINAL.jpg;835
6633;7013;7;MANDRILLS BKB_7_20120402_id7_femadu_(5)_ORIGINAL.jpg;380
6204;7013;7;MANDRILLS BKB_7_20120402_id7_femadu_(6)_ORIGINAL.jpg;809
6886;7013;7;MANDRILLS BKB_7_20120402_id7_femadu_(9)_ORIGINAL.jpg;127
6715;7014;7;MANDRILLS BKB_7_20120403_id7_femadu_(1)_ORIGINAL.jpg;299
7380;7014;7;MANDRILLS BKB_7_20120403_id7_femadu_(11)_ORIGINAL.jpg;366
7576;7014;7;MANDRILLS BKB_7_20120403_id7_femadu_(12)_ORIGINAL.jpg;562
7106;7014;7;MANDRILLS BKB_7_20120403_id7_femadu_(13)_ORIGINAL.jpg;92
7010;7014;7;MANDRILLS BKB_7_20120403_id7_femadu_(15)_ORIGINAL.jpg;4
6022;7014;7;MANDRILLS BKB_7_20120403_id7_femadu_(16)_ORIGINAL.jpg;992
6703;7014;7;MANDRILLS BKB_7_20120403_id7_femadu_(17)_ORIGINAL.jpg;311
6650;7014;7;MANDRILLS BKB_7_20120403_id7_femadu_(18)_ORIGINAL.jpg;364
7213;7014;7;MANDRILLS BKB_7_20120403_id7_femadu_(2)_ORIGINAL.jpg;199
5836;7014;7;MANDRILLS BKB_7_20120403_id7_femadu_(21)_ORIGINAL.jpg;1178
5965;7014;7;MANDRILLS BKB_7_20120403_id7_femadu_(23)_ORIGINAL.jpg;1049
6353;7014;7;MANDRILLS BKB_7_20120403_id7_femadu_(24)_ORIGINAL.jpg;661
7093;7014;7;MANDRILLS BKB_7_20120403_id7_femadu_(4)_ORIGINAL.jpg;79
6507;7014;7;MANDRILLS BKB_7_20120403_id7_femadu_(5)_ORIGINAL.jpg;507
5470;7014;7;MANDRILLS BKB_7_20120403_id7_femadu_(6)_ORIGINAL.jpg;1544
6774;7014;7;MANDRILLS BKB_7_20120403_id7_femadu_(8)_ORIGINAL.jpg;240
6959;7014;7;MANDRILLS BKB_7_20120403_id7_femadu_(9)_ORIGINAL.jpg;55
6619;7014;7;MANDRILLS BKB_7_20120403_id7_femadu_ORIGINAL.jpg;395
6310;7029;7;MANDRILLS BKB_7_20120418_id7_femadu_(1)_ORIGINAL.jpg;719
5639;7029;7;MANDRILLS BKB_7_20120418_id7_femadu_(2)_ORIGINAL.jpg;1390
6279;7029;7;MANDRILLS BKB_7_20120418_id7_femadu_(3)_ORIGINAL.jpg;750
6346;7029;7;MANDRILLS BKB_7_20120418_id7_femadu_(4)_ORIGINAL.jpg;683
7102;7031;7;MANDRILLS BKB_7_20120420_id7_femaduMINI_ORIGINAL.jpg;71
4958;7031;7;MANDRILLS BKB_7_20120420_id7_femadu_(2)_ORIGINAL.jpg;2073
6252;7043;7;MANDRILLS BKB_7_20120502_id7_femadu_(7)_ORIGINAL.jpg;791
5936;7048;7;MANDRILLS BKB_7_20120507_id7_femadu_ORIGINAL.jpg;1112
5769;7055;7;MANDRILLS BKB_7_20120514_id7_femadu_ORIGINAL.jpg;1286
5576;7056;7;MANDRILLS BKB_7_20120515_id7_femadu_ORIGINAL.jpg;1480
4925;7071;7;MANDRILLS BKB_7_20120530_id7_femadu_ORIGINAL.jpg;2146
6090;7079;7;MANDRILLS BKB_7_20120607_id7_femaduDROITE_ORIGINAL.jpg;989
6001;7079;7;MANDRILLS BKB_7_20120607_id7_femadu_(1)_ORIGINAL.jpg;1078
6089;7079;7;MANDRILLS BKB_7_20120607_id7_femadu_(2)_ORIGINAL.jpg;990
5403;7079;7;MANDRILLS BKB_7_20120607_id7_femadu_(3)_ORIGINAL.jpg;1676
7325;7079;7;MANDRILLS BKB_7_20120607_id7_femadu_(4)_ORIGINAL.jpg;246
6044;7079;7;MANDRILLS BKB_7_20120607_id7_femadu_(5)_ORIGINAL.jpg;1035
4446;7093;7;MANDRILLS BKB_7_20120621_id7_femadu_(1)_ORIGINAL.jpg;2647
4967;7093;7;MANDRILLS BKB_7_20120621_id7_femadu_(2)_ORIGINAL.jpg;2126
6197;7093;7;MANDRILLS BKB_7_20120621_id7_femadu_(3)_ORIGINAL.jpg;896
5461;7107;7;MANDRILLS BKB_7_20120705_id7_femadu_ORIGINAL.jpg;1646
4200;7120;7;MANDRILLS BKB_7_20120718_id7_femaduGAUCHE_ORIGINAL.jpg;2920
4341;7126;7;MANDRILLS BKB_7_20120724_id7_femaduDEVANT_ORIGINAL.jpg;2785
6492;7157;7;MANDRILLS BKB_7_20120824_id7_femadu_(1)_ORIGINAL.jpg;665
6042;7157;7;MANDRILLS BKB_7_20120824_id7_femadu_(2)_ORIGINAL.jpg;1115
6404;7157;7;MANDRILLS BKB_7_20120824_id7_femadu_(3)_ORIGINAL.jpg;753
5042;7181;7;MANDRILLS BKB_7_20120917_id7_femadu_(2)_ORIGINAL.jpg;2139
5130;7181;7;MANDRILLS BKB_7_20120917_id7_femadu_ORIGINAL.jpg;2051
6088;7188;7;MANDRILLS BKB_7_20120924_id7_femadu_(2)_ORIGINAL.jpg;1100
49;15;70;MANDRILLS BKB_70_20120301_id70_feminfDEVANT_(11)_ORIGINAL.jpg;34
44;48;70;MANDRILLS BKB_70_20120403_id70_feminfDROITE_(1)_ORIGINAL.jpg;4
37;48;70;MANDRILLS BKB_70_20120403_id70_feminfDROITE_(10)_ORIGINAL.jpg;11
-3;48;70;MANDRILLS BKB_70_20120403_id70_feminfDROITE_(11)_ORIGINAL.jpg;51
1;48;70;MANDRILLS BKB_70_20120403_id70_feminfDROITE_(12)_ORIGINAL.jpg;47
11;48;70;MANDRILLS BKB_70_20120403_id70_feminfDROITE_(13)_ORIGINAL.jpg;37
-10;48;70;MANDRILLS BKB_70_20120403_id70_feminfDROITE_(2)_ORIGINAL.jpg;58
-21;48;70;MANDRILLS BKB_70_20120403_id70_feminfDROITE_(3)_ORIGINAL.jpg;69
56;48;70;MANDRILLS BKB_70_20120403_id70_feminfDROITE_(4)_ORIGINAL.jpg;8
8;48;70;MANDRILLS BKB_70_20120403_id70_feminfDROITE_(5)_ORIGINAL.jpg;40
-7;48;70;MANDRILLS BKB_70_20120403_id70_feminfDROITE_(7)_ORIGINAL.jpg;55
16;48;70;MANDRILLS BKB_70_20120403_id70_feminfDROITE_(8)_ORIGINAL.jpg;32
16;48;70;MANDRILLS BKB_70_20120403_id70_feminfDROITE_(9)_ORIGINAL.jpg;32
683;870;70;MANDRILLS BKB_70_20140704_id70_femjuv_(1)_ORIGINAL.jpg;187
695;870;70;MANDRILLS BKB_70_20140704_id70_femjuv_(2)_ORIGINAL.jpg;175
709;870;70;MANDRILLS BKB_70_20140704_id70_femjuv_(3)_ORIGINAL.jpg;161
680;870;70;MANDRILLS BKB_70_20140704_id70_femjuv_(4)_ORIGINAL.jpg;190
1555;1398;70;MANDRILLS BKB_70_20151214_id70_femjuv_(2)_ORIGINAL.jpg;157
1472;1398;70;MANDRILLS BKB_70_20151214_id70_femjuv_(3)_ORIGINAL.jpg;74
2047;2316;70;MANDRILLS BKB_70_20180619_id70_femadu_(2)_ORIGINAL.jpg;269
2012;2316;70;MANDRILLS BKB_70_20180619_id70_femadu_(3)_ORIGINAL.jpg;304
1955;2334;70;MANDRILLS BKB_70_20180707_id70_femadu_(1)_ORIGINAL.jpg;379
2321;2334;70;MANDRILLS BKB_70_20180707_id70_femadu_(2)_ORIGINAL.jpg;13
2298;2334;70;MANDRILLS BKB_70_20180707_id70_femadu_(3)_ORIGINAL.jpg;36
2207;2334;70;MANDRILLS BKB_70_20180707_id70_femadu_(4)_ORIGINAL.jpg;127
2182;2334;70;MANDRILLS BKB_70_20180707_id70_femadu_(5)_ORIGINAL.jpg;152
2214;2334;70;MANDRILLS BKB_70_20180707_id70_femadu_(6)_ORIGINAL.jpg;120
1925;2338;70;MANDRILLS BKB_70_20180711_id70_femadu_(3)_ORIGINAL.jpg;413
1936;2338;70;MANDRILLS BKB_70_20180711_id70_femadu_(4)_ORIGINAL.jpg;402
1984;2338;70;MANDRILLS BKB_70_20180711_id70_femadu_(5)_ORIGINAL.jpg;354
2066;2338;70;MANDRILLS BKB_70_20180711_id70_femadu_(6)_ORIGINAL.jpg;272
1995;2338;70;MANDRILLS BKB_70_20180711_id70_femadu_(7)_ORIGINAL.jpg;343
2052;2343;70;MANDRILLS BKB_70_20180716_id70_femadu_ORIGINAL.jpg;291
2274;2351;70;MANDRILLS BKB_70_20180724_id70_femadu_(1)_ORIGINAL.jpg;77
2200;2351;70;MANDRILLS BKB_70_20180724_id70_femadu_(2)_ORIGINAL.jpg;151
2207;2351;70;MANDRILLS BKB_70_20180724_id70_femadu_(3)_ORIGINAL.jpg;144
2118;2351;70;MANDRILLS BKB_70_20180724_id70_femadu_(4)_ORIGINAL.jpg;233
2207;2351;70;MANDRILLS BKB_70_20180724_id70_femadu_(6)_ORIGINAL.jpg;144
2084;2351;70;MANDRILLS BKB_70_20180724_id70_femadu_(7)_ORIGINAL.jpg;267
2262;2351;70;MANDRILLS BKB_70_20180724_id70_femadu_(8)_ORIGINAL.jpg;89
2203;2476;70;MANDRILLS BKB_70_20181126_id70_femadu_(1)_ORIGINAL.jpg;273
2204;2476;70;MANDRILLS BKB_70_20181126_id70_femadu_(10)_ORIGINAL.jpg;272
2209;2476;70;MANDRILLS BKB_70_20181126_id70_femadu_(2)_ORIGINAL.jpg;267
2212;2476;70;MANDRILLS BKB_70_20181126_id70_femadu_(3)_ORIGINAL.jpg;264
2047;2476;70;MANDRILLS BKB_70_20181126_id70_femadu_(4)_ORIGINAL.jpg;429
2190;2476;70;MANDRILLS BKB_70_20181126_id70_femadu_(5)_ORIGINAL.jpg;286
1896;2476;70;MANDRILLS BKB_70_20181126_id70_femadu_(6)_ORIGINAL.jpg;580
2117;2476;70;MANDRILLS BKB_70_20181126_id70_femadu_(7)_ORIGINAL.jpg;359
2093;2476;70;MANDRILLS BKB_70_20181126_id70_femadu_(8)_ORIGINAL.jpg;383
2145;2476;70;MANDRILLS BKB_70_20181126_id70_femadu_(9)_ORIGINAL.jpg;331
2518;2579;70;MANDRILLS BKB_70_20190309_id70_femadu_(1)_ORIGINAL.jpg;61
2693;2579;70;MANDRILLS BKB_70_20190309_id70_femadu_(10)_ORIGINAL.jpg;114
2459;2579;70;MANDRILLS BKB_70_20190309_id70_femadu_(2)_ORIGINAL.jpg;120
2374;2579;70;MANDRILLS BKB_70_20190309_id70_femadu_(3)_ORIGINAL.jpg;205
2402;2579;70;MANDRILLS BKB_70_20190309_id70_femadu_(4)_ORIGINAL.jpg;177
2330;2579;70;MANDRILLS BKB_70_20190309_id70_femadu_(5)_ORIGINAL.jpg;249
2478;2579;70;MANDRILLS BKB_70_20190309_id70_femadu_(7)_ORIGINAL.jpg;101
2381;2579;70;MANDRILLS BKB_70_20190309_id70_femadu_(8)_ORIGINAL.jpg;198
2173;2579;70;MANDRILLS BKB_70_20190309_id70_femadu_(9)_ORIGINAL.jpg;406
2124;2585;70;MANDRILLS BKB_70_20190315_id70_femadu_(1).jpg;461
2490;2585;70;MANDRILLS BKB_70_20190315_id70_femadu_(3).jpg;95
2477;2585;70;MANDRILLS BKB_70_20190315_id70_femadu_(4).jpg;108
2128;2585;70;MANDRILLS BKB_70_20190315_id70_femadu_(7).jpg;457
2259;2585;70;MANDRILLS BKB_70_20190315_id70_femadu_(9).jpg;326
2449;2698;70;MANDRILLS BKB_70_20190706_id70_femadu_(1).jpg;249
2543;2698;70;MANDRILLS BKB_70_20190706_id70_femadu_(2).jpg;155
2412;2710;70;MANDRILLS BKB_70_20190718_id70_femadu_GAUCHE_(1).jpg;298
1878;2710;70;MANDRILLS BKB_70_20190718_id70_femadu_GAUCHE_(2).jpg;832
2347;2710;70;MANDRILLS BKB_70_20190718_id70_femadu_GAUCHE_(3).jpg;363
2286;2710;70;MANDRILLS BKB_70_20190718_id70_femadu_GAUCHE_(4).jpg;424
2404;2812;70;MANDRILLS BKB_70_20191028_id70_femadu.jpg;408
2477;2828;70;MANDRILLS BKB_70_20191113_id70_femadu.jpg;351
2590;2876;70;MANDRILLS BKB_70_20191231_id70_femadu.jpg;286
2638;2914;70;MANDRILLS BKB_70_20200207_id70_femadu.jpg;276
2405;2931;70;MANDRILLS BKB_70_20200224_id70_femadu.jpg;526
3147;3000;70;MANDRILLS BKB_70_20200503_id70_femadu.jpg;147
2853;3003;70;MANDRILLS BKB_70_20200506_id70_femadu.jpg;150
2272;3167;70;MANDRILLS BKB_70_20201017_id70_femadu_(1).jpg;895
2343;3167;70;MANDRILLS BKB_70_20201017_id70_femadu_(2).jpg;824
2467;3172;70;MANDRILLS BKB_70_20201022_id70_femadu.jpg;705
2691;3179;70;MANDRILLS BKB_70_20201029_id70_femadu.jpg;488
2484;3309;70;MANDRILLS BKB_70_20210308_id70_femadu.jpg;825
2659;3333;70;MANDRILLS BKB_70_20210401_id70_femadu_(1).jpg;674
2841;3333;70;MANDRILLS BKB_70_20210401_id70_femadu_(2).jpg;492
2757;3333;70;MANDRILLS BKB_70_20210401_id70_femadu_(3).jpg;576
2517;3342;70;MANDRILLS BKB_70_20210410_id70_femadu_(1).jpg;825
2709;3342;70;MANDRILLS BKB_70_20210410_id70_femadu_(2).jpg;633
3017;3518;70;MANDRILLS BKB_70_20211003_id70_femadu.jpg;501
2746;3535;70;MANDRILLS BKB_70_20211020_id70_femadu.jpg;789
2936;3565;70;MANDRILLS BKB_70_20211119_id70_femadu_(1).jpg;629
2942;3565;70;MANDRILLS BKB_70_20211119_id70_femadu_(2).jpg;623
3507;3581;70;MANDRILLS BKB_70_20211205_id70_femadu.jpg;74
2901;3593;70;MANDRILLS BKB_70_20211217_id70_femadu_(2).jpg;692
2619;3603;70;MANDRILLS BKB_70_20211227_id70_femadu_(1).jpg;984
2727;3603;70;MANDRILLS BKB_70_20211227_id70_femadu_(2).jpg;876
3410;3696;70;MANDRILLS BKB_70_20220330_id70_femadu (1).jpg;286
2663;3696;70;MANDRILLS BKB_70_20220330_id70_femadu (2).jpg;1033
3434;3696;70;MANDRILLS BKB_70_20220330_id70_femadu (3).jpg;262
3219;3696;70;MANDRILLS BKB_70_20220330_id70_femadu (4).jpg;477
2984;3696;70;MANDRILLS BKB_70_20220330_id70_femadu (5).jpg;712
2764;3701;70;MANDRILLS BKB_70_20220404_id70_femadu (1).jpg;937
2661;3701;70;MANDRILLS BKB_70_20220404_id70_femadu (2).jpg;1040
3305;3744;70;MANDRILLS BKB_70_20220517_id70_femadu (1).jpg;439
3809;3744;70;MANDRILLS BKB_70_20220517_id70_femadu (2).jpg;65
3499;3744;70;MANDRILLS BKB_70_20220517_id70_femadu (3).jpg;245
4465;3744;70;MANDRILLS BKB_70_20220517_id70_femadu.jpg;721
3261;3777;70;MANDRILLS BKB_70_20220619_id70_femadu_.jpg;516
5099;3782;70;MANDRILLS BKB_70_20220624_id70_femadu.jpg;1317
3089;3789;70;MANDRILLS BKB_70_20220701_id70.jpg;700
2742;3794;70;MANDRILLS BKB_70_20220706_id70 (2).jpg;1052
3316;3794;70;MANDRILLS BKB_70_20220706_id70 (3).jpg;478
2254;3794;70;MANDRILLS BKB_70_20220706_id70.jpg;1540
2994;3799;70;MANDRILLS BKB_70_20220711_id70 (2).jpg;805
3042;3799;70;MANDRILLS BKB_70_20220711_id70 (3).jpg;757
3016;3799;70;MANDRILLS BKB_70_20220711_id70.jpg;783
3062;3802;70;MANDRILLS BKB_70_20220714_id70_femadu (1).jpg;740
2838;3802;70;MANDRILLS BKB_70_20220714_id70_femadu (2).jpg;964
2789;3802;70;MANDRILLS BKB_70_20220714_id70_femadu (3).jpg;1013
2951;3802;70;MANDRILLS BKB_70_20220714_id70_femadu (4).jpg;851
3241;3802;70;MANDRILLS BKB_70_20220714_id70_femadu (5).jpg;561
3211;3802;70;MANDRILLS BKB_70_20220714_id70_femadu (6).jpg;591
2859;3804;70;MANDRILLS BKB_70_20220716_id70.jpg;945
3205;3804;70;MANDRILLS BKB_70_20220716_id70_femadu.jpg;599
2927;3816;70;MANDRILLS BKB_70_20220728_id70.jpg;889
2923;3817;70;MANDRILLS BKB_70_20220729_id70.jpg;894
4627;3827;70;MANDRILLS BKB_70_20220808_id70.jpg;800
2970;3831;70;MANDRILLS BKB_70_20220812_id70.jpg;861
3248;3854;70;MANDRILLS BKB_70_20220904_id70 (1).jpg;606
3016;3854;70;MANDRILLS BKB_70_20220904_id70 (2).jpg;838
2784;3862;70;MANDRILLS BKB_70_20220912_id70.jpg;1078
3178;3899;70;MANDRILLS BKB_70_20221019_id70 (1).jpg;721
3196;3899;70;MANDRILLS BKB_70_20221019_id70 (2).jpg;703
3097;3901;70;MANDRILLS BKB_70_20221021_id70.jpg;804
3178;3902;70;MANDRILLS BKB_70_20221022_id70.jpg;724
3377;3928;70;MANDRILLS BKB_70_20221117_id70 (1).jpg;551
3111;3928;70;MANDRILLS BKB_70_20221117_id70 (4).jpg;817
3221;3932;70;MANDRILLS BKB_70_20221121_id70 (1).jpg;711
3179;3932;70;MANDRILLS BKB_70_20221121_id70 (2).jpg;753
3200;3932;70;MANDRILLS BKB_70_20221121_id70 (3).jpg;732
3157;3941;70;MANDRILLS BKB_70_20221130_id70.jpg;784
2969;3951;70;MANDRILLS BKB_70_20221210_id70.jpg;982
3226;3965;70;MANDRILLS BKB_70_20221224_id70.jpg;739
-59;1;7207;MANDRILLS BKB_7207_20211102_id7207_feminf_(1).jpg;60
-30;1;7207;MANDRILLS BKB_7207_20211102_id7207_feminf_(2).jpg;31
-44;1;7207;MANDRILLS BKB_7207_20211102_id7207_feminf_(3).jpg;45
-34;1;7207;MANDRILLS BKB_7207_20211102_id7207_feminf_(4).jpg;35
83;5;7207;MANDRILLS BKB_7207_20211106_id7207_feminf.jpg;78
-2;7;7207;MANDRILLS BKB_7207_20211108_id7207_feminf_(1).jpg;9
68;7;7207;MANDRILLS BKB_7207_20211108_id7207_feminf_(2).jpg;61
13;7;7207;MANDRILLS BKB_7207_20211108_id7207_feminf_(3).jpg;6
3;7;7207;MANDRILLS BKB_7207_20211108_id7207_feminf_(4).jpg;4
-23;7;7207;MANDRILLS BKB_7207_20211108_id7207_feminf_(5).jpg;30
-3;10;7207;MANDRILLS BKB_7207_20211111_id7207_feminf_(1).jpg;13
-30;10;7207;MANDRILLS BKB_7207_20211111_id7207_feminf_(2).jpg;40
21;14;7207;MANDRILLS BKB_7207_20211115_id7207_feminf.jpg;7
17;20;7207;MANDRILLS BKB_7207_20211121_id7207_feminf_(1).jpg;3
18;20;7207;MANDRILLS BKB_7207_20211121_id7207_feminf_(2).jpg;2
7;21;7207;MANDRILLS BKB_7207_20211122_id7207_feminf.jpg;14
31;33;7207;MANDRILLS BKB_7207_20211204_id7207_feminf_(1).jpg;2
31;35;7207;MANDRILLS BKB_7207_20211206_id7207_feminf.jpg;4
64;46;7207;MANDRILLS BKB_7207_20211217_id7207_feminf_(10).jpg;18
45;46;7207;MANDRILLS BKB_7207_20211217_id7207_feminf_(11).jpg;1
44;46;7207;MANDRILLS BKB_7207_20211217_id7207_feminf_(12).jpg;2
62;46;7207;MANDRILLS BKB_7207_20211217_id7207_feminf_(8).jpg;16
27;46;7207;MANDRILLS BKB_7207_20211217_id7207_feminf_(9).jpg;19
47;48;7207;MANDRILLS BKB_7207_20211219_id7207_feminf.jpg;1
49;50;7207;MANDRILLS BKB_7207_20211221_id7207_feminf.jpg;1
105;82;7207;MANDRILLS BKB_7207_20220122_id7207 (1).jpg;23
93;82;7207;MANDRILLS BKB_7207_20220122_id7207 (2).jpg;11
75;82;7207;MANDRILLS BKB_7207_20220122_id7207 (3).jpg;7
84;82;7207;MANDRILLS BKB_7207_20220122_id7207 (4).jpg;2
38;83;7207;MANDRILLS BKB_7207_20220123_id7207.jpg;45
119;92;7207;MANDRILLS BKB_7207_20220201_id7207_feminf (1).jpg;27
55;92;7207;MANDRILLS BKB_7207_20220201_id7207_feminf (2).jpg;37
92;92;7207;MANDRILLS BKB_7207_20220201_id7207_feminf (3).jpg;0
91;92;7207;MANDRILLS BKB_7207_20220201_id7207_feminf (4).jpg;1
75;92;7207;MANDRILLS BKB_7207_20220201_id7207_feminf (5).jpg;17
33;92;7207;MANDRILLS BKB_7207_20220201_id7207_feminf.jpg;59
74;107;7207;MANDRILLS BKB_7207_20220216_id7207_feminf.jpg;33
97;140;7207;MANDRILLS BKB_7207_20220321_id7207_feminf (2).jpg;43
107;140;7207;MANDRILLS BKB_7207_20220321_id7207_feminf (3).jpg;33
152;140;7207;MANDRILLS BKB_7207_20220321_id7207_feminf.jpg;12
117;141;7207;MANDRILLS BKB_7207_20220322_id7207_feminf (1).jpg;24
116;141;7207;MANDRILLS BKB_7207_20220322_id7207_feminf (2).jpg;25
99;143;7207;MANDRILLS BKB_7207_20220324_id7207_feminf.jpg;44
165;175;7207;MANDRILLS BKB_7207_20220425_id7207_feminf (1).jpg;10
179;175;7207;MANDRILLS BKB_7207_20220425_id7207_feminf (2).jpg;4
167;175;7207;MANDRILLS BKB_7207_20220425_id7207_feminf (3).jpg;8
159;175;7207;MANDRILLS BKB_7207_20220425_id7207_feminf (4).jpg;16
194;204;7207;MANDRILLS BKB_7207_20220524_id7207_feminf (3).jpg;10
150;204;7207;MANDRILLS BKB_7207_20220524_id7207_feminf (4).jpg;54
244;209;7207;MANDRILLS BKB_7207_20220529_id7207_feminf (1).jpg;35
226;209;7207;MANDRILLS BKB_7207_20220529_id7207_feminf (10).jpg;17
192;209;7207;MANDRILLS BKB_7207_20220529_id7207_feminf (2).jpg;17
212;209;7207;MANDRILLS BKB_7207_20220529_id7207_feminf (3).jpg;3
251;209;7207;MANDRILLS BKB_7207_20220529_id7207_feminf (4).jpg;42
261;209;7207;MANDRILLS BKB_7207_20220529_id7207_feminf (5).jpg;52
230;209;7207;MANDRILLS BKB_7207_20220529_id7207_feminf (6).jpg;21
205;209;7207;MANDRILLS BKB_7207_20220529_id7207_feminf (7).jpg;4
244;209;7207;MANDRILLS BKB_7207_20220529_id7207_feminf (8).jpg;35
179;209;7207;MANDRILLS BKB_7207_20220529_id7207_feminf (9).jpg;30
151;213;7207;MANDRILLS BKB_7207_20220602_id7207_feminf.jpg;62
187;214;7207;MANDRILLS BKB_7207_20220603_id7207_feminf (2).jpg;27
174;214;7207;MANDRILLS BKB_7207_20220603_id7207_feminf (3).jpg;40
205;214;7207;MANDRILLS BKB_7207_20220603_id7207_feminf (4).jpg;9
207;214;7207;MANDRILLS BKB_7207_20220603_id7207_feminf.jpg;7
237;217;7207;MANDRILLS BKB_7207_20220606_id7207_feminf (1).jpg;20
230;217;7207;MANDRILLS BKB_7207_20220606_id7207_feminf (2).jpg;13
198;217;7207;MANDRILLS BKB_7207_20220606_id7207_feminf (3).jpg;19
212;217;7207;MANDRILLS BKB_7207_20220606_id7207_feminf (4).jpg;5
177;218;7207;MANDRILLS BKB_7207_20220607_id7207_feminf.jpg;41
214;230;7207;MANDRILLS BKB_7207_20220619_id7207_feminf (1).jpg;16
208;230;7207;MANDRILLS BKB_7207_20220619_id7207_feminf (2).jpg;22
205;230;7207;MANDRILLS BKB_7207_20220619_id7207_feminf (3).jpg;25
241;230;7207;MANDRILLS BKB_7207_20220619_id7207_feminf (4).jpg;11
225;230;7207;MANDRILLS BKB_7207_20220619_id7207_feminf (5).jpg;5
194;234;7207;MANDRILLS BKB_7207_20220623_id7207 (2).jpg;40
232;234;7207;MANDRILLS BKB_7207_20220623_id7207.jpg;2
252;235;7207;MANDRILLS BKB_7207_20220624_id7207_feminf (4).jpg;17
233;235;7207;MANDRILLS BKB_7207_20220624_id7207_feminf (5).jpg;2
182;235;7207;MANDRILLS BKB_7207_20220624_id7207_feminf (6).jpg;53
164;235;7207;MANDRILLS BKB_7207_20220624_id7207_feminf (7).jpg;71
220;249;7207;MANDRILLS BKB_7207_20220708_id7207.jpg;29
229;252;7207;MANDRILLS BKB_7207_20220711_id7207 (2).jpg;23
276;252;7207;MANDRILLS BKB_7207_20220711_id7207.jpg;24
313;255;7207;MANDRILLS BKB_7207_20220714_id7207.jpg;58
227;255;7207;MANDRILLS BKB_7207_20220714_id7207_feminf (1).jpg;28
229;255;7207;MANDRILLS BKB_7207_20220714_id7207_feminf (3).jpg;26
230;257;7207;MANDRILLS BKB_7207_20220716_id7207_feminf.jpg;27
262;258;7207;MANDRILLS BKB_7207_20220717_id7207.jpg;4
245;267;7207;MANDRILLS BKB_7207_20220726_id7207 (2).jpg;22
265;269;7207;MANDRILLS BKB_7207_20220728_id7207 (2).jpg;4
235;269;7207;MANDRILLS BKB_7207_20220728_id7207.jpg;34
268;277;7207;MANDRILLS BKB_7207_20220805_id7207 (1).jpg;9
260;277;7207;MANDRILLS BKB_7207_20220805_id7207 (4).jpg;17
187;277;7207;MANDRILLS BKB_7207_20220805_id7207.jpg;90
291;284;7207;MANDRILLS BKB_7207_20220812_id7207.jpg;7
218;321;7207;MANDRILLS BKB_7207_20220918_id7207 (1).jpg;103
295;321;7207;MANDRILLS BKB_7207_20220918_id7207 (2).jpg;26
315;321;7207;MANDRILLS BKB_7207_20220918_id7207 (3).jpg;6
257;321;7207;MANDRILLS BKB_7207_20220918_id7207 (4).jpg;64
319;329;7207;MANDRILLS BKB_7207_20220926_id7207.jpg;10
339;344;7207;MANDRILLS BKB_7207_20221011_id7207 (2).jpg;5
264;344;7207;MANDRILLS BKB_7207_20221011_id7207.jpg;80
283;346;7207;MANDRILLS BKB_7207_20221013_id7207 (2).jpg;63
256;346;7207;MANDRILLS BKB_7207_20221013_id7207.jpg;90
334;349;7207;MANDRILLS BKB_7207_20221016_id7207.jpg;15
339;352;7207;MANDRILLS BKB_7207_20221019_id7207 (1).jpg;13
369;352;7207;MANDRILLS BKB_7207_20221019_id7207 (2).jpg;17
360;352;7207;MANDRILLS BKB_7207_20221019_id7207 (3).jpg;8
364;363;7207;MANDRILLS BKB_7207_20221030_id7207 (1).jpg;1
288;363;7207;MANDRILLS BKB_7207_20221030_id7207 (2).jpg;75
404;381;7207;MANDRILLS BKB_7207_20221117_id7207 (1).jpg;23
250;381;7207;MANDRILLS BKB_7207_20221117_id7207 (2).jpg;131
301;381;7207;MANDRILLS BKB_7207_20221117_id7207.jpg;80
375;394;7207;MANDRILLS BKB_7207_20221130_id7207.jpg;19
328;400;7207;MANDRILLS BKB_7207_20221206_id7207 (2).jpg;72
311;400;7207;MANDRILLS BKB_7207_20221206_id7207 (3).jpg;89
301;403;7207;MANDRILLS BKB_7207_20221209_id7207.jpg;102
270;405;7207;MANDRILLS BKB_7207_20221211_id7207.jpg;135
419;408;7207;MANDRILLS BKB_7207_20221214_id7207 (1).jpg;11
390;408;7207;MANDRILLS BKB_7207_20221214_id7207 (2).jpg;18
352;412;7207;MANDRILLS BKB_7207_20221218_id7207 (2).jpg;60
307;412;7207;MANDRILLS BKB_7207_20221218_id7207.jpg;105
410;416;7207;MANDRILLS BKB_7207_20221222_id7207.jpg;6
492;418;7207;MANDRILLS BKB_7207_20221224_id7207.jpg;74
28;24;8034;MANDRILLS BKB_8034_20221210_id8034 (1).jpg;4
15;24;8034;MANDRILLS BKB_8034_20221210_id8034 (2).jpg;9
-8;25;8034;MANDRILLS BKB_8034_20221211_id8034 (2).jpg;33
30;25;8034;MANDRILLS BKB_8034_20221211_id8034.jpg;5
12;29;8034;MANDRILLS BKB_8034_20221215_id8034 (2).jpg;17
-4;4;8193;MANDRILLS BKB_8193_20221210_id8193 (2).jpg;8
-7;4;8193;MANDRILLS BKB_8193_20221210_id8193 (3).jpg;11
16;5;8193;MANDRILLS BKB_8193_20221211_id8193.jpg;11
-24;2;8212;MANDRILLS BKB_8212_20221209_id8212 (1).jpg;26
-20;2;8212;MANDRILLS BKB_8212_20221209_id8212 (4).jpg;22
1;2;8212;MANDRILLS BKB_8212_20221209_id8212 (6).jpg;1
13;8;8212;MANDRILLS BKB_8212_20221215_id8212 (6).jpg;5
-5;8;8212;MANDRILLS BKB_8212_20221215_id8212 (8).jpg;13
-3;8;8212;MANDRILLS BKB_8212_20221215_id8212 (9).jpg;11
0;2;8213;MANDRILLS BKB_8213_20221121_id8213 1.jpg;2
22;2;8213;MANDRILLS BKB_8213_20221121_id8213 2.jpg;20
15;2;8213;MANDRILLS BKB_8213_20221121_id8213 3.jpg;13
28;2;8213;MANDRILLS BKB_8213_20221121_id8213 4.jpg;26
11;2;8213;MANDRILLS BKB_8213_20221121_id8213 5.jpg;9
4;2;8213;MANDRILLS BKB_8213_20221121_id8213 6.jpg;2
-22;2;8213;MANDRILLS BKB_8213_20221121_id8213 7.jpg;24
20;2;8213;MANDRILLS BKB_8213_20221121_id8213 9.jpg;18
28;20;8213;MANDRILLS BKB_8213_20221209_id8213 (1).jpg;8
80;20;8213;MANDRILLS BKB_8213_20221209_id8213 (10).jpg;60
-3;20;8213;MANDRILLS BKB_8213_20221209_id8213 (11).jpg;23
39;20;8213;MANDRILLS BKB_8213_20221209_id8213 (2).jpg;19
90;20;8213;MANDRILLS BKB_8213_20221209_id8213 (3).jpg;70
32;20;8213;MANDRILLS BKB_8213_20221209_id8213 (5).jpg;12
49;21;8213;MANDRILLS BKB_8213_20221210_id8213 (1).jpg;28
10;21;8213;MANDRILLS BKB_8213_20221210_id8213 (3).jpg;11
3;21;8213;MANDRILLS BKB_8213_20221210_id8213 (4).jpg;18
43;25;8213;MANDRILLS BKB_8213_20221214_id8213.jpg;18
24;29;8213;MANDRILLS BKB_8213_20221218_id8213.jpg;5
33;5;8226;MANDRILLS BKB_8226_20221209_id8226 (2).jpg;28
10;5;8226;MANDRILLS BKB_8226_20221209_id8226.jpg;5
26;6;8226;MANDRILLS BKB_8226_20221210_id8226 (1).jpg;20
64;8;8226;MANDRILLS BKB_8226_20221212_id8226 (1).jpg;56
81;8;8226;MANDRILLS BKB_8226_20221212_id8226 (3).jpg;73
43;8;8226;MANDRILLS BKB_8226_20221212_id8226 (4).jpg;35
26;10;8226;MANDRILLS BKB_8226_20221214_id8226.jpg;16
3;7;8263;MANDRILLS BKB_8263_20221224_id8263.jpg;4
1;0;8267;MANDRILLS BKB_8267_20221210_id8267 (1).jpg;1
14;0;8267;MANDRILLS BKB_8267_20221210_id8267 (2).jpg;14
2;0;8267;MANDRILLS BKB_8267_20221210_id8267 (3).jpg;2
58;0;8267;MANDRILLS BKB_8267_20221210_id8267 (4).jpg;58
-11;4;8267;MANDRILLS BKB_8267_20221214_id8267 (1).jpg;15
25;4;8267;MANDRILLS BKB_8267_20221214_id8267 (2).jpg;21
-20;4;8267;MANDRILLS BKB_8267_20221214_id8267 (3).jpg;24
552;147;945;MANDRILLS BKB_945_20150524_id945_maljuv_(1)_ORIGINAL.jpg;405
514;147;945;MANDRILLS BKB_945_20150524_id945_maljuv_(2)_ORIGINAL.jpg;367
522;147;945;MANDRILLS BKB_945_20150524_id945_maljuv_(3)_ORIGINAL.jpg;375
514;147;945;MANDRILLS BKB_945_20150524_id945_maljuv_(4)_ORIGINAL.jpg;367